% # columns="iteration, evaluation, min max(neg(.)) min(pos(.)) max correlation, correlation matrix principle axes lengths  (sorted square roots of eigenvalues of correlation matrix)", seed=19, Mon Jan 29 12:59:06 2018
1 12 -0.0306692033564 -0.000287830032948 0.000111714803582 0.037318424763 1 1 1 1 1 1 1 1 1 1 1 1 1 1 1
2 24 -0.034986013088 -0.0006551226064 8.18664097708e-05 0.0599783355895 1 1 1 1 1 1 1 1 1 1 1 1 1 1 1
3 36 -0.0570023458997 -0.00014555087166 6.32089520805e-08 0.0668436228278 1 1 1 1 1 1 1 1 1 1 1 1 1 1 1
4 48 -0.0645145736918 -0.000142149947442 7.80200503352e-05 0.0922898225509 1 1 1 1 1 1 1 1 1 1 1 1 1 1 1
5 60 -0.0952636644879 -0.0011371481521 0.00127112464198 0.0865614301615 1 1 1 1 1 1 1 1 1 1 1 1 1 1 1
6 72 -0.145358518258 -0.00112795538122 0.000407574946232 0.0990960591415 1 1 1 1 1 1 1 1 1 1 1 1 1 1 1
7 84 -0.233837520012 -0.000911861207692 6.21071431753e-05 0.122934030499 1 1 1 1 1 1 1 1 1 1 1 1 1 1 1
8 96 -0.260645333817 -0.00215446291402 0.000539221665461 0.134042883395 1 1 1 1 1 1 1 1 1 1 1 1 1 1 1
9 108 -0.298469969163 -0.00221718474219 0.00112910113816 0.143120871356 1 1 1 1 1 1 1 1 1 1 1 1 1 1 1
10 120 -0.31110968508 -9.28548589605e-05 0.00187011080224 0.158056543731 1 1 1 1 1 1 1 1 1 1 1 1 1 1 1
11 132 -0.313280870332 -0.000590530468876 0.00175090071226 0.154942322468 1 1 1 1 1 1 1 1 1 1 1 1 1 1 1
12 144 -0.310443249847 -0.000981342727718 0.00143957599733 0.158582262579 1 1 1 1 1 1 1 1 1 1 1 1 1 1 1
13 156 -0.321273332945 -0.00123988503718 0.00317034002618 0.162043191901 1 1 1 1 1 1 1 1 1 1 1 1 1 1 1
14 168 -0.340893875519 -0.000525882049321 0.000226364947594 0.150589807409 1 1 1 1 1 1 1 1 1 1 1 1 1 1 1
15 180 -0.345014231692 -9.6448236882e-05 0.000344212415248 0.147074913043 1 1 1 1 1 1 1 1 1 1 1 1 1 1 1
16 192 -0.347533408686 -0.000750649611424 0.000923509177725 0.147812876894 1 1 1 1 1 1 1 1 1 1 1 1 1 1 1
17 204 -0.338629842402 -0.00233909432246 0.00482615742858 0.145305000093 1 1 1 1 1 1 1 1 1 1 1 1 1 1 1
18 216 -0.337613210761 -0.000646486330492 0.000411648059697 0.15194358995 1 1 1 1 1 1 1 1 1 1 1 1 1 1 1
19 228 -0.321414707735 -0.00192199068694 0.000175755922353 0.162676132445 1 1 1 1 1 1 1 1 1 1 1 1 1 1 1
20 240 -0.323404610294 -0.000361590169374 0.000443082324032 0.167891090361 1 1 1 1 1 1 1 1 1 1 1 1 1 1 1
21 252 -0.338029202142 -0.000832267131452 0.000737895609349 0.176216826472 1 1 1 1 1 1 1 1 1 1 1 1 1 1 1
22 264 -0.340312595917 -0.00236141010829 0.00160429553027 0.200689972572 1 1 1 1 1 1 1 1 1 1 1 1 1 1 1
23 276 -0.347533977504 -0.00660953704466 0.000112967622657 0.194770451867 1 1 1 1 1 1 1 1 1 1 1 1 1 1 1
24 288 -0.34238223734 -0.0020461878857 0.00315063899378 0.194152500235 1 1 1 1 1 1 1 1 1 1 1 1 1 1 1
25 300 -0.337707159662 -0.002686847066 0.00263795385569 0.183679873073 1 1 1 1 1 1 1 1 1 1 1 1 1 1 1
26 312 -0.343002428018 -0.00276158320492 0.00124350671817 0.180381831319 1 1 1 1 1 1 1 1 1 1 1 1 1 1 1
27 324 -0.341777304565 -0.00198812386171 0.00144170381069 0.196659040974 1 1 1 1 1 1 1 1 1 1 1 1 1 1 1
28 336 -0.335056768802 -0.0049273126348 2.20473689184e-05 0.194077544007 1 1 1 1 1 1 1 1 1 1 1 1 1 1 1
29 348 -0.328360532614 -0.000751643806966 0.00722530850853 0.218974753587 1 1 1 1 1 1 1 1 1 1 1 1 1 1 1
30 360 -0.329877230466 -0.00148812551523 0.000110296879813 0.217286296284 1 1 1 1 1 1 1 1 1 1 1 1 1 1 1
31 372 -0.334062105215 -0.000285708122572 0.00243827346231 0.241665380039 1 1 1 1 1 1 1 1 1 1 1 1 1 1 1
32 384 -0.32751731802 -0.00138924430551 0.000197986475824 0.236207559209 1 1 1 1 1 1 1 1 1 1 1 1 1 1 1
33 396 -0.321218905072 -0.000389439551369 0.00156684329362 0.246487480779 1 1 1 1 1 1 1 1 1 1 1 1 1 1 1
34 408 -0.319923761815 -0.00232426144501 0.00178502948121 0.277363838302 1 1 1 1 1 1 1 1 1 1 1 1 1 1 1
35 420 -0.324467934732 -0.00042213579074 5.91957755833e-05 0.292732286466 1 1 1 1 1 1 1 1 1 1 1 1 1 1 1
36 432 -0.316086677745 -0.00327059085721 0.00731697695902 0.289546400934 1 1 1 1 1 1 1 1 1 1 1 1 1 1 1
37 444 -0.320627813772 -0.00118240105041 0.00136180982813 0.279621049227 1 1 1 1 1 1 1 1 1 1 1 1 1 1 1
38 456 -0.308703892406 -0.0020153423541 0.00130445529805 0.27647955766 1 1 1 1 1 1 1 1 1 1 1 1 1 1 1
39 468 -0.288926540559 -0.00302319280979 0.00179556716657 0.288506636479 1 1 1 1 1 1 1 1 1 1 1 1 1 1 1
40 480 -0.286162078923 -0.000921622689851 0.000884977186417 0.287202507732 1 1 1 1 1 1 1 1 1 1 1 1 1 1 1
41 492 -0.279768337871 -0.00462151229091 0.00407046053872 0.277936066402 1 1 1 1 1 1 1 1 1 1 1 1 1 1 1
42 504 -0.271103459776 -0.00113549811194 0.00414304432766 0.278528515552 1 1 1 1 1 1 1 1 1 1 1 1 1 1 1
43 516 -0.276729526556 -0.010358185882 0.00495495204102 0.274444453506 1 1 1 1 1 1 1 1 1 1 1 1 1 1 1
44 528 -0.253149665261 -0.00148636447932 0.00381003624644 0.275518750844 1 1 1 1 1 1 1 1 1 1 1 1 1 1 1
45 540 -0.254767774952 -0.00291212691997 0.00110286249553 0.288671897474 1 1 1 1 1 1 1 1 1 1 1 1 1 1 1
46 552 -0.265187720276 -0.00279760909231 0.00104513437607 0.297910641931 1 1 1 1 1 1 1 1 1 1 1 1 1 1 1
47 564 -0.24638650344 -0.00273076954854 0.00326339105714 0.302975493788 1 1 1 1 1 1 1 1 1 1 1 1 1 1 1
48 576 -0.256454376419 -0.00442796637545 0.000402575978388 0.291170643224 1 1 1 1 1 1 1 1 1 1 1 1 1 1 1
49 588 -0.263089678612 -0.00535465993009 0.000562255253064 0.283121799728 1 1 1 1 1 1 1 1 1 1 1 1 1 1 1
50 600 -0.272782519123 -0.00208032832982 0.00448230007265 0.289199533586 1 1 1 1 1 1 1 1 1 1 1 1 1 1 1
51 612 -0.261513258109 -0.00456167376249 0.00036458260785 0.291455916928 1 1 1 1 1 1 1 1 1 1 1 1 1 1 1
52 624 -0.268962172176 -0.0020150719619 0.00140492012369 0.289641446995 1 1 1 1 1 1 1 1 1 1 1 1 1 1 1
53 636 -0.2484934083 -0.00191085805381 0.00742194958998 0.274387317787 1 1 1 1 1 1 1 1 1 1 1 1 1 1 1
54 648 -0.263230600461 -0.00638875318787 0.00409326955293 0.276095217682 1 1 1 1 1 1 1 1 1 1 1 1 1 1 1
55 660 -0.232491740493 -0.000392609515763 0.0015395277589 0.277354191526 1 1 1 1 1 1 1 1 1 1 1 1 1 1 1
56 672 -0.254118267509 -0.000878705243013 0.000606231804211 0.282312733457 1 1 1 1 1 1 1 1 1 1 1 1 1 1 1
57 684 -0.249358991397 -0.00191710754735 0.000398907665832 0.271362851109 1 1 1 1 1 1 1 1 1 1 1 1 1 1 1
58 696 -0.259738627541 -0.00108104617297 0.000716357814579 0.281323657162 1 1 1 1 1 1 1 1 1 1 1 1 1 1 1
59 708 -0.246362747426 -0.00270840740336 0.00414057088178 0.271734081843 1 1 1 1 1 1 1 1 1 1 1 1 1 1 1
60 720 -0.244693444058 -7.89554725408e-05 0.00319835572969 0.276382785948 1 1 1 1 1 1 1 1 1 1 1 1 1 1 1
61 732 -0.225346974521 -0.00206316385573 0.0080581372355 0.260177807944 1 1 1 1 1 1 1 1 1 1 1 1 1 1 1
62 744 -0.224399604577 -0.000198879946254 0.000916767137679 0.259473267182 1 1 1 1 1 1 1 1 1 1 1 1 1 1 1
63 756 -0.269789280847 -0.000742553257468 0.00539966695086 0.253087451473 1 1 1 1 1 1 1 1 1 1 1 1 1 1 1
64 768 -0.277240025827 -0.00079060549719 0.0011812516387 0.265697268021 1 1 1 1 1 1 1 1 1 1 1 1 1 1 1
65 780 -0.286962238263 -0.00240085759475 0.000620823693795 0.259043251912 1 1 1 1 1 1 1 1 1 1 1 1 1 1 1
66 792 -0.294184532336 -1.21736031793e-05 0.00609891430419 0.250134930375 1 1 1 1 1 1 1 1 1 1 1 1 1 1 1
67 804 -0.29213104882 -0.00131192799498 0.0035054729893 0.259979408403 1 1 1 1 1 1 1 1 1 1 1 1 1 1 1
68 816 -0.29475803092 -0.00298960173535 0.000443962511968 0.216176342405 1 1 1 1 1 1 1 1 1 1 1 1 1 1 1
69 828 -0.298199295931 -0.000435803408331 0.00194379211519 0.240948107977 1 1 1 1 1 1 1 1 1 1 1 1 1 1 1
70 840 -0.29896948421 -0.000626791067455 0.00095220308523 0.248824524241 1 1 1 1 1 1 1 1 1 1 1 1 1 1 1
71 852 -0.302115427246 -0.00605809884122 0.00227031439616 0.252826146855 1 1 1 1 1 1 1 1 1 1 1 1 1 1 1
72 864 -0.302350906415 -0.00460589759234 0.00197973595748 0.261267927506 1 1 1 1 1 1 1 1 1 1 1 1 1 1 1
73 876 -0.292930957602 -0.000673712444377 0.00064994189352 0.249446727106 1 1 1 1 1 1 1 1 1 1 1 1 1 1 1
74 888 -0.273166365163 -0.00409378696344 0.00103849667303 0.249867770744 1 1 1 1 1 1 1 1 1 1 1 1 1 1 1
75 900 -0.269748863302 -0.00280356850171 0.0031762181381 0.244238568575 1 1 1 1 1 1 1 1 1 1 1 1 1 1 1
76 912 -0.264845664815 -0.00126701287749 0.00195279899127 0.241712614086 1 1 1 1 1 1 1 1 1 1 1 1 1 1 1
77 924 -0.271014271884 -0.00247934138613 3.31179071177e-05 0.246027866581 1 1 1 1 1 1 1 1 1 1 1 1 1 1 1
78 936 -0.285638106116 -0.00280567783327 0.00260343550627 0.254637332907 1 1 1 1 1 1 1 1 1 1 1 1 1 1 1
79 948 -0.293337625136 -0.00540627549792 0.00400987042126 0.262147372898 1 1 1 1 1 1 1 1 1 1 1 1 1 1 1
80 960 -0.308483044688 -0.0115731225807 0.000985420469115 0.285166477543 1 1 1 1 1 1 1 1 1 1 1 1 1 1 1
81 972 -0.289051438709 -0.00174961569838 0.00103291510046 0.306756126356 1 1 1 1 1 1 1 1 1 1 1 1 1 1 1
82 984 -0.277885374657 -0.000867177820237 0.00391523226081 0.313408370358 1 1 1 1 1 1 1 1 1 1 1 1 1 1 1
83 996 -0.285549367396 -0.0100020843265 0.00101685710134 0.317596638104 1 1 1 1 1 1 1 1 1 1 1 1 1 1 1
84 1008 -0.326027907103 -4.10260041412e-05 0.000597427717922 0.340922516672 1 1 1 1 1 1 1 1 1 1 1 1 1 1 1
85 1020 -0.338004117019 -0.00344657429918 0.0022975181071 0.351392878649 1 1 1 1 1 1 1 1 1 1 1 1 1 1 1
86 1032 -0.330140515897 -0.00494438291697 0.00134465043992 0.356197849879 1 1 1 1 1 1 1 1 1 1 1 1 1 1 1
87 1044 -0.335274064171 -0.000251144799315 0.000185288369727 0.357867146605 1 1 1 1 1 1 1 1 1 1 1 1 1 1 1
88 1056 -0.360456822807 -0.00101609275614 0.000164750425285 0.349117957674 1 1 1 1 1 1 1 1 1 1 1 1 1 1 1
89 1068 -0.366046645077 -0.00176540484453 0.00029152942952 0.353072708385 1 1 1 1 1 1 1 1 1 1 1 1 1 1 1
90 1080 -0.372128386956 -0.00199740977834 0.00284068293926 0.353561956173 1 1 1 1 1 1 1 1 1 1 1 1 1 1 1
91 1092 -0.382529103961 -0.00169221571886 0.00120643864425 0.350708184669 1 1 1 1 1 1 1 1 1 1 1 1 1 1 1
92 1104 -0.403946521211 -0.00241803397516 0.00210691276389 0.344145105277 1 1 1 1 1 1 1 1 1 1 1 1 1 1 1
93 1116 -0.415824296968 -0.00290711159434 0.00295376556222 0.345372095396 1 1 1 1 1 1 1 1 1 1 1 1 1 1 1
94 1128 -0.420056857467 -0.00453874588054 0.000491697675234 0.363288356252 1 1 1 1 1 1 1 1 1 1 1 1 1 1 1
95 1140 -0.400881502101 -0.00209884549782 0.00225033445914 0.358985981598 1 1 1 1 1 1 1 1 1 1 1 1 1 1 1
96 1152 -0.399026001847 -0.00264674509389 0.00369846867341 0.35810325571 1 1 1 1 1 1 1 1 1 1 1 1 1 1 1
97 1164 -0.41721231894 -0.00345843494373 0.00113181128125 0.348337259822 1 1 1 1 1 1 1 1 1 1 1 1 1 1 1
98 1176 -0.433420441085 -0.000738932579804 0.00374514333592 0.354463964971 1 1 1 1 1 1 1 1 1 1 1 1 1 1 1
99 1188 -0.440172592229 -0.00366173092239 0.00534829438183 0.34502104705 1 1 1 1 1 1 1 1 1 1 1 1 1 1 1
100 1200 -0.434493455966 -0.00047256396185 0.00166651019078 0.353533951324 1 1 1 1 1 1 1 1 1 1 1 1 1 1 1
101 1212 -0.425648410308 -0.00180546951538 0.00522053520596 0.355655162393 1 1 1 1 1 1 1 1 1 1 1 1 1 1 1
102 1224 -0.439603811033 -0.000817860702828 0.0032466792302 0.374869484828 1 1 1 1 1 1 1 1 1 1 1 1 1 1 1
103 1236 -0.439874928733 -0.00261222750739 0.000929717370711 0.382754721048 1 1 1 1 1 1 1 1 1 1 1 1 1 1 1
104 1248 -0.438585639776 -0.00334703813804 0.00631418815399 0.389262790554 1 1 1 1 1 1 1 1 1 1 1 1 1 1 1
105 1260 -0.434504025864 -0.00134927778745 0.011158918586 0.380113352978 1 1 1 1 1 1 1 1 1 1 1 1 1 1 1
106 1272 -0.41972618124 -0.0044549316469 0.0131836294963 0.386270022997 1 1 1 1 1 1 1 1 1 1 1 1 1 1 1
107 1284 -0.419229060621 -0.000189075177716 0.00914426936199 0.391056114667 1 1 1 1 1 1 1 1 1 1 1 1 1 1 1
108 1296 -0.418368208355 -0.00547201332721 0.00417985927754 0.389516299205 1 1 1 1 1 1 1 1 1 1 1 1 1 1 1
109 1308 -0.437609486482 -0.00133937288853 0.00563063584124 0.404868150968 1 1 1 1 1 1 1 1 1 1 1 1 1 1 1
110 1320 -0.405804619835 -0.00369097912466 0.0006429619474 0.414267931239 1 1 1 1 1 1 1 1 1 1 1 1 1 1 1
111 1332 -0.400882084012 -0.0115782356276 0.00421089596227 0.389651623824 1 1 1 1 1 1 1 1 1 1 1 1 1 1 1
112 1344 -0.408158117468 -0.00180556232917 0.00168578346017 0.387366486213 1 1 1 1 1 1 1 1 1 1 1 1 1 1 1
113 1356 -0.396821815632 -0.000250001106414 0.00431032446397 0.381612129961 1 1 1 1 1 1 1 1 1 1 1 1 1 1 1
114 1368 -0.389110848802 -0.0130925749564 0.00598272209858 0.392234000634 1 1 1 1 1 1 1 1 1 1 1 1 1 1 1
115 1380 -0.38845682003 -0.0125559557205 0.0049642369608 0.375647027981 1 1 1 1 1 1 1 1 1 1 1 1 1 1 1
116 1392 -0.378016853582 -0.00671571977442 0.00198045146311 0.359939024017 1 1 1 1 1 1 1 1 1 1 1 1 1 1 1
117 1404 -0.374962302295 -0.00324348101949 0.0038223732818 0.359677390559 1 1 1 1 1 1 1 1 1 1 1 1 1 1 1
118 1416 -0.377234966542 -0.00147934237845 0.0101807424575 0.338099740575 1 1 1 1 1 1 1 1 1 1 1 1 1 1 1
119 1428 -0.381261904756 -0.00715638287381 0.00438843109523 0.328204491976 1 1 1 1 1 1 1 1 1 1 1 1 1 1 1
120 1440 -0.401435684056 -0.00204525363632 0.00104668046614 0.320763997113 1 1 1 1 1 1 1 1 1 1 1 1 1 1 1
121 1452 -0.38800142053 -0.00601799957102 0.00219172439853 0.335493285893 1 1 1 1 1 1 1 1 1 1 1 1 1 1 1
122 1464 -0.38383140655 -0.000141390097574 0.00420627081879 0.317929281112 1 1 1 1 1 1 1 1 1 1 1 1 1 1 1
123 1476 -0.406941044465 -0.0032310212915 0.00256546510066 0.327252601335 1 1 1 1 1 1 1 1 1 1 1 1 1 1 1
124 1488 -0.402351903269 -0.00253457717796 0.00458724486598 0.328275139868 1 1 1 1 1 1 1 1 1 1 1 1 1 1 1
125 1500 -0.421119215542 -0.00155979139932 0.00446067294012 0.317772460644 1 1 1 1 1 1 1 1 1 1 1 1 1 1 1
126 1512 -0.396546507323 -0.00303102805958 0.00153850123094 0.318640043108 1 1 1 1 1 1 1 1 1 1 1 1 1 1 1
127 1524 -0.406031898068 -0.00918873308076 0.00481190513965 0.323118961512 1 1 1 1 1 1 1 1 1 1 1 1 1 1 1
128 1536 -0.418952731218 -0.00115283393834 0.0116751587319 0.324347623448 1 1 1 1 1 1 1 1 1 1 1 1 1 1 1
129 1548 -0.419583510676 -0.000822938290546 0.000223852653849 0.336718926416 1 1 1 1 1 1 1 1 1 1 1 1 1 1 1
130 1560 -0.412702234906 -0.00410499326482 0.0123126664485 0.343328795235 1 1 1 1 1 1 1 1 1 1 1 1 1 1 1
131 1572 -0.428204075853 -0.00325933149952 0.0121750796713 0.322844400485 1 1 1 1 1 1 1 1 1 1 1 1 1 1 1
132 1584 -0.438208483867 -0.00655454406284 0.00120993130382 0.322470978482 1 1 1 1 1 1 1 1 1 1 1 1 1 1 1
133 1596 -0.437847570946 -0.00234075440637 0.000286699221511 0.322121538658 1 1 1 1 1 1 1 1 1 1 1 1 1 1 1
134 1608 -0.441637678907 -0.00476564164205 0.000335711143471 0.335681214969 1 1 1 1 1 1 1 1 1 1 1 1 1 1 1
135 1620 -0.433754567094 -0.00130117204072 0.000317630902729 0.331896222719 1 1 1 1 1 1 1 1 1 1 1 1 1 1 1
136 1632 -0.432804081257 -0.000928542217275 0.000520800594474 0.330684096284 1 1 1 1 1 1 1 1 1 1 1 1 1 1 1
137 1644 -0.441127560099 -0.00192153659163 0.0184010534721 0.356981109563 1 1 1 1 1 1 1 1 1 1 1 1 1 1 1
138 1656 -0.433978494596 -0.000461160250285 0.00103621051042 0.354177715795 1 1 1 1 1 1 1 1 1 1 1 1 1 1 1
139 1668 -0.419603212135 -0.00265894310071 0.000150592018091 0.359709749249 1 1 1 1 1 1 1 1 1 1 1 1 1 1 1
140 1680 -0.406834559271 -0.0114627847919 0.0070629795906 0.361463508169 1 1 1 1 1 1 1 1 1 1 1 1 1 1 1
141 1692 -0.416959241879 -0.00913321198416 8.49420521035e-05 0.3678491152 1 1 1 1 1 1 1 1 1 1 1 1 1 1 1
142 1704 -0.407506337288 -0.00305296127502 0.000562856238595 0.381910488976 1 1 1 1 1 1 1 1 1 1 1 1 1 1 1
143 1716 -0.412684807407 -0.00631498480372 3.79625023953e-05 0.396036965623 1 1 1 1 1 1 1 1 1 1 1 1 1 1 1
144 1728 -0.401815768007 -0.00429964858389 0.00773112745315 0.378134072631 1 1 1 1 1 1 1 1 1 1 1 1 1 1 1
145 1740 -0.413922459454 -0.014753392843 0.00207701372954 0.35751348405 1 1 1 1 1 1 1 1 1 1 1 1 1 1 1
146 1752 -0.419985336716 -0.00829250002819 0.000593245072337 0.353642318265 1 1 1 1 1 1 1 1 1 1 1 1 1 1 1
147 1764 -0.419924691831 -0.00374165650625 0.00460408175902 0.363719218291 1 1 1 1 1 1 1 1 1 1 1 1 1 1 1
148 1776 -0.400655842918 -0.000563923006743 0.00192534945542 0.369876808437 1 1 1 1 1 1 1 1 1 1 1 1 1 1 1
149 1788 -0.380651691794 -0.00017967108639 0.00547621732052 0.345369160816 1 1 1 1 1 1 1 1 1 1 1 1 1 1 1
150 1800 -0.372086146057 -0.00256358901839 0.00480067580495 0.339470965727 1 1 1 1 1 1 1 1 1 1 1 1 1 1 1
151 1812 -0.372271575522 -0.00499550507386 0.000758497638314 0.342896154278 1 1 1 1 1 1 1 1 1 1 1 1 1 1 1
152 1824 -0.37585809604 -0.000591116297981 0.000290339733955 0.337253716405 1 1 1 1 1 1 1 1 1 1 1 1 1 1 1
153 1836 -0.364246163021 -0.00127606072262 0.00597879745347 0.323174047472 1 1 1 1 1 1 1 1 1 1 1 1 1 1 1
154 1848 -0.369297297867 -0.00499058155377 0.000504882341317 0.334640000109 1 1 1 1 1 1 1 1 1 1 1 1 1 1 1
155 1860 -0.374058730845 -6.06890288503e-05 0.000418088276037 0.342714133086 1 1 1 1 1 1 1 1 1 1 1 1 1 1 1
156 1872 -0.363161741643 -0.000607619201667 0.00174880893902 0.3434505167 1 1 1 1 1 1 1 1 1 1 1 1 1 1 1
157 1884 -0.381033387677 -0.00265989283187 5.71992865311e-05 0.344660270546 1 1 1 1 1 1 1 1 1 1 1 1 1 1 1
158 1896 -0.371030710627 -0.00512207098303 0.00197413833556 0.338278548188 1 1 1 1 1 1 1 1 1 1 1 1 1 1 1
159 1908 -0.359454538808 -0.00416927082789 0.00334420861716 0.357527222011 1 1 1 1 1 1 1 1 1 1 1 1 1 1 1
160 1920 -0.358174513631 -0.00844267675882 0.00223559594575 0.350124922151 1 1 1 1 1 1 1 1 1 1 1 1 1 1 1
161 1932 -0.353407857622 -0.00223854099121 0.00102211100553 0.341263047424 1 1 1 1 1 1 1 1 1 1 1 1 1 1 1
162 1944 -0.352313082801 -0.00135835608417 0.00118692538294 0.355276941607 1 1 1 1 1 1 1 1 1 1 1 1 1 1 1
163 1956 -0.350825560095 -0.00316720174128 0.00282423473737 0.343904734539 1 1 1 1 1 1 1 1 1 1 1 1 1 1 1
164 1968 -0.356996725753 -0.00210835637854 0.00117294471399 0.357405808987 1 1 1 1 1 1 1 1 1 1 1 1 1 1 1
165 1980 -0.360645404006 -0.00112295069571 0.000430518133416 0.366833348525 1 1 1 1 1 1 1 1 1 1 1 1 1 1 1
166 1992 -0.370890909103 -0.00344767417352 0.00493913192859 0.369861388437 1 1 1 1 1 1 1 1 1 1 1 1 1 1 1
167 2004 -0.364844229177 -0.0101422363465 0.00314324074886 0.374595623817 1 1 1 1 1 1 1 1 1 1 1 1 1 1 1
168 2016 -0.358069518306 -0.0051582909884 0.00137563684076 0.369368794715 1 1 1 1 1 1 1 1 1 1 1 1 1 1 1
169 2028 -0.337821687507 -0.00132483812465 0.00182745584162 0.354444788304 1 1 1 1 1 1 1 1 1 1 1 1 1 1 1
170 2040 -0.335718901252 -0.000739462513475 0.0175785833724 0.360810511118 1 1 1 1 1 1 1 1 1 1 1 1 1 1 1
171 2052 -0.334801591812 -0.0045909198772 0.0044643747532 0.357684517107 1 1 1 1 1 1 1 1 1 1 1 1 1 1 1
172 2064 -0.356486606993 -0.00466215619974 0.00382952237574 0.364167214518 1 1 1 1 1 1 1 1 1 1 1 1 1 1 1
173 2076 -0.366056013589 -0.00220260811506 0.000367088782802 0.356550144619 1 1 1 1 1 1 1 1 1 1 1 1 1 1 1
174 2088 -0.364151463681 -0.0004668392719 0.00154737971486 0.355429162393 1 1 1 1 1 1 1 1 1 1 1 1 1 1 1
175 2100 -0.379892497009 -0.011222625239 0.00416238423882 0.362512342747 1 1 1 1 1 1 1 1 1 1 1 1 1 1 1
176 2112 -0.381051052211 -0.00722946618683 0.00946507394303 0.369176440405 1 1 1 1 1 1 1 1 1 1 1 1 1 1 1
177 2124 -0.386742212598 -0.00650914565364 0.00125493937821 0.367486145447 1 1 1 1 1 1 1 1 1 1 1 1 1 1 1
178 2136 -0.382441687536 -0.00494852023591 0.00849081145479 0.373323885625 1 1 1 1 1 1 1 1 1 1 1 1 1 1 1
179 2148 -0.388772184321 -0.00133541960517 0.00297681285917 0.355475710084 1 1 1 1 1 1 1 1 1 1 1 1 1 1 1
180 2160 -0.396504939388 -0.0061969833547 0.00379535308998 0.354267342293 1 1 1 1 1 1 1 1 1 1 1 1 1 1 1
181 2172 -0.423981375789 -0.00775636095957 0.00572477227511 0.365308336079 1 1 1 1 1 1 1 1 1 1 1 1 1 1 1
182 2184 -0.421296976543 -0.00934095901246 0.00782270231247 0.370074739419 1 1 1 1 1 1 1 1 1 1 1 1 1 1 1
183 2196 -0.421608446131 -0.00394847145611 0.00851127256438 0.371833574141 1 1 1 1 1 1 1 1 1 1 1 1 1 1 1
184 2208 -0.430372040095 -0.0146428844988 5.9229972014e-05 0.358810458785 1 1 1 1 1 1 1 1 1 1 1 1 1 1 1
185 2220 -0.404681183773 -0.00705933289684 0.00306427398804 0.344685624592 1 1 1 1 1 1 1 1 1 1 1 1 1 1 1
186 2232 -0.395471263905 -0.00613833059122 0.000612915466779 0.361479728008 1 1 1 1 1 1 1 1 1 1 1 1 1 1 1
187 2244 -0.405978780349 -0.0143601147328 0.00393084057962 0.358062484035 1 1 1 1 1 1 1 1 1 1 1 1 1 1 1
188 2256 -0.414461397035 -0.0016764363842 0.000152496009375 0.371595061306 1 1 1 1 1 1 1 1 1 1 1 1 1 1 1
189 2268 -0.417418376643 -0.0033101163673 0.00768124490056 0.39053966541 1 1 1 1 1 1 1 1 1 1 1 1 1 1 1
190 2280 -0.399328806462 -0.00248733610505 0.00135677108266 0.372687696307 1 1 1 1 1 1 1 1 1 1 1 1 1 1 1
191 2292 -0.390179255284 -0.00822356865527 0.00118544329052 0.346406238896 1 1 1 1 1 1 1 1 1 1 1 1 1 1 1
192 2304 -0.385206194856 -0.00832997204695 0.00378328061304 0.331291073143 1 1 1 1 1 1 1 1 1 1 1 1 1 1 1
193 2316 -0.391907828167 -0.00821713990759 0.00171278399194 0.341734483932 1 1 1 1 1 1 1 1 1 1 1 1 1 1 1
194 2328 -0.403341728873 -0.00185547782712 0.000981881107136 0.346478168902 1 1 1 1 1 1 1 1 1 1 1 1 1 1 1
195 2340 -0.408367549736 -0.00526089952068 0.000241042885443 0.345380916825 1 1 1 1 1 1 1 1 1 1 1 1 1 1 1
196 2352 -0.406749044934 -0.00168995780365 0.00390234896851 0.362075975823 1 1 1 1 1 1 1 1 1 1 1 1 1 1 1
197 2364 -0.411420684028 -0.00117204437907 0.00121461952308 0.373546071001 1 1 1 1 1 1 1 1 1 1 1 1 1 1 1
198 2376 -0.422123111082 -0.00344740494357 0.00221737231918 0.362213760899 1 1 1 1 1 1 1 1 1 1 1 1 1 1 1
199 2388 -0.424315570663 -0.00238465531423 0.000863032872033 0.371603867509 1 1 1 1 1 1 1 1 1 1 1 1 1 1 1
200 2400 -0.445851081521 -0.00292810554762 0.00656814287142 0.381359702773 1 1 1 1 1 1 1 1 1 1 1 1 1 1 1
201 2412 -0.452282444677 -0.00564339978451 0.00476503658603 0.378917437109 1 1 1 1 1 1 1 1 1 1 1 1 1 1 1
202 2424 -0.452961319382 -0.000906300823437 0.00386055590292 0.38393053082 1 1 1 1 1 1 1 1 1 1 1 1 1 1 1
203 2436 -0.453880516955 -0.00518253594646 0.000113669236128 0.387950921496 1 1 1 1 1 1 1 1 1 1 1 1 1 1 1
204 2448 -0.447300240782 -0.00106645576735 0.00156045916048 0.386180280219 1 1 1 1 1 1 1 1 1 1 1 1 1 1 1
205 2460 -0.450610166355 -0.0033521516964 0.0017746404325 0.398733406995 1 1 1 1 1 1 1 1 1 1 1 1 1 1 1
206 2472 -0.455163189261 -0.0171713805071 0.00142920682054 0.404837137148 1 1 1 1 1 1 1 1 1 1 1 1 1 1 1
207 2484 -0.467031579078 -0.00634660133101 0.00231081901867 0.412042698495 1 1 1 1 1 1 1 1 1 1 1 1 1 1 1
208 2496 -0.466425381329 -0.00268034244053 0.0023432619908 0.415510329427 1 1 1 1 1 1 1 1 1 1 1 1 1 1 1
209 2508 -0.455899360057 -0.0106091161212 0.0140153134349 0.411748994652 1 1 1 1 1 1 1 1 1 1 1 1 1 1 1
210 2520 -0.460375133154 -0.0145653302556 0.014234589812 0.422736280607 1 1 1 1 1 1 1 1 1 1 1 1 1 1 1
211 2532 -0.471741088922 -0.004503757351 0.00445563599987 0.430512636046 1 1 1 1 1 1 1 1 1 1 1 1 1 1 1
212 2544 -0.466674500828 -0.00247202420494 0.00611193843439 0.453400308943 1 1 1 1 1 1 1 1 1 1 1 1 1 1 1
213 2556 -0.456577421436 -0.00122399125512 0.00678057447983 0.445755106043 1 1 1 1 1 1 1 1 1 1 1 1 1 1 1
214 2568 -0.457385260829 -0.00315516901379 0.000989457939891 0.446461733463 1 1 1 1 1 1 1 1 1 1 1 1 1 1 1
215 2580 -0.422641544434 -0.00605855113168 0.00173811998381 0.446064227436 1 1 1 1 1 1 1 1 1 1 1 1 1 1 1
216 2592 -0.429105321105 -0.00127902674435 0.00206192525176 0.446716846588 1 1 1 1 1 1 1 1 1 1 1 1 1 1 1
217 2604 -0.423496374246 -0.000336051645655 0.00462521858156 0.463180716 1 1 1 1 1 1 1 1 1 1 1 1 1 1 1
218 2616 -0.421760734502 -0.00224196371419 0.000888063320562 0.483897594668 1 1 1 1 1 1 1 1 1 1 1 1 1 1 1
219 2628 -0.413836846817 -0.000582795565134 0.00104701033138 0.479530933019 1 1 1 1 1 1 1 1 1 1 1 1 1 1 1
220 2640 -0.403424127059 -0.0106712088267 0.00230826917444 0.469864262238 1 1 1 1 1 1 1 1 1 1 1 1 1 1 1
221 2652 -0.403594035924 -0.00645780363858 0.00704830369132 0.459783570399 1 1 1 1 1 1 1 1 1 1 1 1 1 1 1
222 2664 -0.383255446483 -0.00128070512961 2.32174597072e-07 0.472509523861 1 1 1 1 1 1 1 1 1 1 1 1 1 1 1
223 2676 -0.377847880476 -0.00771649776623 0.000167082111641 0.481562834291 1 1 1 1 1 1 1 1 1 1 1 1 1 1 1
224 2688 -0.378011760325 -0.00170622528064 0.00175376079509 0.483836476861 1 1 1 1 1 1 1 1 1 1 1 1 1 1 1
225 2700 -0.370213336875 -0.00659384173715 0.00794634283872 0.490025857666 1 1 1 1 1 1 1 1 1 1 1 1 1 1 1
226 2712 -0.379894673754 -0.00119051017937 0.0133904381633 0.503230804722 1 1 1 1 1 1 1 1 1 1 1 1 1 1 1
227 2724 -0.377398195422 -0.0119288757706 0.00115920563024 0.50326652817 1 1 1 1 1 1 1 1 1 1 1 1 1 1 1
228 2736 -0.367583663062 -0.00938478901841 0.00731417727436 0.495250959349 1 1 1 1 1 1 1 1 1 1 1 1 1 1 1
229 2748 -0.371463247002 -0.0020947440932 0.00762288510295 0.503135415267 1 1 1 1 1 1 1 1 1 1 1 1 1 1 1
230 2760 -0.370423662663 -0.00255644609382 0.000920329269563 0.504372725317 1 1 1 1 1 1 1 1 1 1 1 1 1 1 1
231 2772 -0.353020612278 -0.00277427697584 0.00250812191523 0.504617423422 1 1 1 1 1 1 1 1 1 1 1 1 1 1 1
232 2784 -0.355519466473 -0.00119434528178 0.00293104778596 0.503719415177 1 1 1 1 1 1 1 1 1 1 1 1 1 1 1
233 2796 -0.367739888359 -0.00416464316401 0.00826777342169 0.492339183957 1 1 1 1 1 1 1 1 1 1 1 1 1 1 1
234 2808 -0.36759508942 -0.00224631873684 0.000546701927538 0.460630382965 1 1 1 1 1 1 1 1 1 1 1 1 1 1 1
235 2820 -0.368820443564 -0.0250716661243 0.00592519530968 0.452861528621 1 1 1 1 1 1 1 1 1 1 1 1 1 1 1
236 2832 -0.363434720808 -0.00145212734139 0.00305165465146 0.455800092897 1 1 1 1 1 1 1 1 1 1 1 1 1 1 1
237 2844 -0.365257993422 -0.000828930255239 0.000439531008733 0.448490404329 1 1 1 1 1 1 1 1 1 1 1 1 1 1 1
238 2856 -0.353271262042 -0.00524655346856 0.00112820373673 0.466197578582 1 1 1 1 1 1 1 1 1 1 1 1 1 1 1
239 2868 -0.345438130835 -0.00118813341418 0.00158077922238 0.476095009552 1 1 1 1 1 1 1 1 1 1 1 1 1 1 1
240 2880 -0.355944668318 -0.000383045828951 0.000775001869435 0.476745413537 1 1 1 1 1 1 1 1 1 1 1 1 1 1 1
241 2892 -0.34672047546 -0.00261307075204 0.00695720796579 0.483929723981 1 1 1 1 1 1 1 1 1 1 1 1 1 1 1
242 2904 -0.343014142405 -0.00100029139616 0.0018606529102 0.488096759447 1 1 1 1 1 1 1 1 1 1 1 1 1 1 1
243 2916 -0.371273803495 -0.00121981250297 0.00496997211994 0.496563482361 1 1 1 1 1 1 1 1 1 1 1 1 1 1 1
244 2928 -0.36641136204 -0.0105531139256 0.0039498769607 0.499848396118 1 1 1 1 1 1 1 1 1 1 1 1 1 1 1
245 2940 -0.371745267304 -0.00121490726988 0.00124886769352 0.5090082125 1 1 1 1 1 1 1 1 1 1 1 1 1 1 1
246 2952 -0.388006577297 -0.00656079913509 0.0054567091792 0.508142019316 1 1 1 1 1 1 1 1 1 1 1 1 1 1 1
247 2964 -0.397167275206 -0.00148886414288 0.00664822984463 0.513030921501 1 1 1 1 1 1 1 1 1 1 1 1 1 1 1
248 2976 -0.413649466973 -0.000662951583092 0.00196598168132 0.536377858952 1 1 1 1 1 1 1 1 1 1 1 1 1 1 1
249 2988 -0.425990793732 -0.007719122816 3.83908089802e-06 0.549218314987 1 1 1 1 1 1 1 1 1 1 1 1 1 1 1
250 3000 -0.438340175461 -0.00562886907211 0.000238586790143 0.551121922387 1 1 1 1 1 1 1 1 1 1 1 1 1 1 1
251 3012 -0.44363947608 -0.000910022623696 0.00258103600339 0.555016038443 1 1 1 1 1 1 1 1 1 1 1 1 1 1 1
252 3024 -0.463522256069 -0.00527424196186 0.000912554367506 0.545634651315 1 1 1 1 1 1 1 1 1 1 1 1 1 1 1
253 3036 -0.483258336474 -0.00380559219148 0.000752807110278 0.54359254107 1 1 1 1 1 1 1 1 1 1 1 1 1 1 1
254 3048 -0.480303116123 -0.00602516308239 0.00417078260512 0.551420012515 1 1 1 1 1 1 1 1 1 1 1 1 1 1 1
255 3060 -0.476684257917 -0.00138591013827 0.00411120163396 0.545986344696 1 1 1 1 1 1 1 1 1 1 1 1 1 1 1
256 3072 -0.496433776686 -0.00183422424407 0.00366382667283 0.546799830168 1 1 1 1 1 1 1 1 1 1 1 1 1 1 1
257 3084 -0.490910940043 -0.00701872747831 0.00664305363055 0.563066056688 1 1 1 1 1 1 1 1 1 1 1 1 1 1 1
258 3096 -0.497193862265 -0.00218191449231 0.00133462989767 0.563092243213 1 1 1 1 1 1 1 1 1 1 1 1 1 1 1
259 3108 -0.492677302158 -0.00785889289946 0.000347363228823 0.572386835533 1 1 1 1 1 1 1 1 1 1 1 1 1 1 1
260 3120 -0.489122858002 -0.00115087718344 0.00251260572444 0.563002021231 1 1 1 1 1 1 1 1 1 1 1 1 1 1 1
261 3132 -0.492832442526 -0.000860241635044 0.0110936558498 0.571584366115 1 1 1 1 1 1 1 1 1 1 1 1 1 1 1
262 3144 -0.508666807538 -0.00489627783023 0.00145733770386 0.56161614936 1 1 1 1 1 1 1 1 1 1 1 1 1 1 1
263 3156 -0.549741616925 -0.0010274211272 0.00528035230412 0.56186069651 1 1 1 1 1 1 1 1 1 1 1 1 1 1 1
264 3168 -0.558773796217 -0.00383934741515 0.00366426175435 0.569787407801 1 1 1 1 1 1 1 1 1 1 1 1 1 1 1
265 3180 -0.565151865569 -0.00470568828566 0.00111608824912 0.575654377086 1 1 1 1 1 1 1 1 1 1 1 1 1 1 1
266 3192 -0.57917485714 -0.000380834283694 0.00427532724697 0.589231160288 1 1 1 1 1 1 1 1 1 1 1 1 1 1 1
267 3204 -0.578505682217 -0.00384617357194 0.00320401786971 0.583256629013 1 1 1 1 1 1 1 1 1 1 1 1 1 1 1
268 3216 -0.582464089043 -0.000838221001979 0.0104153455138 0.591158027651 1 1 1 1 1 1 1 1 1 1 1 1 1 1 1
269 3228 -0.591451002124 -0.00268111771431 0.00216984080046 0.603807224538 1 1 1 1 1 1 1 1 1 1 1 1 1 1 1
270 3240 -0.589285903146 -0.00224121456637 0.0100074162752 0.596636655899 1 1 1 1 1 1 1 1 1 1 1 1 1 1 1
271 3252 -0.580305112578 -0.0093934766672 0.00197235639448 0.592266962801 1 1 1 1 1 1 1 1 1 1 1 1 1 1 1
272 3264 -0.580616412462 -0.00359423179682 0.00305611757772 0.585820340651 1 1 1 1 1 1 1 1 1 1 1 1 1 1 1
273 3276 -0.57875453741 -0.00380012126378 0.00866222246897 0.58134894821 1 1 1 1 1 1 1 1 1 1 1 1 1 1 1
274 3288 -0.58399174078 -0.00809564576053 0.00643910517933 0.579073940372 1 1 1 1 1 1 1 1 1 1 1 1 1 1 1
275 3300 -0.58150634014 -0.00499313031832 0.00343302720332 0.564069047461 1 1 1 1 1 1 1 1 1 1 1 1 1 1 1
276 3312 -0.590070812931 -0.00361405540768 0.0031210410131 0.566524792272 1 1 1 1 1 1 1 1 1 1 1 1 1 1 1
277 3324 -0.581286081309 -0.00093736124391 0.000530917284627 0.558057976211 1 1 1 1 1 1 1 1 1 1 1 1 1 1 1
278 3336 -0.591730935048 -0.0059138341016 0.000824061522044 0.544291208037 1 1 1 1 1 1 1 1 1 1 1 1 1 1 1
279 3348 -0.582014831668 -0.0158574883994 0.00958616203761 0.537577622252 1 1 1 1 1 1 1 1 1 1 1 1 1 1 1
280 3360 -0.589118920312 -0.000345659613114 0.00948152644575 0.539992154908 1 1 1 1 1 1 1 1 1 1 1 1 1 1 1
281 3372 -0.59169794724 -0.00047835217679 0.00473399313561 0.543373354923 1 1 1 1 1 1 1 1 1 1 1 1 1 1 1
282 3384 -0.588179820163 -0.00534364164011 0.00363004503893 0.54681091406 1 1 1 1 1 1 1 1 1 1 1 1 1 1 1
283 3396 -0.57396016692 -0.030887792976 0.00381189176507 0.538815814426 1 1 1 1 1 1 1 1 1 1 1 1 1 1 1
284 3408 -0.576608605727 -0.000824693034657 0.00667028404425 0.544450766232 1 1 1 1 1 1 1 1 1 1 1 1 1 1 1
285 3420 -0.569989779106 -0.0116854128475 0.00298161443023 0.555419246915 1 1 1 1 1 1 1 1 1 1 1 1 1 1 1
286 3432 -0.562560085144 -0.000394812168004 0.000113255971073 0.546157922369 1 1 1 1 1 1 1 1 1 1 1 1 1 1 1
287 3444 -0.572584159893 -0.00142234287128 0.00063695495509 0.548448154614 1 1 1 1 1 1 1 1 1 1 1 1 1 1 1
288 3456 -0.573281170767 -0.000953594435074 0.012372650037 0.533843420861 1 1 1 1 1 1 1 1 1 1 1 1 1 1 1
289 3468 -0.566880583043 -0.000416099929383 0.00380050091534 0.562385161814 1 1 1 1 1 1 1 1 1 1 1 1 1 1 1
290 3480 -0.569830303827 -0.0121337847279 0.00188406749484 0.545385633542 1 1 1 1 1 1 1 1 1 1 1 1 1 1 1
291 3492 -0.57684556059 -0.000281128668457 0.007561664842 0.563128709451 1 1 1 1 1 1 1 1 1 1 1 1 1 1 1
292 3504 -0.575976783149 -0.00390653797422 0.0045095168597 0.55637122993 1 1 1 1 1 1 1 1 1 1 1 1 1 1 1
293 3516 -0.579264011648 -0.00133155686918 0.000112969756045 0.553172510691 1 1 1 1 1 1 1 1 1 1 1 1 1 1 1
294 3528 -0.575087494869 -0.00226296850842 0.00163396822315 0.550422629972 1 1 1 1 1 1 1 1 1 1 1 1 1 1 1
295 3540 -0.584782269245 -0.00114816371157 5.89658449677e-05 0.53395484814 1 1 1 1 1 1 1 1 1 1 1 1 1 1 1
296 3552 -0.587021787831 -0.0021098103578 0.0035392863625 0.531450899427 1 1 1 1 1 1 1 1 1 1 1 1 1 1 1
297 3564 -0.584989768706 -0.00135286879876 0.00542881862457 0.526243399413 1 1 1 1 1 1 1 1 1 1 1 1 1 1 1
298 3576 -0.585334939008 -0.00584614247403 0.00263692629075 0.530832391937 1 1 1 1 1 1 1 1 1 1 1 1 1 1 1
299 3588 -0.593638971632 -0.00475317005616 0.00187697882282 0.527607361892 1 1 1 1 1 1 1 1 1 1 1 1 1 1 1
300 3600 -0.579029953982 -0.00212963539735 0.00354369202824 0.509646314633 1 1 1 1 1 1 1 1 1 1 1 1 1 1 1
301 3612 -0.578802355204 -0.00664746546823 0.00346117466323 0.497641019298 1 1 1 1 1 1 1 1 1 1 1 1 1 1 1
302 3624 -0.565422325601 -0.00197857567539 0.000464270862641 0.491124367761 1 1 1 1 1 1 1 1 1 1 1 1 1 1 1
303 3636 -0.562776640771 -0.000303168176546 0.000788122384118 0.500719861633 1 1 1 1 1 1 1 1 1 1 1 1 1 1 1
304 3648 -0.550597754657 -0.0143967348149 6.18323764466e-05 0.492046985875 1 1 1 1 1 1 1 1 1 1 1 1 1 1 1
305 3660 -0.549347945252 -0.00195885285709 0.00476666216572 0.477912655794 1 1 1 1 1 1 1 1 1 1 1 1 1 1 1
306 3672 -0.531286361129 -0.00735202918708 0.00200348394605 0.450628820057 1 1 1 1 1 1 1 1 1 1 1 1 1 1 1
307 3684 -0.520423776158 -0.000436410445747 0.00319035451896 0.453460391849 1 1 1 1 1 1 1 1 1 1 1 1 1 1 1
308 3696 -0.508057769333 -0.00015222343801 0.0068658805583 0.453569431832 1 1 1 1 1 1 1 1 1 1 1 1 1 1 1
309 3708 -0.492120388492 -0.0119896463821 0.00110653168178 0.455214247333 1 1 1 1 1 1 1 1 1 1 1 1 1 1 1
310 3720 -0.49400594402 -0.0108220371992 0.00439345392653 0.462404692439 1 1 1 1 1 1 1 1 1 1 1 1 1 1 1
311 3732 -0.482792823354 -0.00486642036958 0.00933553138318 0.473266752392 1 1 1 1 1 1 1 1 1 1 1 1 1 1 1
312 3744 -0.488432444323 -0.0142698762484 0.000674750303102 0.468990281155 1 1 1 1 1 1 1 1 1 1 1 1 1 1 1
313 3756 -0.481523610462 -0.000814864537774 0.00887273897401 0.477989851052 1 1 1 1 1 1 1 1 1 1 1 1 1 1 1
314 3768 -0.475641728582 -0.00190041059817 0.00481064371596 0.476315628225 1 1 1 1 1 1 1 1 1 1 1 1 1 1 1
315 3780 -0.471366195757 -0.00161018695009 0.00662906797199 0.484930120304 1 1 1 1 1 1 1 1 1 1 1 1 1 1 1
316 3792 -0.472000497157 -0.0015011946087 0.0088466881297 0.501325755103 1 1 1 1 1 1 1 1 1 1 1 1 1 1 1
317 3804 -0.465595035689 -0.0010179848069 0.00507209720019 0.502471611855 1 1 1 1 1 1 1 1 1 1 1 1 1 1 1
318 3816 -0.460613463591 -0.01168477573 0.00183636318249 0.452396148844 1 1 1 1 1 1 1 1 1 1 1 1 1 1 1
319 3828 -0.464142917768 -0.00412836836129 0.0033775687813 0.477181894593 1 1 1 1 1 1 1 1 1 1 1 1 1 1 1
320 3840 -0.474614871665 -0.00175821586286 0.0179448175554 0.472574062266 1 1 1 1 1 1 1 1 1 1 1 1 1 1 1
321 3852 -0.471445645667 -0.0035087610558 0.000329907190413 0.467982301868 1 1 1 1 1 1 1 1 1 1 1 1 1 1 1
322 3864 -0.452734758631 -0.00381040514188 0.00859754132043 0.47102402185 1 1 1 1 1 1 1 1 1 1 1 1 1 1 1
323 3876 -0.452104531392 -0.0112604600466 0.00254481455907 0.474701356699 1 1 1 1 1 1 1 1 1 1 1 1 1 1 1
324 3888 -0.442425168785 -0.0109610504342 0.007265070762 0.487406639246 1 1 1 1 1 1 1 1 1 1 1 1 1 1 1
325 3900 -0.437329849469 -0.012747046941 0.000648544010083 0.471601879847 1 1 1 1 1 1 1 1 1 1 1 1 1 1 1
326 3912 -0.43313687985 -0.00274151876875 0.00286632643342 0.472346300695 1 1 1 1 1 1 1 1 1 1 1 1 1 1 1
327 3924 -0.429924064147 -0.000901326975146 0.0011281533189 0.46595088206 1 1 1 1 1 1 1 1 1 1 1 1 1 1 1
328 3936 -0.430076720619 -0.00196938687512 0.000973576285778 0.475496089526 1 1 1 1 1 1 1 1 1 1 1 1 1 1 1
329 3948 -0.430361638074 -0.00849220622721 0.000404740616788 0.47609890616 1 1 1 1 1 1 1 1 1 1 1 1 1 1 1
330 3960 -0.437479490652 -0.00116641421651 0.00483028299429 0.475999702914 1 1 1 1 1 1 1 1 1 1 1 1 1 1 1
331 3972 -0.442813121644 -0.00326851015553 0.0202537162389 0.482946417955 1 1 1 1 1 1 1 1 1 1 1 1 1 1 1
332 3984 -0.445646531377 -0.00291665714531 0.00066670771469 0.48329529247 1 1 1 1 1 1 1 1 1 1 1 1 1 1 1
333 3996 -0.450812381474 -0.00502367674985 0.00907968903178 0.485625401018 1 1 1 1 1 1 1 1 1 1 1 1 1 1 1
334 4008 -0.446698126811 -0.00121154874992 0.000646472065217 0.489054424541 1 1 1 1 1 1 1 1 1 1 1 1 1 1 1
335 4020 -0.449883063614 -0.00287761067523 0.000771396385528 0.484660678564 1 1 1 1 1 1 1 1 1 1 1 1 1 1 1
336 4032 -0.46807405811 -0.00284902495545 0.00135102981448 0.460799861051 1 1 1 1 1 1 1 1 1 1 1 1 1 1 1
337 4044 -0.477360620754 -0.00504749663959 0.00189691338649 0.461098535361 1 1 1 1 1 1 1 1 1 1 1 1 1 1 1
338 4056 -0.481657569878 -0.00171413397651 0.00587009668339 0.464408275191 1 1 1 1 1 1 1 1 1 1 1 1 1 1 1
339 4068 -0.492266694943 -0.0044174566518 0.00858370117117 0.456963581322 1 1 1 1 1 1 1 1 1 1 1 1 1 1 1
340 4080 -0.494916930275 -0.0108947499183 0.000137629333025 0.468207358654 1 1 1 1 1 1 1 1 1 1 1 1 1 1 1
341 4092 -0.500898198528 -0.000807884996952 0.010301653993 0.471388288423 1 1 1 1 1 1 1 1 1 1 1 1 1 1 1
342 4104 -0.492845765395 -0.0108464629714 0.00211329314687 0.476642257835 1 1 1 1 1 1 1 1 1 1 1 1 1 1 1
343 4116 -0.497600032923 -0.0026878060864 0.00357606359651 0.518522944381 1 1 1 1 1 1 1 1 1 1 1 1 1 1 1
344 4128 -0.504452401457 -0.00880167825398 0.00456656167152 0.535421208304 1 1 1 1 1 1 1 1 1 1 1 1 1 1 1
345 4140 -0.523821514038 -0.00774372465828 0.00758164063269 0.536919801698 1 1 1 1 1 1 1 1 1 1 1 1 1 1 1
346 4152 -0.538207114919 -0.00439209209057 0.00454303610774 0.538741733447 1 1 1 1 1 1 1 1 1 1 1 1 1 1 1
347 4164 -0.538245793506 -0.000909235252953 0.00355656739274 0.546123228169 1 1 1 1 1 1 1 1 1 1 1 1 1 1 1
348 4176 -0.534505661039 -0.00225324521223 0.0016226423108 0.5526275515 1 1 1 1 1 1 1 1 1 1 1 1 1 1 1
349 4188 -0.537759569252 -0.000117229969979 0.00426838348852 0.557353324636 1 1 1 1 1 1 1 1 1 1 1 1 1 1 1
350 4200 -0.541843886447 -0.00116318923846 0.00298753846018 0.56117374273 1 1 1 1 1 1 1 1 1 1 1 1 1 1 1
351 4212 -0.532566951264 -0.0191595080229 0.00461349299957 0.554633187847 1 1 1 1 1 1 1 1 1 1 1 1 1 1 1
352 4224 -0.526805128631 -0.00546569407497 0.000524398743667 0.546218573057 1 1 1 1 1 1 1 1 1 1 1 1 1 1 1
353 4236 -0.534397203852 -0.000604515069373 0.00584796105561 0.539579985164 1 1 1 1 1 1 1 1 1 1 1 1 1 1 1
354 4248 -0.532660334109 -0.00959960078235 0.00715490977724 0.529313237079 1 1 1 1 1 1 1 1 1 1 1 1 1 1 1
355 4260 -0.533395407626 -0.00216230882746 0.00067555342258 0.539765312853 1 1 1 1 1 1 1 1 1 1 1 1 1 1 1
356 4272 -0.542641171706 -0.000911206870213 0.00951194617365 0.562031450548 1 1 1 1 1 1 1 1 1 1 1 1 1 1 1
357 4284 -0.538779149602 -0.00169254838951 0.00138270232055 0.5754534787 1 1 1 1 1 1 1 1 1 1 1 1 1 1 1
358 4296 -0.545463342961 -0.0100183324144 0.0137149684436 0.576354836586 1 1 1 1 1 1 1 1 1 1 1 1 1 1 1
359 4308 -0.550771498159 -0.00087237483706 0.0259249134469 0.567961106543 1 1 1 1 1 1 1 1 1 1 1 1 1 1 1
360 4320 -0.545964824269 -0.00937023566544 0.015193702441 0.572183391158 1 1 1 1 1 1 1 1 1 1 1 1 1 1 1
361 4332 -0.537940372394 -0.000377891097606 0.00398064545958 0.580989606492 1 1 1 1 1 1 1 1 1 1 1 1 1 1 1
362 4344 -0.559625900688 -0.00322610627928 0.00263138289694 0.575843758923 1 1 1 1 1 1 1 1 1 1 1 1 1 1 1
363 4356 -0.562146908183 -0.0208373380722 0.00671219018827 0.574324482886 1 1 1 1 1 1 1 1 1 1 1 1 1 1 1
364 4368 -0.552816359959 -0.0108058018312 0.0027763970377 0.574848999329 1 1 1 1 1 1 1 1 1 1 1 1 1 1 1
365 4380 -0.544623811397 -0.00412536798617 0.00241578214043 0.581624379886 1 1 1 1 1 1 1 1 1 1 1 1 1 1 1
366 4392 -0.544187013694 -0.00267046476994 0.0094569238954 0.576339053925 1 1 1 1 1 1 1 1 1 1 1 1 1 1 1
367 4404 -0.545929510753 -0.00187710802769 0.00314219826395 0.572560426291 1 1 1 1 1 1 1 1 1 1 1 1 1 1 1
368 4416 -0.523247670028 -0.00587502545019 0.0141887410695 0.572302891343 1 1 1 1 1 1 1 1 1 1 1 1 1 1 1
369 4428 -0.528559523734 -0.00712224396118 0.000494840203617 0.580346913147 1 1 1 1 1 1 1 1 1 1 1 1 1 1 1
370 4440 -0.526046856109 -0.00196635150031 0.00542772526784 0.588269329633 1 1 1 1 1 1 1 1 1 1 1 1 1 1 1
371 4452 -0.524421222796 -0.0038008292393 0.00237353594187 0.585141249691 1 1 1 1 1 1 1 1 1 1 1 1 1 1 1
372 4464 -0.541881952583 -0.00767082069656 0.000698107835789 0.576108576714 1 1 1 1 1 1 1 1 1 1 1 1 1 1 1
373 4476 -0.558779476573 -0.00485982683893 0.00561752487282 0.580063014412 1 1 1 1 1 1 1 1 1 1 1 1 1 1 1
374 4488 -0.556005980725 -0.0118567885135 0.00230972535093 0.582288504213 1 1 1 1 1 1 1 1 1 1 1 1 1 1 1
375 4500 -0.56223459524 -0.00325344765579 0.0247771409128 0.586121057484 1 1 1 1 1 1 1 1 1 1 1 1 1 1 1
376 4512 -0.566102175071 -0.0075744170206 0.00272138333029 0.585733090506 1 1 1 1 1 1 1 1 1 1 1 1 1 1 1
377 4524 -0.563782693332 -0.0156210227686 0.00968573524311 0.599116644576 1 1 1 1 1 1 1 1 1 1 1 1 1 1 1
378 4536 -0.573932622298 -0.0248233738301 0.0064866723393 0.59557739978 1 1 1 1 1 1 1 1 1 1 1 1 1 1 1
379 4548 -0.567674604565 -0.0138503058024 0.00499167299006 0.592425298721 1 1 1 1 1 1 1 1 1 1 1 1 1 1 1
380 4560 -0.558098239423 -0.0163193887461 0.00390348400779 0.582732509633 1 1 1 1 1 1 1 1 1 1 1 1 1 1 1
381 4572 -0.558089204889 -0.00123539854684 0.000455680597948 0.580538508242 1 1 1 1 1 1 1 1 1 1 1 1 1 1 1
382 4584 -0.542659495813 -0.020129034633 0.00110550699688 0.577211381158 1 1 1 1 1 1 1 1 1 1 1 1 1 1 1
383 4596 -0.527988249707 -0.00175636861878 0.0103011471245 0.565999032243 1 1 1 1 1 1 1 1 1 1 1 1 1 1 1
384 4608 -0.530437752454 -0.0052775057032 0.00144521717083 0.564681628995 1 1 1 1 1 1 1 1 1 1 1 1 1 1 1
385 4620 -0.522283364239 -0.000731473221314 0.00643177172492 0.562485265007 1 1 1 1 1 1 1 1 1 1 1 1 1 1 1
386 4632 -0.52645944497 -0.00069569646759 0.00423125593156 0.561391392232 1 1 1 1 1 1 1 1 1 1 1 1 1 1 1
387 4644 -0.532707402144 -0.00617786404265 0.00763365465684 0.555889475228 1 1 1 1 1 1 1 1 1 1 1 1 1 1 1
388 4656 -0.487983178141 -0.01342964337 0.00852704376975 0.563622841141 1 1 1 1 1 1 1 1 1 1 1 1 1 1 1
389 4668 -0.498184866808 -0.00241185038467 0.00201609666624 0.577325987355 1 1 1 1 1 1 1 1 1 1 1 1 1 1 1
390 4680 -0.505182834073 -0.00917459360706 0.00751936841409 0.583032100411 1 1 1 1 1 1 1 1 1 1 1 1 1 1 1
391 4692 -0.50831366865 -0.0048674534187 0.00554885199266 0.572635881693 1 1 1 1 1 1 1 1 1 1 1 1 1 1 1
392 4704 -0.523964256735 -0.000224107906091 0.0109799299357 0.562547979031 1 1 1 1 1 1 1 1 1 1 1 1 1 1 1
393 4716 -0.528569991701 -0.00550325124827 0.000852083093182 0.543101331685 1 1 1 1 1 1 1 1 1 1 1 1 1 1 1
394 4728 -0.529590228888 -0.00151901364911 0.00523596346731 0.546840530888 1 1 1 1 1 1 1 1 1 1 1 1 1 1 1
395 4740 -0.518324454535 -0.000808358531625 0.0060035848922 0.560847504528 1 1 1 1 1 1 1 1 1 1 1 1 1 1 1
396 4752 -0.513646816588 -0.0097935333183 0.00658291881064 0.551411666891 1 1 1 1 1 1 1 1 1 1 1 1 1 1 1
397 4764 -0.509945034977 -0.0163278675522 0.00676818144989 0.54834999996 1 1 1 1 1 1 1 1 1 1 1 1 1 1 1
398 4776 -0.525354836042 -0.00139467548334 0.00106260958693 0.550565501167 1 1 1 1 1 1 1 1 1 1 1 1 1 1 1
399 4788 -0.528954285541 -0.000457276162634 0.00379777711701 0.555212038223 1 1 1 1 1 1 1 1 1 1 1 1 1 1 1
400 4800 -0.517300852598 -0.00683331317663 0.000358666203565 0.557454811544 1 1 1 1 1 1 1 1 1 1 1 1 1 1 1
401 4812 -0.50821616806 -0.00434462690657 0.000463709020995 0.569378892297 1 1 1 1 1 1 1 1 1 1 1 1 1 1 1
402 4824 -0.51405786499 -0.00428844940631 0.00206590768628 0.579279492763 1 1 1 1 1 1 1 1 1 1 1 1 1 1 1
403 4836 -0.506040493669 -0.000851096649498 0.00348410623319 0.585052534783 1 1 1 1 1 1 1 1 1 1 1 1 1 1 1
404 4848 -0.507433694483 -0.0194376547477 0.00227165372799 0.575565931344 1 1 1 1 1 1 1 1 1 1 1 1 1 1 1
405 4860 -0.519974547777 -0.0108141493484 0.00639537826444 0.57074898113 1 1 1 1 1 1 1 1 1 1 1 1 1 1 1
406 4872 -0.521867775638 -0.0191139483655 0.0127629033645 0.574448809119 1 1 1 1 1 1 1 1 1 1 1 1 1 1 1
407 4884 -0.538925264127 -0.0167136255073 0.0149157734705 0.591041661462 1 1 1 1 1 1 1 1 1 1 1 1 1 1 1
408 4896 -0.530513284132 -0.0125729637811 0.0119564360626 0.596249815827 1 1 1 1 1 1 1 1 1 1 1 1 1 1 1
409 4908 -0.524406448848 -0.00634200983243 0.00499434957144 0.579272750998 1 1 1 1 1 1 1 1 1 1 1 1 1 1 1
410 4920 -0.511930649605 -0.00613766800214 0.00505694906347 0.582084423672 1 1 1 1 1 1 1 1 1 1 1 1 1 1 1
411 4932 -0.515551885451 -0.00601392973486 0.0111383656203 0.575332289736 1 1 1 1 1 1 1 1 1 1 1 1 1 1 1
412 4944 -0.52837482054 -0.000464586831756 0.00619931210396 0.579071022903 1 1 1 1 1 1 1 1 1 1 1 1 1 1 1
413 4956 -0.539134844605 -0.0097416266742 0.0165540048447 0.561480034281 1 1 1 1 1 1 1 1 1 1 1 1 1 1 1
414 4968 -0.543150827946 -0.0089528193762 0.001954058664 0.565203710334 1 1 1 1 1 1 1 1 1 1 1 1 1 1 1
415 4980 -0.53422317029 -0.00313247562484 0.00969856972222 0.571861934837 1 1 1 1 1 1 1 1 1 1 1 1 1 1 1
416 4992 -0.555914932698 -0.00136021673947 0.00834166671991 0.570828727313 1 1 1 1 1 1 1 1 1 1 1 1 1 1 1
417 5004 -0.562040191433 -0.00805943928208 0.000560795527302 0.562026319591 1 1 1 1 1 1 1 1 1 1 1 1 1 1 1
418 5016 -0.572710496883 -0.000586427304279 0.00813725457017 0.552531278252 1 1 1 1 1 1 1 1 1 1 1 1 1 1 1
419 5028 -0.571846167616 -0.00075188110572 0.00441364271477 0.548423534261 1 1 1 1 1 1 1 1 1 1 1 1 1 1 1
420 5040 -0.59673228572 -0.0028498180238 0.00346917204704 0.559599369263 1 1 1 1 1 1 1 1 1 1 1 1 1 1 1
421 5052 -0.601836931314 -0.000567527725231 0.00447124331635 0.557623384486 1 1 1 1 1 1 1 1 1 1 1 1 1 1 1
422 5064 -0.626102140679 -0.000252377959575 0.000298129754161 0.562064640174 1 1 1 1 1 1 1 1 1 1 1 1 1 1 1
423 5076 -0.620412144342 -0.000101691002788 0.000244749768279 0.555368407455 1 1 1 1 1 1 1 1 1 1 1 1 1 1 1
424 5088 -0.616709283908 -0.00993229503702 0.00280656984112 0.567202436071 1 1 1 1 1 1 1 1 1 1 1 1 1 1 1
425 5100 -0.603002896452 -0.00226665362243 0.00293836424358 0.588450530322 1 1 1 1 1 1 1 1 1 1 1 1 1 1 1
426 5112 -0.591228066921 -0.00299458174695 0.00724478665082 0.606287863941 1 1 1 1 1 1 1 1 1 1 1 1 1 1 1
427 5124 -0.590701395651 -0.00710703029412 0.00296257656648 0.608665313262 1 1 1 1 1 1 1 1 1 1 1 1 1 1 1
428 5136 -0.579579163282 -0.00705168254627 0.00721552482856 0.607853674688 1 1 1 1 1 1 1 1 1 1 1 1 1 1 1
429 5148 -0.576729045541 -0.000368757803198 0.00809339144283 0.615129345212 1 1 1 1 1 1 1 1 1 1 1 1 1 1 1
430 5160 -0.589416819595 -0.00332695568535 0.0021582995774 0.621987348711 1 1 1 1 1 1 1 1 1 1 1 1 1 1 1
431 5172 -0.597768246417 -0.00436311828789 0.00486485702193 0.612941796232 1 1 1 1 1 1 1 1 1 1 1 1 1 1 1
432 5184 -0.597134643207 -0.000634736983014 0.00708899744543 0.614176041995 1 1 1 1 1 1 1 1 1 1 1 1 1 1 1
433 5196 -0.599766041991 -0.00333521557192 0.00450824198993 0.601234914646 1 1 1 1 1 1 1 1 1 1 1 1 1 1 1
434 5208 -0.601824372323 -0.00235599343854 0.0039634668933 0.588237661624 1 1 1 1 1 1 1 1 1 1 1 1 1 1 1
435 5220 -0.606662144347 -0.00146578825273 0.00211219180482 0.584537774584 1 1 1 1 1 1 1 1 1 1 1 1 1 1 1
436 5232 -0.603398163744 -0.00197294578867 0.000987092571714 0.583426550946 1 1 1 1 1 1 1 1 1 1 1 1 1 1 1
437 5244 -0.601822412055 -0.00415306520066 0.00929518668855 0.598204100302 1 1 1 1 1 1 1 1 1 1 1 1 1 1 1
438 5256 -0.605136616654 -0.00215205580217 0.00986344094585 0.59976215826 1 1 1 1 1 1 1 1 1 1 1 1 1 1 1
439 5268 -0.613941010331 -0.00330718142032 0.00311630077235 0.593961026372 1 1 1 1 1 1 1 1 1 1 1 1 1 1 1
440 5280 -0.622292373419 -0.00339174680568 0.00488037984139 0.594776006339 1 1 1 1 1 1 1 1 1 1 1 1 1 1 1
441 5292 -0.614864999457 -0.0035419851877 0.000543257430572 0.603201511701 1 1 1 1 1 1 1 1 1 1 1 1 1 1 1
442 5304 -0.619964331255 -0.002854709767 0.00202482635504 0.601669050145 1 1 1 1 1 1 1 1 1 1 1 1 1 1 1
443 5316 -0.6174044819 -0.0017147217595 0.00536157678616 0.589397238784 1 1 1 1 1 1 1 1 1 1 1 1 1 1 1
444 5328 -0.603932271222 -0.00416171636443 0.0128664526602 0.58086854575 1 1 1 1 1 1 1 1 1 1 1 1 1 1 1
445 5340 -0.612169012613 -0.00250321706499 0.00449044380035 0.606448146456 1 1 1 1 1 1 1 1 1 1 1 1 1 1 1
446 5352 -0.601290755616 -0.00326287253704 0.00577568302735 0.614557672351 1 1 1 1 1 1 1 1 1 1 1 1 1 1 1
447 5364 -0.584544771032 -0.0118769034428 0.000851051735691 0.615278946884 1 1 1 1 1 1 1 1 1 1 1 1 1 1 1
448 5376 -0.593173059251 -0.000603514245373 0.00386226838975 0.620362247108 1 1 1 1 1 1 1 1 1 1 1 1 1 1 1
449 5388 -0.615707977853 -0.00532332675077 0.00116896598586 0.62501790358 1 1 1 1 1 1 1 1 1 1 1 1 1 1 1
450 5400 -0.619294212288 -0.000614470384246 0.00108254658458 0.63471151159 1 1 1 1 1 1 1 1 1 1 1 1 1 1 1
451 5412 -0.630212897905 -0.00170478385833 0.000737491047741 0.63131361415 1 1 1 1 1 1 1 1 1 1 1 1 1 1 1
452 5424 -0.633180720418 -0.00291616813359 0.0112204925959 0.636077988787 1 1 1 1 1 1 1 1 1 1 1 1 1 1 1
453 5436 -0.629055512665 -0.00531268425701 0.000859706023787 0.637615636581 1 1 1 1 1 1 1 1 1 1 1 1 1 1 1
454 5448 -0.613339930048 -0.00482742076733 0.00316876386148 0.648680385037 1 1 1 1 1 1 1 1 1 1 1 1 1 1 1
455 5460 -0.606877543563 -0.00961095588379 0.0189110123303 0.639750406553 1 1 1 1 1 1 1 1 1 1 1 1 1 1 1
456 5472 -0.608961717071 -0.00569402129031 0.0209817203686 0.639505694917 1 1 1 1 1 1 1 1 1 1 1 1 1 1 1
457 5484 -0.622934781874 -0.00733874076432 0.00141735864277 0.643153471939 1 1 1 1 1 1 1 1 1 1 1 1 1 1 1
458 5496 -0.626292141714 -0.000194804152028 0.0261014125257 0.645574058542 1 1 1 1 1 1 1 1 1 1 1 1 1 1 1
459 5508 -0.634968611427 -0.00176574720703 0.00205688465799 0.650260224185 1 1 1 1 1 1 1 1 1 1 1 1 1 1 1
460 5520 -0.642285528635 -0.00774729291138 0.0114277477541 0.65537584893 1 1 1 1 1 1 1 1 1 1 1 1 1 1 1
461 5532 -0.635397558456 -0.00486200540514 0.00505163668712 0.658144412329 1 1 1 1 1 1 1 1 1 1 1 1 1 1 1
462 5544 -0.633952915135 -0.00748043772002 0.000278001088736 0.657008635004 1 1 1 1 1 1 1 1 1 1 1 1 1 1 1
463 5556 -0.621406977381 -0.00671128023407 0.00342548189041 0.658946410391 1 1 1 1 1 1 1 1 1 1 1 1 1 1 1
464 5568 -0.613294306175 -0.00533543819749 0.0228677617549 0.667785848766 1 1 1 1 1 1 1 1 1 1 1 1 1 1 1
465 5580 -0.602934223501 -0.00150415288279 0.000239121612966 0.672088297819 1 1 1 1 1 1 1 1 1 1 1 1 1 1 1
466 5592 -0.604138346982 -0.0070996288785 4.15373498571e-07 0.669855640752 1 1 1 1 1 1 1 1 1 1 1 1 1 1 1
467 5604 -0.600321042735 -0.00118000870992 0.00513802390919 0.675937000069 1 1 1 1 1 1 1 1 1 1 1 1 1 1 1
468 5616 -0.60103343317 -0.0012259388219 0.00032988758354 0.681016233046 1 1 1 1 1 1 1 1 1 1 1 1 1 1 1
469 5628 -0.606590806685 -0.00837037722001 0.0181867301332 0.675491857645 1 1 1 1 1 1 1 1 1 1 1 1 1 1 1
470 5640 -0.59919225263 -0.012651330794 0.00251801563142 0.669518013806 1 1 1 1 1 1 1 1 1 1 1 1 1 1 1
471 5652 -0.592442100569 -0.0115875030729 0.00465723814796 0.662121261845 1 1 1 1 1 1 1 1 1 1 1 1 1 1 1
472 5664 -0.593960606324 -0.0055623518433 0.00850994361432 0.659345552917 1 1 1 1 1 1 1 1 1 1 1 1 1 1 1
473 5676 -0.60103287378 -0.00748934857474 0.00438682639149 0.669557574547 1 1 1 1 1 1 1 1 1 1 1 1 1 1 1
474 5688 -0.597520716065 -0.00761671033509 0.00632585617595 0.678596896767 1 1 1 1 1 1 1 1 1 1 1 1 1 1 1
475 5700 -0.593300954274 -0.0302549065139 0.00087082826737 0.688331163751 1 1 1 1 1 1 1 1 1 1 1 1 1 1 1
476 5712 -0.590662866869 -0.00311032306678 0.00848885870778 0.694018119575 1 1 1 1 1 1 1 1 1 1 1 1 1 1 1
477 5724 -0.586363104482 -0.00595430008863 2.96421495439e-05 0.69548198327 1 1 1 1 1 1 1 1 1 1 1 1 1 1 1
478 5736 -0.582830704623 -0.0195494956222 0.00943382102876 0.697428921216 1 1 1 1 1 1 1 1 1 1 1 1 1 1 1
479 5748 -0.589749756859 -0.000390919759737 0.0100608568215 0.69967814536 1 1 1 1 1 1 1 1 1 1 1 1 1 1 1
480 5760 -0.569577790859 -0.00358255044615 0.00338012604571 0.707338080615 1 1 1 1 1 1 1 1 1 1 1 1 1 1 1
481 5772 -0.57517467879 -0.00576334040391 0.0080373582806 0.710822352257 1 1 1 1 1 1 1 1 1 1 1 1 1 1 1
482 5784 -0.591515264619 -0.0142277818242 0.00534763408187 0.714507906536 1 1 1 1 1 1 1 1 1 1 1 1 1 1 1
483 5796 -0.593962611539 -0.0048390407931 0.0131478554816 0.715690573471 1 1 1 1 1 1 1 1 1 1 1 1 1 1 1
484 5808 -0.583887445203 -7.73637777231e-05 0.000723520211221 0.719561637077 1 1 1 1 1 1 1 1 1 1 1 1 1 1 1
485 5820 -0.591791392526 -0.00712134195578 0.00383452704617 0.720269763984 1 1 1 1 1 1 1 1 1 1 1 1 1 1 1
486 5832 -0.588559911667 -0.00118878707974 0.010705510765 0.726465117819 1 1 1 1 1 1 1 1 1 1 1 1 1 1 1
487 5844 -0.568471493374 -0.00100077382614 0.0136385925677 0.719937016927 1 1 1 1 1 1 1 1 1 1 1 1 1 1 1
488 5856 -0.566387275367 -0.0149025708911 0.00812224363326 0.714252536063 1 1 1 1 1 1 1 1 1 1 1 1 1 1 1
489 5868 -0.57036594622 -0.0117351790907 0.00718177437323 0.712234556511 1 1 1 1 1 1 1 1 1 1 1 1 1 1 1
490 5880 -0.571970076916 -0.00101570371665 0.00836630095258 0.722739808101 1 1 1 1 1 1 1 1 1 1 1 1 1 1 1
491 5892 -0.568364446399 -0.00104527033777 0.0189608699678 0.726354385099 1 1 1 1 1 1 1 1 1 1 1 1 1 1 1
492 5904 -0.567344434789 -0.00950777344132 0.00120582963855 0.726544060685 1 1 1 1 1 1 1 1 1 1 1 1 1 1 1
493 5916 -0.560967900401 -0.00240171348997 0.0171433209458 0.721585662623 1 1 1 1 1 1 1 1 1 1 1 1 1 1 1
494 5928 -0.54160133545 -0.00328703937311 0.0128014436617 0.723796455476 1 1 1 1 1 1 1 1 1 1 1 1 1 1 1
495 5940 -0.537021945921 -0.000243671942201 0.019582259139 0.718249232081 1 1 1 1 1 1 1 1 1 1 1 1 1 1 1
496 5952 -0.539478604744 -0.00726768388925 0.000155148042459 0.71808153143 1 1 1 1 1 1 1 1 1 1 1 1 1 1 1
497 5964 -0.539865631902 -0.0154899791648 0.00784785786814 0.723535898821 1 1 1 1 1 1 1 1 1 1 1 1 1 1 1
498 5976 -0.549872756644 -0.00102461380843 0.0117431676285 0.731636364861 1 1 1 1 1 1 1 1 1 1 1 1 1 1 1
499 5988 -0.565366018087 -0.0107061606012 0.00930923080681 0.721369325105 1 1 1 1 1 1 1 1 1 1 1 1 1 1 1
500 6000 -0.563634097286 -0.00759786683254 0.00677051341488 0.730470551652 1 1 1 1 1 1 1 1 1 1 1 1 1 1 1
501 6012 -0.572246588047 -0.00971546347658 0.00117896515524 0.724314177888 1 1 1 1 1 1 1 1 1 1 1 1 1 1 1
502 6024 -0.581794355527 -0.00234391695182 0.0045540287091 0.727098031944 1 1 1 1 1 1 1 1 1 1 1 1 1 1 1
503 6036 -0.57195252546 -0.000864696519111 0.00680549255969 0.732369110195 1 1 1 1 1 1 1 1 1 1 1 1 1 1 1
504 6048 -0.593976802356 -0.00192214088943 0.000872122514596 0.729314307574 1 1 1 1 1 1 1 1 1 1 1 1 1 1 1
505 6060 -0.612812773548 -0.00356684803664 0.00701100953639 0.73014024737 1 1 1 1 1 1 1 1 1 1 1 1 1 1 1
506 6072 -0.594993543764 -0.00283374762388 0.00616198087387 0.72375526001 1 1 1 1 1 1 1 1 1 1 1 1 1 1 1
507 6084 -0.593556243256 -0.0144753791397 0.000288323816938 0.712889420452 1 1 1 1 1 1 1 1 1 1 1 1 1 1 1
508 6096 -0.586243168766 -0.0089631100369 0.000922312077722 0.709794846668 1 1 1 1 1 1 1 1 1 1 1 1 1 1 1
509 6108 -0.598594663385 -0.00222340537882 0.00789515927858 0.701658210522 1 1 1 1 1 1 1 1 1 1 1 1 1 1 1
510 6120 -0.610867031971 -0.00237082800408 0.0107065366666 0.70214863533 1 1 1 1 1 1 1 1 1 1 1 1 1 1 1
511 6132 -0.617306168506 -0.00461691955809 0.00261307702151 0.709251284546 1 1 1 1 1 1 1 1 1 1 1 1 1 1 1
512 6144 -0.607832196348 -0.00290281959682 0.00266050214541 0.710671487258 1 1 1 1 1 1 1 1 1 1 1 1 1 1 1
513 6156 -0.615600622788 -0.00428017790216 0.0150773439753 0.726553033796 1 1 1 1 1 1 1 1 1 1 1 1 1 1 1
514 6168 -0.613633229005 -0.00235564044032 0.0190531230072 0.735099647792 1 1 1 1 1 1 1 1 1 1 1 1 1 1 1
515 6180 -0.623034998634 -0.0016232417431 0.00933213640492 0.745468801746 1 1 1 1 1 1 1 1 1 1 1 1 1 1 1
516 6192 -0.622650786047 -0.00819941951246 0.00243685171581 0.74301853926 1 1 1 1 1 1 1 1 1 1 1 1 1 1 1
517 6204 -0.623598243367 -0.0209329524855 0.00248995730337 0.74325726822 1 1 1 1 1 1 1 1 1 1 1 1 1 1 1
518 6216 -0.629557928193 -0.000451809310048 0.0080975553969 0.74001009179 1 1 1 1 1 1 1 1 1 1 1 1 1 1 1
519 6228 -0.632765716189 -0.00201896969311 0.0041243131807 0.743920035251 1 1 1 1 1 1 1 1 1 1 1 1 1 1 1
520 6240 -0.624522949338 -0.000755204514857 0.00427906664807 0.746616096137 1 1 1 1 1 1 1 1 1 1 1 1 1 1 1
521 6252 -0.626567153713 -0.00573457920343 0.00273405800025 0.744874883637 1 1 1 1 1 1 1 1 1 1 1 1 1 1 1
522 6264 -0.624046750057 -0.00943885990586 0.00409063097943 0.7351691795 1 1 1 1 1 1 1 1 1 1 1 1 1 1 1
523 6276 -0.616416114736 -0.00251229662612 0.000447897711321 0.748757524808 1 1 1 1 1 1 1 1 1 1 1 1 1 1 1
524 6288 -0.609018935079 -0.00476911943178 0.00317629010571 0.75259062695 1 1 1 1 1 1 1 1 1 1 1 1 1 1 1
525 6300 -0.606342562184 -0.00133660185344 0.00394221029249 0.749114725925 1 1 1 1 1 1 1 1 1 1 1 1 1 1 1
526 6312 -0.578295952495 -0.000566201483079 0.00200213462182 0.746943001002 1 1 1 1 1 1 1 1 1 1 1 1 1 1 1
527 6324 -0.573673839724 -0.00677087270315 0.000937878630848 0.7350079651 1 1 1 1 1 1 1 1 1 1 1 1 1 1 1
528 6336 -0.569277989479 -0.00381958300519 0.00368837172237 0.731410889784 1 1 1 1 1 1 1 1 1 1 1 1 1 1 1
529 6348 -0.586901174414 -0.00150808636952 0.00466279874366 0.73666901934 1 1 1 1 1 1 1 1 1 1 1 1 1 1 1
530 6360 -0.572338357766 -0.00109835764387 0.00348586532141 0.735387036034 1 1 1 1 1 1 1 1 1 1 1 1 1 1 1
531 6372 -0.576276864472 -0.0082069942974 0.0133285409397 0.741531685778 1 1 1 1 1 1 1 1 1 1 1 1 1 1 1
532 6384 -0.575503939516 -0.00650241733037 0.00892323481797 0.743292907835 1 1 1 1 1 1 1 1 1 1 1 1 1 1 1
533 6396 -0.573212566911 -0.0087783264592 0.010435965573 0.749852069556 1 1 1 1 1 1 1 1 1 1 1 1 1 1 1
534 6408 -0.589901957414 -0.00236618560612 0.0384069745476 0.744578551102 1 1 1 1 1 1 1 1 1 1 1 1 1 1 1
535 6420 -0.583280494832 -0.00213112993215 0.0319670600622 0.746411227482 1 1 1 1 1 1 1 1 1 1 1 1 1 1 1
536 6432 -0.572336232152 -0.00818743863393 0.000763653855187 0.740941955296 1 1 1 1 1 1 1 1 1 1 1 1 1 1 1
537 6444 -0.553462577588 -5.1147108307e-06 0.00282363107863 0.731931338718 1 1 1 1 1 1 1 1 1 1 1 1 1 1 1
538 6456 -0.549398704441 -0.00574345758986 0.00397662311995 0.729140594439 1 1 1 1 1 1 1 1 1 1 1 1 1 1 1
539 6468 -0.561262687136 -0.00595646624388 0.00770063498637 0.724821178221 1 1 1 1 1 1 1 1 1 1 1 1 1 1 1
540 6480 -0.576242117614 -0.00379359115469 0.0169988514565 0.722816974462 1 1 1 1 1 1 1 1 1 1 1 1 1 1 1
541 6492 -0.579721789296 -0.00320257184341 0.00404794819527 0.718651814114 1 1 1 1 1 1 1 1 1 1 1 1 1 1 1
542 6504 -0.565892241648 -0.00187895920049 0.00375576597515 0.717745938179 1 1 1 1 1 1 1 1 1 1 1 1 1 1 1
543 6516 -0.567530813574 -0.00285965087153 0.00638235417269 0.715773885862 1 1 1 1 1 1 1 1 1 1 1 1 1 1 1
544 6528 -0.567758399266 -0.000434360803761 0.000272608111815 0.724432600245 1 1 1 1 1 1 1 1 1 1 1 1 1 1 1
545 6540 -0.577930023868 -0.0131322628765 0.00180732141456 0.729835890591 1 1 1 1 1 1 1 1 1 1 1 1 1 1 1
546 6552 -0.58482017633 -0.00443187234895 0.00490338615603 0.736815306246 1 1 1 1 1 1 1 1 1 1 1 1 1 1 1
547 6564 -0.588860167022 -0.00255815856301 0.00050954264065 0.73155771153 1 1 1 1 1 1 1 1 1 1 1 1 1 1 1
548 6576 -0.589742258797 -0.00305898943277 0.00577401648065 0.74911869751 1 1 1 1 1 1 1 1 1 1 1 1 1 1 1
549 6588 -0.58156112389 -0.0041588792134 0.00112161920186 0.754152086314 1 1 1 1 1 1 1 1 1 1 1 1 1 1 1
550 6600 -0.578263357263 -0.00131780429558 0.00532784488611 0.749420281705 1 1 1 1 1 1 1 1 1 1 1 1 1 1 1
551 6612 -0.56319348106 -0.00493211679209 0.00277909181769 0.740119476212 1 1 1 1 1 1 1 1 1 1 1 1 1 1 1
552 6624 -0.524688127388 -0.00192545956509 0.000379428201982 0.743290475405 1 1 1 1 1 1 1 1 1 1 1 1 1 1 1
553 6636 -0.50314690472 -0.00511464389309 0.00278018377752 0.751798612044 1 1 1 1 1 1 1 1 1 1 1 1 1 1 1
554 6648 -0.491631970091 -0.00763923959775 0.00376777831654 0.752165191928 1 1 1 1 1 1 1 1 1 1 1 1 1 1 1
555 6660 -0.467375187323 -0.0152109099919 0.00267812063575 0.750374188323 1 1 1 1 1 1 1 1 1 1 1 1 1 1 1
556 6672 -0.474742527977 -0.00170010339957 0.00547172046618 0.755031657322 1 1 1 1 1 1 1 1 1 1 1 1 1 1 1
557 6684 -0.482242655585 -0.00141436007067 0.00286448002496 0.754436963174 1 1 1 1 1 1 1 1 1 1 1 1 1 1 1
558 6696 -0.482942383138 -0.00284765354523 0.00156342508925 0.75615006729 1 1 1 1 1 1 1 1 1 1 1 1 1 1 1
559 6708 -0.492803841014 -0.00622761417362 0.00139192573262 0.760876703917 1 1 1 1 1 1 1 1 1 1 1 1 1 1 1
560 6720 -0.497839753898 -0.00212873162848 0.000360146588158 0.778170640655 1 1 1 1 1 1 1 1 1 1 1 1 1 1 1
561 6732 -0.495490373011 -0.00201612338922 0.00789764132525 0.786543124247 1 1 1 1 1 1 1 1 1 1 1 1 1 1 1
562 6744 -0.514656274907 -0.00235870927221 0.0293826286401 0.786705786209 1 1 1 1 1 1 1 1 1 1 1 1 1 1 1
563 6756 -0.547444085931 -0.00246111982592 0.000501026260645 0.791942851156 1 1 1 1 1 1 1 1 1 1 1 1 1 1 1
564 6768 -0.557662983225 -0.00105323755367 0.00471713217636 0.793772920666 1 1 1 1 1 1 1 1 1 1 1 1 1 1 1
565 6780 -0.558619880889 -0.00119199145342 0.00746615759047 0.794059029635 1 1 1 1 1 1 1 1 1 1 1 1 1 1 1
566 6792 -0.566558746839 -0.00132546666845 0.00696698207998 0.799129911929 1 1 1 1 1 1 1 1 1 1 1 1 1 1 1
567 6804 -0.571445751671 -0.00339131421433 0.0116117929495 0.797000508938 1 1 1 1 1 1 1 1 1 1 1 1 1 1 1
568 6816 -0.564044130507 -0.00880834346501 0.00218915727877 0.787698507269 1 1 1 1 1 1 1 1 1 1 1 1 1 1 1
569 6828 -0.56335678037 -0.000454287777637 0.0184041709348 0.790163307143 1 1 1 1 1 1 1 1 1 1 1 1 1 1 1
570 6840 -0.565475629361 -0.00349288566765 0.00954587929539 0.796537868592 1 1 1 1 1 1 1 1 1 1 1 1 1 1 1
571 6852 -0.551906695878 -0.0052324574915 0.00352176054557 0.791846234428 1 1 1 1 1 1 1 1 1 1 1 1 1 1 1
572 6864 -0.551377859315 -0.0171336061157 0.0107015734314 0.790593130153 1 1 1 1 1 1 1 1 1 1 1 1 1 1 1
573 6876 -0.5566655158 -0.00442843338347 0.00136075561143 0.795466482572 1 1 1 1 1 1 1 1 1 1 1 1 1 1 1
574 6888 -0.543876874202 -0.000924132740386 0.00743331414396 0.793237806715 1 1 1 1 1 1 1 1 1 1 1 1 1 1 1
575 6900 -0.557333073999 -0.00323329574454 0.00246150439895 0.792123449952 1 1 1 1 1 1 1 1 1 1 1 1 1 1 1
576 6912 -0.565995279035 -0.00644412786819 0.012255054758 0.795835531843 1 1 1 1 1 1 1 1 1 1 1 1 1 1 1
577 6924 -0.572777642845 -0.00339780064093 0.0163464676133 0.793422662677 1 1 1 1 1 1 1 1 1 1 1 1 1 1 1
578 6936 -0.576506291766 -0.0110309153033 0.000396146649091 0.80173859979 1 1 1 1 1 1 1 1 1 1 1 1 1 1 1
579 6948 -0.570034451266 -0.00301449979546 0.00921073684344 0.807791654846 1 1 1 1 1 1 1 1 1 1 1 1 1 1 1
580 6960 -0.57472860156 -0.00510269131259 0.0184390262683 0.809079087444 1 1 1 1 1 1 1 1 1 1 1 1 1 1 1
581 6972 -0.580326950667 -0.00232569559712 0.0113769091744 0.81363212195 1 1 1 1 1 1 1 1 1 1 1 1 1 1 1
582 6984 -0.579896863121 -0.000553711723457 0.0277506016997 0.815827090731 1 1 1 1 1 1 1 1 1 1 1 1 1 1 1
583 6996 -0.569990356585 -0.00950907798892 0.00587841761478 0.816212059966 1 1 1 1 1 1 1 1 1 1 1 1 1 1 1
584 7008 -0.576938122001 -0.00136614056122 0.0172658865868 0.802976241555 1 1 1 1 1 1 1 1 1 1 1 1 1 1 1
585 7020 -0.577628985208 -0.00123228385526 0.00216154798467 0.797344180249 1 1 1 1 1 1 1 1 1 1 1 1 1 1 1
586 7032 -0.578017358062 -0.00109996902915 0.00692883237522 0.799638402184 1 1 1 1 1 1 1 1 1 1 1 1 1 1 1
587 7044 -0.566795007407 -0.00523858613299 0.00443938336321 0.79728393061 1 1 1 1 1 1 1 1 1 1 1 1 1 1 1
588 7056 -0.574132091791 -0.00391089752198 0.00792469980776 0.793305540379 1 1 1 1 1 1 1 1 1 1 1 1 1 1 1
589 7068 -0.578252488405 -0.0021233979265 0.0122282994093 0.786084320618 1 1 1 1 1 1 1 1 1 1 1 1 1 1 1
590 7080 -0.556293872284 -0.00271934479229 0.00603967880543 0.78124097885 1 1 1 1 1 1 1 1 1 1 1 1 1 1 1
591 7092 -0.543859039455 -0.00702578146534 0.000135824854441 0.775086679354 1 1 1 1 1 1 1 1 1 1 1 1 1 1 1
592 7104 -0.542601324676 -0.0030870426684 0.00130656517024 0.773477995107 1 1 1 1 1 1 1 1 1 1 1 1 1 1 1
593 7116 -0.541303039371 -0.00391461215661 0.000408295235941 0.774909512666 1 1 1 1 1 1 1 1 1 1 1 1 1 1 1
594 7128 -0.54417651675 -0.0057418278975 0.00260954257542 0.773281716875 1 1 1 1 1 1 1 1 1 1 1 1 1 1 1
595 7140 -0.54389938368 -0.00153954119571 0.00262586248331 0.770222077305 1 1 1 1 1 1 1 1 1 1 1 1 1 1 1
596 7152 -0.555536576745 -0.00224349821802 0.00803278037685 0.767654542817 1 1 1 1 1 1 1 1 1 1 1 1 1 1 1
597 7164 -0.560798728016 -0.00208203020885 0.00551702702161 0.762577837807 1 1 1 1 1 1 1 1 1 1 1 1 1 1 1
598 7176 -0.571924792665 -0.00160204135226 0.0151896765847 0.7682672371 1 1 1 1 1 1 1 1 1 1 1 1 1 1 1
599 7188 -0.573982209983 -0.00912693897942 0.00936117532222 0.772117811667 1 1 1 1 1 1 1 1 1 1 1 1 1 1 1
600 7200 -0.582045774776 -0.000535685841324 0.000265983427671 0.767147892067 1 1 1 1 1 1 1 1 1 1 1 1 1 1 1
601 7212 -0.576981875605 -0.00403064901713 0.00323658466424 0.763245275482 1 1 1 1 1 1 1 1 1 1 1 1 1 1 1
602 7224 -0.570662190775 -0.00142721412159 0.00296801580977 0.765725119973 1 1 1 1 1 1 1 1 1 1 1 1 1 1 1
603 7236 -0.576382776267 -0.00190910764795 0.00804579570216 0.764100947469 1 1 1 1 1 1 1 1 1 1 1 1 1 1 1
604 7248 -0.575917971734 -0.0149371003688 0.00607317509777 0.770404079018 1 1 1 1 1 1 1 1 1 1 1 1 1 1 1
605 7260 -0.578362104501 -0.00104059747131 0.0104288205753 0.774898812341 1 1 1 1 1 1 1 1 1 1 1 1 1 1 1
606 7272 -0.556121829521 -0.00236106157501 0.00167941489489 0.783530472762 1 1 1 1 1 1 1 1 1 1 1 1 1 1 1
607 7284 -0.555032269514 -0.00299840587782 0.000610354752312 0.782775912462 1 1 1 1 1 1 1 1 1 1 1 1 1 1 1
608 7296 -0.550676852148 -0.0005030278131 0.00117860250538 0.779708263437 1 1 1 1 1 1 1 1 1 1 1 1 1 1 1
609 7308 -0.549284736782 -0.00296211794147 0.00213395342115 0.783234482993 1 1 1 1 1 1 1 1 1 1 1 1 1 1 1
610 7320 -0.551185278122 -0.00715592703119 0.0138756767809 0.787437092908 1 1 1 1 1 1 1 1 1 1 1 1 1 1 1
611 7332 -0.555635097803 -0.00284447530107 0.00704226920998 0.790959222771 1 1 1 1 1 1 1 1 1 1 1 1 1 1 1
612 7344 -0.557393879942 -0.000514925127604 0.0131984233577 0.799588945287 1 1 1 1 1 1 1 1 1 1 1 1 1 1 1
613 7356 -0.5589398812 -0.00713940333559 0.000673206102685 0.800448313883 1 1 1 1 1 1 1 1 1 1 1 1 1 1 1
614 7368 -0.565394577595 -0.0101900412974 0.000231863428806 0.801795147781 1 1 1 1 1 1 1 1 1 1 1 1 1 1 1
615 7380 -0.563469699408 -0.00153208010832 0.00675532565519 0.79447129247 1 1 1 1 1 1 1 1 1 1 1 1 1 1 1
616 7392 -0.558515638648 -0.0108326695685 0.00213866613658 0.789487801283 1 1 1 1 1 1 1 1 1 1 1 1 1 1 1
617 7404 -0.563894971486 -0.0106306549404 0.00267471850131 0.797116491797 1 1 1 1 1 1 1 1 1 1 1 1 1 1 1
618 7416 -0.549666319314 -0.00128247860457 0.00561162476812 0.789010619541 1 1 1 1 1 1 1 1 1 1 1 1 1 1 1
619 7428 -0.548278921417 -0.000275355610745 0.0111414014885 0.784939976128 1 1 1 1 1 1 1 1 1 1 1 1 1 1 1
620 7440 -0.547307627345 -0.00157545837387 0.00801320524545 0.776289163671 1 1 1 1 1 1 1 1 1 1 1 1 1 1 1
621 7452 -0.546734601386 -0.0073583192794 0.0011996714169 0.77805179667 1 1 1 1 1 1 1 1 1 1 1 1 1 1 1
622 7464 -0.553931322384 -0.000213539236405 0.00249441122754 0.784837610149 1 1 1 1 1 1 1 1 1 1 1 1 1 1 1
623 7476 -0.554561357672 -0.0108396883732 0.00437432048891 0.783017719402 1 1 1 1 1 1 1 1 1 1 1 1 1 1 1
624 7488 -0.563982999387 -0.0104071765152 0.00111221524511 0.781077313469 1 1 1 1 1 1 1 1 1 1 1 1 1 1 1
625 7500 -0.565201820264 -0.000660318364379 0.0208719022532 0.779859288712 1 1 1 1 1 1 1 1 1 1 1 1 1 1 1
626 7512 -0.564552082034 -0.000744549792592 0.0131529948274 0.774384743787 1 1 1 1 1 1 1 1 1 1 1 1 1 1 1
627 7524 -0.557249931525 -0.00821933882938 0.0366461679685 0.771977140243 1 1 1 1 1 1 1 1 1 1 1 1 1 1 1
628 7536 -0.554500406607 -0.00622987660716 0.0107046714811 0.768867496191 1 1 1 1 1 1 1 1 1 1 1 1 1 1 1
629 7548 -0.539247863078 -0.00515363503164 0.00714910578449 0.767277124305 1 1 1 1 1 1 1 1 1 1 1 1 1 1 1
630 7560 -0.541778639407 -0.00127504304336 0.0232369796018 0.766000216191 1 1 1 1 1 1 1 1 1 1 1 1 1 1 1
631 7572 -0.533888195437 -0.00137878209435 0.0249484349137 0.762591969524 1 1 1 1 1 1 1 1 1 1 1 1 1 1 1
632 7584 -0.542728702528 -0.0115071262325 0.0234621059059 0.766102595829 1 1 1 1 1 1 1 1 1 1 1 1 1 1 1
633 7596 -0.538822620691 -0.00800590290168 0.00472040485627 0.762312088404 1 1 1 1 1 1 1 1 1 1 1 1 1 1 1
634 7608 -0.534022431563 -0.00758033976803 0.00731712829573 0.762234970965 1 1 1 1 1 1 1 1 1 1 1 1 1 1 1
635 7620 -0.538029545368 -0.000143658425337 0.00147165067487 0.762002844157 1 1 1 1 1 1 1 1 1 1 1 1 1 1 1
636 7632 -0.543138534473 -0.00686841729167 0.001703914957 0.755576655266 1 1 1 1 1 1 1 1 1 1 1 1 1 1 1
637 7644 -0.535294771298 -0.00973465276234 5.80013181597e-05 0.755998269014 1 1 1 1 1 1 1 1 1 1 1 1 1 1 1
638 7656 -0.527890697724 -0.0124181002466 0.00632928325432 0.766258995997 1 1 1 1 1 1 1 1 1 1 1 1 1 1 1
639 7668 -0.515306605823 -0.00849078271053 0.00241581707369 0.766401309134 1 1 1 1 1 1 1 1 1 1 1 1 1 1 1
640 7680 -0.507253786325 -0.00394120626792 0.0357023828423 0.766323728998 1 1 1 1 1 1 1 1 1 1 1 1 1 1 1
641 7692 -0.523725612815 -0.0157981101375 0.0181152365695 0.767602812168 1 1 1 1 1 1 1 1 1 1 1 1 1 1 1
642 7704 -0.504974759948 -0.0204052212615 0.0252943876891 0.767511025358 1 1 1 1 1 1 1 1 1 1 1 1 1 1 1
643 7716 -0.498352713937 -0.00811461813933 0.0196799769097 0.767706374601 1 1 1 1 1 1 1 1 1 1 1 1 1 1 1
644 7728 -0.493506490566 -0.0108589415169 0.00123483097992 0.770800326596 1 1 1 1 1 1 1 1 1 1 1 1 1 1 1
645 7740 -0.492342009742 -0.00265850156861 0.00113541806663 0.773590842804 1 1 1 1 1 1 1 1 1 1 1 1 1 1 1
646 7752 -0.490458864169 -0.0010324571919 0.0168400886706 0.776498445742 1 1 1 1 1 1 1 1 1 1 1 1 1 1 1
647 7764 -0.49431148259 -0.0267611594781 0.00460262380345 0.781408332502 1 1 1 1 1 1 1 1 1 1 1 1 1 1 1
648 7776 -0.50477270796 -0.00727975836306 0.00772063822005 0.782801628194 1 1 1 1 1 1 1 1 1 1 1 1 1 1 1
649 7788 -0.507910797032 -0.00578827912772 0.00879877929818 0.783457056939 1 1 1 1 1 1 1 1 1 1 1 1 1 1 1
650 7800 -0.494546740837 -0.0028378188056 0.0029667411502 0.784564521539 1 1 1 1 1 1 1 1 1 1 1 1 1 1 1
651 7812 -0.493552862787 -0.00225454355414 0.00315422687556 0.786409587301 1 1 1 1 1 1 1 1 1 1 1 1 1 1 1
652 7824 -0.501035082508 -0.000525193091359 0.0285838087894 0.799641040325 1 1 1 1 1 1 1 1 1 1 1 1 1 1 1
653 7836 -0.508040769687 -0.00462954858977 0.00669721101261 0.798883301965 1 1 1 1 1 1 1 1 1 1 1 1 1 1 1
654 7848 -0.512708831015 -0.00812088611536 0.00719168648911 0.803479266877 1 1 1 1 1 1 1 1 1 1 1 1 1 1 1
655 7860 -0.514507783684 -0.000520259734019 0.0136081585286 0.799996093523 1 1 1 1 1 1 1 1 1 1 1 1 1 1 1
656 7872 -0.518758517383 -0.000414627923477 0.0270283677626 0.802791145214 1 1 1 1 1 1 1 1 1 1 1 1 1 1 1
657 7884 -0.524425996377 -0.0256072416577 0.00601985992129 0.808006827656 1 1 1 1 1 1 1 1 1 1 1 1 1 1 1
658 7896 -0.539700425084 -0.0165075324908 0.0157384893243 0.808854051461 1 1 1 1 1 1 1 1 1 1 1 1 1 1 1
659 7908 -0.542029649213 -0.00615967568752 0.000166004525185 0.806531786207 1 1 1 1 1 1 1 1 1 1 1 1 1 1 1
660 7920 -0.539753162327 -0.00176251946179 0.0173324201244 0.80639023697 1 1 1 1 1 1 1 1 1 1 1 1 1 1 1
661 7932 -0.526660324652 -0.0125439528802 0.0103543806885 0.810374797288 1 1 1 1 1 1 1 1 1 1 1 1 1 1 1
662 7944 -0.519920128565 -0.0221755301152 0.005262108049 0.817684699633 1 1 1 1 1 1 1 1 1 1 1 1 1 1 1
663 7956 -0.515197540754 -0.000782261122396 0.00837483765154 0.820126949126 1 1 1 1 1 1 1 1 1 1 1 1 1 1 1
664 7968 -0.514922682649 -0.00335270693567 0.0036924369392 0.817920187063 1 1 1 1 1 1 1 1 1 1 1 1 1 1 1
665 7980 -0.53700615522 -0.00154903040363 0.0118477572216 0.816909336016 1 1 1 1 1 1 1 1 1 1 1 1 1 1 1
666 7992 -0.537442691641 -0.0164335019939 0.00554227066344 0.813293606995 1 1 1 1 1 1 1 1 1 1 1 1 1 1 1
667 8004 -0.541711937564 -0.0154960008043 0.00958180728615 0.805617294006 1 1 1 1 1 1 1 1 1 1 1 1 1 1 1
668 8016 -0.529404184461 -0.00336462603461 0.00233567575871 0.791237386237 1 1 1 1 1 1 1 1 1 1 1 1 1 1 1
669 8028 -0.517695232127 -0.0132754301113 0.000335851683161 0.789914982973 1 1 1 1 1 1 1 1 1 1 1 1 1 1 1
670 8040 -0.499083933411 -0.0461267963089 0.00454685759147 0.788014853645 1 1 1 1 1 1 1 1 1 1 1 1 1 1 1
671 8052 -0.514397766917 -0.048479455167 0.00192874454863 0.78953372777 1 1 1 1 1 1 1 1 1 1 1 1 1 1 1
672 8064 -0.504463790164 -0.00375176272682 0.000429249723716 0.790180755159 1 1 1 1 1 1 1 1 1 1 1 1 1 1 1
673 8076 -0.507454452189 -0.0129178879535 0.00397340129468 0.792154091461 1 1 1 1 1 1 1 1 1 1 1 1 1 1 1
674 8088 -0.493771221584 -0.00466889644862 0.0140824987534 0.785559378542 1 1 1 1 1 1 1 1 1 1 1 1 1 1 1
675 8100 -0.480723664582 -0.00358901648893 0.00653130539409 0.777031912772 1 1 1 1 1 1 1 1 1 1 1 1 1 1 1
676 8112 -0.490889096042 -0.00497395067055 0.00359786320086 0.775058234559 1 1 1 1 1 1 1 1 1 1 1 1 1 1 1
677 8124 -0.496013365991 -0.00487031744607 0.000760169494335 0.77192606014 1 1 1 1 1 1 1 1 1 1 1 1 1 1 1
678 8136 -0.497214828527 -0.000526482346719 0.0189218032107 0.773942441941 1 1 1 1 1 1 1 1 1 1 1 1 1 1 1
679 8148 -0.485173944532 -0.00554962092934 0.00607257817717 0.770337971242 1 1 1 1 1 1 1 1 1 1 1 1 1 1 1
680 8160 -0.484710576923 -0.00402683743511 0.0153499200776 0.774882928038 1 1 1 1 1 1 1 1 1 1 1 1 1 1 1
681 8172 -0.49835658892 -1.87056944336e-05 0.000983818102395 0.775774935556 1 1 1 1 1 1 1 1 1 1 1 1 1 1 1
682 8184 -0.499384363939 -0.00993214333191 0.0121572977059 0.773716142253 1 1 1 1 1 1 1 1 1 1 1 1 1 1 1
683 8196 -0.49145345995 -0.0029966662526 0.00052632368066 0.771574939911 1 1 1 1 1 1 1 1 1 1 1 1 1 1 1
684 8208 -0.495928395883 -0.00764152410287 0.014645469499 0.769330507829 1 1 1 1 1 1 1 1 1 1 1 1 1 1 1
685 8220 -0.48911283321 -0.010275734539 0.00605396301323 0.771810902162 1 1 1 1 1 1 1 1 1 1 1 1 1 1 1
686 8232 -0.506372139964 -0.0131498451672 0.00257191231356 0.776698503557 1 1 1 1 1 1 1 1 1 1 1 1 1 1 1
687 8244 -0.529254811836 -0.0129015732501 0.00105431902347 0.775911156984 1 1 1 1 1 1 1 1 1 1 1 1 1 1 1
688 8256 -0.526537931991 -0.0177323665462 0.000797340075484 0.782718366045 1 1 1 1 1 1 1 1 1 1 1 1 1 1 1
689 8268 -0.525900222619 -0.0123829417987 0.00669021276315 0.78335163074 1 1 1 1 1 1 1 1 1 1 1 1 1 1 1
690 8280 -0.52679136863 -0.00950303040008 0.0114556229445 0.786978455627 1 1 1 1 1 1 1 1 1 1 1 1 1 1 1
691 8292 -0.524511424561 -0.0241108844502 0.0225192993607 0.783344750015 1 1 1 1 1 1 1 1 1 1 1 1 1 1 1
692 8304 -0.496328009634 -0.0100250897598 0.0137046926464 0.787285656183 1 1 1 1 1 1 1 1 1 1 1 1 1 1 1
693 8316 -0.493129319069 -0.0220314880934 0.00272508638678 0.786242528394 1 1 1 1 1 1 1 1 1 1 1 1 1 1 1
694 8328 -0.500620977596 -0.000802455387323 0.0146581889803 0.783011599138 1 1 1 1 1 1 1 1 1 1 1 1 1 1 1
695 8340 -0.50877410449 -0.00262524720674 0.0123860402694 0.782222371621 1 1 1 1 1 1 1 1 1 1 1 1 1 1 1
696 8352 -0.506184916754 -0.0014990645562 0.00626099680686 0.780342217826 1 1 1 1 1 1 1 1 1 1 1 1 1 1 1
697 8364 -0.519539363103 -0.00857231635818 0.00477555299202 0.787794747576 1 1 1 1 1 1 1 1 1 1 1 1 1 1 1
698 8376 -0.527812171458 -0.0145167305788 0.0116127633954 0.794941046315 1 1 1 1 1 1 1 1 1 1 1 1 1 1 1
699 8388 -0.549292669731 -0.00796836658275 0.000472314010711 0.785940296941 1 1 1 1 1 1 1 1 1 1 1 1 1 1 1
700 8400 -0.54243623575 -0.0100074240137 0.00632475195228 0.782095415151 1 1 1 1 1 1 1 1 1 1 1 1 1 1 1
701 8412 -0.539059523922 -0.00402196689995 0.00270153164197 0.785689826493 1 1 1 1 1 1 1 1 1 1 1 1 1 1 1
702 8424 -0.531031359256 -0.00205819031257 0.00176132953593 0.784073900465 1 1 1 1 1 1 1 1 1 1 1 1 1 1 1
703 8436 -0.52981465066 -0.00187245411832 0.00945249252678 0.77883347055 1 1 1 1 1 1 1 1 1 1 1 1 1 1 1
704 8448 -0.521373408598 -0.00208330869013 0.00843211209239 0.775433575258 1 1 1 1 1 1 1 1 1 1 1 1 1 1 1
705 8460 -0.521280833321 -0.000495515803358 0.00499643826783 0.769492729103 1 1 1 1 1 1 1 1 1 1 1 1 1 1 1
706 8472 -0.515176507455 -0.00580966181776 0.00240997901025 0.775143076334 1 1 1 1 1 1 1 1 1 1 1 1 1 1 1
707 8484 -0.523240008448 -0.00274006315996 0.00938855279513 0.77319933118 1 1 1 1 1 1 1 1 1 1 1 1 1 1 1
708 8496 -0.524477220783 -0.00236057543191 0.000131029486632 0.768785222308 1 1 1 1 1 1 1 1 1 1 1 1 1 1 1
709 8508 -0.526136606172 -0.00416608468819 0.000333960878409 0.771051556397 1 1 1 1 1 1 1 1 1 1 1 1 1 1 1
710 8520 -0.533416558968 -0.00125257341128 0.00738253341887 0.771894864059 1 1 1 1 1 1 1 1 1 1 1 1 1 1 1
711 8532 -0.527860090344 -0.000134189446322 0.0110237874446 0.773816838756 1 1 1 1 1 1 1 1 1 1 1 1 1 1 1
712 8544 -0.529442108953 -0.0038605014719 0.00225251557021 0.771585982068 1 1 1 1 1 1 1 1 1 1 1 1 1 1 1
713 8556 -0.527679806837 -0.0110801695354 0.000993147189036 0.777039864002 1 1 1 1 1 1 1 1 1 1 1 1 1 1 1
714 8568 -0.521063138348 -0.00829567332133 0.0305726051381 0.775859347692 1 1 1 1 1 1 1 1 1 1 1 1 1 1 1
715 8580 -0.510942185468 -0.00571504526545 0.0271490033591 0.781496368378 1 1 1 1 1 1 1 1 1 1 1 1 1 1 1
716 8592 -0.501843540035 -2.03401568283e-05 0.0246769224337 0.779647303398 1 1 1 1 1 1 1 1 1 1 1 1 1 1 1
717 8604 -0.504784932695 -0.00702241387961 0.00122572766368 0.767975996525 1 1 1 1 1 1 1 1 1 1 1 1 1 1 1
718 8616 -0.508937344129 -0.00512761411284 0.000329806829381 0.760244854943 1 1 1 1 1 1 1 1 1 1 1 1 1 1 1
719 8628 -0.517270821569 -0.0155313994311 0.00845601946371 0.755099672209 1 1 1 1 1 1 1 1 1 1 1 1 1 1 1
720 8640 -0.510156167929 -0.00859352025993 0.0202001083793 0.755218757217 1 1 1 1 1 1 1 1 1 1 1 1 1 1 1
721 8652 -0.51307886318 -0.0068468207843 0.0244012686961 0.743174761434 1 1 1 1 1 1 1 1 1 1 1 1 1 1 1
722 8664 -0.514761335501 -0.000388774059749 0.00978095430089 0.742067865691 1 1 1 1 1 1 1 1 1 1 1 1 1 1 1
723 8676 -0.507813450509 -0.0130366730029 0.0242704424989 0.735800268349 1 1 1 1 1 1 1 1 1 1 1 1 1 1 1
724 8688 -0.499361672148 -0.00988984104248 0.00321473036812 0.727597113652 1 1 1 1 1 1 1 1 1 1 1 1 1 1 1
725 8700 -0.481593514678 -0.00563859905172 0.00915682305845 0.719220659736 1 1 1 1 1 1 1 1 1 1 1 1 1 1 1
726 8712 -0.484422844164 -0.00138734504297 0.0026225310551 0.72113777368 1 1 1 1 1 1 1 1 1 1 1 1 1 1 1
727 8724 -0.492352918475 -0.0034695683941 0.00467934733885 0.716528138977 1 1 1 1 1 1 1 1 1 1 1 1 1 1 1
728 8736 -0.494732750076 -0.00955880028016 0.000636452591979 0.719518043667 1 1 1 1 1 1 1 1 1 1 1 1 1 1 1
729 8748 -0.479261007571 -0.0075815633764 0.00500775277056 0.723453709605 1 1 1 1 1 1 1 1 1 1 1 1 1 1 1
730 8760 -0.472352900153 -0.00603159559887 0.0100308297217 0.723661834109 1 1 1 1 1 1 1 1 1 1 1 1 1 1 1
731 8772 -0.478890670961 -0.0257510161997 0.00475858821009 0.718684158699 1 1 1 1 1 1 1 1 1 1 1 1 1 1 1
732 8784 -0.490182420796 -0.0109741819651 0.00161476858077 0.723753064765 1 1 1 1 1 1 1 1 1 1 1 1 1 1 1
733 8796 -0.496254871253 -0.00587263006342 0.00426819711134 0.71312323647 1 1 1 1 1 1 1 1 1 1 1 1 1 1 1
734 8808 -0.498346385118 -0.0153044408373 0.00893981325904 0.700703296876 1 1 1 1 1 1 1 1 1 1 1 1 1 1 1
735 8820 -0.494058549469 -3.69081028124e-05 0.0140599840531 0.696487026208 1 1 1 1 1 1 1 1 1 1 1 1 1 1 1
736 8832 -0.494076793952 -0.00735305046519 0.00632061480696 0.697240913687 1 1 1 1 1 1 1 1 1 1 1 1 1 1 1
737 8844 -0.499556004559 -0.00996272044777 0.00122452970244 0.696295161266 1 1 1 1 1 1 1 1 1 1 1 1 1 1 1
738 8856 -0.494302034585 -1.10452961154e-05 0.000388926523439 0.700756932046 1 1 1 1 1 1 1 1 1 1 1 1 1 1 1
739 8868 -0.494243602821 -0.00776999852746 0.012993687149 0.705015293367 1 1 1 1 1 1 1 1 1 1 1 1 1 1 1
740 8880 -0.485578868443 -0.00176026145545 0.00805789855288 0.683672275447 1 1 1 1 1 1 1 1 1 1 1 1 1 1 1
741 8892 -0.47687527018 -0.00927867965933 0.00013558000638 0.690592560773 1 1 1 1 1 1 1 1 1 1 1 1 1 1 1
742 8904 -0.466335452158 -0.00225490273231 0.00680718475171 0.681066370914 1 1 1 1 1 1 1 1 1 1 1 1 1 1 1
743 8916 -0.495016208542 -0.00706483485069 0.00663258571515 0.684093036673 1 1 1 1 1 1 1 1 1 1 1 1 1 1 1
744 8928 -0.502951744548 -0.00362557657394 0.020727814285 0.668488200562 1 1 1 1 1 1 1 1 1 1 1 1 1 1 1
745 8940 -0.492480420782 -0.00471799849358 0.00795812034942 0.660222751016 1 1 1 1 1 1 1 1 1 1 1 1 1 1 1
746 8952 -0.519453783727 -0.0165450982723 0.0114793727877 0.64643701409 1 1 1 1 1 1 1 1 1 1 1 1 1 1 1
747 8964 -0.521660183678 -0.0156400340878 0.00814389017231 0.64466906758 1 1 1 1 1 1 1 1 1 1 1 1 1 1 1
748 8976 -0.52603651406 -0.00328601571387 0.000795220595825 0.638533275865 1 1 1 1 1 1 1 1 1 1 1 1 1 1 1
749 8988 -0.526283011735 -0.00761049600312 0.0199831135029 0.635916322036 1 1 1 1 1 1 1 1 1 1 1 1 1 1 1
750 9000 -0.547143124054 -0.0157686893241 0.0259134101236 0.634711291647 1 1 1 1 1 1 1 1 1 1 1 1 1 1 1
751 9012 -0.541677728636 -0.00766308911984 0.00780862571862 0.626597609949 1 1 1 1 1 1 1 1 1 1 1 1 1 1 1
752 9024 -0.548548101435 -0.00635538351874 0.00360771591031 0.630293436565 1 1 1 1 1 1 1 1 1 1 1 1 1 1 1
753 9036 -0.544062127759 -0.00848041742697 0.012505207585 0.625476836579 1 1 1 1 1 1 1 1 1 1 1 1 1 1 1
754 9048 -0.540421939473 -0.0128125691869 0.0130760645715 0.618784609054 1 1 1 1 1 1 1 1 1 1 1 1 1 1 1
755 9060 -0.541486508148 -0.0194477787696 0.00365382154558 0.621524929578 1 1 1 1 1 1 1 1 1 1 1 1 1 1 1
756 9072 -0.539148966179 -0.00426203091072 0.00126399758402 0.618486860457 1 1 1 1 1 1 1 1 1 1 1 1 1 1 1
757 9084 -0.541347443997 -3.69656621148e-05 0.000786254114889 0.619319011154 1 1 1 1 1 1 1 1 1 1 1 1 1 1 1
758 9096 -0.545630800103 -0.00967137860373 0.00105797170108 0.613419992345 1 1 1 1 1 1 1 1 1 1 1 1 1 1 1
759 9108 -0.551224863531 -0.00645414726876 0.0117606435559 0.620870812564 1 1 1 1 1 1 1 1 1 1 1 1 1 1 1
760 9120 -0.544384283015 -0.00798313300772 0.00238185198969 0.621685340415 1 1 1 1 1 1 1 1 1 1 1 1 1 1 1
761 9132 -0.548313556887 -0.00545054342231 0.00125160208117 0.623349053756 1 1 1 1 1 1 1 1 1 1 1 1 1 1 1
762 9144 -0.53971634359 -0.00233407725669 0.00279052317868 0.625825284688 1 1 1 1 1 1 1 1 1 1 1 1 1 1 1
763 9156 -0.519610386527 -0.00395163834173 0.00339490613859 0.643389762115 1 1 1 1 1 1 1 1 1 1 1 1 1 1 1
764 9168 -0.501972343167 -0.00167933597297 0.0130592446761 0.64656291483 1 1 1 1 1 1 1 1 1 1 1 1 1 1 1
765 9180 -0.512770226816 -0.00874951154847 0.0134604558733 0.634621856335 1 1 1 1 1 1 1 1 1 1 1 1 1 1 1
766 9192 -0.49316618834 -0.000675480782981 0.0189318716781 0.627740823481 1 1 1 1 1 1 1 1 1 1 1 1 1 1 1
767 9204 -0.498127788135 -0.0117399499056 0.00999825518071 0.628914636865 1 1 1 1 1 1 1 1 1 1 1 1 1 1 1
768 9216 -0.500390290083 -0.0127299645434 0.0191675304221 0.640947394361 1 1 1 1 1 1 1 1 1 1 1 1 1 1 1
769 9228 -0.5032652528 -0.0126962869079 0.0160525307938 0.644836966099 1 1 1 1 1 1 1 1 1 1 1 1 1 1 1
770 9240 -0.517241446176 -0.00177405431684 0.000539602223828 0.631395564143 1 1 1 1 1 1 1 1 1 1 1 1 1 1 1
771 9252 -0.500427739998 -0.00528483889178 0.00167096528274 0.624343954553 1 1 1 1 1 1 1 1 1 1 1 1 1 1 1
772 9264 -0.502730176709 -0.00569548104997 0.002318299523 0.627625305701 1 1 1 1 1 1 1 1 1 1 1 1 1 1 1
773 9276 -0.494002765888 -0.00928318194762 0.00333953771126 0.63652856571 1 1 1 1 1 1 1 1 1 1 1 1 1 1 1
774 9288 -0.488423803786 -0.00156667947834 0.00188927692204 0.620946129143 1 1 1 1 1 1 1 1 1 1 1 1 1 1 1
775 9300 -0.47577166206 -0.00538100415688 0.00139483150943 0.608819773543 1 1 1 1 1 1 1 1 1 1 1 1 1 1 1
776 9312 -0.487791406922 -0.00139574605798 0.0122273227093 0.616683310892 1 1 1 1 1 1 1 1 1 1 1 1 1 1 1
777 9324 -0.487157759346 -0.00687219676117 0.023351366111 0.627335275736 1 1 1 1 1 1 1 1 1 1 1 1 1 1 1
778 9336 -0.485332822469 -0.00198976799959 0.0192811740088 0.633318826942 1 1 1 1 1 1 1 1 1 1 1 1 1 1 1
779 9348 -0.481650010723 -0.00964900727303 0.00281722683929 0.631446173642 1 1 1 1 1 1 1 1 1 1 1 1 1 1 1
780 9360 -0.489108103828 -0.000138312149939 0.00515708836534 0.642318245063 1 1 1 1 1 1 1 1 1 1 1 1 1 1 1
781 9372 -0.507986777005 -0.0126761818391 0.00487069125694 0.645700851764 1 1 1 1 1 1 1 1 1 1 1 1 1 1 1
782 9384 -0.503402878085 -0.00816757125748 0.00606982835564 0.648856546494 1 1 1 1 1 1 1 1 1 1 1 1 1 1 1
783 9396 -0.50912991284 -0.00993436934542 0.0126793477594 0.649903463124 1 1 1 1 1 1 1 1 1 1 1 1 1 1 1
784 9408 -0.504501109941 -0.011775633905 0.0163119258654 0.647083706609 1 1 1 1 1 1 1 1 1 1 1 1 1 1 1
785 9420 -0.501633636523 -0.000213289252171 0.00170628396832 0.650056889348 1 1 1 1 1 1 1 1 1 1 1 1 1 1 1
786 9432 -0.493643184262 -0.0123995291878 0.00663660733334 0.657456486447 1 1 1 1 1 1 1 1 1 1 1 1 1 1 1
787 9444 -0.511835776544 -0.000204196635256 0.00492428060653 0.656364393835 1 1 1 1 1 1 1 1 1 1 1 1 1 1 1
788 9456 -0.519238047305 -0.000720794583682 0.00238869563113 0.652738085184 1 1 1 1 1 1 1 1 1 1 1 1 1 1 1
789 9468 -0.517009316341 -0.0059569361484 0.00396495899183 0.647853956765 1 1 1 1 1 1 1 1 1 1 1 1 1 1 1
790 9480 -0.512496561473 -0.00154590141696 0.00793914316292 0.64349543742 1 1 1 1 1 1 1 1 1 1 1 1 1 1 1
791 9492 -0.483330948323 -0.00640778992337 0.00483440412978 0.650750812946 1 1 1 1 1 1 1 1 1 1 1 1 1 1 1
792 9504 -0.483052366625 -0.0247115514124 0.00499511930512 0.646911685795 1 1 1 1 1 1 1 1 1 1 1 1 1 1 1
793 9516 -0.501391926969 -0.00655569140906 0.00575149208418 0.647905220643 1 1 1 1 1 1 1 1 1 1 1 1 1 1 1
794 9528 -0.513581126846 -0.00289076765708 0.00985571582279 0.64770663044 1 1 1 1 1 1 1 1 1 1 1 1 1 1 1
795 9540 -0.531790660147 -0.00130546787596 0.00779654537173 0.646703378918 1 1 1 1 1 1 1 1 1 1 1 1 1 1 1
796 9552 -0.53806159083 -0.0103116544067 0.014451426033 0.647831953389 1 1 1 1 1 1 1 1 1 1 1 1 1 1 1
797 9564 -0.536136272837 -0.0209847685961 0.00376862205631 0.650683054613 1 1 1 1 1 1 1 1 1 1 1 1 1 1 1
798 9576 -0.525283444168 -0.00341765449989 0.00896338774963 0.647021920354 1 1 1 1 1 1 1 1 1 1 1 1 1 1 1
799 9588 -0.507166334871 -0.00186728693761 0.0017573983509 0.661117191545 1 1 1 1 1 1 1 1 1 1 1 1 1 1 1
800 9600 -0.497781848235 -0.00259099404507 0.00068514242207 0.662960688559 1 1 1 1 1 1 1 1 1 1 1 1 1 1 1
801 9612 -0.461798066354 -0.00607275360895 0.00849323842504 0.656485277171 1 1 1 1 1 1 1 1 1 1 1 1 1 1 1
802 9624 -0.473038029067 -0.000638244021414 0.00897174846616 0.656325195312 1 1 1 1 1 1 1 1 1 1 1 1 1 1 1
803 9636 -0.486260727069 -0.0199772216341 0.00909617272557 0.657136883468 1 1 1 1 1 1 1 1 1 1 1 1 1 1 1
804 9648 -0.47267874826 -0.00368649561968 0.00176855371871 0.647473954776 1 1 1 1 1 1 1 1 1 1 1 1 1 1 1
805 9660 -0.488925628999 -0.00606830108817 0.00124197712574 0.652794845344 1 1 1 1 1 1 1 1 1 1 1 1 1 1 1
806 9672 -0.489869120017 -0.0259751015333 0.0153071446938 0.654103398622 1 1 1 1 1 1 1 1 1 1 1 1 1 1 1
807 9684 -0.495348206156 -0.0179242792202 0.0216313113218 0.661229875676 1 1 1 1 1 1 1 1 1 1 1 1 1 1 1
808 9696 -0.494524245961 -0.0142101962293 0.00841784880811 0.65064884638 1 1 1 1 1 1 1 1 1 1 1 1 1 1 1
809 9708 -0.488511050119 -0.0126357186644 0.0103692359487 0.639921388412 1 1 1 1 1 1 1 1 1 1 1 1 1 1 1
810 9720 -0.490419567919 -0.00627589364896 0.00459919850951 0.64497322337 1 1 1 1 1 1 1 1 1 1 1 1 1 1 1
