% # columns="iteration, evaluation, min max(neg(.)) min(pos(.)) max correlation, correlation matrix principle axes lengths  (sorted square roots of eigenvalues of correlation matrix)", seed=8, Wed Jan 31 17:32:22 2018
1 12 -0.0341931546969 -0.000673851939712 2.50104274237e-05 0.0398110634955 1 1 1 1 1 1 1 1 1 1 1 1 1 1 1 1 1
2 24 -0.0489237525855 -0.000529352782043 0.000199312591124 0.0488676295995 1 1 1 1 1 1 1 1 1 1 1 1 1 1 1 1 1
3 36 -0.0690985301481 -0.000345844993816 7.69701081397e-05 0.0695740917175 1 1 1 1 1 1 1 1 1 1 1 1 1 1 1 1 1
4 48 -0.0668541293911 -0.00011949030539 0.000330915526552 0.08198412134 1 1 1 1 1 1 1 1 1 1 1 1 1 1 1 1 1
5 60 -0.0961593650747 -5.16846073744e-05 0.000596411313549 0.109486912918 1 1 1 1 1 1 1 1 1 1 1 1 1 1 1 1 1
6 72 -0.10736390984 -5.80244936104e-05 0.000427601749294 0.132454276068 1 1 1 1 1 1 1 1 1 1 1 1 1 1 1 1 1
7 84 -0.101326509503 -0.00199636921591 0.000164539690081 0.127526541409 1 1 1 1 1 1 1 1 1 1 1 1 1 1 1 1 1
8 96 -0.10603691177 -0.000339419543346 0.00011574442695 0.136714950651 1 1 1 1 1 1 1 1 1 1 1 1 1 1 1 1 1
9 108 -0.121596685333 -7.78147284295e-05 0.00108542582545 0.149035387977 1 1 1 1 1 1 1 1 1 1 1 1 1 1 1 1 1
10 120 -0.134083143748 -0.000684785788101 0.000292614834063 0.149523204824 1 1 1 1 1 1 1 1 1 1 1 1 1 1 1 1 1
11 132 -0.136049272741 -0.000777300227182 0.000127928908296 0.143026921708 1 1 1 1 1 1 1 1 1 1 1 1 1 1 1 1 1
12 144 -0.14790326511 -0.00176064507128 0.0014605926977 0.131275785214 1 1 1 1 1 1 1 1 1 1 1 1 1 1 1 1 1
13 156 -0.146584968472 -0.00133608698479 4.18582834678e-05 0.133145654322 1 1 1 1 1 1 1 1 1 1 1 1 1 1 1 1 1
14 168 -0.139721722354 -0.000184253022646 0.000691290148706 0.122112007809 1 1 1 1 1 1 1 1 1 1 1 1 1 1 1 1 1
15 180 -0.14339796078 -0.000503527644784 0.000679064762681 0.114204187504 1 1 1 1 1 1 1 1 1 1 1 1 1 1 1 1 1
16 192 -0.151485258923 -0.000539660203845 0.000114369717133 0.12965159073 1 1 1 1 1 1 1 1 1 1 1 1 1 1 1 1 1
17 204 -0.16010167385 -0.000972672137419 0.00201301700638 0.135618465251 1 1 1 1 1 1 1 1 1 1 1 1 1 1 1 1 1
18 216 -0.159078074163 -0.00042783476913 0.00109478951272 0.14928905995 1 1 1 1 1 1 1 1 1 1 1 1 1 1 1 1 1
19 228 -0.168659935519 -0.000112998762473 0.00201245341972 0.148592135458 1 1 1 1 1 1 1 1 1 1 1 1 1 1 1 1 1
20 240 -0.156964274001 -0.000824300241181 2.2959679948e-05 0.138888951717 1 1 1 1 1 1 1 1 1 1 1 1 1 1 1 1 1
21 252 -0.167459915865 -0.000302246184527 0.000652575715996 0.135146661942 1 1 1 1 1 1 1 1 1 1 1 1 1 1 1 1 1
22 264 -0.169973727451 -0.00114987616138 0.00614722632508 0.140172033636 1 1 1 1 1 1 1 1 1 1 1 1 1 1 1 1 1
23 276 -0.175024703632 -0.00012239314699 0.00201081005139 0.142430655539 1 1 1 1 1 1 1 1 1 1 1 1 1 1 1 1 1
24 288 -0.194592887466 -0.000240558839801 0.00414641086064 0.171069649369 1 1 1 1 1 1 1 1 1 1 1 1 1 1 1 1 1
25 300 -0.200466940807 -0.00054468252229 0.000510590075067 0.219213848083 1 1 1 1 1 1 1 1 1 1 1 1 1 1 1 1 1
26 312 -0.203445616396 -0.000542709116026 0.000743050504827 0.231545645163 1 1 1 1 1 1 1 1 1 1 1 1 1 1 1 1 1
27 324 -0.201876661097 -0.00306118568915 0.00127770805005 0.227026952253 1 1 1 1 1 1 1 1 1 1 1 1 1 1 1 1 1
28 336 -0.200443282707 -0.000303692932633 0.00196231100748 0.22010223808 1 1 1 1 1 1 1 1 1 1 1 1 1 1 1 1 1
29 348 -0.185350393565 -0.0018818913249 0.00131226689139 0.2191175745 1 1 1 1 1 1 1 1 1 1 1 1 1 1 1 1 1
30 360 -0.175782209221 -0.00294800940929 0.000886255105696 0.22388472218 1 1 1 1 1 1 1 1 1 1 1 1 1 1 1 1 1
31 372 -0.186470324646 -0.000997992783101 0.00279564239993 0.227874682842 1 1 1 1 1 1 1 1 1 1 1 1 1 1 1 1 1
32 384 -0.171863744513 -0.00146114904461 0.000384717620396 0.237109892065 1 1 1 1 1 1 1 1 1 1 1 1 1 1 1 1 1
33 396 -0.176384500333 -1.01310221304e-05 0.000522580191489 0.239690006502 1 1 1 1 1 1 1 1 1 1 1 1 1 1 1 1 1
34 408 -0.186176364227 -8.36742795232e-05 0.00187105979281 0.253144430113 1 1 1 1 1 1 1 1 1 1 1 1 1 1 1 1 1
35 420 -0.18624538432 -0.000676797578422 0.000953657465812 0.256036654703 1 1 1 1 1 1 1 1 1 1 1 1 1 1 1 1 1
36 432 -0.179589068343 -0.00103292854672 0.00187838679219 0.258883678936 1 1 1 1 1 1 1 1 1 1 1 1 1 1 1 1 1
37 444 -0.176204354989 -9.82776424028e-05 5.31408069391e-05 0.259886987479 1 1 1 1 1 1 1 1 1 1 1 1 1 1 1 1 1
38 456 -0.178793839255 -0.00217986890994 0.00140896670571 0.242710668318 1 1 1 1 1 1 1 1 1 1 1 1 1 1 1 1 1
39 468 -0.17487671157 -4.23864755698e-05 0.000342023005421 0.25592286144 1 1 1 1 1 1 1 1 1 1 1 1 1 1 1 1 1
40 480 -0.180103859824 -0.00245183596474 0.00193355277173 0.254710086957 1 1 1 1 1 1 1 1 1 1 1 1 1 1 1 1 1
41 492 -0.188806773071 -0.000448785257277 0.000219497056902 0.251540381235 1 1 1 1 1 1 1 1 1 1 1 1 1 1 1 1 1
42 504 -0.199207108876 -0.000657785240944 0.00136230968907 0.23652167848 1 1 1 1 1 1 1 1 1 1 1 1 1 1 1 1 1
43 516 -0.200448619058 -0.0012727990231 0.001941252116 0.230998092431 1 1 1 1 1 1 1 1 1 1 1 1 1 1 1 1 1
44 528 -0.237569330259 -0.000632811114868 0.000164406263633 0.240581251017 1 1 1 1 1 1 1 1 1 1 1 1 1 1 1 1 1
45 540 -0.229506871617 -0.00117570492623 1.2723202954e-05 0.238553811847 1 1 1 1 1 1 1 1 1 1 1 1 1 1 1 1 1
46 552 -0.214029011218 -0.00259330672625 0.000391679596537 0.245135025555 1 1 1 1 1 1 1 1 1 1 1 1 1 1 1 1 1
47 564 -0.210856189817 -0.00106430162296 0.000520059403693 0.254787920761 1 1 1 1 1 1 1 1 1 1 1 1 1 1 1 1 1
48 576 -0.200968664371 -0.00215883810233 0.00407447357528 0.261642547465 1 1 1 1 1 1 1 1 1 1 1 1 1 1 1 1 1
49 588 -0.20434830963 -0.00380935151616 0.00291500673957 0.233289411791 1 1 1 1 1 1 1 1 1 1 1 1 1 1 1 1 1
50 600 -0.225207465709 -0.00171240775289 0.00150949800986 0.224468911602 1 1 1 1 1 1 1 1 1 1 1 1 1 1 1 1 1
51 612 -0.249726101366 -0.00102444256937 0.00644156216863 0.226295614824 1 1 1 1 1 1 1 1 1 1 1 1 1 1 1 1 1
52 624 -0.24669442264 -0.000571160003736 0.00209064857324 0.224158735014 1 1 1 1 1 1 1 1 1 1 1 1 1 1 1 1 1
53 636 -0.261357759829 -0.00181275034735 0.000451190623729 0.235208523391 1 1 1 1 1 1 1 1 1 1 1 1 1 1 1 1 1
54 648 -0.249528997399 -0.00463691774525 0.000280273386035 0.247834785937 1 1 1 1 1 1 1 1 1 1 1 1 1 1 1 1 1
55 660 -0.254646099937 -0.00169410753815 0.00245801307251 0.255500689014 1 1 1 1 1 1 1 1 1 1 1 1 1 1 1 1 1
56 672 -0.260491994106 -0.0016203238401 0.00142273711769 0.248726191441 1 1 1 1 1 1 1 1 1 1 1 1 1 1 1 1 1
57 684 -0.252668586372 -0.00551898486729 0.00168079393364 0.253592672571 1 1 1 1 1 1 1 1 1 1 1 1 1 1 1 1 1
58 696 -0.257105924098 -0.00681960143284 0.00121779646648 0.247636692501 1 1 1 1 1 1 1 1 1 1 1 1 1 1 1 1 1
59 708 -0.251986787761 -0.000832221640413 0.000988465445769 0.241216076964 1 1 1 1 1 1 1 1 1 1 1 1 1 1 1 1 1
60 720 -0.2444831218 -0.000547040690188 0.000175421697247 0.255952867301 1 1 1 1 1 1 1 1 1 1 1 1 1 1 1 1 1
61 732 -0.25586336476 -0.00319785220317 0.00476350593283 0.256348518261 1 1 1 1 1 1 1 1 1 1 1 1 1 1 1 1 1
62 744 -0.252855929457 -0.000621466078005 0.000829704814877 0.260806999235 1 1 1 1 1 1 1 1 1 1 1 1 1 1 1 1 1
63 756 -0.251441940916 -0.00284947184883 0.00246238038043 0.252282748334 1 1 1 1 1 1 1 1 1 1 1 1 1 1 1 1 1
64 768 -0.263647813976 -0.00277385815404 0.00431545950056 0.246736887366 1 1 1 1 1 1 1 1 1 1 1 1 1 1 1 1 1
65 780 -0.255594396795 -0.000810423709328 0.00163752974417 0.248863852976 1 1 1 1 1 1 1 1 1 1 1 1 1 1 1 1 1
66 792 -0.273159787762 -0.00165641505865 0.00241590997284 0.28760813979 1 1 1 1 1 1 1 1 1 1 1 1 1 1 1 1 1
67 804 -0.295251413323 -0.00489782591178 0.00189231807092 0.294943502997 1 1 1 1 1 1 1 1 1 1 1 1 1 1 1 1 1
68 816 -0.313955735284 -0.000545875607703 0.000414193454805 0.320312116487 1 1 1 1 1 1 1 1 1 1 1 1 1 1 1 1 1
69 828 -0.309173396326 -0.000806340141539 0.0017223892065 0.327127747546 1 1 1 1 1 1 1 1 1 1 1 1 1 1 1 1 1
70 840 -0.310469440849 -0.000744631690992 0.00161043084107 0.323558135089 1 1 1 1 1 1 1 1 1 1 1 1 1 1 1 1 1
71 852 -0.30717284929 -0.00178539455421 0.00238232849208 0.304512227153 1 1 1 1 1 1 1 1 1 1 1 1 1 1 1 1 1
72 864 -0.31592576327 -4.30507514061e-05 0.000448741595496 0.311597599973 1 1 1 1 1 1 1 1 1 1 1 1 1 1 1 1 1
73 876 -0.317089960181 -0.0003489326407 0.00215183810191 0.323014998669 1 1 1 1 1 1 1 1 1 1 1 1 1 1 1 1 1
74 888 -0.323574697188 -0.00441154189539 0.00558800578353 0.33022217477 1 1 1 1 1 1 1 1 1 1 1 1 1 1 1 1 1
75 900 -0.325222219346 -0.000396052805725 0.000307940967269 0.33090461543 1 1 1 1 1 1 1 1 1 1 1 1 1 1 1 1 1
76 912 -0.312379633742 -0.000169744874496 0.000683791389408 0.332487746217 1 1 1 1 1 1 1 1 1 1 1 1 1 1 1 1 1
77 924 -0.318377549999 -0.00320203961355 0.00258612819589 0.326618189971 1 1 1 1 1 1 1 1 1 1 1 1 1 1 1 1 1
78 936 -0.34878862448 -0.000311082179401 0.00533384988679 0.306490129794 1 1 1 1 1 1 1 1 1 1 1 1 1 1 1 1 1
79 948 -0.356054529763 -0.00264351402394 0.00303642626887 0.316481012702 1 1 1 1 1 1 1 1 1 1 1 1 1 1 1 1 1
80 960 -0.373714222465 -0.00282184370909 0.002131017167 0.323120818689 1 1 1 1 1 1 1 1 1 1 1 1 1 1 1 1 1
81 972 -0.38167442521 -0.00748710027427 0.000857503468124 0.318696865004 1 1 1 1 1 1 1 1 1 1 1 1 1 1 1 1 1
82 984 -0.406171378336 -0.00313576004809 0.00136457835773 0.320093424074 1 1 1 1 1 1 1 1 1 1 1 1 1 1 1 1 1
83 996 -0.415091421411 -0.000247060835287 0.00267601260393 0.311156656958 1 1 1 1 1 1 1 1 1 1 1 1 1 1 1 1 1
84 1008 -0.421886358301 -0.000779243704723 0.0141492622486 0.31069076116 1 1 1 1 1 1 1 1 1 1 1 1 1 1 1 1 1
85 1020 -0.4169048558 -0.00468441838256 0.00117500825588 0.301778275059 1 1 1 1 1 1 1 1 1 1 1 1 1 1 1 1 1
86 1032 -0.410547994735 -0.00215087095662 0.0022682624603 0.315241515821 1 1 1 1 1 1 1 1 1 1 1 1 1 1 1 1 1
87 1044 -0.405350220524 -0.0012105263395 0.000547665400645 0.317601776089 1 1 1 1 1 1 1 1 1 1 1 1 1 1 1 1 1
88 1056 -0.396438208714 -0.0011472500264 0.0127600103417 0.326783709403 1 1 1 1 1 1 1 1 1 1 1 1 1 1 1 1 1
89 1068 -0.39336348816 -0.00314540565405 0.000140421317349 0.312883909145 1 1 1 1 1 1 1 1 1 1 1 1 1 1 1 1 1
90 1080 -0.405989519615 -0.00744664202357 0.00276494951386 0.326163747489 1 1 1 1 1 1 1 1 1 1 1 1 1 1 1 1 1
91 1092 -0.407031296704 -0.000420845594773 0.00522020515361 0.319471312426 1 1 1 1 1 1 1 1 1 1 1 1 1 1 1 1 1
92 1104 -0.415207064958 -0.0196032806969 0.00382339256461 0.336902712766 1 1 1 1 1 1 1 1 1 1 1 1 1 1 1 1 1
93 1116 -0.405018550576 -0.00264927862119 0.00233290599203 0.343883588193 1 1 1 1 1 1 1 1 1 1 1 1 1 1 1 1 1
94 1128 -0.409373796955 -0.000626226708236 0.000330785468669 0.335303999124 1 1 1 1 1 1 1 1 1 1 1 1 1 1 1 1 1
95 1140 -0.405128048407 -0.00820065371433 0.000400147926895 0.343370855326 1 1 1 1 1 1 1 1 1 1 1 1 1 1 1 1 1
96 1152 -0.409907796681 -0.00121372464923 0.00845112381776 0.335809419262 1 1 1 1 1 1 1 1 1 1 1 1 1 1 1 1 1
97 1164 -0.409703528415 -0.00660927003016 4.30513554521e-05 0.322800633293 1 1 1 1 1 1 1 1 1 1 1 1 1 1 1 1 1
98 1176 -0.41440897341 -0.000220211637766 0.00523074713889 0.327727406277 1 1 1 1 1 1 1 1 1 1 1 1 1 1 1 1 1
99 1188 -0.42546289533 -0.00955015705509 0.000389527310725 0.337157743054 1 1 1 1 1 1 1 1 1 1 1 1 1 1 1 1 1
100 1200 -0.419300209424 -0.000592244459081 0.00044639482367 0.317886738487 1 1 1 1 1 1 1 1 1 1 1 1 1 1 1 1 1
101 1212 -0.418069319162 -0.000531787718301 0.00150489249007 0.318733316565 1 1 1 1 1 1 1 1 1 1 1 1 1 1 1 1 1
102 1224 -0.418723501171 -0.00429140625232 0.00395387715528 0.321736564955 1 1 1 1 1 1 1 1 1 1 1 1 1 1 1 1 1
103 1236 -0.422106609434 -0.0047675037638 0.00436853830271 0.331954081412 1 1 1 1 1 1 1 1 1 1 1 1 1 1 1 1 1
104 1248 -0.413500185902 -0.00272403270407 0.000230643068098 0.333287726624 1 1 1 1 1 1 1 1 1 1 1 1 1 1 1 1 1
105 1260 -0.414594463651 -0.00387757340535 0.00115520826351 0.346035836293 1 1 1 1 1 1 1 1 1 1 1 1 1 1 1 1 1
106 1272 -0.417481915322 -0.00086848700817 0.00192288930931 0.341930450133 1 1 1 1 1 1 1 1 1 1 1 1 1 1 1 1 1
107 1284 -0.412416659743 -0.00346695151554 0.00199682977294 0.332139017293 1 1 1 1 1 1 1 1 1 1 1 1 1 1 1 1 1
108 1296 -0.409900191552 -0.00934570391197 0.00401068759449 0.31753373631 1 1 1 1 1 1 1 1 1 1 1 1 1 1 1 1 1
109 1308 -0.41534743574 -0.00487901452949 4.38749499216e-05 0.327465038588 1 1 1 1 1 1 1 1 1 1 1 1 1 1 1 1 1
110 1320 -0.399490422653 -0.00251760333555 0.00649899107872 0.324742858957 1 1 1 1 1 1 1 1 1 1 1 1 1 1 1 1 1
111 1332 -0.389023715854 -0.00438510486734 0.00221320350809 0.319239868483 1 1 1 1 1 1 1 1 1 1 1 1 1 1 1 1 1
112 1344 -0.375019715687 -0.000650753844329 0.00116431858177 0.319642083564 1 1 1 1 1 1 1 1 1 1 1 1 1 1 1 1 1
113 1356 -0.360584174089 -0.00334937915033 0.00235186122674 0.325636434037 1 1 1 1 1 1 1 1 1 1 1 1 1 1 1 1 1
114 1368 -0.365441731873 -0.0015167135523 0.00532111982234 0.339326284199 1 1 1 1 1 1 1 1 1 1 1 1 1 1 1 1 1
115 1380 -0.364318003766 -0.00105331132381 0.00194267586477 0.34824589833 1 1 1 1 1 1 1 1 1 1 1 1 1 1 1 1 1
116 1392 -0.353961434203 -0.0056615371362 0.000357030914003 0.352327132585 1 1 1 1 1 1 1 1 1 1 1 1 1 1 1 1 1
117 1404 -0.353937298525 -0.00160586791087 0.00140849891991 0.343489703192 1 1 1 1 1 1 1 1 1 1 1 1 1 1 1 1 1
118 1416 -0.351422592855 -0.0035130453917 1.24954838699e-05 0.339748400908 1 1 1 1 1 1 1 1 1 1 1 1 1 1 1 1 1
119 1428 -0.35860298997 -0.000511743780023 0.00223435145251 0.338257411648 1 1 1 1 1 1 1 1 1 1 1 1 1 1 1 1 1
120 1440 -0.366265328271 -0.00132256981006 0.00210344808605 0.350569961895 1 1 1 1 1 1 1 1 1 1 1 1 1 1 1 1 1
121 1452 -0.360055590505 -0.00194854547413 0.00193930102267 0.373830791998 1 1 1 1 1 1 1 1 1 1 1 1 1 1 1 1 1
122 1464 -0.360777636542 -0.00810882963181 0.00126381814758 0.369448030061 1 1 1 1 1 1 1 1 1 1 1 1 1 1 1 1 1
123 1476 -0.365277500932 -0.000397683025068 0.00230118279866 0.386293284681 1 1 1 1 1 1 1 1 1 1 1 1 1 1 1 1 1
124 1488 -0.374314567663 -0.00408477287078 0.000214431257996 0.384439052579 1 1 1 1 1 1 1 1 1 1 1 1 1 1 1 1 1
125 1500 -0.385487046512 -0.000999584266965 0.00369817136831 0.389790858605 1 1 1 1 1 1 1 1 1 1 1 1 1 1 1 1 1
126 1512 -0.40481871358 -0.000422144290589 0.00638412475943 0.373192355436 1 1 1 1 1 1 1 1 1 1 1 1 1 1 1 1 1
127 1524 -0.402169859285 -0.00657970126974 0.00146875578204 0.363245106952 1 1 1 1 1 1 1 1 1 1 1 1 1 1 1 1 1
128 1536 -0.412799060321 -0.00210819163785 0.00450620777014 0.360829944187 1 1 1 1 1 1 1 1 1 1 1 1 1 1 1 1 1
129 1548 -0.416757943228 -0.00182712935811 0.0047053231469 0.373257003228 1 1 1 1 1 1 1 1 1 1 1 1 1 1 1 1 1
130 1560 -0.411438529318 -0.00188801225151 0.000288474002933 0.374416129813 1 1 1 1 1 1 1 1 1 1 1 1 1 1 1 1 1
131 1572 -0.422307412442 -0.000737756258149 0.000993810704301 0.366723823246 1 1 1 1 1 1 1 1 1 1 1 1 1 1 1 1 1
132 1584 -0.418745805119 -0.000238351300329 0.000363677494398 0.359781541028 1 1 1 1 1 1 1 1 1 1 1 1 1 1 1 1 1
133 1596 -0.416984536031 -0.00143231325228 0.00243947166399 0.358869519783 1 1 1 1 1 1 1 1 1 1 1 1 1 1 1 1 1
134 1608 -0.41586762767 -0.000428649286033 0.00215406338412 0.349448135159 1 1 1 1 1 1 1 1 1 1 1 1 1 1 1 1 1
135 1620 -0.419634941967 -0.000473406950266 0.00500104634059 0.356876385044 1 1 1 1 1 1 1 1 1 1 1 1 1 1 1 1 1
136 1632 -0.412332564209 -0.00158375516151 0.000638931105249 0.347565525539 1 1 1 1 1 1 1 1 1 1 1 1 1 1 1 1 1
137 1644 -0.40648275221 -0.000664332408545 0.00108857772749 0.337380402333 1 1 1 1 1 1 1 1 1 1 1 1 1 1 1 1 1
138 1656 -0.408498876748 -0.00084982050524 0.0024113613261 0.351572566224 1 1 1 1 1 1 1 1 1 1 1 1 1 1 1 1 1
139 1668 -0.41710508492 -0.000564378321247 0.00264046231235 0.363801440167 1 1 1 1 1 1 1 1 1 1 1 1 1 1 1 1 1
140 1680 -0.41819598219 -4.22502164013e-05 0.00359289831517 0.369903233231 1 1 1 1 1 1 1 1 1 1 1 1 1 1 1 1 1
141 1692 -0.413136300945 -0.00149509701043 0.00730162649726 0.389613392591 1 1 1 1 1 1 1 1 1 1 1 1 1 1 1 1 1
142 1704 -0.408197838404 -0.00189479360623 0.00596204009496 0.404136583249 1 1 1 1 1 1 1 1 1 1 1 1 1 1 1 1 1
143 1716 -0.387902652982 -0.000690477955721 0.00514838880111 0.42293077736 1 1 1 1 1 1 1 1 1 1 1 1 1 1 1 1 1
144 1728 -0.398534494234 -0.0012014834363 0.000782942428202 0.435656285485 1 1 1 1 1 1 1 1 1 1 1 1 1 1 1 1 1
145 1740 -0.429831113697 -0.00176136357599 0.00102921375887 0.44493065033 1 1 1 1 1 1 1 1 1 1 1 1 1 1 1 1 1
146 1752 -0.41004848349 -0.00180966318623 0.000788761588365 0.452330089452 1 1 1 1 1 1 1 1 1 1 1 1 1 1 1 1 1
147 1764 -0.406397677169 -0.0017742868393 0.00090239239611 0.468370477594 1 1 1 1 1 1 1 1 1 1 1 1 1 1 1 1 1
148 1776 -0.418425165174 -0.00840317823834 0.00810133132013 0.468972037301 1 1 1 1 1 1 1 1 1 1 1 1 1 1 1 1 1
149 1788 -0.415492441152 -0.00132195824665 0.00188774238883 0.47172613807 1 1 1 1 1 1 1 1 1 1 1 1 1 1 1 1 1
150 1800 -0.403114332166 -0.000824654068515 0.00469753513536 0.478875898463 1 1 1 1 1 1 1 1 1 1 1 1 1 1 1 1 1
151 1812 -0.402833379262 -0.00131927180178 0.00140795857969 0.468511784093 1 1 1 1 1 1 1 1 1 1 1 1 1 1 1 1 1
152 1824 -0.398728524073 -0.00227337340364 0.00242313507831 0.46946149852 1 1 1 1 1 1 1 1 1 1 1 1 1 1 1 1 1
153 1836 -0.397876834678 -0.00169299593316 0.00191690002957 0.471512253184 1 1 1 1 1 1 1 1 1 1 1 1 1 1 1 1 1
154 1848 -0.386178886211 -0.00501859186757 0.00241391077578 0.452806494228 1 1 1 1 1 1 1 1 1 1 1 1 1 1 1 1 1
155 1860 -0.392318089623 -0.00137315233297 0.00109305474901 0.462626650115 1 1 1 1 1 1 1 1 1 1 1 1 1 1 1 1 1
156 1872 -0.392313243613 -0.00127777472901 0.00327179717224 0.466266990317 1 1 1 1 1 1 1 1 1 1 1 1 1 1 1 1 1
157 1884 -0.39318535076 -0.00891163302259 0.00212973651365 0.471767265295 1 1 1 1 1 1 1 1 1 1 1 1 1 1 1 1 1
158 1896 -0.41050326292 -0.00168082480007 0.00537920560552 0.486831356745 1 1 1 1 1 1 1 1 1 1 1 1 1 1 1 1 1
159 1908 -0.414671523764 -0.00599580780956 0.00544733623657 0.490855587859 1 1 1 1 1 1 1 1 1 1 1 1 1 1 1 1 1
160 1920 -0.414724880762 -0.00156274739854 0.0134474742442 0.487363145144 1 1 1 1 1 1 1 1 1 1 1 1 1 1 1 1 1
161 1932 -0.417363284532 -0.00257731370652 0.00798166805186 0.485413773128 1 1 1 1 1 1 1 1 1 1 1 1 1 1 1 1 1
162 1944 -0.411559585968 -0.00290977499733 0.000200059943252 0.485663575397 1 1 1 1 1 1 1 1 1 1 1 1 1 1 1 1 1
163 1956 -0.400198389608 -0.00590458962835 0.00987094936339 0.489770965579 1 1 1 1 1 1 1 1 1 1 1 1 1 1 1 1 1
164 1968 -0.398632675152 -0.00662081896691 0.00334865257525 0.499078415742 1 1 1 1 1 1 1 1 1 1 1 1 1 1 1 1 1
165 1980 -0.402368212461 -0.00492289705927 0.0156611308605 0.501591053508 1 1 1 1 1 1 1 1 1 1 1 1 1 1 1 1 1
166 1992 -0.424438433804 -0.00253058597202 6.60110082439e-05 0.505383684742 1 1 1 1 1 1 1 1 1 1 1 1 1 1 1 1 1
167 2004 -0.42762752855 -0.0116680507521 0.00266653613323 0.511964504587 1 1 1 1 1 1 1 1 1 1 1 1 1 1 1 1 1
168 2016 -0.443605979488 -0.0134550924707 0.00517175882984 0.504246462114 1 1 1 1 1 1 1 1 1 1 1 1 1 1 1 1 1
169 2028 -0.441446642846 -0.00186938803881 0.000316163966315 0.495780115981 1 1 1 1 1 1 1 1 1 1 1 1 1 1 1 1 1
170 2040 -0.43095982725 -0.00545238466608 0.00226591009591 0.505984126669 1 1 1 1 1 1 1 1 1 1 1 1 1 1 1 1 1
171 2052 -0.431302192997 -0.000911525453841 0.00474503819895 0.510614715949 1 1 1 1 1 1 1 1 1 1 1 1 1 1 1 1 1
172 2064 -0.422700943914 -0.00528941381872 0.000308165650691 0.508444009267 1 1 1 1 1 1 1 1 1 1 1 1 1 1 1 1 1
173 2076 -0.425041226528 -0.0063625142743 0.00613362511753 0.510035317963 1 1 1 1 1 1 1 1 1 1 1 1 1 1 1 1 1
174 2088 -0.434255770157 -0.00037509962019 0.00442774662224 0.515746914347 1 1 1 1 1 1 1 1 1 1 1 1 1 1 1 1 1
175 2100 -0.447303510601 -0.000796436143763 0.000302262146804 0.515782826063 1 1 1 1 1 1 1 1 1 1 1 1 1 1 1 1 1
176 2112 -0.447857792137 -0.000530505002342 0.00123422763037 0.524940942245 1 1 1 1 1 1 1 1 1 1 1 1 1 1 1 1 1
177 2124 -0.459660227124 -0.00692822053698 0.00400525989619 0.527398330626 1 1 1 1 1 1 1 1 1 1 1 1 1 1 1 1 1
178 2136 -0.471238650683 -0.00465974066177 0.00299251213293 0.533450077876 1 1 1 1 1 1 1 1 1 1 1 1 1 1 1 1 1
179 2148 -0.486705666692 -0.00582659236491 0.00182082465088 0.535553704134 1 1 1 1 1 1 1 1 1 1 1 1 1 1 1 1 1
180 2160 -0.485691082664 -0.000978329556029 0.00197218809607 0.532973367647 1 1 1 1 1 1 1 1 1 1 1 1 1 1 1 1 1
181 2172 -0.487326420746 -0.00371609477022 0.0110015086786 0.535882512133 1 1 1 1 1 1 1 1 1 1 1 1 1 1 1 1 1
182 2184 -0.475937710903 -0.0118591305967 0.00418600301471 0.536511500159 1 1 1 1 1 1 1 1 1 1 1 1 1 1 1 1 1
183 2196 -0.485090040769 -0.00091741773337 0.00640534800126 0.547876169171 1 1 1 1 1 1 1 1 1 1 1 1 1 1 1 1 1
184 2208 -0.498916490338 -0.00157152219225 0.00336336629932 0.552417283977 1 1 1 1 1 1 1 1 1 1 1 1 1 1 1 1 1
185 2220 -0.504269273979 -0.00165828889122 0.00851542335589 0.560591200393 1 1 1 1 1 1 1 1 1 1 1 1 1 1 1 1 1
186 2232 -0.508216143903 -0.000903085582601 0.0049715162294 0.566969942325 1 1 1 1 1 1 1 1 1 1 1 1 1 1 1 1 1
187 2244 -0.50709496045 -0.00150440355496 0.000689395664979 0.573884846163 1 1 1 1 1 1 1 1 1 1 1 1 1 1 1 1 1
188 2256 -0.49905300524 -0.00243011472994 0.000418168210479 0.580253574301 1 1 1 1 1 1 1 1 1 1 1 1 1 1 1 1 1
189 2268 -0.499331906473 -0.00470371143245 0.00518226998788 0.58502283058 1 1 1 1 1 1 1 1 1 1 1 1 1 1 1 1 1
190 2280 -0.495191516769 -0.00020814843486 0.000344425480477 0.572602795718 1 1 1 1 1 1 1 1 1 1 1 1 1 1 1 1 1
191 2292 -0.508148082986 -0.00163323522778 0.000634424655035 0.573737095941 1 1 1 1 1 1 1 1 1 1 1 1 1 1 1 1 1
192 2304 -0.516114187115 -7.81793193655e-05 0.00306198832839 0.559680500848 1 1 1 1 1 1 1 1 1 1 1 1 1 1 1 1 1
193 2316 -0.524526515924 -0.000629748469765 0.00252320746163 0.556222567049 1 1 1 1 1 1 1 1 1 1 1 1 1 1 1 1 1
194 2328 -0.530405213603 -0.000760987250006 0.00367817795855 0.543380214049 1 1 1 1 1 1 1 1 1 1 1 1 1 1 1 1 1
195 2340 -0.535506413608 -5.53698224879e-05 0.00113244180642 0.546830733853 1 1 1 1 1 1 1 1 1 1 1 1 1 1 1 1 1
196 2352 -0.538710391025 -0.00219542603047 0.00264475852896 0.540456228986 1 1 1 1 1 1 1 1 1 1 1 1 1 1 1 1 1
197 2364 -0.540827714725 -6.82985795739e-05 0.00325730775544 0.536850793288 1 1 1 1 1 1 1 1 1 1 1 1 1 1 1 1 1
198 2376 -0.543266636991 -0.00259900632425 0.00705891499932 0.536624740767 1 1 1 1 1 1 1 1 1 1 1 1 1 1 1 1 1
199 2388 -0.540462127302 -0.00073985974451 0.00171593053891 0.555231136842 1 1 1 1 1 1 1 1 1 1 1 1 1 1 1 1 1
200 2400 -0.541752350595 -0.00202257446923 0.000388307772663 0.543289860062 1 1 1 1 1 1 1 1 1 1 1 1 1 1 1 1 1
201 2412 -0.532149648604 -0.00193595856643 0.00347326965201 0.553686809245 1 1 1 1 1 1 1 1 1 1 1 1 1 1 1 1 1
202 2424 -0.534258336151 -0.00150821208379 0.0054210482708 0.570472053577 1 1 1 1 1 1 1 1 1 1 1 1 1 1 1 1 1
203 2436 -0.539475391933 -0.00759533894842 6.20096632634e-05 0.58385052629 1 1 1 1 1 1 1 1 1 1 1 1 1 1 1 1 1
204 2448 -0.531185981457 -0.00448397119873 0.00160361761774 0.586185260558 1 1 1 1 1 1 1 1 1 1 1 1 1 1 1 1 1
205 2460 -0.555221926375 -0.000995881754916 0.0035604534749 0.586718894657 1 1 1 1 1 1 1 1 1 1 1 1 1 1 1 1 1
206 2472 -0.570541860113 -0.00282650568028 0.00335187207622 0.572395438947 1 1 1 1 1 1 1 1 1 1 1 1 1 1 1 1 1
207 2484 -0.602381169401 -0.00223242895237 0.00379691529493 0.565428138279 1 1 1 1 1 1 1 1 1 1 1 1 1 1 1 1 1
208 2496 -0.601814898191 -0.00484299763758 0.00193903451815 0.55478169905 1 1 1 1 1 1 1 1 1 1 1 1 1 1 1 1 1
209 2508 -0.60000390653 -0.00881142520419 0.00244110608276 0.553454149008 1 1 1 1 1 1 1 1 1 1 1 1 1 1 1 1 1
210 2520 -0.599423318588 -0.00133908836393 0.00213365790519 0.558769221908 1 1 1 1 1 1 1 1 1 1 1 1 1 1 1 1 1
211 2532 -0.597693369995 -0.00421259476191 0.0128955273686 0.563308788285 1 1 1 1 1 1 1 1 1 1 1 1 1 1 1 1 1
212 2544 -0.600200614253 -0.000134959669426 0.0085835331773 0.558852912913 1 1 1 1 1 1 1 1 1 1 1 1 1 1 1 1 1
213 2556 -0.601102433633 -0.00332584090163 0.00225467624858 0.560982787167 1 1 1 1 1 1 1 1 1 1 1 1 1 1 1 1 1
214 2568 -0.59158688924 -0.000604592060153 0.000198578875152 0.579201858327 1 1 1 1 1 1 1 1 1 1 1 1 1 1 1 1 1
215 2580 -0.594089067004 -0.00122809325202 0.00294854376763 0.591933286017 1 1 1 1 1 1 1 1 1 1 1 1 1 1 1 1 1
216 2592 -0.598285043036 -0.00400583816276 0.000674013192305 0.590067486905 1 1 1 1 1 1 1 1 1 1 1 1 1 1 1 1 1
217 2604 -0.621055090286 -0.00297030162222 0.00205386431323 0.59212863259 1 1 1 1 1 1 1 1 1 1 1 1 1 1 1 1 1
218 2616 -0.622187695004 -0.00142949340765 0.000203410263147 0.590958096701 1 1 1 1 1 1 1 1 1 1 1 1 1 1 1 1 1
219 2628 -0.620239378035 -0.00339861141356 0.00147215142178 0.596022570408 1 1 1 1 1 1 1 1 1 1 1 1 1 1 1 1 1
220 2640 -0.615904477595 -0.000111165186665 0.00297891707643 0.592530290568 1 1 1 1 1 1 1 1 1 1 1 1 1 1 1 1 1
221 2652 -0.621487000692 -0.000502772739031 3.94310463433e-05 0.5910652535 1 1 1 1 1 1 1 1 1 1 1 1 1 1 1 1 1
222 2664 -0.624777998903 -0.00102086651468 0.00627383435399 0.580766917787 1 1 1 1 1 1 1 1 1 1 1 1 1 1 1 1 1
223 2676 -0.62040400039 -0.00684981643622 0.00330256742775 0.575051950403 1 1 1 1 1 1 1 1 1 1 1 1 1 1 1 1 1
224 2688 -0.6216728404 -0.00475068192936 5.38710620783e-05 0.572049388989 1 1 1 1 1 1 1 1 1 1 1 1 1 1 1 1 1
225 2700 -0.62147169528 -0.0045603194422 0.00028745520299 0.565550430294 1 1 1 1 1 1 1 1 1 1 1 1 1 1 1 1 1
226 2712 -0.614462355532 -0.000138420132851 0.00254010403359 0.567317790311 1 1 1 1 1 1 1 1 1 1 1 1 1 1 1 1 1
227 2724 -0.616728981077 -0.000449169600179 0.000394707115143 0.570678858122 1 1 1 1 1 1 1 1 1 1 1 1 1 1 1 1 1
228 2736 -0.625777356786 -0.0030711543834 0.00192426496383 0.58265689791 1 1 1 1 1 1 1 1 1 1 1 1 1 1 1 1 1
229 2748 -0.620729882617 -0.000367664297075 0.0029399820418 0.585703980215 1 1 1 1 1 1 1 1 1 1 1 1 1 1 1 1 1
230 2760 -0.61826607993 -0.00332004462847 0.00320634848027 0.589276850205 1 1 1 1 1 1 1 1 1 1 1 1 1 1 1 1 1
231 2772 -0.617472962728 -3.65273313112e-05 0.00319108919042 0.590041894107 1 1 1 1 1 1 1 1 1 1 1 1 1 1 1 1 1
232 2784 -0.604606543697 -0.000485939868212 0.0035089353394 0.591785212271 1 1 1 1 1 1 1 1 1 1 1 1 1 1 1 1 1
233 2796 -0.609374099764 -0.00211787352945 0.000427503559359 0.595280974903 1 1 1 1 1 1 1 1 1 1 1 1 1 1 1 1 1
234 2808 -0.618711635128 -0.000752886585452 0.0194924331408 0.606713775819 1 1 1 1 1 1 1 1 1 1 1 1 1 1 1 1 1
235 2820 -0.635049693988 -0.00525074799765 0.000537243159083 0.616341609269 1 1 1 1 1 1 1 1 1 1 1 1 1 1 1 1 1
236 2832 -0.638310917668 -0.00599480087262 9.63647663766e-05 0.619045087394 1 1 1 1 1 1 1 1 1 1 1 1 1 1 1 1 1
237 2844 -0.654131608056 -0.00395789131903 0.00185597070035 0.610960789074 1 1 1 1 1 1 1 1 1 1 1 1 1 1 1 1 1
238 2856 -0.65743910899 -0.000289846001862 0.00496822363118 0.616639634281 1 1 1 1 1 1 1 1 1 1 1 1 1 1 1 1 1
239 2868 -0.668377906155 -0.00239427779975 0.00551267929777 0.605542889546 1 1 1 1 1 1 1 1 1 1 1 1 1 1 1 1 1
240 2880 -0.673682016883 -0.00381747372485 0.00403906715124 0.605643618112 1 1 1 1 1 1 1 1 1 1 1 1 1 1 1 1 1
241 2892 -0.67137638674 -0.00240902673667 0.00443949027973 0.611381270069 1 1 1 1 1 1 1 1 1 1 1 1 1 1 1 1 1
242 2904 -0.675792892244 -0.00458880797682 0.00811144608223 0.612000343337 1 1 1 1 1 1 1 1 1 1 1 1 1 1 1 1 1
243 2916 -0.674249586445 -0.00669273876566 0.00768226869214 0.608451658828 1 1 1 1 1 1 1 1 1 1 1 1 1 1 1 1 1
244 2928 -0.679932625244 -0.00189350676653 0.00108693097492 0.617910027909 1 1 1 1 1 1 1 1 1 1 1 1 1 1 1 1 1
245 2940 -0.68142097521 -0.00179083127792 0.00157699243216 0.614327254507 1 1 1 1 1 1 1 1 1 1 1 1 1 1 1 1 1
246 2952 -0.674756761707 -0.00417851601222 0.000404507730939 0.617889264175 1 1 1 1 1 1 1 1 1 1 1 1 1 1 1 1 1
247 2964 -0.666514200078 -0.00061729380153 0.00224162574503 0.611637928701 1 1 1 1 1 1 1 1 1 1 1 1 1 1 1 1 1
248 2976 -0.660628392557 -0.0095705359252 0.0015129588651 0.611342415745 1 1 1 1 1 1 1 1 1 1 1 1 1 1 1 1 1
249 2988 -0.656550501984 -0.000958267046946 0.000344816401889 0.616024342981 1 1 1 1 1 1 1 1 1 1 1 1 1 1 1 1 1
250 3000 -0.65402016863 -0.000715148848028 0.000137561793912 0.621741648803 1 1 1 1 1 1 1 1 1 1 1 1 1 1 1 1 1
251 3012 -0.649267287237 -0.00310916872544 0.00481419545188 0.628041926964 1 1 1 1 1 1 1 1 1 1 1 1 1 1 1 1 1
252 3024 -0.650070350506 -0.00235768412434 0.00988537340226 0.642702042279 1 1 1 1 1 1 1 1 1 1 1 1 1 1 1 1 1
253 3036 -0.648854575402 -0.0125735847615 0.00104713867093 0.639448404322 1 1 1 1 1 1 1 1 1 1 1 1 1 1 1 1 1
254 3048 -0.653772087653 -0.00900512248974 0.00481602144904 0.651952289844 1 1 1 1 1 1 1 1 1 1 1 1 1 1 1 1 1
255 3060 -0.654969024319 -0.00203589589788 0.0104225090931 0.652567840462 1 1 1 1 1 1 1 1 1 1 1 1 1 1 1 1 1
256 3072 -0.655782779685 -0.00388428233975 0.0156574982412 0.654805776398 1 1 1 1 1 1 1 1 1 1 1 1 1 1 1 1 1
257 3084 -0.651857650805 -0.00539499070123 0.0111583988487 0.650671220496 1 1 1 1 1 1 1 1 1 1 1 1 1 1 1 1 1
258 3096 -0.644920463742 -0.010706966054 0.0143410818242 0.63508459821 1 1 1 1 1 1 1 1 1 1 1 1 1 1 1 1 1
259 3108 -0.643457937695 -0.00286846416986 0.00251522501567 0.641298260104 1 1 1 1 1 1 1 1 1 1 1 1 1 1 1 1 1
260 3120 -0.648850428955 -0.00135002899787 0.015670930967 0.638763572269 1 1 1 1 1 1 1 1 1 1 1 1 1 1 1 1 1
261 3132 -0.650391619956 -0.0115323334616 0.00228563184333 0.632835231821 1 1 1 1 1 1 1 1 1 1 1 1 1 1 1 1 1
262 3144 -0.648731577153 -0.00162635166199 0.018747957392 0.639488961174 1 1 1 1 1 1 1 1 1 1 1 1 1 1 1 1 1
263 3156 -0.651025888315 -0.00286975610748 0.0228324383774 0.646401891176 1 1 1 1 1 1 1 1 1 1 1 1 1 1 1 1 1
264 3168 -0.64572184933 -0.00197978751891 0.0105542833699 0.654807274014 1 1 1 1 1 1 1 1 1 1 1 1 1 1 1 1 1
265 3180 -0.651529883627 -0.00920779068182 0.0107336354597 0.647502531226 1 1 1 1 1 1 1 1 1 1 1 1 1 1 1 1 1
266 3192 -0.645528934765 -0.00219613172225 0.00504768926311 0.641911824942 1 1 1 1 1 1 1 1 1 1 1 1 1 1 1 1 1
267 3204 -0.63886592985 -0.011700615145 0.00359471844892 0.646295555846 1 1 1 1 1 1 1 1 1 1 1 1 1 1 1 1 1
268 3216 -0.638906046472 -0.0141652134537 0.00205102728485 0.652454238958 1 1 1 1 1 1 1 1 1 1 1 1 1 1 1 1 1
269 3228 -0.632939421434 -0.0377714357129 0.00079461719472 0.64520076066 1 1 1 1 1 1 1 1 1 1 1 1 1 1 1 1 1
270 3240 -0.61875808517 -0.00161520354836 8.82693378621e-05 0.656619101614 1 1 1 1 1 1 1 1 1 1 1 1 1 1 1 1 1
271 3252 -0.618970627316 -0.00150332356125 0.00644001584377 0.651096636841 1 1 1 1 1 1 1 1 1 1 1 1 1 1 1 1 1
272 3264 -0.608046999728 -0.000869289617884 0.00886379248957 0.642618479317 1 1 1 1 1 1 1 1 1 1 1 1 1 1 1 1 1
273 3276 -0.604655365143 -0.00669946647133 9.69697969225e-05 0.638977789917 1 1 1 1 1 1 1 1 1 1 1 1 1 1 1 1 1
274 3288 -0.602075976769 -0.00124182253208 0.000504060044272 0.647971014557 1 1 1 1 1 1 1 1 1 1 1 1 1 1 1 1 1
275 3300 -0.591679510356 -0.0104044118446 0.00304368422256 0.663833605583 1 1 1 1 1 1 1 1 1 1 1 1 1 1 1 1 1
276 3312 -0.590389525441 -0.00642258829391 0.00869971755794 0.666496287349 1 1 1 1 1 1 1 1 1 1 1 1 1 1 1 1 1
277 3324 -0.595532200318 -0.00203558770698 0.00597233905698 0.666785239887 1 1 1 1 1 1 1 1 1 1 1 1 1 1 1 1 1
278 3336 -0.592516547524 -0.00721237108346 8.98467068976e-05 0.664776485108 1 1 1 1 1 1 1 1 1 1 1 1 1 1 1 1 1
279 3348 -0.586545330676 -0.000625177927778 0.0120572685913 0.668069180127 1 1 1 1 1 1 1 1 1 1 1 1 1 1 1 1 1
280 3360 -0.594350134649 -0.00403764873234 0.000124924239063 0.672645804195 1 1 1 1 1 1 1 1 1 1 1 1 1 1 1 1 1
281 3372 -0.59550654812 -0.00181976202362 0.000799844436721 0.675339139327 1 1 1 1 1 1 1 1 1 1 1 1 1 1 1 1 1
282 3384 -0.592902724934 -0.00501274281748 0.00161679015199 0.678203672473 1 1 1 1 1 1 1 1 1 1 1 1 1 1 1 1 1
283 3396 -0.59711144053 -0.00272299995393 0.00228822000137 0.685742972775 1 1 1 1 1 1 1 1 1 1 1 1 1 1 1 1 1
284 3408 -0.594403115627 -0.00431663451136 0.00716850843498 0.700327898539 1 1 1 1 1 1 1 1 1 1 1 1 1 1 1 1 1
285 3420 -0.593869299817 -0.00917660573597 0.00641008755675 0.708744455198 1 1 1 1 1 1 1 1 1 1 1 1 1 1 1 1 1
286 3432 -0.597781857535 -0.00279659085504 0.000288231022944 0.713217417896 1 1 1 1 1 1 1 1 1 1 1 1 1 1 1 1 1
287 3444 -0.596356634171 -0.00284722845722 0.00359138669465 0.712504435779 1 1 1 1 1 1 1 1 1 1 1 1 1 1 1 1 1
288 3456 -0.585884215847 -0.00324469342553 0.000199852050853 0.703696109324 1 1 1 1 1 1 1 1 1 1 1 1 1 1 1 1 1
289 3468 -0.588426660778 -0.0116409457827 0.000252197360097 0.704597029932 1 1 1 1 1 1 1 1 1 1 1 1 1 1 1 1 1
290 3480 -0.583106093999 -0.00090459023945 0.000156005250201 0.703770116855 1 1 1 1 1 1 1 1 1 1 1 1 1 1 1 1 1
291 3492 -0.578258344113 -0.000133996571215 0.000965790059309 0.693133323848 1 1 1 1 1 1 1 1 1 1 1 1 1 1 1 1 1
292 3504 -0.57755946657 -4.93412908425e-05 0.00455380647761 0.691545492928 1 1 1 1 1 1 1 1 1 1 1 1 1 1 1 1 1
293 3516 -0.59005309166 -0.00241741979827 0.00691705443541 0.689701071499 1 1 1 1 1 1 1 1 1 1 1 1 1 1 1 1 1
294 3528 -0.592622882349 -0.00275319426137 0.000165855623347 0.693343786229 1 1 1 1 1 1 1 1 1 1 1 1 1 1 1 1 1
295 3540 -0.588716557557 -0.00257899486773 0.0113787734807 0.692418791632 1 1 1 1 1 1 1 1 1 1 1 1 1 1 1 1 1
296 3552 -0.5918071304 -0.0109179872156 0.00964130974054 0.683491171048 1 1 1 1 1 1 1 1 1 1 1 1 1 1 1 1 1
297 3564 -0.595241516613 -0.00444712830286 0.0098307187109 0.680175082277 1 1 1 1 1 1 1 1 1 1 1 1 1 1 1 1 1
298 3576 -0.604553960509 -0.00622854341112 0.0147876758635 0.681607382483 1 1 1 1 1 1 1 1 1 1 1 1 1 1 1 1 1
299 3588 -0.612005109222 -0.00660436852967 0.00932093292949 0.677634401568 1 1 1 1 1 1 1 1 1 1 1 1 1 1 1 1 1
300 3600 -0.622827425375 -0.00830025050787 0.00135162149915 0.67462318996 1 1 1 1 1 1 1 1 1 1 1 1 1 1 1 1 1
301 3612 -0.632316043473 -0.00218211899008 0.00312831306564 0.665415325795 1 1 1 1 1 1 1 1 1 1 1 1 1 1 1 1 1
302 3624 -0.628978490854 -0.00167631219268 0.00364371693897 0.66340471632 1 1 1 1 1 1 1 1 1 1 1 1 1 1 1 1 1
303 3636 -0.615009443913 -0.0047979675986 0.0021946887237 0.656593016708 1 1 1 1 1 1 1 1 1 1 1 1 1 1 1 1 1
304 3648 -0.615328215566 -0.00353510965055 0.000715135161293 0.65953185091 1 1 1 1 1 1 1 1 1 1 1 1 1 1 1 1 1
305 3660 -0.608041294434 -0.00540005184223 0.0139858422953 0.647875081385 1 1 1 1 1 1 1 1 1 1 1 1 1 1 1 1 1
306 3672 -0.612451513906 -0.00392026435972 0.00678648266039 0.648499107149 1 1 1 1 1 1 1 1 1 1 1 1 1 1 1 1 1
307 3684 -0.608827723831 -0.00183463203647 0.0091031366097 0.64520633374 1 1 1 1 1 1 1 1 1 1 1 1 1 1 1 1 1
308 3696 -0.619098225491 -0.00443646427824 0.0107304657834 0.64545553088 1 1 1 1 1 1 1 1 1 1 1 1 1 1 1 1 1
309 3708 -0.628360101626 -0.00323343175511 0.0102298002441 0.64317387707 1 1 1 1 1 1 1 1 1 1 1 1 1 1 1 1 1
310 3720 -0.629574415324 -0.00884966736024 0.00294470000878 0.646890617796 1 1 1 1 1 1 1 1 1 1 1 1 1 1 1 1 1
311 3732 -0.627062492855 -0.00237365258211 0.0107734530574 0.640773648506 1 1 1 1 1 1 1 1 1 1 1 1 1 1 1 1 1
312 3744 -0.632486648463 -0.00463645849855 0.00320304293757 0.658542412631 1 1 1 1 1 1 1 1 1 1 1 1 1 1 1 1 1
313 3756 -0.633523524388 -0.00162165056814 0.00242350292538 0.66396524317 1 1 1 1 1 1 1 1 1 1 1 1 1 1 1 1 1
314 3768 -0.631837627211 -0.00542706035982 0.00265291570481 0.668138411324 1 1 1 1 1 1 1 1 1 1 1 1 1 1 1 1 1
315 3780 -0.64130766495 -0.0077901661153 0.00289663469944 0.669696247084 1 1 1 1 1 1 1 1 1 1 1 1 1 1 1 1 1
316 3792 -0.644817755924 -0.00405325061521 0.00380688036851 0.667638514919 1 1 1 1 1 1 1 1 1 1 1 1 1 1 1 1 1
317 3804 -0.635293080664 -0.00209369116766 0.00562575512635 0.667005567712 1 1 1 1 1 1 1 1 1 1 1 1 1 1 1 1 1
318 3816 -0.631678599736 -0.0028325763296 0.00537885349489 0.662378651125 1 1 1 1 1 1 1 1 1 1 1 1 1 1 1 1 1
319 3828 -0.620729963522 -0.000560620334959 0.00504687025356 0.65487273048 1 1 1 1 1 1 1 1 1 1 1 1 1 1 1 1 1
320 3840 -0.616577724453 -0.00253667525628 0.00145811903945 0.666023964529 1 1 1 1 1 1 1 1 1 1 1 1 1 1 1 1 1
321 3852 -0.614600451552 -0.00410606133821 0.00779850408162 0.662928066266 1 1 1 1 1 1 1 1 1 1 1 1 1 1 1 1 1
322 3864 -0.606404682533 -0.00249550988371 0.00155980662659 0.654810624225 1 1 1 1 1 1 1 1 1 1 1 1 1 1 1 1 1
323 3876 -0.601487622849 -0.0106475956459 0.00233835617502 0.656239858274 1 1 1 1 1 1 1 1 1 1 1 1 1 1 1 1 1
324 3888 -0.594289871029 -0.000272953389484 0.00768424256884 0.660727656072 1 1 1 1 1 1 1 1 1 1 1 1 1 1 1 1 1
325 3900 -0.589906125251 -7.21209313974e-05 0.00215926312072 0.666912385454 1 1 1 1 1 1 1 1 1 1 1 1 1 1 1 1 1
326 3912 -0.582211696663 -0.000691363838294 0.00153996185355 0.667872645691 1 1 1 1 1 1 1 1 1 1 1 1 1 1 1 1 1
327 3924 -0.578590305938 -0.00426541146649 0.00103173540854 0.658177173222 1 1 1 1 1 1 1 1 1 1 1 1 1 1 1 1 1
328 3936 -0.57877839137 -0.000233910284472 0.00241121815127 0.658192389305 1 1 1 1 1 1 1 1 1 1 1 1 1 1 1 1 1
329 3948 -0.571412346264 -0.000481259026239 0.00568700995939 0.651281928721 1 1 1 1 1 1 1 1 1 1 1 1 1 1 1 1 1
330 3960 -0.573756692934 -0.000465696691586 0.00609329685451 0.650396828309 1 1 1 1 1 1 1 1 1 1 1 1 1 1 1 1 1
331 3972 -0.577484694276 -0.00414046507886 0.00247433125707 0.656584466251 1 1 1 1 1 1 1 1 1 1 1 1 1 1 1 1 1
332 3984 -0.577777287379 -0.0129410275459 0.00433489235843 0.656364332342 1 1 1 1 1 1 1 1 1 1 1 1 1 1 1 1 1
333 3996 -0.576155867536 -0.00619165770194 8.29107371228e-05 0.64694996072 1 1 1 1 1 1 1 1 1 1 1 1 1 1 1 1 1
334 4008 -0.574105075851 -0.00593018218595 0.00069685092258 0.649122359481 1 1 1 1 1 1 1 1 1 1 1 1 1 1 1 1 1
335 4020 -0.568201163926 -0.000651218561469 0.00753668390236 0.638661781433 1 1 1 1 1 1 1 1 1 1 1 1 1 1 1 1 1
336 4032 -0.560900078548 -0.00685542415257 0.00723752252342 0.642627226876 1 1 1 1 1 1 1 1 1 1 1 1 1 1 1 1 1
337 4044 -0.563390073704 -0.0146080049747 0.00116955249724 0.64614063049 1 1 1 1 1 1 1 1 1 1 1 1 1 1 1 1 1
338 4056 -0.562977678197 -0.00968969816103 0.00127996262425 0.645710281668 1 1 1 1 1 1 1 1 1 1 1 1 1 1 1 1 1
339 4068 -0.550804638379 -0.00489421629147 0.00971526849856 0.643766151693 1 1 1 1 1 1 1 1 1 1 1 1 1 1 1 1 1
340 4080 -0.543571221705 -0.00681318007649 0.00566309848528 0.649755999339 1 1 1 1 1 1 1 1 1 1 1 1 1 1 1 1 1
341 4092 -0.547684056014 -0.000370991544688 0.00906820461246 0.639186088489 1 1 1 1 1 1 1 1 1 1 1 1 1 1 1 1 1
342 4104 -0.539349639632 -0.00268749486194 0.000376307465595 0.626098035744 1 1 1 1 1 1 1 1 1 1 1 1 1 1 1 1 1
343 4116 -0.541786551522 -0.00275449772457 0.00486216548718 0.637687162964 1 1 1 1 1 1 1 1 1 1 1 1 1 1 1 1 1
344 4128 -0.535701684649 -0.000302683103707 0.00156847157417 0.630637791036 1 1 1 1 1 1 1 1 1 1 1 1 1 1 1 1 1
345 4140 -0.537657358865 -0.00508862105337 0.000381381550983 0.626308034742 1 1 1 1 1 1 1 1 1 1 1 1 1 1 1 1 1
346 4152 -0.536064771697 -0.0054113508692 0.000274192083245 0.648283045878 1 1 1 1 1 1 1 1 1 1 1 1 1 1 1 1 1
347 4164 -0.533777994173 -0.000287462131653 0.00382258189107 0.659286600128 1 1 1 1 1 1 1 1 1 1 1 1 1 1 1 1 1
348 4176 -0.533386348238 -0.00153442691147 0.00106900612629 0.663296892518 1 1 1 1 1 1 1 1 1 1 1 1 1 1 1 1 1
349 4188 -0.540431310836 -0.000515856249985 0.00548205806553 0.668310766066 1 1 1 1 1 1 1 1 1 1 1 1 1 1 1 1 1
350 4200 -0.535876164674 -0.00025131150695 0.00919045273948 0.671087904968 1 1 1 1 1 1 1 1 1 1 1 1 1 1 1 1 1
351 4212 -0.530334880782 -0.00474517452666 0.0069838054567 0.648232432488 1 1 1 1 1 1 1 1 1 1 1 1 1 1 1 1 1
352 4224 -0.521606679226 -0.00363929180812 0.000980640697775 0.645395582031 1 1 1 1 1 1 1 1 1 1 1 1 1 1 1 1 1
353 4236 -0.524062487588 -0.00394062019427 0.00310090214142 0.645146271849 1 1 1 1 1 1 1 1 1 1 1 1 1 1 1 1 1
354 4248 -0.529816876109 -0.000115636130005 0.00512785210373 0.643008907795 1 1 1 1 1 1 1 1 1 1 1 1 1 1 1 1 1
355 4260 -0.53707119623 -0.00865369762703 0.00112265054444 0.645677593107 1 1 1 1 1 1 1 1 1 1 1 1 1 1 1 1 1
356 4272 -0.54824732084 -0.000861608960897 0.0114105270237 0.642482117646 1 1 1 1 1 1 1 1 1 1 1 1 1 1 1 1 1
357 4284 -0.556343241172 -0.00314644846298 0.0122087405737 0.637059658973 1 1 1 1 1 1 1 1 1 1 1 1 1 1 1 1 1
358 4296 -0.54773284647 -0.00800706584864 0.00127831309199 0.633410270636 1 1 1 1 1 1 1 1 1 1 1 1 1 1 1 1 1
359 4308 -0.555099024015 -0.00424713987736 0.000202008692136 0.632216613991 1 1 1 1 1 1 1 1 1 1 1 1 1 1 1 1 1
360 4320 -0.554907831231 -0.0031487332509 0.00549077144865 0.633028004595 1 1 1 1 1 1 1 1 1 1 1 1 1 1 1 1 1
361 4332 -0.54973607506 -0.000749402431628 0.00774137894709 0.629417201966 1 1 1 1 1 1 1 1 1 1 1 1 1 1 1 1 1
362 4344 -0.542479116286 -0.0171916551852 0.00727683246722 0.635847632085 1 1 1 1 1 1 1 1 1 1 1 1 1 1 1 1 1
363 4356 -0.545502236183 -0.0234552543665 0.000479884390329 0.642216225066 1 1 1 1 1 1 1 1 1 1 1 1 1 1 1 1 1
364 4368 -0.54743747307 -0.00213170633854 0.00211331691114 0.647438412412 1 1 1 1 1 1 1 1 1 1 1 1 1 1 1 1 1
365 4380 -0.545853726393 -0.013052292915 0.000100522113179 0.630020105472 1 1 1 1 1 1 1 1 1 1 1 1 1 1 1 1 1
366 4392 -0.549362417715 -0.00391834990084 0.00403687751865 0.616867038548 1 1 1 1 1 1 1 1 1 1 1 1 1 1 1 1 1
367 4404 -0.550015368335 -0.000256253431351 0.000812232396792 0.617979830035 1 1 1 1 1 1 1 1 1 1 1 1 1 1 1 1 1
368 4416 -0.543191070391 -0.00215451528084 0.00296668332607 0.628945737075 1 1 1 1 1 1 1 1 1 1 1 1 1 1 1 1 1
369 4428 -0.547623220856 -0.0081187765331 0.00180334166745 0.631465637118 1 1 1 1 1 1 1 1 1 1 1 1 1 1 1 1 1
370 4440 -0.547206928857 -0.00562680586308 0.00383476863322 0.644880155239 1 1 1 1 1 1 1 1 1 1 1 1 1 1 1 1 1
371 4452 -0.549954288545 -0.00100389390207 0.00224145755553 0.649965095164 1 1 1 1 1 1 1 1 1 1 1 1 1 1 1 1 1
372 4464 -0.547710999095 -0.0036456677331 0.00467237514792 0.648201228524 1 1 1 1 1 1 1 1 1 1 1 1 1 1 1 1 1
373 4476 -0.526237203178 -0.00227705446994 0.0124560021574 0.635520735639 1 1 1 1 1 1 1 1 1 1 1 1 1 1 1 1 1
374 4488 -0.537659234807 -0.00656346516898 0.00470390918137 0.640494513826 1 1 1 1 1 1 1 1 1 1 1 1 1 1 1 1 1
375 4500 -0.540486945317 -0.00527821733387 0.00436332259831 0.632981720105 1 1 1 1 1 1 1 1 1 1 1 1 1 1 1 1 1
376 4512 -0.552032525982 -0.00169489852444 0.00717186945276 0.632439687578 1 1 1 1 1 1 1 1 1 1 1 1 1 1 1 1 1
377 4524 -0.549040498936 -0.00351957350325 0.00755472605603 0.630794016921 1 1 1 1 1 1 1 1 1 1 1 1 1 1 1 1 1
378 4536 -0.546731620165 -0.00718629279131 0.004774337242 0.617272866074 1 1 1 1 1 1 1 1 1 1 1 1 1 1 1 1 1
379 4548 -0.54099193822 -0.00492658755269 0.00811186991889 0.618853586003 1 1 1 1 1 1 1 1 1 1 1 1 1 1 1 1 1
380 4560 -0.542445795742 -0.00462896197236 0.00125230230145 0.617789076388 1 1 1 1 1 1 1 1 1 1 1 1 1 1 1 1 1
381 4572 -0.541500093513 -0.00840473144191 0.000281885342177 0.628256151049 1 1 1 1 1 1 1 1 1 1 1 1 1 1 1 1 1
382 4584 -0.544260780077 -0.0005721179062 0.00429756759296 0.637703646451 1 1 1 1 1 1 1 1 1 1 1 1 1 1 1 1 1
383 4596 -0.547949655364 -0.00716876581928 0.000569234000778 0.6480161868 1 1 1 1 1 1 1 1 1 1 1 1 1 1 1 1 1
384 4608 -0.550562482425 -0.00205198449301 0.00791109026797 0.65197479281 1 1 1 1 1 1 1 1 1 1 1 1 1 1 1 1 1
385 4620 -0.544118759257 -0.00412783074967 0.00615462212534 0.641624301695 1 1 1 1 1 1 1 1 1 1 1 1 1 1 1 1 1
386 4632 -0.554362352772 -0.00419988002472 0.00901396932612 0.646592001919 1 1 1 1 1 1 1 1 1 1 1 1 1 1 1 1 1
387 4644 -0.563166298865 -0.00172827409545 0.000128905958517 0.658527547001 1 1 1 1 1 1 1 1 1 1 1 1 1 1 1 1 1
388 4656 -0.564989682912 -0.0090303955163 0.000232416307034 0.664506301534 1 1 1 1 1 1 1 1 1 1 1 1 1 1 1 1 1
389 4668 -0.573405085464 -0.00305541143305 1.60729360354e-05 0.665562915194 1 1 1 1 1 1 1 1 1 1 1 1 1 1 1 1 1
390 4680 -0.579305933666 -0.000644448924289 0.00774277498594 0.674561329679 1 1 1 1 1 1 1 1 1 1 1 1 1 1 1 1 1
391 4692 -0.594038522987 -0.00652891878331 0.00535093701552 0.669188860308 1 1 1 1 1 1 1 1 1 1 1 1 1 1 1 1 1
392 4704 -0.598568871197 -0.00473095115271 0.000826972644984 0.668597109224 1 1 1 1 1 1 1 1 1 1 1 1 1 1 1 1 1
393 4716 -0.61716039081 -0.00309603553071 0.00134283198878 0.66479840535 1 1 1 1 1 1 1 1 1 1 1 1 1 1 1 1 1
394 4728 -0.619246848524 -0.00198880021844 0.0108970175785 0.672290721419 1 1 1 1 1 1 1 1 1 1 1 1 1 1 1 1 1
395 4740 -0.612874717036 -0.00079279835731 0.0134748603755 0.679804724037 1 1 1 1 1 1 1 1 1 1 1 1 1 1 1 1 1
396 4752 -0.614268929681 -0.0106025272198 0.000556621531421 0.676360106846 1 1 1 1 1 1 1 1 1 1 1 1 1 1 1 1 1
397 4764 -0.623882925314 -0.00514872995536 0.00114531173438 0.681437531523 1 1 1 1 1 1 1 1 1 1 1 1 1 1 1 1 1
398 4776 -0.62654049229 -0.000795157333246 0.011209870969 0.683681894912 1 1 1 1 1 1 1 1 1 1 1 1 1 1 1 1 1
399 4788 -0.640389351808 -0.00275337432722 2.7708885937e-05 0.676268016807 1 1 1 1 1 1 1 1 1 1 1 1 1 1 1 1 1
400 4800 -0.643136419308 -0.000807502395149 0.00132603978492 0.686842175685 1 1 1 1 1 1 1 1 1 1 1 1 1 1 1 1 1
401 4812 -0.660415346519 -0.00505043499682 0.00512871518829 0.689843639309 1 1 1 1 1 1 1 1 1 1 1 1 1 1 1 1 1
402 4824 -0.65939872974 -0.00376359242283 0.00433451806773 0.697486776626 1 1 1 1 1 1 1 1 1 1 1 1 1 1 1 1 1
403 4836 -0.658235445651 -0.00354551594561 0.0012255676946 0.694500308334 1 1 1 1 1 1 1 1 1 1 1 1 1 1 1 1 1
404 4848 -0.661199753123 -0.00506186908561 0.00141579580006 0.69375108712 1 1 1 1 1 1 1 1 1 1 1 1 1 1 1 1 1
405 4860 -0.676979950607 -0.00751629756507 0.00144883852108 0.686698533831 1 1 1 1 1 1 1 1 1 1 1 1 1 1 1 1 1
406 4872 -0.676913889464 -0.0061066960494 0.00276846693131 0.683774295222 1 1 1 1 1 1 1 1 1 1 1 1 1 1 1 1 1
407 4884 -0.669446623884 -0.00346911176507 0.00984621672423 0.687560171074 1 1 1 1 1 1 1 1 1 1 1 1 1 1 1 1 1
408 4896 -0.667603698612 -0.00953177099703 0.00303577266225 0.693008325562 1 1 1 1 1 1 1 1 1 1 1 1 1 1 1 1 1
409 4908 -0.666331866551 -0.002853590375 0.00437261525201 0.69995406865 1 1 1 1 1 1 1 1 1 1 1 1 1 1 1 1 1
410 4920 -0.64877888078 -0.0127310780777 0.00740376137832 0.706333227962 1 1 1 1 1 1 1 1 1 1 1 1 1 1 1 1 1
411 4932 -0.638282719165 -0.00488021500772 0.00570186397557 0.708680553616 1 1 1 1 1 1 1 1 1 1 1 1 1 1 1 1 1
412 4944 -0.633928347009 -0.00501934490826 0.00460257216707 0.713030378144 1 1 1 1 1 1 1 1 1 1 1 1 1 1 1 1 1
413 4956 -0.622908848603 -0.0017534914176 0.000814700187868 0.717006779121 1 1 1 1 1 1 1 1 1 1 1 1 1 1 1 1 1
414 4968 -0.616956731656 -0.00102817066791 0.0104150524738 0.716785958567 1 1 1 1 1 1 1 1 1 1 1 1 1 1 1 1 1
415 4980 -0.629290026593 -0.0106263468225 0.00750826478133 0.717593550988 1 1 1 1 1 1 1 1 1 1 1 1 1 1 1 1 1
416 4992 -0.626844853354 -0.000762657087113 0.00266689026468 0.719978149858 1 1 1 1 1 1 1 1 1 1 1 1 1 1 1 1 1
417 5004 -0.620661995351 -0.00465703649676 0.0120012062485 0.726499873072 1 1 1 1 1 1 1 1 1 1 1 1 1 1 1 1 1
418 5016 -0.623970331048 -0.00181519952244 0.00511699264878 0.73173171589 1 1 1 1 1 1 1 1 1 1 1 1 1 1 1 1 1
419 5028 -0.641915401615 -0.0044519800915 0.00179689038138 0.728792961462 1 1 1 1 1 1 1 1 1 1 1 1 1 1 1 1 1
420 5040 -0.64390577647 -0.000706163446441 0.0123972641541 0.732466353441 1 1 1 1 1 1 1 1 1 1 1 1 1 1 1 1 1
421 5052 -0.654304492687 -0.00103917153152 0.00364366476803 0.736776362538 1 1 1 1 1 1 1 1 1 1 1 1 1 1 1 1 1
422 5064 -0.64935617325 -0.00277954403223 0.00449261703792 0.741622305819 1 1 1 1 1 1 1 1 1 1 1 1 1 1 1 1 1
423 5076 -0.655079214963 -0.00304712880265 0.000575466521995 0.740503871677 1 1 1 1 1 1 1 1 1 1 1 1 1 1 1 1 1
424 5088 -0.650939630871 -0.00191141149564 0.00033764418715 0.744939704462 1 1 1 1 1 1 1 1 1 1 1 1 1 1 1 1 1
425 5100 -0.648569051261 -0.00227102073965 0.00071339342437 0.746339239465 1 1 1 1 1 1 1 1 1 1 1 1 1 1 1 1 1
426 5112 -0.640982114655 -0.00453882025032 0.000171466082473 0.753767269996 1 1 1 1 1 1 1 1 1 1 1 1 1 1 1 1 1
427 5124 -0.643316692539 -0.00262470303525 0.00355248474638 0.756245476859 1 1 1 1 1 1 1 1 1 1 1 1 1 1 1 1 1
428 5136 -0.63869839245 -0.00360099020786 0.0039035743855 0.74977567413 1 1 1 1 1 1 1 1 1 1 1 1 1 1 1 1 1
429 5148 -0.635132644027 -0.00346913578966 2.84875372042e-05 0.75032923582 1 1 1 1 1 1 1 1 1 1 1 1 1 1 1 1 1
430 5160 -0.635221232224 -0.000917413312144 0.00330437836731 0.751423511284 1 1 1 1 1 1 1 1 1 1 1 1 1 1 1 1 1
431 5172 -0.639397304613 -0.000624493489097 0.00571628576767 0.745509121458 1 1 1 1 1 1 1 1 1 1 1 1 1 1 1 1 1
432 5184 -0.63666368356 -0.00332280613618 0.0108018943781 0.744177696141 1 1 1 1 1 1 1 1 1 1 1 1 1 1 1 1 1
433 5196 -0.629335526528 -0.00236188601447 0.00280794078507 0.738530311413 1 1 1 1 1 1 1 1 1 1 1 1 1 1 1 1 1
434 5208 -0.629235851495 -0.00339432036622 0.000608920548212 0.739626043838 1 1 1 1 1 1 1 1 1 1 1 1 1 1 1 1 1
435 5220 -0.624922502836 -0.00225316750845 0.00439814436516 0.742829960797 1 1 1 1 1 1 1 1 1 1 1 1 1 1 1 1 1
436 5232 -0.614253543112 -0.0110888099386 3.55868362523e-05 0.739993388991 1 1 1 1 1 1 1 1 1 1 1 1 1 1 1 1 1
437 5244 -0.611001752004 -0.00130668005127 0.00698090993058 0.743885561215 1 1 1 1 1 1 1 1 1 1 1 1 1 1 1 1 1
438 5256 -0.615452994709 -0.0118201115256 0.00863168289797 0.742448666083 1 1 1 1 1 1 1 1 1 1 1 1 1 1 1 1 1
439 5268 -0.613471740178 -0.0147641913269 0.00801108978302 0.742455270729 1 1 1 1 1 1 1 1 1 1 1 1 1 1 1 1 1
440 5280 -0.617591777267 -0.00479888422998 0.00687358893351 0.734960449805 1 1 1 1 1 1 1 1 1 1 1 1 1 1 1 1 1
441 5292 -0.616563569622 -0.00179736315567 0.000737653798778 0.732205923398 1 1 1 1 1 1 1 1 1 1 1 1 1 1 1 1 1
442 5304 -0.62619814478 -0.0034309484566 0.0008781202575 0.740596768865 1 1 1 1 1 1 1 1 1 1 1 1 1 1 1 1 1
443 5316 -0.627692176526 -0.00804418742409 0.000298614839937 0.741714407048 1 1 1 1 1 1 1 1 1 1 1 1 1 1 1 1 1
444 5328 -0.63264104432 -0.00152520430231 0.00200174409267 0.744643266231 1 1 1 1 1 1 1 1 1 1 1 1 1 1 1 1 1
445 5340 -0.629170822995 -0.00428148765495 0.00620587970931 0.749861880881 1 1 1 1 1 1 1 1 1 1 1 1 1 1 1 1 1
446 5352 -0.628460799947 -0.00292352292033 0.00780446628881 0.745127995669 1 1 1 1 1 1 1 1 1 1 1 1 1 1 1 1 1
447 5364 -0.631230923746 -0.000497296864617 0.0109887122688 0.743623607054 1 1 1 1 1 1 1 1 1 1 1 1 1 1 1 1 1
448 5376 -0.604830513093 -0.00172608305422 0.01224241717 0.744286546035 1 1 1 1 1 1 1 1 1 1 1 1 1 1 1 1 1
449 5388 -0.595627215371 -0.000376068916717 0.000490182283962 0.746271659086 1 1 1 1 1 1 1 1 1 1 1 1 1 1 1 1 1
450 5400 -0.59359540786 -0.000259779929598 0.000804341423157 0.75137151385 1 1 1 1 1 1 1 1 1 1 1 1 1 1 1 1 1
451 5412 -0.591509675522 -0.00361085036019 0.00281939409623 0.747005534171 1 1 1 1 1 1 1 1 1 1 1 1 1 1 1 1 1
452 5424 -0.587623958321 -0.00181372304641 0.00575038875196 0.74496256912 1 1 1 1 1 1 1 1 1 1 1 1 1 1 1 1 1
453 5436 -0.589601102994 -0.00274936265662 0.00198125034955 0.744961951158 1 1 1 1 1 1 1 1 1 1 1 1 1 1 1 1 1
454 5448 -0.586123306571 -0.000829671666404 0.00319650191365 0.746296724675 1 1 1 1 1 1 1 1 1 1 1 1 1 1 1 1 1
455 5460 -0.593569704908 -0.00193866872519 0.000301371834675 0.74248320674 1 1 1 1 1 1 1 1 1 1 1 1 1 1 1 1 1
456 5472 -0.597287158915 -0.00349537374975 0.00120188394442 0.74086189094 1 1 1 1 1 1 1 1 1 1 1 1 1 1 1 1 1
457 5484 -0.594776387812 -0.000255584331303 0.000991408648498 0.743170257056 1 1 1 1 1 1 1 1 1 1 1 1 1 1 1 1 1
458 5496 -0.603269957069 -0.00122666462612 0.000843373351471 0.741211425929 1 1 1 1 1 1 1 1 1 1 1 1 1 1 1 1 1
459 5508 -0.605383034288 -0.000922452453986 0.00516563256581 0.741571644546 1 1 1 1 1 1 1 1 1 1 1 1 1 1 1 1 1
460 5520 -0.605953968419 -0.000805982433541 0.000681301785945 0.747580896281 1 1 1 1 1 1 1 1 1 1 1 1 1 1 1 1 1
461 5532 -0.613869638691 -0.0030338939566 0.00074108310334 0.74698991687 1 1 1 1 1 1 1 1 1 1 1 1 1 1 1 1 1
462 5544 -0.62231860169 -0.00392143694387 0.00169272066107 0.749690146867 1 1 1 1 1 1 1 1 1 1 1 1 1 1 1 1 1
463 5556 -0.622856416407 -0.00298654352455 0.00266383752316 0.751583016612 1 1 1 1 1 1 1 1 1 1 1 1 1 1 1 1 1
464 5568 -0.637159901089 -0.00085968168726 0.00435493890355 0.748071177043 1 1 1 1 1 1 1 1 1 1 1 1 1 1 1 1 1
465 5580 -0.637227577587 -0.00168331856702 0.00648037854842 0.743489669466 1 1 1 1 1 1 1 1 1 1 1 1 1 1 1 1 1
466 5592 -0.633803327054 -0.00254450580452 0.00929211281695 0.736837357786 1 1 1 1 1 1 1 1 1 1 1 1 1 1 1 1 1
467 5604 -0.639416884046 -0.0188453556757 0.000299766368457 0.734282915043 1 1 1 1 1 1 1 1 1 1 1 1 1 1 1 1 1
468 5616 -0.636303106919 -0.000187483992781 0.000920134112669 0.733516722282 1 1 1 1 1 1 1 1 1 1 1 1 1 1 1 1 1
469 5628 -0.633990544056 -0.00499471459277 0.0159726289314 0.726956067515 1 1 1 1 1 1 1 1 1 1 1 1 1 1 1 1 1
470 5640 -0.648671473101 -0.00557293486915 0.00736557984381 0.741175533 1 1 1 1 1 1 1 1 1 1 1 1 1 1 1 1 1
471 5652 -0.656144087747 -0.00259255462722 0.00979529666424 0.744247225745 1 1 1 1 1 1 1 1 1 1 1 1 1 1 1 1 1
472 5664 -0.656226943464 -0.00596369173201 0.000714998917473 0.742986241678 1 1 1 1 1 1 1 1 1 1 1 1 1 1 1 1 1
473 5676 -0.658857598119 -0.000492490792914 0.00261353109608 0.740458650602 1 1 1 1 1 1 1 1 1 1 1 1 1 1 1 1 1
474 5688 -0.663675706889 -0.0041683002249 0.00201880493129 0.738404227069 1 1 1 1 1 1 1 1 1 1 1 1 1 1 1 1 1
475 5700 -0.661030479789 -0.00404537923651 0.00469784992604 0.741219254136 1 1 1 1 1 1 1 1 1 1 1 1 1 1 1 1 1
476 5712 -0.683020100701 -0.00819880557669 0.00282524089367 0.744448236306 1 1 1 1 1 1 1 1 1 1 1 1 1 1 1 1 1
477 5724 -0.681448746909 -0.00328003265434 0.000230184308812 0.748003108005 1 1 1 1 1 1 1 1 1 1 1 1 1 1 1 1 1
478 5736 -0.68427628349 -0.00553867330098 0.00525505095833 0.74862906798 1 1 1 1 1 1 1 1 1 1 1 1 1 1 1 1 1
479 5748 -0.686852570765 -0.000920477301561 0.00233462378047 0.751234075718 1 1 1 1 1 1 1 1 1 1 1 1 1 1 1 1 1
480 5760 -0.679963994506 -0.00912862869106 0.00362977187533 0.758749685684 1 1 1 1 1 1 1 1 1 1 1 1 1 1 1 1 1
481 5772 -0.680430439953 -0.0128501082361 0.00579141035413 0.754576176315 1 1 1 1 1 1 1 1 1 1 1 1 1 1 1 1 1
482 5784 -0.682075494842 -0.00295252344505 0.0121817760202 0.751005849975 1 1 1 1 1 1 1 1 1 1 1 1 1 1 1 1 1
483 5796 -0.687598638612 -0.000181757311242 0.00167020060777 0.736113332961 1 1 1 1 1 1 1 1 1 1 1 1 1 1 1 1 1
484 5808 -0.684131940873 -0.000610686358659 0.000460313942284 0.736310029672 1 1 1 1 1 1 1 1 1 1 1 1 1 1 1 1 1
485 5820 -0.672067673569 -0.000973726184969 0.0149253030194 0.735304088525 1 1 1 1 1 1 1 1 1 1 1 1 1 1 1 1 1
486 5832 -0.670554432093 -0.0151826577073 0.00702196026283 0.740061411751 1 1 1 1 1 1 1 1 1 1 1 1 1 1 1 1 1
487 5844 -0.661315378997 -0.00471753521034 0.00687480715976 0.73428083064 1 1 1 1 1 1 1 1 1 1 1 1 1 1 1 1 1
488 5856 -0.6579456519 -0.00616804986708 0.0117468210367 0.740616205711 1 1 1 1 1 1 1 1 1 1 1 1 1 1 1 1 1
489 5868 -0.661352282546 -0.0119953798344 0.00384516536852 0.746153899014 1 1 1 1 1 1 1 1 1 1 1 1 1 1 1 1 1
490 5880 -0.660363954872 -0.00182891313429 0.00694512395946 0.736086226019 1 1 1 1 1 1 1 1 1 1 1 1 1 1 1 1 1
491 5892 -0.659549296772 -0.014221614752 0.00452133238951 0.73785156622 1 1 1 1 1 1 1 1 1 1 1 1 1 1 1 1 1
492 5904 -0.652326517474 -0.00472837524937 0.0118892015486 0.724629568888 1 1 1 1 1 1 1 1 1 1 1 1 1 1 1 1 1
493 5916 -0.649442493757 -0.011038709379 0.0048159884933 0.713547765693 1 1 1 1 1 1 1 1 1 1 1 1 1 1 1 1 1
494 5928 -0.64927212641 -0.00272378037831 0.00748391612917 0.711154975839 1 1 1 1 1 1 1 1 1 1 1 1 1 1 1 1 1
495 5940 -0.656062034919 -0.00557118330866 0.00031545263561 0.706094717645 1 1 1 1 1 1 1 1 1 1 1 1 1 1 1 1 1
496 5952 -0.667495597454 -0.00347548109539 0.000872166543417 0.713211065683 1 1 1 1 1 1 1 1 1 1 1 1 1 1 1 1 1
497 5964 -0.655392593108 -0.00073819019163 0.00228188015278 0.710817163518 1 1 1 1 1 1 1 1 1 1 1 1 1 1 1 1 1
498 5976 -0.660145644573 -0.00235367600909 0.00444234017374 0.714355148021 1 1 1 1 1 1 1 1 1 1 1 1 1 1 1 1 1
499 5988 -0.655052551783 -0.00292887973113 0.00576274539718 0.711992631925 1 1 1 1 1 1 1 1 1 1 1 1 1 1 1 1 1
500 6000 -0.650419063077 -0.00334404981887 0.00378040841893 0.712068934021 1 1 1 1 1 1 1 1 1 1 1 1 1 1 1 1 1
501 6012 -0.646306161938 -0.00215500126944 0.00115032143473 0.713738090202 1 1 1 1 1 1 1 1 1 1 1 1 1 1 1 1 1
502 6024 -0.637608262772 -0.00526135525169 0.0113849786952 0.711735541417 1 1 1 1 1 1 1 1 1 1 1 1 1 1 1 1 1
503 6036 -0.638641975827 -0.00119641291643 0.00799989815606 0.712558048359 1 1 1 1 1 1 1 1 1 1 1 1 1 1 1 1 1
504 6048 -0.644138268629 -0.00989902366462 0.00338116073116 0.713993223993 1 1 1 1 1 1 1 1 1 1 1 1 1 1 1 1 1
505 6060 -0.643972366216 -0.000625044618319 0.00282898243892 0.710240470149 1 1 1 1 1 1 1 1 1 1 1 1 1 1 1 1 1
506 6072 -0.651044619818 -0.00643492809427 0.000956515669373 0.707249053221 1 1 1 1 1 1 1 1 1 1 1 1 1 1 1 1 1
507 6084 -0.649707498949 -0.000330411747938 0.00796666880887 0.709855888439 1 1 1 1 1 1 1 1 1 1 1 1 1 1 1 1 1
508 6096 -0.635442487552 -0.00435667468525 0.00707323758408 0.703260660147 1 1 1 1 1 1 1 1 1 1 1 1 1 1 1 1 1
509 6108 -0.630797296419 -0.00489575137672 0.00177105454285 0.697761498962 1 1 1 1 1 1 1 1 1 1 1 1 1 1 1 1 1
510 6120 -0.623157520123 -0.00783983556939 0.00669189698631 0.691202280246 1 1 1 1 1 1 1 1 1 1 1 1 1 1 1 1 1
511 6132 -0.622054808451 -0.00173304411103 0.00196565763627 0.685934859785 1 1 1 1 1 1 1 1 1 1 1 1 1 1 1 1 1
512 6144 -0.631711555536 -0.00219952722017 0.00199550603063 0.694590425245 1 1 1 1 1 1 1 1 1 1 1 1 1 1 1 1 1
513 6156 -0.635481200816 -0.00688814118782 0.0045181038741 0.699644907538 1 1 1 1 1 1 1 1 1 1 1 1 1 1 1 1 1
514 6168 -0.636030390026 -0.0108189761956 0.0103907992016 0.698757953276 1 1 1 1 1 1 1 1 1 1 1 1 1 1 1 1 1
515 6180 -0.647262512022 -0.00439244273331 0.00349720738631 0.69838274952 1 1 1 1 1 1 1 1 1 1 1 1 1 1 1 1 1
516 6192 -0.65742265028 -0.000555782373755 0.00161094489983 0.697298568935 1 1 1 1 1 1 1 1 1 1 1 1 1 1 1 1 1
517 6204 -0.657371199967 -0.00474394892203 0.00792741144367 0.701178183427 1 1 1 1 1 1 1 1 1 1 1 1 1 1 1 1 1
518 6216 -0.647078166174 -0.00332701261005 0.000701445682633 0.715336955905 1 1 1 1 1 1 1 1 1 1 1 1 1 1 1 1 1
519 6228 -0.643790394746 -0.00451235993484 0.00302173804202 0.716948194004 1 1 1 1 1 1 1 1 1 1 1 1 1 1 1 1 1
520 6240 -0.636962786061 -0.00312848874048 0.0157697689144 0.719019317017 1 1 1 1 1 1 1 1 1 1 1 1 1 1 1 1 1
521 6252 -0.631888725675 -0.00298441672286 0.00251726202408 0.71675811098 1 1 1 1 1 1 1 1 1 1 1 1 1 1 1 1 1
522 6264 -0.63456948034 -0.00069055415112 0.00189958711838 0.72025514837 1 1 1 1 1 1 1 1 1 1 1 1 1 1 1 1 1
523 6276 -0.635037289864 -0.00476071794095 0.00369775239832 0.725822609446 1 1 1 1 1 1 1 1 1 1 1 1 1 1 1 1 1
524 6288 -0.625874750484 -0.00115790876261 0.00478024512887 0.723482077802 1 1 1 1 1 1 1 1 1 1 1 1 1 1 1 1 1
525 6300 -0.631272567147 -0.0123308603801 0.00295964301613 0.726316732166 1 1 1 1 1 1 1 1 1 1 1 1 1 1 1 1 1
526 6312 -0.631985511902 -0.00435023875568 0.0133616734712 0.727276506488 1 1 1 1 1 1 1 1 1 1 1 1 1 1 1 1 1
527 6324 -0.645312928282 -0.0105415135953 0.000210313166609 0.725727275907 1 1 1 1 1 1 1 1 1 1 1 1 1 1 1 1 1
528 6336 -0.651974490725 -0.00156219245793 0.0024795542416 0.732746474066 1 1 1 1 1 1 1 1 1 1 1 1 1 1 1 1 1
529 6348 -0.646591971153 -6.54076997411e-05 0.00103218370758 0.73622454386 1 1 1 1 1 1 1 1 1 1 1 1 1 1 1 1 1
530 6360 -0.652602081479 -0.00413503742952 0.00152701574237 0.742462015355 1 1 1 1 1 1 1 1 1 1 1 1 1 1 1 1 1
531 6372 -0.660065771142 -0.0106138875943 4.03027727217e-05 0.756200533381 1 1 1 1 1 1 1 1 1 1 1 1 1 1 1 1 1
532 6384 -0.657586344676 -0.00638976184238 0.00444701708551 0.7583714699 1 1 1 1 1 1 1 1 1 1 1 1 1 1 1 1 1
533 6396 -0.65980560416 -5.53342129676e-05 0.000330360725156 0.756120536471 1 1 1 1 1 1 1 1 1 1 1 1 1 1 1 1 1
534 6408 -0.66156769521 -0.00197307459706 0.0042749291202 0.757978707918 1 1 1 1 1 1 1 1 1 1 1 1 1 1 1 1 1
535 6420 -0.660479064114 -0.00249060601971 0.00237585912653 0.75622450943 1 1 1 1 1 1 1 1 1 1 1 1 1 1 1 1 1
536 6432 -0.655547537629 -0.000551552258575 0.00079314725712 0.755774457852 1 1 1 1 1 1 1 1 1 1 1 1 1 1 1 1 1
537 6444 -0.665494897574 -0.00255131458043 0.0035629378187 0.754504865631 1 1 1 1 1 1 1 1 1 1 1 1 1 1 1 1 1
538 6456 -0.667900223551 -0.00207430085952 0.00612501195958 0.755195178529 1 1 1 1 1 1 1 1 1 1 1 1 1 1 1 1 1
539 6468 -0.690810638148 -0.0245320439575 0.00307016600021 0.755966182907 1 1 1 1 1 1 1 1 1 1 1 1 1 1 1 1 1
540 6480 -0.708722935879 -0.0125350348306 0.00162238687042 0.762092909287 1 1 1 1 1 1 1 1 1 1 1 1 1 1 1 1 1
541 6492 -0.710320614486 -0.00332088142137 0.00298458011769 0.759884725142 1 1 1 1 1 1 1 1 1 1 1 1 1 1 1 1 1
542 6504 -0.717843653417 -0.00146563254522 0.00491286120396 0.754892026046 1 1 1 1 1 1 1 1 1 1 1 1 1 1 1 1 1
543 6516 -0.726002874325 -0.00305335243718 0.00261779161003 0.754180354983 1 1 1 1 1 1 1 1 1 1 1 1 1 1 1 1 1
544 6528 -0.714604550719 -0.00106105769829 0.0100721888382 0.75670746703 1 1 1 1 1 1 1 1 1 1 1 1 1 1 1 1 1
545 6540 -0.712260977486 -0.00318606671514 0.00525206033174 0.763522344323 1 1 1 1 1 1 1 1 1 1 1 1 1 1 1 1 1
546 6552 -0.709760754234 -0.0258612564888 0.00559589527394 0.766359555162 1 1 1 1 1 1 1 1 1 1 1 1 1 1 1 1 1
547 6564 -0.702623178288 -0.0110307995083 0.00825224671848 0.761898216991 1 1 1 1 1 1 1 1 1 1 1 1 1 1 1 1 1
548 6576 -0.693770218824 -0.00975632067559 0.0086498176225 0.762565768249 1 1 1 1 1 1 1 1 1 1 1 1 1 1 1 1 1
549 6588 -0.691923499622 -0.00516953094826 0.0146969912453 0.761532139419 1 1 1 1 1 1 1 1 1 1 1 1 1 1 1 1 1
550 6600 -0.694060656616 -0.0082242554752 0.0134614393324 0.764451171389 1 1 1 1 1 1 1 1 1 1 1 1 1 1 1 1 1
551 6612 -0.694079074713 -0.0076431012825 5.1033004948e-05 0.770111008699 1 1 1 1 1 1 1 1 1 1 1 1 1 1 1 1 1
552 6624 -0.702095635532 -0.011883994239 0.00820857294045 0.766348939494 1 1 1 1 1 1 1 1 1 1 1 1 1 1 1 1 1
553 6636 -0.696614275606 -0.00624461011525 0.0199049647526 0.766356800131 1 1 1 1 1 1 1 1 1 1 1 1 1 1 1 1 1
