% # columns="iteration, evaluation, void, void, void, xmean", seed=3, Thu Feb  1 20:40:01 2018, <python>{}</python> # scaling_of_variables: 1, typical_x: 0
1 12 0 0 0 1.37125842592 6.25976345424 0.544355787934 3.18508203297 -1.75884082908 8.71825844245 5.87589099664 4.07012583845 0.931925789765 6.20732728151 5.17591848358 8.0469743825 5.25726716762 5.09662986304 5.1264121738 9.50536636367 3.07879680401
2 24 0 0 0 0.528823598948 7.07356255983 1.08599339855 4.48517246597 -2.5512677076 10.2782035908 6.19699018226 1.51365303024 0.93740858234 6.92484931147 5.04342289556 7.20342839098 6.57903832731 5.68538568603 5.50303898481 8.50261302981 3.49271017594
3 36 0 0 0 0.812019249471 7.78762544194 2.27475393073 3.25346533816 -3.64080916017 10.6161948644 5.25591646476 0.022597350245 0.704559937204 6.44483764749 5.76356428399 7.15433038678 6.01709332342 4.03980722889 5.46916009837 7.21829729623 3.78227764802
4 48 0 0 0 1.24692136721 7.3324091287 2.72907143203 2.26677831909 -3.28150597032 11.1732550365 5.67939358334 0.474702146961 1.39233152178 3.70823960306 5.83848940426 7.70025074684 7.11789843629 3.39246597945 6.79427144455 7.34664508707 2.93858382877
5 60 0 0 0 0.561953770366 8.11832602924 2.67999807011 1.43381488018 -2.03989385296 10.3796096102 6.04761528956 1.24618920166 1.1615058352 2.69822982691 5.72295430145 7.21763210943 6.69177940511 3.95639494222 6.49533384709 8.85394211883 4.51692293652
6 72 0 0 0 -0.46086916494 7.91594512768 2.15838533541 1.48626278569 -1.00736974394 10.6836454787 4.94820974872 1.18800667945 1.4632094008 1.97962904735 5.95883654238 6.38953098282 6.59793292931 2.34143230292 5.99983272685 8.2382579901 5.08681799552
7 84 0 0 0 -0.98517014731 7.1761134994 1.35795348299 1.73921195303 -0.933465672088 9.83745652693 5.53160730056 0.961186586717 2.31389973678 3.7275547201 4.70695013511 6.56781071804 6.43170989671 2.20462929268 5.36280006365 6.49175031792 3.18496362203
8 96 0 0 0 -0.0409036266914 7.5317769834 1.06382380355 0.504479265397 -0.496147144312 9.70931648981 5.94449769209 -1.04779278168 1.86940829586 4.24358398844 4.3354458412 8.19912698303 7.60195019241 2.80444387366 6.54114998461 7.68322094301 3.90587537047
9 108 0 0 0 -1.28997316022 5.63832088523 0.0846601952093 0.48846386726 0.0981148083207 9.86586814181 6.57047604928 -0.907182639291 1.1101627344 3.88586472452 4.65189205409 6.75653392892 7.38501268339 2.61947000501 6.57473785094 7.99446209144 4.94455100821
10 120 0 0 0 -1.13959717704 6.33241507379 -1.0324176026 -0.755850725755 -0.155768212639 9.64375126689 8.03938902754 -1.22961297785 1.0083036408 4.36503796258 4.4080798641 7.99525384901 7.55532784206 2.31772118179 7.14919245827 10.1070600451 5.74080962002
11 132 0 0 0 -1.48421103065 6.15411177958 -0.111767723389 -1.31392010547 -0.303897618759 10.2412148168 7.69342564954 0.538816998905 0.447719887502 2.96245021149 4.35085521368 7.49091639407 7.03314503008 3.62579036394 8.4760058275 9.57303091541 4.7978536172
12 144 0 0 0 -1.03879497826 6.27688658257 -0.590635629327 -0.482209321016 -0.417057916084 9.32865536333 8.17256430694 0.56985524705 1.75901898058 3.78388839198 3.38710867017 7.80950282226 7.82257470825 5.2345836108 8.1780857324 10.0605320458 4.09450071818
13 156 0 0 0 -1.49050938102 6.17338082677 -0.353956909978 -0.359190219702 -0.882177030382 9.93007267795 7.10579803242 0.365281704409 0.806295886247 4.8904638539 3.75942670713 7.18590630322 6.65480383783 5.27617670057 7.96623521656 10.9243937215 3.12211138068
14 168 0 0 0 -0.790074819496 6.59548950442 -1.46956450179 -0.561159213775 0.352131099954 9.83066116008 6.33872043908 0.783430814144 0.000923184526694 6.95642210374 4.822822309 6.84453758889 7.06596342357 5.74836519644 8.07123996483 11.3636484056 2.60902693507
15 180 0 0 0 -0.617140787322 7.10794240191 -1.06277605282 -0.324827049555 0.058675878439 9.71567344831 5.17649066669 0.53700523303 -1.38380426341 6.10279799817 5.19978001909 6.17220127887 6.59393436451 5.78802691162 8.19020538352 10.8373302064 2.70587170549
16 192 0 0 0 -1.14889078904 7.67891213633 0.17563547885 -0.0430979587099 -0.450480591004 9.24042507711 6.46288808627 1.58757306016 -0.863734239245 6.02874459688 4.08768042018 7.13447824421 5.74626567074 4.78345891287 7.39748410182 10.4192318893 3.95118575635
17 204 0 0 0 -2.67290842667 7.89937178819 0.918095956311 -0.870373528474 -0.0711920417062 9.68388621784 5.86057923007 1.97589773044 -0.78127105591 5.60837853449 4.56228375647 6.86382927688 6.33564625353 4.22715283257 7.02660268532 9.99424787963 4.07135634732
18 216 0 0 0 -2.65811914378 5.69504373952 -0.0354797512226 -0.97420134686 -0.966858572675 10.1243803497 6.12029253047 1.73295843491 0.212680490889 5.62877957649 5.55247384164 7.2033863297 6.83593694515 5.49391865624 7.48052579319 9.91411096578 3.43189997455
19 228 0 0 0 -2.56326782956 5.4462770584 -0.603899322569 -2.6592119596 -1.38287342509 9.54886198464 6.95065859175 1.44953613767 0.285857132225 6.0675314269 5.29560513005 7.73646667839 7.57718353101 5.85381701525 7.88703648103 10.8231719298 3.59581918616
20 240 0 0 0 -1.95533188427 6.15569219231 0.910185158305 -3.08000307716 -1.47862948219 10.4012718429 7.13903564703 0.237029862094 0.476847552205 5.97001917925 5.23531463324 8.00897313563 7.35315576869 5.3006337801 7.69169385865 10.5503405287 3.22819184714
21 252 0 0 0 -1.90636059054 6.37450323256 1.52804428845 -2.53170862315 -0.725154410524 10.5982662178 6.92903882167 0.203953896581 0.291688873573 5.18854742797 5.64096672712 8.73046577099 7.59638985424 6.44944535959 8.27675507134 10.4620774518 3.92917981387
22 264 0 0 0 -1.37870869653 5.6748436487 0.926591054305 -2.37012169481 -1.02451681709 10.4063511525 7.54806066348 0.285482484499 0.425553569841 6.19031596055 4.71062793584 8.96801113836 8.08647019229 6.7160828298 7.34320192079 9.75097837638 4.05580562102
23 276 0 0 0 -1.31553141142 5.7347361444 1.33382649301 -1.21463327365 -0.668264340766 10.9975664388 7.14873563101 -0.200498465951 0.869512185336 6.27239851288 4.19590694737 8.57323188236 7.71214203233 5.92405642393 7.29286517618 10.4141384461 4.07801664066
24 288 0 0 0 -1.31288792752 5.64502523922 0.0218415633188 -1.58577835812 0.0107192881985 11.1406375047 7.81409678654 -0.569323142486 0.682638469698 5.58065809353 4.11857121251 8.84539732464 7.8934844928 6.02861751646 7.92592047937 9.78186555045 3.9813511631
25 300 0 0 0 -1.45752781422 5.41564345169 0.05330223004 -1.48064508979 0.205218749409 10.714055291 7.74814497577 -0.510959502777 0.624248458809 5.7944382678 4.80358795645 9.27258978422 8.20983603427 6.0668010647 8.39707671137 9.23709282952 3.610517178
26 312 0 0 0 -1.6268771552 4.92651393859 -0.541729600574 -1.15385652672 0.586609792804 10.9478384214 7.7369559957 0.0568160421755 0.901160989769 5.40237220267 5.21138933763 8.70839038402 7.94616272227 5.90334404296 8.72346645974 9.17885432644 3.76335205167
27 324 0 0 0 -1.45813493663 4.88408977698 -0.595600072016 -0.774891175021 1.02206668248 10.4056187143 7.72724914537 0.4384512719 1.25258529175 5.942004307 5.43078673842 9.27017813588 7.48655601949 5.78821760488 9.03456068605 8.97479689722 4.25378594567
28 336 0 0 0 -1.50819023036 5.43077413127 -0.883515022486 -0.722072583054 1.26168939803 9.90097426773 7.8262407524 -0.571210134222 1.07681450802 5.55294778267 5.42560494214 9.84140655331 8.17492976444 6.26833661658 9.08662621701 9.15857054611 4.44451650916
29 348 0 0 0 -0.521356352048 5.27169082258 -0.805699958498 -0.169526262552 1.10076065556 9.89847066185 7.89310261582 -0.651255713705 0.985521194605 5.74645114509 5.90296224598 9.28646443642 8.65843807008 5.77663656494 9.40740633461 9.18860514302 4.48293976969
30 360 0 0 0 -1.23034751598 4.81661654302 -1.0357805127 -1.16478711953 0.947882596719 10.0379669383 8.56040054535 -0.207823491171 1.04853040955 5.97609443616 5.4717403194 10.3442148864 8.54344411941 6.45072734021 9.89174914268 8.91710967557 4.34687191632
31 372 0 0 0 -1.63443117049 4.74572011224 -1.52386424895 -1.00346793804 0.424722713132 10.0978080571 8.29370717872 0.070128289444 0.296882870017 6.59833710173 5.34155243626 10.1394308429 9.2496557692 6.07276447308 9.78956667478 8.59277797113 3.64122857346
32 384 0 0 0 -1.02179511198 4.86997695341 -2.61378002045 -0.697739531706 -0.0306906259022 10.2409296412 8.3050704823 -0.146091702064 0.869523760622 6.16594438698 5.36487518456 11.0432753964 9.02630679887 5.4849904958 10.5364346889 8.1541276989 4.17741884752
33 396 0 0 0 -0.874691230053 4.66308975785 -3.03797994079 -1.25734848417 -0.0377940526773 10.1049732775 8.44849911685 -0.101376536631 0.594997007735 5.64767904893 5.6474216742 11.1944029883 8.72702471124 5.8172306977 10.9912917916 8.49227557061 3.65489265572
34 408 0 0 0 -0.630953688483 4.74977084458 -3.40615680778 -1.63245163724 -0.00484966228564 10.6675155328 8.46050617492 0.190973362843 1.27891434148 5.7622810735 5.63108214707 11.501570384 9.82091672141 6.29201537477 10.8017249995 7.62262571401 4.23367725432
35 420 0 0 0 -0.474822875346 5.30627733464 -3.51574497137 -2.21520204846 -0.689695786235 10.7862431701 8.76332478536 -0.335600729632 1.18301019886 4.75192576679 5.37092895779 11.6568819186 9.34332451245 6.75272195707 11.0649004989 7.15376514055 4.1454638842
36 432 0 0 0 0.370834225127 4.53514267424 -3.45653314778 -2.21913363053 -0.599159608335 10.9475576563 9.29712361187 -0.480656509742 1.11214205347 5.28724989164 6.09749046391 12.5900136041 9.530266978 7.02380745421 11.6641458119 6.86769897381 4.58740030495
37 444 0 0 0 -0.152431061997 4.88001252324 -4.10426511576 -2.18849055777 -0.389832184418 10.6594573601 8.40065886483 -1.03843561443 1.00141181043 4.46699168464 6.11613251221 12.9607310783 9.46190072325 7.64030994999 11.6932958211 7.03246074769 4.33833916756
38 456 0 0 0 -0.346798499241 5.28341994997 -3.97664246286 -2.73964162704 -0.63410164739 10.2075144666 8.07091510263 -1.52948692591 0.57591889041 4.83371543293 6.51321810203 12.6557445696 9.73585862703 7.88437951863 11.0769181735 6.05361181899 4.29009183187
39 468 0 0 0 -0.195289334126 5.29864503945 -3.11306788039 -2.75654176063 0.156025946822 10.3321831645 7.76901207979 -1.64409384834 0.559411476924 4.81606104829 6.43603794648 13.0780692157 8.76958980165 7.96371570711 10.9549683614 6.43505762926 4.09010205598
40 480 0 0 0 -0.30783755078 5.14767212805 -3.18656433159 -3.63433925209 -0.33000250294 10.2428669455 7.3618881186 -1.06393540556 0.478793666276 4.68940809909 6.78496702189 13.0151597456 9.62711161442 8.34444597734 11.0781563855 6.31315193394 3.93645074836
41 492 0 0 0 -0.460500176804 4.33014538098 -3.21493787122 -3.42876142917 0.142741154758 10.2297953923 6.74961321676 -0.81129703805 0.323449318817 4.47521048901 6.29385757585 12.4355788949 10.1633067503 8.335668985 10.3839577881 6.14254481906 3.98065539447
42 504 0 0 0 -0.101284582533 4.93887167918 -2.86060351244 -3.856823271 0.194293820109 10.8107382459 6.53352767321 -0.994552803923 0.965389807202 4.72773320671 5.82833016831 11.8930058619 10.7174949142 7.4777938951 10.0389047154 5.2158850087 3.63409296071
43 516 0 0 0 0.695818590409 4.33546468983 -2.78770341536 -4.79656859892 -0.187926753053 10.6420157156 6.20394452932 -0.545675277847 0.859353509522 5.21426252072 6.26500684402 11.2854973239 10.5229967122 7.72337397539 11.0516851386 5.09948971033 2.89010997545
44 528 0 0 0 1.41219627882 4.94914650772 -2.57653865049 -3.20202188576 -0.39986204997 10.6975281788 6.41694347869 -0.253846833453 0.798515079055 5.02507361961 6.3772393202 10.6780845311 9.49799700125 7.22543894986 10.8153574234 5.61609595523 3.38923090378
45 540 0 0 0 0.760389816713 4.98141335232 -2.50689575965 -4.09565470611 -0.360954124443 10.7357042098 6.48172034852 -0.541083533161 1.30201973141 4.91426794351 6.73867782734 11.7167278318 9.18258601424 7.13347917398 10.867552909 5.84082082339 3.34220269433
46 552 0 0 0 0.188855101514 4.98709721035 -2.13400097245 -4.11709453641 -1.49347347631 10.1918796676 6.57556470507 -0.787722029868 0.773758054575 5.19735850362 6.28267057138 11.5583505155 8.9344244067 5.63321093979 11.0821925677 6.13540734689 3.33790247134
47 564 0 0 0 0.134291788259 4.1351213628 -2.51109893461 -3.1467529785 -1.74269869154 10.4017888352 7.58541280675 -1.4090303472 1.28572918804 5.81615754312 6.2481930789 10.8323176141 8.43621388541 6.00316297929 10.985488483 7.06500532312 3.71252565241
48 576 0 0 0 0.0448288641128 3.77367681427 -2.71727640808 -2.76399426121 -1.74044246133 10.4100903778 6.88940873924 -1.55243459681 1.2268430408 6.53253806501 6.66919337937 11.2457124916 8.49778381319 6.28390718816 10.5804486928 7.03072184641 3.33348526203
49 588 0 0 0 -0.159453406073 3.52027376771 -2.81278724377 -3.06014257577 -1.54303618977 10.5242435199 6.31942890007 -1.68143061062 1.15569629764 6.24818537488 6.43760450429 11.0468804993 8.61109348778 5.46468664266 11.7986553523 7.43456735016 3.59418791752
50 600 0 0 0 -0.324126541079 4.20417595844 -3.07392261816 -3.43283313593 -1.69597298809 10.4448738326 6.36951920721 -1.45370577368 1.00014547767 6.29636182203 6.23724796979 11.291461371 8.49513783862 6.36896915895 11.6757013284 6.96358957435 3.43487208169
51 612 0 0 0 -0.401444204312 3.7912565917 -3.35808812532 -4.42697873275 -2.06831519915 10.5547818984 5.96987407233 -0.496179914634 1.03899986553 6.27063020394 6.02739455927 11.6078687142 8.86967125876 6.2690654702 12.2992769476 6.70746540214 3.60380022286
52 624 0 0 0 -0.259672323907 3.46318841712 -2.87371573841 -4.83485950696 -2.53818494714 10.7009915164 5.31500993515 -0.120660290883 1.02718966577 6.4136842289 5.87919567438 11.7666470943 8.4189047418 5.5914165827 12.1095303715 6.67764662816 3.68315602368
53 636 0 0 0 -0.617924121224 3.88748223218 -2.87732258068 -4.78036917925 -2.21848361868 10.553003159 4.87107916522 0.036853583883 1.24548494199 6.62188175907 5.7475507669 12.1736790644 8.17475479528 5.48016199256 11.5446801302 6.88104692454 4.44931958357
54 648 0 0 0 -0.610951930275 4.14381020232 -3.61103098546 -5.3421151966 -2.34432784238 10.2341237596 4.49883164195 0.635030050012 1.03691044904 6.18996225299 5.31654155221 12.0708543247 8.83460229372 6.11238999899 11.9818657433 6.23207755135 4.5730811575
55 660 0 0 0 -0.492564685847 4.30740714218 -3.23479022406 -5.77173617321 -1.6132223919 10.654633023 5.054532139 -0.252474617169 1.02676235985 5.91425695233 5.80429534317 12.8856564811 9.44520425499 6.33403586938 11.8892587702 6.04165693881 4.11988700099
56 672 0 0 0 0.0341067574691 4.20310053747 -3.11815937044 -5.44232551214 -1.31736340936 10.3780760341 5.46953099292 -0.556939194198 1.08724739183 5.36544445855 5.70927289669 13.2861939717 9.71680435978 6.77794766221 12.2666892643 6.44563757471 4.27531346495
57 684 0 0 0 0.127081884144 3.91429525981 -4.14885998863 -5.55086803032 -1.68093263173 10.2933256497 5.46466668392 -0.508404266687 1.15223129789 5.38747973458 5.98228248847 13.6853560373 9.54389285905 7.40570061727 12.4925071826 6.72931876208 4.11378285823
58 696 0 0 0 0.63110426659 4.27412576736 -4.64818905531 -5.70831708469 -1.36938822751 10.5532953278 5.48887201632 0.0200759664299 1.04695466652 5.73278725396 5.46877937587 13.8552707892 10.0134235563 7.42982618693 12.5114718557 6.73918716698 4.0825297951
59 708 0 0 0 0.554429619582 4.81264465082 -4.86067776067 -5.82512892316 -1.48359286234 10.5994653193 5.99541603439 0.379254523078 0.915993402899 5.7051489737 5.53537383635 13.9490998391 10.2355925484 8.01131608003 12.7895801356 6.56566162595 4.21880173071
60 720 0 0 0 0.466727843184 5.00866305565 -4.61267133912 -6.05742163249 -0.622735623031 10.5960348545 5.33082171614 -0.238789775372 0.929081507255 5.7927326754 5.47468533661 13.8780507003 9.99410688089 7.57231431927 12.219695125 6.76111160651 4.03358993765
61 732 0 0 0 0.864782806591 5.44841131741 -4.23250698957 -5.92026709517 -1.01297752931 10.3727462646 4.64809712647 -0.236832480227 0.941786159076 6.31268224957 5.3326509999 13.3724273141 10.1017329938 7.16969473509 11.5899109466 6.49638230897 3.92287723083
62 744 0 0 0 0.871585002781 5.34653129556 -4.69873251067 -5.33739498521 -0.788934898699 10.2785765102 3.77351779155 -0.365828545759 1.24818437946 6.07789820458 5.54557242534 12.7147376112 10.2333575982 6.42925869035 11.7455105323 6.27280886308 3.84752108818
63 756 0 0 0 0.864101185615 5.77081710527 -4.43291960479 -4.78918802292 -1.17325978682 10.34122633 3.75707575088 -0.485008589153 1.06125925821 5.76858315721 5.80397430249 12.4466895568 10.0342915736 6.73888578134 11.4745631571 6.64876437222 3.6915596467
64 768 0 0 0 0.72416934399 5.57954998677 -4.93271326008 -4.71683505095 -1.31209965644 10.1187443475 4.47880135144 -0.523870231167 1.15776775669 6.00132398855 5.56916463869 12.4466822986 10.7380806787 6.77634415589 11.328984701 7.20784435472 3.59928780014
65 780 0 0 0 0.550181629151 5.75137059661 -5.3182525511 -4.34766698565 -0.650785147459 10.212514503 4.65330000196 -1.59116198292 1.28485970605 6.36104962211 5.37619302321 12.6274816566 10.7765916385 6.9164048699 11.2043448269 6.93335905959 3.77995052151
66 792 0 0 0 0.360455348532 5.21770512936 -5.90827561392 -4.7167414818 -0.680763623408 9.80271054252 5.57694137125 -1.54735951408 1.23008458519 5.88460047974 4.97610082495 12.3838592915 10.9988749281 7.46634436223 11.4714592979 7.08585956081 4.11539811636
67 804 0 0 0 0.225219742385 5.08331417104 -5.56350098779 -4.72257934509 -0.872354306746 9.88783012682 5.91934535926 -2.16742965746 1.26649483839 6.59433058138 5.26525149309 12.012328637 10.8979649942 7.51861154933 11.2342786433 7.2519762669 3.92262672697
68 816 0 0 0 -0.203556513578 4.49511862281 -5.24194448552 -4.58354883442 -0.756858430892 10.1285143809 5.70858446796 -1.64289284413 1.25885196717 6.11922284542 5.01918541724 12.5818404347 10.4719887761 7.41681110916 11.4666118937 7.22839370909 3.93809872647
69 828 0 0 0 0.0961735424677 4.15930388667 -5.55784622072 -4.32827066783 -0.834332417597 10.0092483875 6.4196529597 -1.48200687093 1.01663626001 6.36762454706 5.17586165466 13.0852786046 10.7966487518 7.87577439681 11.0705593623 7.48259280904 4.07916334656
70 840 0 0 0 0.285548689894 3.95732103033 -6.45835170204 -4.33077947531 -0.928738326159 10.0151647502 6.88449439554 -1.47179230632 1.12008621108 6.52457479459 5.62181748939 13.2916793201 10.9172719104 8.6156335044 11.5413838338 8.22808399176 3.89528070486
71 852 0 0 0 0.708623942168 4.10731118305 -6.03697722309 -4.10523618195 -1.01661839571 10.7713813222 6.5569074194 -1.33663806549 0.999650882433 6.85484380033 5.26060495086 13.1673479612 11.2920467166 8.33062950377 11.3894988469 8.2504385286 3.90027833651
72 864 0 0 0 0.363226718753 3.98265338404 -7.49779490613 -4.32233250983 -1.15416411305 10.1526934076 7.22671419591 -1.09963934714 1.08985348342 6.98581941793 5.15411757628 13.3981149343 11.3373650426 8.7179229099 11.4396752363 8.37694859103 4.29959937192
73 876 0 0 0 0.357521919152 4.18662000009 -7.98535089736 -4.48900766093 -1.10457958217 10.0276359217 7.70222931988 -1.48638413731 1.01710850344 7.01001949099 5.51458187201 13.2032595258 11.7511279854 9.07132760847 11.8837730097 7.93273749224 3.98123267844
74 888 0 0 0 0.71879195233 4.30897058911 -8.47144025217 -4.04279800803 -0.463863736283 9.86803547847 8.36049376973 -2.02368938891 1.09030580571 6.74208073537 5.36385190131 12.8104091503 12.0751350579 9.07681741886 11.9606329465 8.47275248265 3.75380490877
75 900 0 0 0 0.483916634293 4.47742534627 -8.50595468226 -4.6527460028 -0.169231942569 10.0184103019 7.92513733384 -1.70821740625 0.951978088416 6.904814858 5.47144143771 12.7691264105 11.9276646303 9.05583923338 11.7535312227 8.62497799434 3.35271197584
76 912 0 0 0 -0.0448181039696 4.28008997979 -8.83968064051 -4.59204297024 -0.578507705654 9.94504566467 8.65043749774 -1.86273990778 1.02186626371 6.2191632585 5.16973509203 13.1378960021 11.7178276734 9.40991178034 12.4745498412 9.64553445026 3.59968731338
77 924 0 0 0 -0.0525140542688 4.78619641464 -8.99222364688 -4.89396108733 -0.442420939286 9.85328792349 8.34243059145 -1.89019202815 1.06740515373 6.1642871394 5.56251651055 13.210821262 11.4809291327 9.62685171048 12.4925873654 9.4769087069 3.74287889941
78 936 0 0 0 -0.0848138668593 4.0878305367 -8.16337949897 -4.34000648356 -0.522283015383 10.0155776444 8.37478429289 -2.21304625657 1.03450942961 5.99818403391 5.08875919742 12.9521916385 11.0304560748 8.7158453725 12.3470485897 10.0670367243 3.86056198554
79 948 0 0 0 0.0447194680984 4.46670702095 -8.1296959655 -4.0712685799 -0.485510238885 10.0593627612 8.42694895061 -2.24134875571 1.14763677267 5.89858286434 4.59800593321 12.9959015564 10.2078603555 8.67412968041 11.8860294258 10.7137500373 3.82317862992
80 960 0 0 0 0.199124782353 4.59793136182 -7.86578353185 -4.48044081141 0.216955377065 10.061222577 7.71071813702 -2.17203670532 1.03390007665 5.63640264779 5.35964018543 12.4746955344 10.6393843197 8.40702458361 12.2639543651 10.0125332577 3.77398134306
81 972 0 0 0 0.0664463682769 4.29605222377 -8.08339299227 -4.53820182843 -0.00614856543086 10.2234609892 7.78002272879 -2.5833892524 1.00399827816 6.12404920707 5.64171773925 12.3195764643 10.9361392332 8.5291186657 11.8880068997 10.0388835457 3.89431245928
82 984 0 0 0 -0.192713822304 4.45980931615 -8.26636611678 -4.6746945353 -0.107364800651 10.0005395334 8.47428112056 -2.39941251973 1.04043751261 6.0445363376 5.79470174372 12.8373377918 10.9548185693 8.81980081541 12.3829069631 9.6228781749 4.12323534057
83 996 0 0 0 -0.0969816647932 4.63944356842 -8.3625198572 -4.57543342216 -0.518724764666 9.95457738026 8.46959363288 -2.43668390405 1.08799600621 5.70559055747 5.18295138953 13.0322573681 10.7201251588 8.53696918319 12.1549449954 10.0644522662 4.08475958604
84 1008 0 0 0 -0.17241115124 4.56422130671 -8.53220630638 -4.46760151764 -0.459545576645 10.0356210118 8.50814037921 -2.41574343617 0.961050588343 5.83278282787 5.46348362106 12.6977626265 11.0081962464 8.3057605008 12.0427009759 9.8494221922 3.69089637157
85 1020 0 0 0 -0.147545281411 4.54080480178 -9.30566286081 -4.80671144563 -0.0546905552176 9.97431267494 8.6650254685 -2.54756219503 1.12336980011 5.56828044707 5.51901886709 13.0109445347 11.4169005911 8.43384530818 12.2055001476 9.93904411054 3.87663082923
86 1032 0 0 0 0.057501489519 4.42511620248 -9.73895383367 -4.71200458317 0.00790295719516 10.0286712948 8.73210275567 -2.30206510875 1.05830093294 5.67388736457 5.14652106511 12.9457414107 11.0170793485 8.42243122406 12.2360038482 10.4408366917 3.89715083738
87 1044 0 0 0 0.198195798245 4.37752882888 -9.67137816642 -4.72043121654 0.00173968175579 10.2495940654 8.46028528388 -2.65968622033 0.975517462172 5.49182387307 5.17778931454 13.151761555 10.9403726367 8.32440314736 12.3508377714 10.4701420936 4.2685004725
88 1056 0 0 0 0.508150254976 4.55059005038 -9.8744179139 -4.9137676494 0.27920836244 10.160490024 8.59581383075 -2.74558810604 1.05838407202 5.22365928842 5.23999737857 12.8624352463 10.7422316673 8.29765936689 12.232889578 10.5153606064 4.03142553907
89 1068 0 0 0 0.317643347265 4.27111054733 -9.61921042395 -5.48564502438 -0.093089673047 10.29393076 9.19431259869 -2.49090010125 0.974205166345 5.14789905868 5.13025219258 13.1254250113 11.0309427079 8.57190207934 12.7455944796 10.2641407707 4.05662920445
90 1080 0 0 0 0.0980020146307 4.54259450821 -9.93443998944 -5.36524386701 0.0779542489388 10.1165708655 9.53959346583 -2.59822454391 0.966740837185 5.10626831116 5.25874275466 12.6184835035 10.956624295 8.71833257631 12.9406844833 10.5324167777 4.02882489399
91 1092 0 0 0 0.367370752923 4.46321832134 -9.86879641187 -5.40372397689 -0.304689924555 10.2234507252 9.25274613544 -2.54835532859 0.91289087853 5.33034428444 5.49356629562 12.7529397377 11.4101222571 9.0029374837 13.0040747323 10.417159422 3.81817110056
92 1104 0 0 0 0.415879805674 4.40996777632 -9.8588426389 -5.4122832793 -0.176237391148 10.3083498709 9.30000955684 -2.61173471059 0.936800008124 5.29259757787 5.57363298899 12.9774713781 11.3172166377 9.00630023626 13.0545162001 10.3530175296 3.67219791859
93 1116 0 0 0 0.388883538336 4.33894199583 -9.90934690828 -5.17928501355 -0.401882047456 10.3315860752 9.32531207971 -2.54833469965 0.891933199523 5.18020835575 5.35819853284 13.2316979153 11.2483319525 8.83166485807 13.1929380984 10.4972577817 3.58361491831
94 1128 0 0 0 0.440289343723 4.46989883837 -10.2218163539 -5.16437405893 -0.114302380691 10.2678012656 9.3191373135 -2.5731583909 0.910743142081 5.17880254027 5.19723416286 13.0535262528 11.5006021089 8.96167254912 13.0079922343 10.5050717957 3.694906004
95 1140 0 0 0 0.496036879373 4.38475271173 -10.5334588637 -5.09939031789 -0.0828627284978 10.2900762351 9.35127491378 -2.86719863664 0.9516856703 5.43905693008 5.26745988872 13.2916284557 11.8831115875 9.04862680784 12.937845572 10.3013739139 3.63809709603
96 1152 0 0 0 0.631601213647 4.76168264866 -10.716630974 -5.22043725145 -0.123323667727 10.2597622621 9.3076057721 -2.99639787869 0.909242893772 5.13992882795 5.5083494017 13.3587745027 12.0145873173 9.18684513208 13.2277315172 9.89003524869 3.40268790994
97 1164 0 0 0 0.543913509738 4.7989504197 -10.6718595978 -5.08773382635 -0.113520972976 10.3407480508 9.41049272747 -3.00208815638 0.855591733536 5.33190963358 5.6357597086 13.3571319776 11.9778982737 8.98190792487 13.1326954221 9.95311312017 3.67255116903
98 1176 0 0 0 0.686429332621 4.78958590667 -10.8591774657 -5.26534132372 0.0525408139027 10.2483183136 9.50170537874 -2.89344941658 0.964130734855 5.30225600438 5.29225809616 13.4005717635 12.2217447764 9.25473121197 12.9517626373 10.1042278069 3.6090613416
99 1188 0 0 0 0.664591102388 4.65106000061 -10.5686656128 -5.3548877946 -0.0181356379052 10.0183299894 9.18375904581 -2.78253159482 0.995768662413 5.17323649268 5.35917374111 13.3145169073 11.9368052872 9.20101036837 13.0695899633 10.280980845 3.5789962831
100 1200 0 0 0 0.659480484587 4.77463338671 -10.6466921217 -5.31668632148 0.0213270699943 10.0105242418 9.05003536951 -2.7820378962 1.00001321792 5.08540700341 5.30442904331 13.1986691298 11.6574105791 8.91841228889 13.1390766518 10.3634452016 3.6302248239
101 1212 0 0 0 0.644048889719 4.71612972305 -10.6771408615 -5.2885724306 0.125327527801 10.0426749085 9.082369369 -2.63298565092 1.03999179576 5.17270278453 5.24899101826 13.334312322 11.4919506498 9.09614866663 13.1391915244 10.4481057931 3.54046002852
102 1224 0 0 0 0.709541237425 4.89215621385 -10.6180962636 -5.26228216405 0.24960034067 10.053973823 9.06810018115 -2.69170159698 1.04128994576 5.22496283097 5.12506115646 13.1719881103 11.4172583594 8.9546927302 13.2277291959 10.4283679759 3.57964044889
103 1236 0 0 0 0.676290635935 4.7279215412 -10.5759848148 -5.21614123684 0.305235782975 10.0681578871 8.85937499792 -2.59188872571 1.02428501266 5.3013982443 5.07817021698 12.8782217745 11.2498571637 8.86970799187 13.1378370475 10.5035610849 3.63690522918
104 1248 0 0 0 0.55896755529 4.82975002744 -10.6613952334 -5.14211699364 0.470186155413 10.0817154571 8.70225718498 -2.40740904551 1.04787249356 5.16110488825 5.06660317007 12.6997498228 11.1090940747 8.88031322652 13.2185137216 10.4837722741 3.69236047006
105 1260 0 0 0 0.635788328039 4.77426560473 -10.9119378936 -5.18556993802 0.280702731089 9.9566943641 8.7996161621 -2.29924974624 1.07760336021 5.08334424795 4.85271632764 12.7965541546 11.0965089678 9.14066114477 13.3357726826 10.6528772469 3.73390803978
106 1272 0 0 0 0.497556628872 4.68862456374 -11.1866635438 -5.16117237755 0.361004969046 10.0396583299 8.95359859261 -2.38671798832 1.04973810579 5.02292591752 4.88907378318 12.7435987459 11.3304935369 9.08976201891 13.3630069693 10.5546335353 3.81062868152
107 1284 0 0 0 0.518503623706 4.82016830615 -11.3269263981 -5.25368047277 0.356956576149 10.0811062378 9.19490051963 -2.25365845869 0.990146261422 5.04656647971 4.92647431765 12.4977981573 11.2101590964 9.18187621666 13.3097292414 10.759378035 3.8086922548
108 1296 0 0 0 0.554386777578 4.93718627964 -11.1686857942 -5.341274083 0.440572676368 9.98087164375 9.0206814456 -2.2515575714 1.03459449293 4.96809770947 4.95777543309 12.6332863197 11.1293255294 8.9556605546 13.2427594513 10.6937213664 3.98070226689
109 1308 0 0 0 0.299515962875 4.75395689994 -11.293875714 -5.32859480923 0.403709771751 10.0754627203 8.89266069335 -2.20617445402 0.992830285261 5.07002982527 4.91737568923 12.5759229765 11.2943641541 8.95247048041 13.2816237601 10.7616906376 3.99079838652
110 1320 0 0 0 0.243827524971 4.74322506946 -11.4321480035 -5.41022523004 0.512636691655 10.1749943088 8.69694316022 -2.18583639411 0.987601850818 5.1311238766 4.98567264782 12.4788053322 11.3748239562 8.87057018359 13.529503019 10.7337710413 4.03445878831
111 1332 0 0 0 0.255508480996 4.67722429364 -11.3206920086 -5.33332835446 0.428937557379 10.1866612514 8.77143600333 -2.35362444488 0.981592750831 5.29325934717 4.92882994572 12.6719637586 11.5569752499 9.06825583537 13.4895080818 10.6096564823 3.9437731027
112 1344 0 0 0 0.135561670776 4.53961391735 -11.3677646951 -5.25529562132 0.394300314876 10.1830289818 9.05997941032 -2.43104111605 0.969161329485 5.41346705487 4.83828515349 12.6860255318 11.5704757981 9.03746628565 13.4921516383 10.9090149774 3.93560525389
113 1356 0 0 0 0.199624143011 4.66482088401 -11.4695067473 -5.45680160304 0.366964419204 10.3979312662 9.27410934261 -2.65073940352 0.950976831998 5.44519539333 4.87773913057 12.6872043334 11.6888343972 9.09511276579 13.6918422932 10.69953184 3.93589874234
114 1368 0 0 0 0.272795404892 4.42332090413 -11.3312589662 -5.60491618216 0.365730272485 10.4753930233 9.30689197997 -2.69259833032 0.926626226693 5.4096353789 4.98085248281 12.7475530554 11.7145255011 8.95468493878 13.6849632086 10.77831034 3.95695328433
115 1380 0 0 0 0.183989263695 4.39774805238 -11.392544341 -5.52882465424 0.303128428962 10.2855784065 9.61193798005 -2.7754961642 0.964152951844 5.38026552793 4.88157035624 12.8785525871 11.6194056071 8.93040991776 13.7846573627 10.7663130076 4.0783177368
116 1392 0 0 0 0.316127579411 4.46594775408 -11.5394827537 -5.55138297631 0.440043868823 10.406727856 9.69006117891 -2.85699315065 0.950932692076 5.49240197167 4.92758909626 12.9521606004 11.7609579916 8.86727673464 13.7434782217 10.5708561663 3.95189641824
117 1404 0 0 0 0.32768386 4.531801528 -11.6105143646 -5.63162424016 0.392191900919 10.3702416413 9.71925365083 -2.9451850266 0.929948727975 5.34504037575 4.85324938668 13.0177329154 11.5401030228 8.82315096703 13.7331583507 10.5892234916 3.92505405415
118 1416 0 0 0 0.246580550587 4.55984371584 -11.9650368473 -5.61592043901 0.545793398894 10.2510346465 9.85466354463 -2.94290037889 0.967717757472 5.25116335729 4.81483364073 12.9082814688 11.6204338752 8.8718871769 13.7098178267 10.6765089416 3.83956801328
119 1428 0 0 0 0.0879717625935 4.42693833423 -12.1506704483 -5.66323745273 0.773467833478 10.4559608389 9.86211901781 -3.12693182501 0.950108403488 5.24679324986 4.64685313124 12.9518999495 11.6517943001 8.77772630358 13.7141753517 10.7511760272 3.93918019432
120 1440 0 0 0 0.0817936429296 4.29872364555 -12.2231022884 -5.80291651256 0.673903403523 10.4484896167 9.93725875415 -3.14671968037 0.958685542867 5.11676305111 4.65514369141 12.9271889752 11.6257930917 8.74482470873 13.6956990008 10.605631705 4.09766860326
121 1452 0 0 0 0.0958766674102 4.30212802593 -12.3679963413 -5.855537118 0.731641000684 10.3093303963 10.0260075549 -2.98454699329 0.997282031714 5.1754484037 4.50805711147 12.9811911161 11.4861717101 8.87222455932 13.4659095041 10.6449627134 4.11655839796
122 1464 0 0 0 -0.0770688173309 4.12205704491 -12.1946190405 -5.82406905778 0.667320077971 10.2059859183 9.9068515752 -3.10027261024 0.945129618843 5.1594825266 4.40201823169 12.9648407247 11.3802470818 8.64469802263 13.4978027617 10.7210344971 4.37873565504
123 1476 0 0 0 -0.338226608109 3.97164081454 -12.1027699146 -5.90014092878 0.697995859878 10.2024080158 9.72901327067 -3.28678934332 0.968203786194 5.12973669345 4.38519929107 13.0445444537 11.4610990074 8.50726210797 13.4569684612 10.7443020145 4.39156683447
124 1488 0 0 0 -0.354236261781 4.03194060398 -11.7070237824 -6.05610104311 0.759470074816 10.286776157 9.44065663225 -3.15899388681 0.954917107914 5.18283841289 4.36763170433 12.7676771925 11.2795410125 8.51450006438 13.3193995065 10.4737153943 4.53120740352
125 1500 0 0 0 -0.128508448027 4.4288137144 -11.486787231 -5.91185892999 0.828722867669 10.2874205124 9.26966420621 -3.23802793668 0.941601131562 5.20298826368 4.45636196766 12.5309673072 11.3003685467 8.45250895886 13.1712313687 10.3537347812 4.39560599937
126 1512 0 0 0 -0.0998096709065 4.4505558027 -11.2782965139 -5.86783072805 0.865923837884 10.1589766034 9.52275533006 -3.25077307189 0.986832512637 5.09687165756 4.43365561267 12.2870897025 10.958137085 8.42713029348 13.250508841 10.7437247379 4.43133517346
127 1524 0 0 0 0.00300899276419 4.6542000387 -11.0127911333 -5.73433048326 0.717404702368 10.1911055742 9.49661572 -3.47203635573 0.949857104241 5.08183895627 4.43100476701 12.3004712641 11.0004724797 8.35358708608 13.1489677483 10.8682517761 4.44525834212
128 1536 0 0 0 0.143813005959 4.68343087316 -10.9985360733 -5.80097714696 0.539109915732 10.3104883052 9.46907079471 -3.67208869409 0.938166508 5.19973857581 4.49252449314 12.5472079045 11.2092360915 8.32758940128 13.0993384126 10.5331804086 4.40874365206
129 1548 0 0 0 0.0721636236307 4.76013309768 -11.2047711829 -5.78775165337 0.661724246873 10.2614623126 9.5892895377 -3.78796205672 0.932004495682 5.07562769788 4.35558537097 12.6344142664 11.228498429 8.48735946869 13.2215077372 10.5187149691 4.42321891923
130 1560 0 0 0 0.120310708897 4.87295576971 -11.4085684375 -5.8240460908 0.670666589439 10.3052128725 9.61571938856 -3.99471420275 0.925435288478 5.11130182206 4.67463138985 12.7570881394 11.3277723921 8.2429617097 13.1482475661 10.1023967375 4.32117711371
131 1572 0 0 0 0.32407626813 4.96964389558 -11.1899868501 -5.98873314195 0.48501236753 10.3104965714 9.72571218956 -4.00686865508 0.951830691233 5.18088438231 4.72861013722 12.8897509007 11.5147111227 8.15741025017 13.091310823 10.0114027917 3.99833316726
132 1584 0 0 0 0.312444678738 4.92854146331 -11.0997375604 -6.19313072969 0.513686925422 10.2396891574 9.56971240083 -3.94925773122 0.962247142101 5.13895045508 4.62342349674 12.8943737518 11.3376553582 7.86428233329 13.1668805962 10.0801912418 4.25052917756
133 1596 0 0 0 0.149140949346 4.87552337213 -11.2007873856 -6.27580305951 0.635632975746 10.2771557345 9.69850544884 -3.91059151041 0.906130512215 5.03591404937 4.49379702084 12.9284980256 11.4497572306 7.86088734962 13.2224225031 10.1873741691 4.31392071395
134 1608 0 0 0 0.297499093358 4.96632116353 -11.0899319042 -6.46037113136 0.695837305282 10.2619459787 9.605598938 -4.03281640926 0.977471036403 5.07097825022 4.43036089641 12.9855902412 11.187422142 7.66983356277 13.1386250586 10.3007965131 4.57822837438
135 1620 0 0 0 0.136423897439 5.00899829004 -10.9335840231 -6.58754389418 0.519919045283 10.3781103296 9.82225037061 -4.06767953482 0.969584479976 5.09818581884 4.29068867418 13.1847707133 11.1150480338 7.68432587911 13.1263746442 10.132592744 4.56098568517
136 1632 0 0 0 0.318240773154 4.95466552444 -10.9062209183 -6.5760017843 0.605696114062 10.3243963731 9.8507541844 -4.1945357249 0.973888954318 5.09770016226 4.25434985012 13.3900991181 10.9560878961 7.83350911833 13.0524487905 10.6363160048 4.65631066406
137 1644 0 0 0 0.227619297953 4.97424438063 -11.1956670364 -6.62803524109 0.749133381326 10.3602591883 9.53787640017 -4.19623209999 1.00725609722 4.99522277153 4.25699229607 13.5651355565 11.1234453221 7.8377004223 13.1005253528 10.7459747446 4.82116874484
138 1656 0 0 0 0.272126057071 5.07481816595 -11.0429367508 -6.81531697816 0.703320284817 10.3136852755 9.24213428236 -4.11696341075 0.984868179365 5.02468291472 4.23818888879 13.5665919472 11.0361486333 7.89538417622 13.0999542731 10.6130598926 4.74431817533
139 1668 0 0 0 0.280902479993 4.78393796301 -11.0518464473 -6.93129558612 0.672444254964 10.1998678388 9.43527481196 -4.04833693759 0.985483804011 5.28040452091 4.24274117162 13.6344200609 11.0575416354 8.10522602565 13.2528285034 10.6150322638 4.69497997251
