% # columns="iteration, evaluation, sigma, max axis length,  min axis length, all principle axes lengths  (sorted square roots of eigenvalues of C)", seed=3, Thu Feb  1 20:40:01 2018
1 12 1.91447835074 1.00004705993 1.0 1.0 1.00000294118 1.00000588237 1.00000882357 1.00001176478 1.00001470599 1.00001764721 1.00002058845 1.00002352969 1.00002647094 1.0000294122 1.00003235346 1.00003529474 1.00003823603 1.00004117732 1.00004411862 1.00004705993
2 24 1.8969789715 1.06736507768 0.947160420748 0.947160420748 0.960580401032 0.97661715001 0.982827364973 0.994071073527 0.996784490719 1.00001224559 1.00001591963 1.00002325755 1.00002924942 1.00003236286 1.00125006687 1.00131324126 1.00789647089 1.00984020769 1.02592040837 1.06736507768
3 36 1.91942796867 1.10173282695 0.938960297648 0.938960297648 0.949807991995 0.958878159334 0.961303830818 0.970240526863 0.987083598091 0.994770677543 0.997844529192 0.999146549271 1.00016330039 1.00116494005 1.00619562655 1.0085322446 1.02053887178 1.02433271074 1.03381352312 1.10173282695
4 48 1.91579526988 1.1408831352 0.933891479389 0.933891479389 0.944755346007 0.947946263015 0.955707258652 0.960953198134 0.97324996432 0.98086387433 0.987862001322 0.994053224228 1.00010316154 1.00359938126 1.00558704888 1.01701172819 1.0241832401 1.03285753766 1.03656281609 1.1408831352
5 60 1.83423083066 1.16163242456 0.923118329844 0.923118329844 0.926373002444 0.940018991583 0.942350131627 0.960025076783 0.963820476317 0.980468904026 0.984243965581 0.991447047091 0.993135709046 1.00294006096 1.00802561506 1.01733693735 1.02750527606 1.03446748102 1.0697933657 1.16163242456
6 72 1.77133204503 1.1707888781 0.897961258018 0.897961258018 0.924485473523 0.926905270931 0.948632577041 0.949822019341 0.962355409406 0.972846323514 0.975746116023 0.991852655357 0.994871718872 1.00431390234 1.00620384427 1.01352200253 1.03068410491 1.0509932785 1.0832041421 1.1707888781
7 84 1.66633498165 1.17818687572 0.879070376146 0.879070376146 0.908738130287 0.92857663762 0.935462442717 0.947783209038 0.957031537688 0.965861299214 0.970101671319 0.978589123561 0.99767123399 1.00420953436 1.00768417226 1.01335593749 1.0318479257 1.07085422883 1.07480562397 1.17818687572
8 96 1.60370204161 1.18440388938 0.875782108095 0.875782108095 0.897311852929 0.922865473442 0.93321412338 0.94582532418 0.954384960261 0.964833031938 0.97887219497 0.980100323973 0.991261711103 0.99864863291 1.00083880738 1.00921390454 1.02182575061 1.07103020081 1.07668457393 1.18440388938
9 108 1.55134636721 1.19341973198 0.860244562095 0.860244562095 0.888901618332 0.906783260995 0.929338376385 0.940975145856 0.948474568931 0.95841207266 0.971785124653 0.976300507232 0.990235870499 0.999255619857 1.01055146832 1.02221001245 1.03276968019 1.0715932213 1.08009109366 1.19341973198
10 120 1.58207498428 1.18920498692 0.843883444756 0.843883444756 0.875130803996 0.906056013087 0.92135703934 0.934923809947 0.948043266846 0.965050390917 0.967573912799 0.977243132641 0.994419686726 0.998558110125 1.02291990598 1.02677900339 1.04456872394 1.06889527985 1.07795531735 1.18920498692
11 132 1.53854004869 1.18217163381 0.838106135178 0.838106135178 0.862826379265 0.900737676551 0.917640344143 0.921645690728 0.952061287846 0.961667433184 0.964245665164 0.978368594816 0.987619656872 0.998524736141 1.02189161612 1.03311991025 1.05777340566 1.07087721085 1.10728142579 1.18217163381
12 144 1.47328814895 1.18578663901 0.836151001299 0.836151001299 0.863964698301 0.894431172362 0.903515301405 0.928722564383 0.941583037517 0.949361206673 0.964577086728 0.977007134261 0.97958776967 0.983519759497 1.01874132561 1.0294375476 1.06688727639 1.08784366507 1.11689547154 1.18578663901
13 156 1.40986273366 1.19587657021 0.833659321557 0.833659321557 0.861102930441 0.885666931018 0.897167645427 0.910396639796 0.943442708149 0.946633419713 0.955889664112 0.976026660736 0.977290680652 0.987263086165 1.01535669876 1.0271863766 1.07335876162 1.07828941914 1.11146814254 1.19587657021
14 168 1.44815987655 1.20240673545 0.834284365128 0.834284365128 0.847736698828 0.889592488763 0.890515962643 0.909309539267 0.932797941739 0.947374556135 0.957748178061 0.965419649045 0.970350389121 0.983191387872 1.01306877661 1.02839697598 1.06948010136 1.09225469084 1.11014096953 1.20240673545
15 180 1.44014959566 1.19586768429 0.82215113305 0.82215113305 0.834414358364 0.883282597232 0.887414093309 0.918727369527 0.931445930427 0.939671124049 0.955633596677 0.96588143802 0.974187464109 0.997633985876 1.02220132324 1.02883454934 1.07758338679 1.0867693954 1.11946485651 1.19586768429
16 192 1.34348241765 1.19938977573 0.815789673557 0.815789673557 0.833238631291 0.880183655853 0.8834281143 0.918232711458 0.92171574738 0.93200608931 0.949621983265 0.967083385996 0.97202712354 0.988155209573 1.01798927216 1.04048031689 1.07454869325 1.0868855612 1.11553879705 1.19938977573
17 204 1.27785319428 1.19607315817 0.808869377682 0.808869377682 0.833227743099 0.872931715241 0.877031701111 0.901704056106 0.915260864683 0.942262238269 0.948384008255 0.966567804155 0.96899564164 0.978813485968 1.012557135 1.03638106689 1.06795827866 1.08050614743 1.12338375474 1.19607315817
18 216 1.21132488287 1.20074253579 0.802873359419 0.802873359419 0.831378587464 0.863432759986 0.87249291476 0.89939322282 0.913053910498 0.937883928084 0.953274334387 0.962220487096 0.966853646434 0.979006267068 1.00206489987 1.04212857332 1.06304766396 1.07867223015 1.11780805234 1.20074253579
19 228 1.19223268933 1.20556918263 0.798347298993 0.798347298993 0.824550952708 0.861931258868 0.873468555229 0.894433389314 0.903736398499 0.94367260575 0.956098092321 0.960774696668 0.975267188724 0.983126583346 1.0006760896 1.04275735814 1.05260351992 1.0824501931 1.1111230034 1.20556918263
20 240 1.15191033123 1.21624314376 0.80394697372 0.80394697372 0.818744954682 0.853293571401 0.870925291439 0.893189514267 0.897527841889 0.945783707297 0.95389839889 0.961314439171 0.973399828712 0.981001319646 1.01185133289 1.03276510695 1.0459750073 1.07805172612 1.12250461573 1.21624314376
21 252 1.12937461522 1.2309182228 0.795528648087 0.795528648087 0.818161781112 0.838541225108 0.869167604879 0.889739306606 0.898455573961 0.931321730993 0.952120522717 0.960593654165 0.974588800638 0.984399235472 1.0190665312 1.02625090736 1.06136174481 1.08031040094 1.1186986008 1.2309182228
22 264 1.08753050171 1.22068930298 0.800260265147 0.800260265147 0.820705379567 0.82829519115 0.873106679179 0.884713862088 0.89859920792 0.923701675186 0.939851475188 0.963025130024 0.977235803654 0.983032586006 1.01376893616 1.02690048789 1.05548362948 1.08261335315 1.10963612467 1.22068930298
23 276 1.0276777983 1.2168576601 0.800297351461 0.800297351461 0.82402197822 0.826193519827 0.866525525158 0.874287876575 0.890409195595 0.924839060097 0.944141291079 0.960793278969 0.975304032246 0.992599529388 1.01168361541 1.01817912849 1.04808590395 1.10059554319 1.11125792732 1.2168576601
24 288 0.977736268842 1.21705682569 0.783490440655 0.783490440655 0.821233154654 0.833286807721 0.85734918241 0.866378149054 0.892831929054 0.938428181436 0.939306479858 0.952923693707 0.976420967934 0.983880530509 1.0065951206 1.02417036175 1.06163083867 1.0921909613 1.10648334933 1.21705682569
25 300 0.929479924128 1.24688486447 0.773883199088 0.773883199088 0.821937134437 0.834887382191 0.845778218953 0.861595379844 0.88515207348 0.925844425979 0.938792857659 0.965943052925 0.972737642972 0.986129037067 1.00588985657 1.03210387816 1.04909039483 1.08481310341 1.09653521961 1.24688486447
26 312 0.889323976918 1.24885217072 0.767603127228 0.767603127228 0.820078769781 0.824975517735 0.844774250646 0.863934421071 0.875915022171 0.931034940968 0.931788964053 0.959196792312 0.968130502765 0.980718433403 1.00610768917 1.02532380995 1.04739035374 1.08168737581 1.0935454999 1.24885217072
27 324 0.877827977768 1.25337708558 0.766945139947 0.766945139947 0.803640878411 0.821734348879 0.834328336385 0.857680296809 0.87527351752 0.917434906229 0.939029553306 0.952514678455 0.964618388524 0.97536591764 1.00454560844 1.03494524268 1.04536314389 1.08301695683 1.08596707547 1.25337708558
28 336 0.863618635599 1.25927070042 0.765552932152 0.765552932152 0.798846770875 0.814913859766 0.840075405156 0.858354856126 0.866581711135 0.916930613733 0.933434067657 0.953583747882 0.964884473701 0.969070449181 1.01948251048 1.03593282652 1.05093495856 1.07587771468 1.09188709436 1.25927070042
29 348 0.851732506876 1.26418281173 0.762960202284 0.762960202284 0.792730296225 0.815028360454 0.837081000588 0.85014973942 0.864244109765 0.908942837439 0.922527384833 0.956238194333 0.961884074012 0.990660637759 1.00974485044 1.0366257785 1.05339884198 1.07909951605 1.09476175789 1.26418281173
30 360 0.823150877374 1.25863673937 0.75329992701 0.75329992701 0.785214905439 0.816425652649 0.826107141267 0.848374565177 0.862422818629 0.905823438015 0.917579310464 0.944566828949 0.973068166859 0.984742603609 1.01410033298 1.04419171936 1.05533656226 1.07657541459 1.10845276252 1.25863673937
31 372 0.808077392363 1.29914279199 0.75342552259 0.75342552259 0.776461812875 0.804050704229 0.824870214309 0.844910726191 0.861669912992 0.911524912977 0.916970780546 0.945102566155 0.955893575209 0.986309490821 1.00035277773 1.04421654807 1.05138108982 1.0814882939 1.10496929506 1.29914279199
32 384 0.83773390412 1.30731009757 0.745582935371 0.745582935371 0.772353452549 0.794985964797 0.820469516617 0.851200797359 0.861670395724 0.909855745091 0.911268569611 0.939769557461 0.960381341407 0.985649396582 1.01003479449 1.03871520435 1.05463671247 1.08673910281 1.11380961397 1.30731009757
33 396 0.847684098549 1.31509276126 0.736828352858 0.736828352858 0.773854017937 0.793713768402 0.822247334215 0.850670379 0.85417205235 0.89900301736 0.910640508024 0.93892831118 0.957946468745 0.994554045404 1.0029570393 1.0370285808 1.05831215947 1.11199229281 1.11574565083 1.31509276126
34 408 0.867373879426 1.34594131837 0.731502314403 0.731502314403 0.767581580201 0.794006366265 0.820062918917 0.844514281883 0.85412477065 0.893724528176 0.913269639637 0.933072127328 0.948926324538 0.985361538864 1.00260787301 1.03834696721 1.0601026428 1.10680514995 1.12411284243 1.34594131837
35 420 0.904081323737 1.37394673958 0.727241129195 0.727241129195 0.768018355717 0.789992433195 0.826097191692 0.839721686144 0.854498099586 0.888918433312 0.912416478686 0.932481950499 0.953859463656 0.981150639097 1.00390001389 1.03484386496 1.06174751021 1.09668332963 1.14925156326 1.37394673958
36 432 0.944015282147 1.40299947711 0.729056793934 0.729056793934 0.760953236411 0.790587620318 0.825132247186 0.83298275759 0.849185616734 0.887235572954 0.912495333567 0.937480650416 0.954090794425 0.984108866685 0.997613023735 1.03412622594 1.07099463931 1.08572704608 1.15917045144 1.40299947711
37 444 0.966186539021 1.45286908848 0.726229155077 0.726229155077 0.759263710322 0.776400744831 0.81306123169 0.841880409026 0.848970206344 0.871197341447 0.912444993369 0.931690045674 0.953621578976 0.987368837131 1.01206117997 1.0287434158 1.06961172238 1.08959866402 1.16825386274 1.45286908848
38 456 0.990236449675 1.48517651589 0.723168976971 0.723168976971 0.757102109266 0.768561837174 0.81278399897 0.832461690469 0.847100944188 0.869998470901 0.9159445067 0.922316446483 0.953013035385 0.983846575746 1.01542835735 1.03859940601 1.07086392279 1.08533867424 1.17177181173 1.48517651589
39 468 0.978770469559 1.50171883948 0.710413507204 0.710413507204 0.757046205477 0.774508256975 0.814618584268 0.824111167426 0.84303618685 0.870221410128 0.902286398175 0.92794400571 0.953110098575 0.993202257811 1.01482540883 1.03838646696 1.06453519745 1.07491209087 1.20428303 1.50171883948
40 480 0.957982330498 1.52388355668 0.706688672325 0.706688672325 0.751688969234 0.767996138806 0.8126752849 0.820521516045 0.839847419536 0.876726141519 0.893242518608 0.922362619911 0.964007568998 0.996869508851 1.01369586014 1.04052412995 1.05795547055 1.0857120043 1.19740959951 1.52388355668
41 492 0.945430148359 1.53421176904 0.695594965359 0.695594965359 0.745080846126 0.763312021988 0.786607006988 0.819083871672 0.840441431937 0.875932300415 0.89146026791 0.918726422066 0.970306887984 1.0010545844 1.01015713255 1.04127614566 1.06725144308 1.10514184454 1.20078616921 1.53421176904
42 504 0.945342221983 1.54033144907 0.679146314627 0.679146314627 0.749347083633 0.77052458115 0.785145107334 0.822144168074 0.829410599554 0.872051940194 0.882784850113 0.904089876946 0.972614957323 0.99232582517 1.01169712569 1.04224093723 1.07002110927 1.11150731883 1.19222040059 1.54033144907
43 516 0.979380088116 1.53769339583 0.680335911423 0.680335911423 0.752046298185 0.766446789299 0.783585526314 0.820649087615 0.827786280052 0.872793860405 0.88277212573 0.897925743004 0.957719751526 0.994015784193 1.01707980058 1.03163524404 1.06927865799 1.11123084275 1.2137083263 1.53769339583
44 528 0.953709287122 1.53091355876 0.679715207453 0.679715207453 0.741138390348 0.763818920652 0.776706166075 0.826685697144 0.843099550621 0.87640865064 0.887211190273 0.893838231634 0.95579680899 0.977951190002 1.0088447384 1.03122984635 1.06788091096 1.13046517766 1.22283804298 1.53091355876
45 540 0.886843469097 1.52919003498 0.674158644753 0.674158644753 0.72351794542 0.760210414266 0.770597329334 0.825719156618 0.835457259158 0.878026263949 0.885381727588 0.891621806441 0.963214255428 0.974575652442 1.00793927964 1.02505195061 1.06606554407 1.14386681728 1.23207015458 1.52919003498
46 552 0.87700919264 1.5222704292 0.671932510068 0.671932510068 0.717061212355 0.747153855713 0.772974674507 0.826464676298 0.83700151883 0.872026602745 0.878353322935 0.895465812366 0.960004190064 0.977620449701 1.00724567633 1.0408581638 1.04907540643 1.11932685317 1.22806800548 1.5222704292
47 564 0.888503174439 1.52103940771 0.663944060462 0.663944060462 0.723086614711 0.745174905541 0.779009020209 0.812608669364 0.837844280346 0.867943189587 0.883816568264 0.894607674529 0.958214928915 0.980040169257 1.01570002897 1.03694624069 1.06260233944 1.10866131191 1.21595619095 1.52103940771
48 576 0.882863598083 1.51413464397 0.6689954785 0.6689954785 0.720345987643 0.755233805982 0.778173121863 0.789281156679 0.840297791794 0.869982985757 0.880235326775 0.893010254541 0.958953577708 0.985730731474 1.0128766256 1.01816568125 1.06831966543 1.10514829782 1.23316239166 1.51413464397
49 588 0.877687271929 1.50694541025 0.666910093531 0.666910093531 0.709850463677 0.754929688928 0.769424519522 0.788398841925 0.837234448329 0.870291889554 0.878954683278 0.896864428121 0.95873482769 0.985752297896 1.00564162421 1.01819988926 1.06997395456 1.10588193717 1.22968780905 1.50694541025
50 600 0.818619748417 1.50789127011 0.654783335417 0.654783335417 0.709405179909 0.753306131798 0.769885775132 0.778446187351 0.832931874919 0.867220126595 0.880112192734 0.891256217903 0.960271539622 0.975831868611 1.00240551906 1.02074329788 1.08668995904 1.10408404638 1.22581738178 1.50789127011
51 612 0.800248484996 1.50511923803 0.652218299335 0.652218299335 0.710768049298 0.748239778836 0.769334381199 0.776336301838 0.814059174049 0.862242953631 0.873872443371 0.890721247564 0.954138250029 0.975874219452 0.992870137981 1.01568552026 1.08669904399 1.09621983964 1.22161056766 1.50511923803
52 624 0.808140428783 1.50992076055 0.649539490155 0.649539490155 0.703195613184 0.741471902548 0.767776731409 0.782112891578 0.814052830269 0.852208449857 0.87209943021 0.886583645181 0.94997826138 0.968647358837 0.987164322553 1.02005553949 1.08796133661 1.11160862458 1.21156903943 1.50992076055
53 636 0.813737843557 1.50441983414 0.644671468204 0.644671468204 0.694981663819 0.741761715961 0.746513629869 0.784095934679 0.817503673042 0.852728158515 0.869160978324 0.878458628132 0.956866444098 0.971910831751 0.976810428301 1.01614098132 1.07870138039 1.14764757973 1.21322190755 1.50441983414
54 648 0.83065853381 1.50048411489 0.627336989901 0.627336989901 0.696729248369 0.739539905069 0.744481423974 0.779324009728 0.827453585111 0.853538030732 0.873361061123 0.876633256869 0.945359232104 0.969159162919 0.979252666487 1.00823013903 1.06952602951 1.16651993716 1.21073391124 1.50048411489
55 660 0.794782764805 1.50757247067 0.624762635509 0.624762635509 0.700092052017 0.735400277146 0.746460323448 0.77845715181 0.82842373608 0.845699486667 0.866220596091 0.873533272782 0.931814377654 0.968466048656 0.975039264347 1.00465678428 1.07378702238 1.181748003 1.21597103087 1.50757247067
56 672 0.763073876458 1.51737883045 0.62408318017 0.62408318017 0.69399250417 0.726556110657 0.747174789004 0.779853052678 0.824277824548 0.833367400936 0.86236828587 0.880701907726 0.919846938185 0.96455465907 0.971462550215 1.01267494039 1.07216075613 1.19475667052 1.21853322353 1.51737883045
57 684 0.731087437614 1.5243752916 0.610707680793 0.610707680793 0.693619558887 0.724713906322 0.734902347051 0.773577397548 0.820344728041 0.840725638322 0.860794579252 0.883294458557 0.917408208811 0.96241736211 0.972452452038 1.01624310034 1.06349803301 1.1924110609 1.22364824362 1.5243752916
58 696 0.718752548937 1.54464274215 0.596217667033 0.596217667033 0.690102167028 0.721245171553 0.729578226473 0.758231078912 0.812909995121 0.840422501218 0.862142990141 0.89223221719 0.918771441549 0.962166098625 0.976050674562 1.00656796473 1.06419249194 1.19377912772 1.23232085202 1.54464274215
59 708 0.715426583777 1.56351531069 0.589247854625 0.589247854625 0.682950070352 0.724855606617 0.736850886581 0.748043433496 0.80947317018 0.837112066287 0.858806169603 0.888486070096 0.917806006929 0.961061929328 0.977186105154 0.99505927949 1.06714817417 1.19476704359 1.22830887138 1.56351531069
60 720 0.695303259576 1.58532835842 0.586972170473 0.586972170473 0.671755270003 0.723711292143 0.735751270771 0.754038736121 0.801554273197 0.826518082989 0.854663236323 0.890887194802 0.921692180541 0.958209411956 0.979712714372 0.994752955084 1.0808374271 1.18415511064 1.23696029557 1.58532835842
61 732 0.676199752771 1.58450386932 0.580650923329 0.580650923329 0.677202615453 0.718660151379 0.734538094888 0.754299448789 0.780960195834 0.824075482904 0.853054792348 0.891006063235 0.910662026198 0.961141512227 0.976713165796 1.00707491717 1.09373852296 1.18234084971 1.23359988993 1.58450386932
62 744 0.682530255092 1.59663566238 0.577671385569 0.577671385569 0.672759723254 0.7206225597 0.733527318623 0.745667941681 0.783606200429 0.813268267198 0.852202210093 0.885818615682 0.914432597569 0.961786084221 0.986994475947 1.01141905645 1.09359073821 1.16849930792 1.23638301286 1.59663566238
63 756 0.671857862609 1.58036220037 0.572188116922 0.572188116922 0.672611545739 0.726124419439 0.727129301655 0.737897885262 0.781295940828 0.808330354129 0.848243278443 0.885636649318 0.905606634152 0.969241677049 0.998115169031 1.02304292417 1.0985058556 1.17180281 1.24320304354 1.58036220037
64 768 0.666079782451 1.58689332158 0.552839510842 0.552839510842 0.67058516267 0.719292923574 0.728193464935 0.734796449548 0.789466873265 0.806895579808 0.849086934268 0.893665797372 0.911392228163 0.962766757921 0.998762630906 1.02205090141 1.09170867848 1.16912754219 1.24599132755 1.58689332158
65 780 0.678810742068 1.58390147697 0.554378822687 0.554378822687 0.673227345336 0.719388776723 0.724185614337 0.731876082496 0.788157168194 0.809701285453 0.849687860769 0.890328303929 0.918431765929 0.941741671283 1.00389513748 1.02411523442 1.09006039961 1.16337216695 1.24928781027 1.58390147697
66 792 0.701915387982 1.58365611974 0.545532312996 0.545532312996 0.666358937124 0.717305110937 0.723880351506 0.740592742822 0.785672196976 0.807765704298 0.84920389533 0.879950418612 0.912586943172 0.945778250198 1.00413590737 1.03242914216 1.0961238913 1.18117844396 1.24508996885 1.58365611974
67 804 0.720669478388 1.59626902308 0.540839401529 0.540839401529 0.656485159578 0.704877249815 0.716951526681 0.744801887445 0.774156207531 0.803682214085 0.847240475901 0.887625093332 0.922283220165 0.94545766338 0.993639365188 1.03509227049 1.1025362697 1.19346280934 1.25529506968 1.59626902308
68 816 0.678453108938 1.59426458737 0.540212721575 0.540212721575 0.651379115073 0.703565270049 0.717874544044 0.74290535358 0.760588289801 0.795703779015 0.853362023408 0.89121266717 0.932515955496 0.953885910055 0.994796868726 1.02374460215 1.10679400405 1.19752671904 1.24569301318 1.59426458737
69 828 0.6624536402 1.59335043518 0.533393675987 0.533393675987 0.649201624786 0.69988644437 0.719716646337 0.734693245362 0.763357130555 0.79275394166 0.857490992904 0.889596896527 0.92979455115 0.9553589199 0.980037424732 1.01733159841 1.10107817477 1.20891600616 1.25437082151 1.59335043518
70 840 0.678883382042 1.59522799605 0.52915043944 0.52915043944 0.641634679556 0.695334896725 0.713916457412 0.734304005293 0.760753388749 0.789004236738 0.852146741173 0.892748352878 0.926601101878 0.943517026421 0.98361390559 1.00934192488 1.09225413437 1.23159535278 1.27375744389 1.59522799605
71 852 0.682315976837 1.60415256987 0.527015516742 0.527015516742 0.637888230878 0.694971447917 0.715074263131 0.735156766329 0.754776797492 0.782840807444 0.844372682663 0.901929160635 0.916818880065 0.935715743377 0.974292003151 1.00949627659 1.08273004869 1.22733572348 1.31694461032 1.60415256987
72 864 0.694739198439 1.61238240763 0.517452070171 0.517452070171 0.653319375241 0.69319585893 0.709287168855 0.732319054448 0.758089928091 0.787054497703 0.83850629707 0.903902035026 0.907333708679 0.933172834481 0.969951228983 0.992634000252 1.08035265464 1.22368841422 1.33287169998 1.61238240763
73 876 0.706168734777 1.63386953395 0.513235548311 0.513235548311 0.650540085595 0.688365419578 0.700871805688 0.729768377715 0.764569415227 0.781983926047 0.835592079931 0.899061976482 0.911310571524 0.941451374833 0.979606000106 0.985155364817 1.08039314063 1.21943024319 1.35751914448 1.63386953395
74 888 0.736243148569 1.67277871708 0.510534566124 0.510534566124 0.645796713754 0.679601899137 0.697426284459 0.727753521593 0.767692719396 0.785043313318 0.838067520705 0.895165615695 0.908648766539 0.941615230337 0.978635534533 0.988797106684 1.06396604207 1.21343408916 1.36252399778 1.67277871708
75 900 0.740162816365 1.70984155964 0.501495700457 0.501495700457 0.631222651718 0.681805175254 0.694536432752 0.721572541652 0.765227431553 0.80482418999 0.838673157942 0.890202660672 0.908595775924 0.932114395206 0.980085457789 0.999065370933 1.06156774725 1.22603477946 1.37882417761 1.70984155964
76 912 0.762146732122 1.73572526915 0.497411538518 0.497411538518 0.630068798173 0.681011134596 0.695922934777 0.719809464713 0.759909826073 0.799075634181 0.84216738477 0.883429506405 0.901947802417 0.934017796918 0.9743000854 1.00697465356 1.05715045117 1.22334456371 1.3786618611 1.73572526915
77 924 0.757262463984 1.77382180307 0.490383461227 0.490383461227 0.621271581318 0.682416442423 0.696569433913 0.716627803213 0.764849273925 0.802015416794 0.836832872255 0.881897314216 0.902092867418 0.926685195198 0.978532737562 1.00853024894 1.04991595756 1.2254136447 1.38001150823 1.77382180307
78 936 0.728168460819 1.79181242123 0.484393551346 0.484393551346 0.614342510449 0.677363944841 0.694493875231 0.712498064995 0.765095148702 0.8068419498 0.82813630411 0.889345081992 0.898532578363 0.939653295234 0.96850482571 1.00207443775 1.05501276244 1.21937170836 1.37399549126 1.79181242123
79 948 0.731827651425 1.76653903915 0.479237046342 0.479237046342 0.6111110986 0.674270236451 0.690202844492 0.712157204654 0.768062285434 0.799922261115 0.830214951812 0.885751248602 0.888475261998 0.934399654145 0.97529123279 1.00956150454 1.05054823716 1.2206344747 1.38835559461 1.76653903915
80 960 0.694287610546 1.75355327787 0.47445874349 0.47445874349 0.603830355769 0.677417815182 0.694932081899 0.714129633849 0.763388998745 0.795301923304 0.830126047076 0.871724857117 0.899201107329 0.923006125105 0.974596512815 1.0127645923 1.05558000321 1.22832916011 1.40044051553 1.75355327787
81 972 0.64301434606 1.74075494619 0.461939795349 0.461939795349 0.603135128341 0.673369388961 0.69653944071 0.712180975872 0.752304501368 0.802475671509 0.841360534495 0.866662331859 0.904130263406 0.920081126527 0.97163189261 1.01403221266 1.05515019217 1.22986699804 1.39715577743 1.74075494619
82 984 0.591563724768 1.73929818354 0.459664072938 0.459664072938 0.593306241372 0.668012254352 0.695222217308 0.714437063386 0.755669436713 0.799832366904 0.846292450801 0.855783178687 0.904254630712 0.914970309001 0.968761268965 1.01945093243 1.05364168051 1.21468188851 1.39577237468 1.73929818354
83 996 0.546156392083 1.73625456319 0.452515833579 0.452515833579 0.588229892855 0.661644144521 0.68864083617 0.711603996409 0.759947916609 0.79896787585 0.845324881394 0.857635079432 0.894463043568 0.916305213716 0.972467143957 1.01085410264 1.05328039143 1.20726675371 1.38621580876 1.73625456319
84 1008 0.502837584038 1.73913212015 0.442297063528 0.442297063528 0.584937188017 0.661388525734 0.688023607361 0.707570860577 0.759401261828 0.799512421778 0.830221305662 0.85302038348 0.903237403626 0.913061666183 0.968574038728 1.01291170718 1.05320844024 1.21144398022 1.39856473475 1.73913212015
85 1020 0.481112912475 1.72986981724 0.432001002528 0.432001002528 0.580660594626 0.65804406918 0.677227100631 0.703204170268 0.766518644458 0.801109156871 0.826007367021 0.853973295045 0.895169666197 0.918904557783 0.966874132832 1.01128828298 1.06488566205 1.2063686631 1.38259244616 1.72986981724
86 1032 0.469952312861 1.76019921124 0.428649573498 0.428649573498 0.570962799187 0.652411662252 0.673871452496 0.702732485185 0.763717995519 0.805029877864 0.820106851607 0.853300955402 0.896324591664 0.922958089121 0.961155706891 1.00621382859 1.06853591092 1.2117517923 1.36462623143 1.76019921124
87 1044 0.462261534416 1.75958567446 0.420602034503 0.420602034503 0.571438798401 0.654380308818 0.667776998035 0.700683413637 0.762298070881 0.802302200727 0.812484352524 0.851770727271 0.895302864975 0.934055506993 0.973538027139 1.0077353666 1.05160130474 1.21898977784 1.36883438161 1.75958567446
88 1056 0.460233931675 1.74216189579 0.413105186052 0.413105186052 0.579953931136 0.648950680045 0.666199540319 0.703146910241 0.763299703792 0.790905073255 0.809932660298 0.849863671729 0.879729593181 0.927145799237 0.978056510562 1.01109589925 1.06936645612 1.2192691968 1.3686371437 1.74216189579
89 1068 0.45146884983 1.72663956784 0.404774173445 0.404774173445 0.579403876758 0.643223587748 0.666639752474 0.702722597579 0.75052543318 0.787385442584 0.807918658004 0.863944011989 0.884919256275 0.932880754545 0.981244627542 1.01278332694 1.08089517249 1.21611246545 1.36306845134 1.72663956784
90 1080 0.450594249625 1.74151320381 0.389797025554 0.389797025554 0.581866388861 0.634969162127 0.669639426102 0.688270259321 0.754575536724 0.785489718976 0.816157328161 0.858695967294 0.87423437378 0.934690552765 0.980944393076 1.00957141299 1.08689591793 1.23403805563 1.36372194989 1.74151320381
91 1092 0.430549946073 1.7406857509 0.384614735997 0.384614735997 0.575347004485 0.634075184371 0.669385267768 0.688336455388 0.763190535943 0.78520542968 0.823859112462 0.857934121693 0.871453205277 0.924840533778 0.976829326933 1.01375753076 1.08700258526 1.23088059498 1.3631130988 1.7406857509
92 1104 0.397825259402 1.74736842234 0.383376787701 0.383376787701 0.573894846784 0.631175334318 0.658261745021 0.690975091481 0.751377692624 0.78325743436 0.820266943316 0.863362258097 0.873254672492 0.93089428378 0.9695630837 1.01271114807 1.0789158564 1.23923422256 1.36869355528 1.74736842234
93 1116 0.375212954465 1.747457464 0.373017597753 0.373017597753 0.567834715145 0.623498707279 0.650821972919 0.688353279022 0.748583678444 0.786186802824 0.818329443198 0.85732085592 0.874087764005 0.929575591529 0.966690298139 1.01366332854 1.07821087912 1.23883781593 1.35404182166 1.747457464
94 1128 0.343223945867 1.7554244402 0.368211039901 0.368211039901 0.565717219288 0.622891802484 0.658479453417 0.686226783815 0.753449335817 0.778087574739 0.810538897911 0.849362339225 0.874046467713 0.9203555013 0.959945221635 1.00652851406 1.07963960875 1.23566889179 1.35128930121 1.7554244402
95 1140 0.331055069745 1.74965174644 0.361795207793 0.361795207793 0.563309218195 0.61996763042 0.655151946164 0.68026906883 0.751514101592 0.772345220921 0.815091816583 0.848855984045 0.875433453641 0.898786629145 0.951316134086 1.01554365905 1.07223723338 1.23308946806 1.35738096979 1.74965174644
96 1152 0.331763251037 1.77330900539 0.357832798588 0.357832798588 0.559920310065 0.610606703247 0.647104123447 0.670113174872 0.751253449426 0.774650887454 0.822519150582 0.850840559574 0.881008486471 0.90281166175 0.949748531803 1.02618818106 1.06850469832 1.23859066988 1.35570867844 1.77330900539
97 1164 0.317262484533 1.79215020922 0.352828689031 0.352828689031 0.55804911206 0.60850635971 0.6508728549 0.67275086086 0.755160131412 0.774894839748 0.813858556418 0.858313208835 0.875389287407 0.903326198186 0.940179091694 1.01693709838 1.06168322 1.23270783311 1.38705678391 1.79215020922
98 1176 0.301855798274 1.79871830166 0.346127123037 0.346127123037 0.56157158086 0.60821929086 0.653422121027 0.675210102671 0.745498170783 0.76873206387 0.811419932147 0.856107542242 0.872768204366 0.900734846567 0.937863626847 1.02386755123 1.06595014114 1.22555708198 1.38865358424 1.79871830166
99 1188 0.281168853849 1.81184568472 0.342264588385 0.342264588385 0.552181194495 0.606616963556 0.652228145335 0.674784451813 0.741620112533 0.760344603445 0.819620126405 0.844898195676 0.876021098877 0.899941420797 0.929603427817 1.02255576249 1.06461566813 1.22441926484 1.38918340433 1.81184568472
100 1200 0.263444159196 1.82660958485 0.337941082535 0.337941082535 0.551875259786 0.609539562672 0.648168031482 0.672731188675 0.735096665045 0.754437945311 0.814119754323 0.845696620528 0.8707752944 0.896535046114 0.921435089898 1.02670610665 1.07851327947 1.23328977466 1.36559839077 1.82660958485
101 1212 0.249592122875 1.83695917397 0.335634875865 0.335634875865 0.541690800716 0.604985299439 0.646543770529 0.666747026785 0.731498693499 0.752006415649 0.807627411565 0.846572611458 0.874076780392 0.896051972643 0.916452135553 1.02678281569 1.08357934765 1.22987119779 1.3515288924 1.83695917397
102 1224 0.244421694427 1.81864394226 0.329051824939 0.329051824939 0.541168189451 0.60680675346 0.643657914771 0.663916476786 0.732765599339 0.760438548449 0.804969425861 0.84573264394 0.878060313857 0.892868271491 0.907914781553 1.03269136051 1.0703525336 1.22018630138 1.3452149236 1.81864394226
103 1236 0.24123195061 1.82006146279 0.324864343218 0.324864343218 0.542751887388 0.606485600975 0.638919020113 0.665212884351 0.730021910045 0.762659365304 0.802830891789 0.837445728249 0.877997698312 0.893219644037 0.910101659698 1.02821335616 1.06622571 1.21773264803 1.35020609125 1.82006146279
104 1248 0.249141092299 1.82801405412 0.312560198213 0.312560198213 0.540892039908 0.591139000818 0.639688325833 0.666108951929 0.73075627224 0.763141937504 0.805837109208 0.842280159832 0.879460214223 0.889665734727 0.907774187877 1.04747949174 1.06554272806 1.2075638775 1.3439108008 1.82801405412
105 1260 0.257066069892 1.8186440745 0.311498993194 0.311498993194 0.540410360555 0.589033958463 0.6324187023 0.66146279203 0.725162785102 0.762343858411 0.808785621648 0.836501650284 0.875751160847 0.904348779091 0.910456837778 1.05200797021 1.07831884082 1.201411231 1.34290690794 1.8186440745
106 1272 0.254726390119 1.81571713077 0.303527367051 0.303527367051 0.535863030226 0.590847313211 0.633991436976 0.669879722736 0.722533255408 0.765987527934 0.812034030458 0.832742417232 0.864346520548 0.905801244562 0.918813122054 1.06288416273 1.09625435219 1.21254607988 1.35005512399 1.81571713077
107 1284 0.259708094493 1.81757577113 0.302209972035 0.302209972035 0.53452537811 0.591290508049 0.631925386019 0.663094747462 0.714096860507 0.762285107302 0.802620349217 0.841021118684 0.867058640688 0.902393267854 0.936813782358 1.0500162377 1.11424369569 1.20809762482 1.34277463976 1.81757577113
108 1296 0.252805187371 1.80810939049 0.300974404486 0.300974404486 0.533321325069 0.588167475163 0.631131111905 0.660697931172 0.711171109034 0.760554143907 0.800279878333 0.840194052176 0.859127130101 0.88570846713 0.940743564928 1.05470222647 1.12913257983 1.20877725928 1.3579934326 1.80810939049
109 1308 0.245834430375 1.8073004278 0.299975580772 0.299975580772 0.528434830715 0.591112949375 0.637736658275 0.65850224697 0.704677518527 0.763335697031 0.790277551393 0.839450982557 0.855164739425 0.879714001346 0.936951921796 1.03046348809 1.14414260287 1.21633944935 1.36030566625 1.8073004278
110 1320 0.248397109159 1.79034411595 0.29710362282 0.29710362282 0.520230112128 0.59610367909 0.632408600623 0.646497719908 0.703817785868 0.762442316288 0.789597284089 0.83804486166 0.860258160776 0.894677951348 0.931411556024 1.03023411843 1.14638188448 1.22699921927 1.36155264855 1.79034411595
111 1332 0.236862871811 1.77782089669 0.291245498641 0.291245498641 0.51924515077 0.600415704016 0.630012972351 0.646241659563 0.696733466992 0.760770110294 0.767969275959 0.835337427278 0.855317300462 0.900211091806 0.92580950704 1.03845865074 1.15925828664 1.25233297956 1.36377338557 1.77782089669
112 1344 0.232321513208 1.77282308094 0.288564194117 0.288564194117 0.512558553299 0.603379030919 0.62706877361 0.644835264939 0.6935224794 0.75443981456 0.763532805912 0.833415696857 0.853289741099 0.910866982139 0.918838328753 1.03531048987 1.16125567258 1.26117188031 1.3484813757 1.77282308094
113 1356 0.241021710518 1.77174066389 0.286725339407 0.286725339407 0.516286844356 0.603160156788 0.623820198621 0.645220821079 0.696571368613 0.732392329353 0.760741055179 0.826260876649 0.839022016741 0.914830242041 0.932071274881 1.042215603 1.15599641025 1.27170052555 1.35895596478 1.77174066389
114 1368 0.244247250455 1.78635049648 0.284697420826 0.284697420826 0.523807854357 0.616092989039 0.627726354159 0.64093263864 0.69334498955 0.727499189084 0.771947926325 0.813543962805 0.84754620613 0.910514880276 0.923829316136 1.03899463488 1.15294849991 1.26914403635 1.36792645918 1.78635049648
115 1380 0.242896450046 1.7853570716 0.284755859227 0.284755859227 0.523315761 0.613827861799 0.625254872064 0.644466464212 0.68983289942 0.728825687324 0.76951408946 0.814383186718 0.849483023294 0.902199648187 0.933312205621 1.03877489566 1.1615488278 1.26853849386 1.35025834594 1.7853570716
116 1392 0.242800035085 1.76198131793 0.280930632886 0.280930632886 0.53134741564 0.612332101474 0.620432641574 0.637972421128 0.669546805426 0.729834410544 0.774760132439 0.815309877472 0.847334332329 0.915175195271 0.941158346106 1.03630445209 1.17135805965 1.28341287961 1.34730244409 1.76198131793
117 1404 0.239869805126 1.77351167473 0.280552604145 0.280552604145 0.524652392386 0.60866287125 0.625320775864 0.640283753752 0.6726978021 0.719750803867 0.780624658984 0.81728808683 0.853161179927 0.906296518344 0.941641238103 1.0188928146 1.16926716521 1.28418744215 1.34130260603 1.77351167473
118 1416 0.241369922328 1.77831002407 0.274828017782 0.274828017782 0.524291765064 0.612896612737 0.62478296873 0.638246094538 0.674044183209 0.715700937372 0.782026166947 0.814149765564 0.853504473241 0.912305977349 0.961948160332 1.01671670727 1.14873968733 1.29063943438 1.32573505319 1.77831002407
119 1428 0.255877164525 1.77186258479 0.26934323633 0.26934323633 0.530412258524 0.616744823373 0.62857087205 0.636065641824 0.676339974751 0.70907453426 0.781193206612 0.820914365964 0.850129110616 0.904262972711 0.958857794775 1.01705959253 1.14041515588 1.29417343898 1.32000329639 1.77186258479
120 1440 0.26606668153 1.75660548832 0.269351075008 0.269351075008 0.527814000481 0.6104396854 0.627807932672 0.633781041242 0.683527039073 0.713847417696 0.785988996009 0.830218970933 0.841652736175 0.904058398592 0.963860090484 1.03797404731 1.13793917598 1.28640378738 1.32998839496 1.75660548832
121 1452 0.274768345798 1.76895267995 0.264804117844 0.264804117844 0.525867202237 0.611790741156 0.628064302065 0.636319972716 0.679284507121 0.710913176776 0.788609625101 0.82191295781 0.837320201397 0.907767714947 0.961704269692 1.04532770482 1.14172305272 1.27790015749 1.33102491292 1.76895267995
122 1464 0.281243537634 1.77888063179 0.262740978498 0.262740978498 0.525775018326 0.610389261335 0.62634278257 0.637813656234 0.675127506479 0.710189754537 0.790107505918 0.817035786203 0.834930617685 0.911091046194 0.952080924054 1.04806820008 1.13331158216 1.27596306866 1.33047355492 1.77888063179
123 1476 0.293885224493 1.77748901979 0.261745805596 0.261745805596 0.519075359464 0.604929315335 0.626251862274 0.643934132163 0.666867621393 0.706650935248 0.788606834308 0.815301873767 0.850751921177 0.906253682153 0.944217988703 1.05610619373 1.14330690093 1.26315924668 1.33851292924 1.77748901979
124 1488 0.305309148792 1.7606199216 0.257740699062 0.257740699062 0.517211143562 0.604739284676 0.630980628293 0.64014188831 0.671583512684 0.703040428415 0.7878300952 0.810772484913 0.861621620557 0.922260120476 0.944843175497 1.07484299352 1.14530696717 1.24807713732 1.34228389048 1.7606199216
125 1500 0.30085908008 1.76892913444 0.253501070849 0.253501070849 0.517875895565 0.604796940812 0.625326037352 0.651730173823 0.670599638784 0.702776016693 0.776209701055 0.812545871485 0.867457065843 0.915602333884 0.936498118689 1.08443926567 1.14149376517 1.25495970665 1.34403374985 1.76892913444
126 1512 0.296706045496 1.78022897888 0.253650892291 0.253650892291 0.517941403992 0.606434032115 0.617346301229 0.647141101871 0.665982630645 0.699661105202 0.773756406151 0.802809496504 0.861071547215 0.911427914006 0.936037018668 1.09668895964 1.15133380551 1.24825663743 1.33997321921 1.78022897888
127 1524 0.294003864587 1.79009196515 0.253399814341 0.253399814341 0.513150041666 0.604910788354 0.609659480474 0.646189928307 0.660422666653 0.695827915344 0.778589972929 0.798468590223 0.863466654126 0.893468255563 0.941431640447 1.10161658087 1.1508824106 1.24437691211 1.35168715658 1.79009196515
128 1536 0.285571470613 1.7872427452 0.248465340668 0.248465340668 0.511847461517 0.598282126904 0.604813316425 0.644115782622 0.668842238377 0.692709248507 0.772764988207 0.800270218861 0.860747525155 0.889699434724 0.934570014204 1.10338556729 1.15092760731 1.24701371625 1.35472356009 1.7872427452
129 1548 0.27253948612 1.78749785274 0.248424793596 0.248424793596 0.515929456983 0.589908690691 0.605169713754 0.643219087598 0.668581122728 0.686496049828 0.774853151635 0.800478486497 0.852342809746 0.886398223767 0.934706121244 1.10815453341 1.14785946181 1.24809294923 1.35485136418 1.78749785274
130 1560 0.273554206513 1.78075742087 0.248062241669 0.248062241669 0.511748630981 0.587004887933 0.600505322039 0.639886773859 0.667229660535 0.681722126539 0.768032519933 0.804223296215 0.850384632744 0.878358836172 0.937568392362 1.10976421799 1.15946976797 1.24303239006 1.35066260903 1.78075742087
131 1572 0.285097707595 1.78389281195 0.247557481416 0.247557481416 0.513764549272 0.581786788249 0.597728905511 0.630682939881 0.671281672233 0.680987248122 0.768887513522 0.81044203337 0.836442348104 0.884356332652 0.939537064944 1.10675487338 1.15044400584 1.22402449939 1.37800513454 1.78389281195
132 1584 0.28882219082 1.78503048862 0.246146292147 0.246146292147 0.516636321893 0.583584666337 0.601690326649 0.633843052672 0.66846876453 0.6817719516 0.782376216499 0.809006305107 0.822062083857 0.887210610872 0.919658107754 1.09582166193 1.15162048696 1.23610010077 1.41937229878 1.78503048862
133 1596 0.282973943383 1.78062139688 0.245060340008 0.245060340008 0.519771402443 0.573340568592 0.603218535814 0.634244097274 0.664998482283 0.684962756608 0.783029172272 0.802414061026 0.822097966251 0.885058612359 0.91510979038 1.10772204158 1.16114361773 1.23377814291 1.43125269852 1.78062139688
134 1608 0.29144183894 1.76966443572 0.243567577742 0.243567577742 0.512814262207 0.571021012639 0.605225261703 0.629653467809 0.665123525628 0.675860905087 0.775163042708 0.797941031606 0.824197648991 0.878329177746 0.913341463495 1.10398995241 1.16839538257 1.22265969388 1.43901001561 1.76966443572
135 1620 0.301256297058 1.77541739441 0.243264041417 0.243264041417 0.51464760855 0.565249364082 0.613066489746 0.629617585874 0.66150733072 0.676283292353 0.778092844098 0.795481251168 0.813618235475 0.884114574501 0.909031234706 1.12388907041 1.17799475069 1.22199882856 1.43923285696 1.77541739441
136 1632 0.313165281101 1.76561138317 0.2421034434 0.2421034434 0.514663725999 0.567542984472 0.610510264064 0.63217959232 0.656995817567 0.673285969943 0.770733323939 0.789112752215 0.809640310623 0.899074731063 0.907555617183 1.12609362539 1.2008176889 1.22492941015 1.4323249211 1.76561138317
137 1644 0.323735389106 1.71712801821 0.23973811103 0.23973811103 0.516990053424 0.563763975456 0.612520655919 0.629738242529 0.648748795526 0.667665386472 0.769404112101 0.790897853528 0.810550258212 0.903226520489 0.936956893311 1.11192485418 1.22607002374 1.22789310747 1.4284491382 1.71712801821
138 1656 0.322821274822 1.71144401856 0.237530583986 0.237530583986 0.511765223127 0.560910088879 0.614510619358 0.625538686263 0.651493451952 0.665548254249 0.765321909792 0.782136916016 0.803527404046 0.896866921292 0.945598441755 1.09986224485 1.23280549865 1.23908856375 1.42610081295 1.71144401856
139 1668 0.315314829333 1.7251019779 0.231749188264 0.231749188264 0.513635274441 0.559146688728 0.601451429755 0.625583932691 0.647351331109 0.656027859828 0.761111385527 0.780340602308 0.805398585913 0.897278664663 0.967985478028 1.1000106216 1.22506686259 1.25174471566 1.42232579428 1.7251019779
