% # columns="iteration, evaluation, min max(neg(.)) min(pos(.)) max correlation, correlation matrix principle axes lengths  (sorted square roots of eigenvalues of correlation matrix)", seed=1, Wed Jan 31 08:18:59 2018
1 12 -0.0349407802156 -7.22833659472e-05 0.000412871353249 0.0390702238092 1 1 1 1 1 1 1 1 1 1 1 1 1 1 1
2 24 -0.0790633632625 -0.000111756627473 5.2891560328e-05 0.0428520470957 1 1 1 1 1 1 1 1 1 1 1 1 1 1 1
3 36 -0.103081327431 -0.000897228711843 8.20374353218e-05 0.0706653194022 1 1 1 1 1 1 1 1 1 1 1 1 1 1 1
4 48 -0.10888601745 -0.0011251133913 0.000109199476541 0.087292740336 1 1 1 1 1 1 1 1 1 1 1 1 1 1 1
5 60 -0.117562662555 -0.000823902558106 9.82430210397e-05 0.107229564268 1 1 1 1 1 1 1 1 1 1 1 1 1 1 1
6 72 -0.14150833819 -8.56853678742e-05 0.0014413873947 0.111466020874 1 1 1 1 1 1 1 1 1 1 1 1 1 1 1
7 84 -0.132952796583 -0.000232593683479 0.00292271933247 0.150316794156 1 1 1 1 1 1 1 1 1 1 1 1 1 1 1
8 96 -0.136516850688 -0.0011721773464 0.00207169453149 0.153290874365 1 1 1 1 1 1 1 1 1 1 1 1 1 1 1
9 108 -0.158393884312 -0.00183869775248 0.000722900266775 0.153722257975 1 1 1 1 1 1 1 1 1 1 1 1 1 1 1
10 120 -0.162634329398 -4.17237246562e-05 0.00203533514927 0.176912817192 1 1 1 1 1 1 1 1 1 1 1 1 1 1 1
11 132 -0.192020180213 -0.00080811918741 0.000788554108835 0.165350645027 1 1 1 1 1 1 1 1 1 1 1 1 1 1 1
12 144 -0.188013052318 -6.46990985375e-05 0.000244898654373 0.156474402004 1 1 1 1 1 1 1 1 1 1 1 1 1 1 1
13 156 -0.175589290903 -0.000472151405949 0.00164950591457 0.167004139393 1 1 1 1 1 1 1 1 1 1 1 1 1 1 1
14 168 -0.14042352244 -0.000445362933245 0.00186804105336 0.155918107407 1 1 1 1 1 1 1 1 1 1 1 1 1 1 1
15 180 -0.127907931954 -5.46572381458e-05 0.00132081465027 0.157476048697 1 1 1 1 1 1 1 1 1 1 1 1 1 1 1
16 192 -0.12711841152 -0.000515030558537 0.00388161756974 0.170844486466 1 1 1 1 1 1 1 1 1 1 1 1 1 1 1
17 204 -0.127684460453 -0.000825055928833 0.00167105508731 0.172150269596 1 1 1 1 1 1 1 1 1 1 1 1 1 1 1
18 216 -0.141926066651 -0.00121005192969 0.000162597263931 0.170623091849 1 1 1 1 1 1 1 1 1 1 1 1 1 1 1
19 228 -0.154540223237 -0.000888651023474 0.000332201368446 0.171366389115 1 1 1 1 1 1 1 1 1 1 1 1 1 1 1
20 240 -0.159916197074 -0.00177626195436 0.00120461878811 0.168661705617 1 1 1 1 1 1 1 1 1 1 1 1 1 1 1
21 252 -0.168083587102 -0.000536505808658 0.00161294649974 0.159725565809 1 1 1 1 1 1 1 1 1 1 1 1 1 1 1
22 264 -0.167434698715 -0.00126196785122 0.00150846354457 0.164134096655 1 1 1 1 1 1 1 1 1 1 1 1 1 1 1
23 276 -0.185516334177 -0.00100768962253 0.00217401258457 0.168106840554 1 1 1 1 1 1 1 1 1 1 1 1 1 1 1
24 288 -0.194917751511 -0.00529701129106 0.000564852513265 0.172967480607 1 1 1 1 1 1 1 1 1 1 1 1 1 1 1
25 300 -0.170238981496 -0.00209413137158 4.5590232707e-05 0.164039798399 1 1 1 1 1 1 1 1 1 1 1 1 1 1 1
26 312 -0.178876449981 -0.00225687144493 0.00345835556898 0.151371832922 1 1 1 1 1 1 1 1 1 1 1 1 1 1 1
27 324 -0.172091891887 -0.000596226787186 0.00141449048814 0.162427349942 1 1 1 1 1 1 1 1 1 1 1 1 1 1 1
28 336 -0.187055218637 -0.00147587385844 0.00391853868825 0.157309064674 1 1 1 1 1 1 1 1 1 1 1 1 1 1 1
29 348 -0.19991144503 -0.00412662674835 0.00164469780544 0.164027165572 1 1 1 1 1 1 1 1 1 1 1 1 1 1 1
30 360 -0.190811878755 -0.000157923122341 0.000309829438655 0.170464055047 1 1 1 1 1 1 1 1 1 1 1 1 1 1 1
31 372 -0.180459148914 -0.00506103664264 0.00143751634268 0.167184673805 1 1 1 1 1 1 1 1 1 1 1 1 1 1 1
32 384 -0.202575487415 -0.00104335493483 0.000310981895094 0.153647921868 1 1 1 1 1 1 1 1 1 1 1 1 1 1 1
33 396 -0.189729254086 -0.000841677109189 0.00168875365561 0.153279382324 1 1 1 1 1 1 1 1 1 1 1 1 1 1 1
34 408 -0.188763883716 -0.00113817984506 0.000718732755279 0.167056137839 1 1 1 1 1 1 1 1 1 1 1 1 1 1 1
35 420 -0.179118981929 -0.000977920077118 0.00237679222571 0.166915315556 1 1 1 1 1 1 1 1 1 1 1 1 1 1 1
36 432 -0.190893181901 -3.93190321704e-05 0.000948126922926 0.15702824709 1 1 1 1 1 1 1 1 1 1 1 1 1 1 1
37 444 -0.190902398359 -0.00215159402854 0.00564291823565 0.18638318389 1 1 1 1 1 1 1 1 1 1 1 1 1 1 1
38 456 -0.193918131052 -8.15966186058e-05 0.000177448938876 0.191965916419 1 1 1 1 1 1 1 1 1 1 1 1 1 1 1
39 468 -0.201274368192 -0.000813917294047 0.00197943488345 0.213002215111 1 1 1 1 1 1 1 1 1 1 1 1 1 1 1
40 480 -0.233836500696 -0.00563262862808 0.00124568182205 0.207553706478 1 1 1 1 1 1 1 1 1 1 1 1 1 1 1
41 492 -0.228392357591 -0.00218514675527 0.000689627843215 0.210617025533 1 1 1 1 1 1 1 1 1 1 1 1 1 1 1
42 504 -0.21931873139 -0.00687413373478 0.00165749940567 0.204827000958 1 1 1 1 1 1 1 1 1 1 1 1 1 1 1
43 516 -0.236600272622 -0.00118831548969 0.011175801681 0.185117983884 1 1 1 1 1 1 1 1 1 1 1 1 1 1 1
44 528 -0.21826002147 -0.00149768911731 0.0052753827599 0.179799034787 1 1 1 1 1 1 1 1 1 1 1 1 1 1 1
45 540 -0.221154231946 -0.000658702323111 0.00674084560021 0.17630496637 1 1 1 1 1 1 1 1 1 1 1 1 1 1 1
46 552 -0.230357423496 -0.000948203153499 9.24655578713e-05 0.194570320823 1 1 1 1 1 1 1 1 1 1 1 1 1 1 1
47 564 -0.250232616404 -0.00493004715118 0.00170227146077 0.185254553587 1 1 1 1 1 1 1 1 1 1 1 1 1 1 1
48 576 -0.277142418643 -0.00120696785331 0.00537249888603 0.187658251913 1 1 1 1 1 1 1 1 1 1 1 1 1 1 1
49 588 -0.281260202213 -1.31807999919e-06 0.00187356358223 0.200022521593 1 1 1 1 1 1 1 1 1 1 1 1 1 1 1
50 600 -0.269053974906 -0.00141995378435 0.000854122255938 0.221797125809 1 1 1 1 1 1 1 1 1 1 1 1 1 1 1
51 612 -0.267289798948 -0.00257234420959 0.00428457408125 0.222812416669 1 1 1 1 1 1 1 1 1 1 1 1 1 1 1
52 624 -0.254341155382 -0.000382153322015 0.00223549293928 0.222611506999 1 1 1 1 1 1 1 1 1 1 1 1 1 1 1
53 636 -0.2562261815 -0.000250294297212 0.00221278288877 0.234611484435 1 1 1 1 1 1 1 1 1 1 1 1 1 1 1
54 648 -0.263232905022 -0.000806076794494 0.00167682590951 0.238716638165 1 1 1 1 1 1 1 1 1 1 1 1 1 1 1
55 660 -0.276525295181 -0.00078356236647 0.000792395886979 0.2415273177 1 1 1 1 1 1 1 1 1 1 1 1 1 1 1
56 672 -0.287501026255 -0.00255497134394 0.00157132019008 0.246888256031 1 1 1 1 1 1 1 1 1 1 1 1 1 1 1
57 684 -0.291385913268 -0.00118896151753 0.0012489001599 0.245380762569 1 1 1 1 1 1 1 1 1 1 1 1 1 1 1
58 696 -0.291711388309 -0.0015305521219 0.00194729889122 0.242753738843 1 1 1 1 1 1 1 1 1 1 1 1 1 1 1
59 708 -0.285508859624 -0.0010890704903 0.00162287127242 0.250013241103 1 1 1 1 1 1 1 1 1 1 1 1 1 1 1
60 720 -0.286450345709 -0.00070391305753 0.00315567081663 0.25306766031 1 1 1 1 1 1 1 1 1 1 1 1 1 1 1
61 732 -0.285503658306 -0.000577869731592 0.0128957977512 0.252474760509 1 1 1 1 1 1 1 1 1 1 1 1 1 1 1
62 744 -0.29724831237 -0.00211374057514 0.00275367335007 0.232473998969 1 1 1 1 1 1 1 1 1 1 1 1 1 1 1
63 756 -0.305958617493 -0.00116173959296 0.00124272468152 0.228762399467 1 1 1 1 1 1 1 1 1 1 1 1 1 1 1
64 768 -0.301509094311 -0.000709956254145 0.00186022505278 0.243481715701 1 1 1 1 1 1 1 1 1 1 1 1 1 1 1
65 780 -0.296388301528 -0.00302246613884 0.00335088021049 0.23553702413 1 1 1 1 1 1 1 1 1 1 1 1 1 1 1
66 792 -0.303049314897 -0.00180431086111 0.00966706076418 0.25975526532 1 1 1 1 1 1 1 1 1 1 1 1 1 1 1
67 804 -0.284788187541 -0.00616631932116 0.00212172123003 0.25863544601 1 1 1 1 1 1 1 1 1 1 1 1 1 1 1
68 816 -0.300762407274 -0.000289627859342 0.00173981467704 0.254924055434 1 1 1 1 1 1 1 1 1 1 1 1 1 1 1
69 828 -0.296744610978 -0.00175967524236 0.000832635562368 0.264964823443 1 1 1 1 1 1 1 1 1 1 1 1 1 1 1
70 840 -0.289713536926 -0.00218839224539 0.00186684219541 0.252029516172 1 1 1 1 1 1 1 1 1 1 1 1 1 1 1
71 852 -0.273486448036 -0.00494931316159 0.000942976487726 0.258012537169 1 1 1 1 1 1 1 1 1 1 1 1 1 1 1
72 864 -0.279053526006 -0.000388266798217 0.00131581894016 0.265975404809 1 1 1 1 1 1 1 1 1 1 1 1 1 1 1
73 876 -0.295977863961 -0.00611562170787 0.000444172302525 0.264861609886 1 1 1 1 1 1 1 1 1 1 1 1 1 1 1
74 888 -0.292416775881 -0.0011616158591 0.00227691265551 0.255459703974 1 1 1 1 1 1 1 1 1 1 1 1 1 1 1
75 900 -0.285685666501 -0.00327990907546 0.00263750377213 0.271599424495 1 1 1 1 1 1 1 1 1 1 1 1 1 1 1
76 912 -0.274140994491 -0.00237268750272 0.000911650458326 0.294951320784 1 1 1 1 1 1 1 1 1 1 1 1 1 1 1
77 924 -0.294363232863 -0.00098300488241 0.00334982527609 0.315722910665 1 1 1 1 1 1 1 1 1 1 1 1 1 1 1
78 936 -0.295263140413 -0.00268666680137 0.0075775211893 0.332018039475 1 1 1 1 1 1 1 1 1 1 1 1 1 1 1
79 948 -0.257242349149 -8.84868316387e-05 0.00209136289701 0.317034279622 1 1 1 1 1 1 1 1 1 1 1 1 1 1 1
80 960 -0.270650809758 -0.00213100566258 0.00400662653555 0.309457849371 1 1 1 1 1 1 1 1 1 1 1 1 1 1 1
81 972 -0.268909256893 -0.00457093821141 0.0010840472888 0.322366828692 1 1 1 1 1 1 1 1 1 1 1 1 1 1 1
82 984 -0.279330863146 -0.000603579359185 0.00901605314887 0.347320782445 1 1 1 1 1 1 1 1 1 1 1 1 1 1 1
83 996 -0.249078994707 -0.000515275490088 0.00518501000842 0.347647402264 1 1 1 1 1 1 1 1 1 1 1 1 1 1 1
84 1008 -0.240009987462 -0.00100351832146 0.00100851531016 0.360661512527 1 1 1 1 1 1 1 1 1 1 1 1 1 1 1
85 1020 -0.252989955197 -0.000839291345142 0.001651506089 0.367058306792 1 1 1 1 1 1 1 1 1 1 1 1 1 1 1
86 1032 -0.265829868587 -0.00162831427484 0.00605908091129 0.38126531968 1 1 1 1 1 1 1 1 1 1 1 1 1 1 1
87 1044 -0.269088482573 -0.000840392445533 0.00589661878438 0.386179438659 1 1 1 1 1 1 1 1 1 1 1 1 1 1 1
88 1056 -0.273289754572 -0.000380084409208 0.00728115127404 0.37640045282 1 1 1 1 1 1 1 1 1 1 1 1 1 1 1
89 1068 -0.289257802139 -0.000620623672975 8.38672769598e-05 0.382065102443 1 1 1 1 1 1 1 1 1 1 1 1 1 1 1
90 1080 -0.284890158983 -0.00122304897241 0.00475259075204 0.389279243094 1 1 1 1 1 1 1 1 1 1 1 1 1 1 1
91 1092 -0.296550157816 -1.0590152586e-05 0.000144939429963 0.391704760981 1 1 1 1 1 1 1 1 1 1 1 1 1 1 1
92 1104 -0.299925131102 -0.00149847514503 0.00223656093575 0.386266621391 1 1 1 1 1 1 1 1 1 1 1 1 1 1 1
93 1116 -0.283411755537 -0.000704072665763 0.000861733373828 0.410553476658 1 1 1 1 1 1 1 1 1 1 1 1 1 1 1
94 1128 -0.2765853711 -5.53877420581e-05 0.0024895413744 0.430064493707 1 1 1 1 1 1 1 1 1 1 1 1 1 1 1
95 1140 -0.293001733851 -0.000451018102465 0.000677192819209 0.420512989364 1 1 1 1 1 1 1 1 1 1 1 1 1 1 1
96 1152 -0.271787049219 -0.000131638255004 0.000964955346258 0.408996592144 1 1 1 1 1 1 1 1 1 1 1 1 1 1 1
97 1164 -0.271727797935 -0.00709922668572 0.00237668307604 0.39216343123 1 1 1 1 1 1 1 1 1 1 1 1 1 1 1
98 1176 -0.266863470876 -0.00162540319761 0.000307767872843 0.379921695275 1 1 1 1 1 1 1 1 1 1 1 1 1 1 1
99 1188 -0.258036333764 -0.0056566975662 0.00192476806598 0.375801200619 1 1 1 1 1 1 1 1 1 1 1 1 1 1 1
100 1200 -0.266339713391 -0.000612132417946 0.00901950311807 0.371292259111 1 1 1 1 1 1 1 1 1 1 1 1 1 1 1
101 1212 -0.27004923914 -0.00400529425131 0.00249266770184 0.376173343629 1 1 1 1 1 1 1 1 1 1 1 1 1 1 1
102 1224 -0.283052204307 -0.000308399663387 0.00721983850266 0.384989842659 1 1 1 1 1 1 1 1 1 1 1 1 1 1 1
103 1236 -0.291936194391 -0.00519052334612 0.00121798216004 0.372288684311 1 1 1 1 1 1 1 1 1 1 1 1 1 1 1
104 1248 -0.289055364426 -0.00607965882541 0.00295533396477 0.369709682926 1 1 1 1 1 1 1 1 1 1 1 1 1 1 1
105 1260 -0.290479473986 -0.0051172210268 0.000757721406167 0.359004995959 1 1 1 1 1 1 1 1 1 1 1 1 1 1 1
106 1272 -0.252233275268 -0.00250282414429 0.000449107328106 0.355029280199 1 1 1 1 1 1 1 1 1 1 1 1 1 1 1
107 1284 -0.274188338243 -0.00110604835772 0.00171341325107 0.322882790247 1 1 1 1 1 1 1 1 1 1 1 1 1 1 1
108 1296 -0.284001631871 -0.00760548078352 0.00401874995991 0.340182406885 1 1 1 1 1 1 1 1 1 1 1 1 1 1 1
109 1308 -0.297385276801 -0.00230926996151 0.00211174375245 0.339233882828 1 1 1 1 1 1 1 1 1 1 1 1 1 1 1
110 1320 -0.325474269212 -0.0041061029577 0.000995110845965 0.356184197982 1 1 1 1 1 1 1 1 1 1 1 1 1 1 1
111 1332 -0.318436007143 -0.00262475917921 0.00256691217925 0.360650133084 1 1 1 1 1 1 1 1 1 1 1 1 1 1 1
112 1344 -0.323701589228 -1.61144754449e-05 0.00133173174081 0.361997249345 1 1 1 1 1 1 1 1 1 1 1 1 1 1 1
113 1356 -0.315506745465 -0.00483605941855 0.00280276457923 0.374554276846 1 1 1 1 1 1 1 1 1 1 1 1 1 1 1
114 1368 -0.322341261228 -4.04335279089e-05 0.00126594613487 0.376707298022 1 1 1 1 1 1 1 1 1 1 1 1 1 1 1
115 1380 -0.332947016777 -0.000999345340609 0.0015192896901 0.369358475217 1 1 1 1 1 1 1 1 1 1 1 1 1 1 1
116 1392 -0.339696041733 -0.00230721364452 0.000613146097759 0.366549517707 1 1 1 1 1 1 1 1 1 1 1 1 1 1 1
117 1404 -0.337512369441 -0.00276983111195 0.00120045553717 0.360684084032 1 1 1 1 1 1 1 1 1 1 1 1 1 1 1
118 1416 -0.329386341702 -0.00139512752017 0.000446768223594 0.341225611452 1 1 1 1 1 1 1 1 1 1 1 1 1 1 1
119 1428 -0.318548481096 -0.000422117974319 0.00588937640143 0.346392500659 1 1 1 1 1 1 1 1 1 1 1 1 1 1 1
120 1440 -0.305902801446 -0.00695022337842 0.00160524733751 0.357098318223 1 1 1 1 1 1 1 1 1 1 1 1 1 1 1
121 1452 -0.319785644317 -0.00297582103927 0.000936735611799 0.342058843783 1 1 1 1 1 1 1 1 1 1 1 1 1 1 1
122 1464 -0.310706153123 -0.00382410895388 0.0127784214339 0.330335515181 1 1 1 1 1 1 1 1 1 1 1 1 1 1 1
123 1476 -0.319032516646 -0.00421686816502 0.00689431409039 0.342992653551 1 1 1 1 1 1 1 1 1 1 1 1 1 1 1
124 1488 -0.327720313569 -0.00154318237307 0.00125140345019 0.354032850855 1 1 1 1 1 1 1 1 1 1 1 1 1 1 1
125 1500 -0.332697876284 -0.00606886811534 0.00153206114649 0.364335533495 1 1 1 1 1 1 1 1 1 1 1 1 1 1 1
126 1512 -0.348562660669 -0.00481204242646 0.00705702250363 0.386959654731 1 1 1 1 1 1 1 1 1 1 1 1 1 1 1
127 1524 -0.348393783945 -0.00386464669818 0.00289859184338 0.386529097525 1 1 1 1 1 1 1 1 1 1 1 1 1 1 1
128 1536 -0.349937788735 -0.00110979522972 0.0019161476351 0.361465668451 1 1 1 1 1 1 1 1 1 1 1 1 1 1 1
129 1548 -0.362419113114 -0.00506449341761 0.00068833720504 0.365887522992 1 1 1 1 1 1 1 1 1 1 1 1 1 1 1
130 1560 -0.367825853149 -0.00331257252046 0.000724935049396 0.36239213717 1 1 1 1 1 1 1 1 1 1 1 1 1 1 1
131 1572 -0.376838963321 -0.00705031407443 0.00104564325564 0.379395737163 1 1 1 1 1 1 1 1 1 1 1 1 1 1 1
132 1584 -0.370267599283 -0.00159980967262 0.000142454484096 0.372561044851 1 1 1 1 1 1 1 1 1 1 1 1 1 1 1
133 1596 -0.376552884938 -1.631239661e-05 0.00474146593587 0.368861932756 1 1 1 1 1 1 1 1 1 1 1 1 1 1 1
134 1608 -0.373029879017 -0.0117415785612 0.000977570597792 0.338790848366 1 1 1 1 1 1 1 1 1 1 1 1 1 1 1
135 1620 -0.390078760463 -0.000351753312704 0.000293614464755 0.348401561489 1 1 1 1 1 1 1 1 1 1 1 1 1 1 1
136 1632 -0.398937709306 -0.000172294492258 0.000237810802284 0.355210084281 1 1 1 1 1 1 1 1 1 1 1 1 1 1 1
137 1644 -0.441700861503 -0.000665821148278 0.00959336716126 0.358557408701 1 1 1 1 1 1 1 1 1 1 1 1 1 1 1
138 1656 -0.444267071315 -0.000803269500365 0.00226659929037 0.353870950782 1 1 1 1 1 1 1 1 1 1 1 1 1 1 1
139 1668 -0.444445294388 -0.0021671683494 0.000333106790069 0.35134995506 1 1 1 1 1 1 1 1 1 1 1 1 1 1 1
140 1680 -0.448649642155 -0.000682034591933 0.00679338281265 0.374860361388 1 1 1 1 1 1 1 1 1 1 1 1 1 1 1
141 1692 -0.443707556403 -0.000476566670782 0.00621660783819 0.378865395181 1 1 1 1 1 1 1 1 1 1 1 1 1 1 1
142 1704 -0.434119768624 -0.00264765715752 0.00603806863728 0.365406149867 1 1 1 1 1 1 1 1 1 1 1 1 1 1 1
143 1716 -0.45204109345 -0.00601018995704 0.00296054049845 0.362849549469 1 1 1 1 1 1 1 1 1 1 1 1 1 1 1
144 1728 -0.444835348685 -0.00510173016407 0.000179423184739 0.35611929792 1 1 1 1 1 1 1 1 1 1 1 1 1 1 1
145 1740 -0.439292213918 -0.00519201782199 0.00234118742591 0.358529294914 1 1 1 1 1 1 1 1 1 1 1 1 1 1 1
146 1752 -0.446063926388 -0.000662889550818 0.00226560998083 0.373384535836 1 1 1 1 1 1 1 1 1 1 1 1 1 1 1
147 1764 -0.444183134721 -0.0109338276837 9.06337918158e-05 0.390703784983 1 1 1 1 1 1 1 1 1 1 1 1 1 1 1
148 1776 -0.438377030942 -0.00284485646098 0.00622924595482 0.393372011795 1 1 1 1 1 1 1 1 1 1 1 1 1 1 1
149 1788 -0.436959715001 -0.000489427789545 0.00167759953308 0.403914189063 1 1 1 1 1 1 1 1 1 1 1 1 1 1 1
150 1800 -0.460171523467 -0.000290784652821 0.0189846526621 0.399086563049 1 1 1 1 1 1 1 1 1 1 1 1 1 1 1
151 1812 -0.43050225259 -0.000750863202745 0.00345787695998 0.397133071806 1 1 1 1 1 1 1 1 1 1 1 1 1 1 1
152 1824 -0.418458872274 -0.00673719894891 0.0123249592673 0.401526318285 1 1 1 1 1 1 1 1 1 1 1 1 1 1 1
153 1836 -0.418138552093 -0.00151350891206 0.0133184271319 0.402491605671 1 1 1 1 1 1 1 1 1 1 1 1 1 1 1
154 1848 -0.410789824599 -0.00308365609903 0.00372821343162 0.40521650382 1 1 1 1 1 1 1 1 1 1 1 1 1 1 1
155 1860 -0.406855388967 -0.0056376440013 0.00484898030353 0.403028810039 1 1 1 1 1 1 1 1 1 1 1 1 1 1 1
156 1872 -0.423777683939 -0.00700398209063 0.0157066754116 0.400770119169 1 1 1 1 1 1 1 1 1 1 1 1 1 1 1
157 1884 -0.413767679201 -0.0120423457511 0.00799760814474 0.398045115096 1 1 1 1 1 1 1 1 1 1 1 1 1 1 1
158 1896 -0.397497819964 -0.00613254788243 0.00914785320426 0.402051317785 1 1 1 1 1 1 1 1 1 1 1 1 1 1 1
159 1908 -0.420252932513 -0.00662793148366 0.000641933364404 0.407507138212 1 1 1 1 1 1 1 1 1 1 1 1 1 1 1
160 1920 -0.420069277444 -0.00929474055133 0.0015136069976 0.403715918055 1 1 1 1 1 1 1 1 1 1 1 1 1 1 1
161 1932 -0.431852781595 -0.00103753976528 0.00385157093022 0.391255338741 1 1 1 1 1 1 1 1 1 1 1 1 1 1 1
162 1944 -0.453748696834 -0.00724190194528 0.00351598915528 0.381771995922 1 1 1 1 1 1 1 1 1 1 1 1 1 1 1
163 1956 -0.486409424367 -0.0016790682009 0.0194665400543 0.370463021745 1 1 1 1 1 1 1 1 1 1 1 1 1 1 1
164 1968 -0.482430610976 -0.00200233853792 0.00163851784961 0.36376726438 1 1 1 1 1 1 1 1 1 1 1 1 1 1 1
165 1980 -0.486446766488 -2.91578900203e-05 0.00202717077225 0.354328481404 1 1 1 1 1 1 1 1 1 1 1 1 1 1 1
166 1992 -0.470830162852 -0.00134582902942 0.000773373243692 0.350800969055 1 1 1 1 1 1 1 1 1 1 1 1 1 1 1
167 2004 -0.45503446069 -0.000246125176977 0.00109713558572 0.347027143174 1 1 1 1 1 1 1 1 1 1 1 1 1 1 1
168 2016 -0.433831816239 -0.00110528009969 0.00156059799461 0.357667954591 1 1 1 1 1 1 1 1 1 1 1 1 1 1 1
169 2028 -0.418640682115 -0.0040064468754 0.00158698401766 0.356714575443 1 1 1 1 1 1 1 1 1 1 1 1 1 1 1
170 2040 -0.419685344534 -0.000798749963995 0.00341474006464 0.390060424296 1 1 1 1 1 1 1 1 1 1 1 1 1 1 1
171 2052 -0.423671899419 -0.00330696947007 0.00641629758102 0.392568433638 1 1 1 1 1 1 1 1 1 1 1 1 1 1 1
172 2064 -0.414117306562 -0.0003738032945 0.0223583517436 0.403585432888 1 1 1 1 1 1 1 1 1 1 1 1 1 1 1
173 2076 -0.431250278858 -0.00526932055519 0.00738417032013 0.394674884302 1 1 1 1 1 1 1 1 1 1 1 1 1 1 1
174 2088 -0.424877154871 -0.00150567892772 0.00180311597078 0.392321135327 1 1 1 1 1 1 1 1 1 1 1 1 1 1 1
175 2100 -0.437550139866 -0.00377026994459 0.0135676575759 0.39316935957 1 1 1 1 1 1 1 1 1 1 1 1 1 1 1
176 2112 -0.438085223617 -0.00924865546079 0.00962686515779 0.402485476339 1 1 1 1 1 1 1 1 1 1 1 1 1 1 1
177 2124 -0.436178828388 -0.00264392868799 0.00369291471719 0.407110742811 1 1 1 1 1 1 1 1 1 1 1 1 1 1 1
178 2136 -0.43882745057 -0.00820806439069 0.0126795094392 0.386222057165 1 1 1 1 1 1 1 1 1 1 1 1 1 1 1
179 2148 -0.42977620947 -0.000959061132397 0.000870800318427 0.384287633059 1 1 1 1 1 1 1 1 1 1 1 1 1 1 1
180 2160 -0.452877759572 -0.00841302245152 0.0092121125211 0.390010633222 1 1 1 1 1 1 1 1 1 1 1 1 1 1 1
181 2172 -0.453625626692 -0.0111084904825 0.0073996373073 0.401328353945 1 1 1 1 1 1 1 1 1 1 1 1 1 1 1
182 2184 -0.461700992645 -0.00977254640275 0.0128423103929 0.412435214236 1 1 1 1 1 1 1 1 1 1 1 1 1 1 1
183 2196 -0.449209080007 -0.0106482966161 0.00565403575161 0.425377144901 1 1 1 1 1 1 1 1 1 1 1 1 1 1 1
184 2208 -0.446025286671 -0.0102506063288 0.00416261768462 0.43401004972 1 1 1 1 1 1 1 1 1 1 1 1 1 1 1
185 2220 -0.429322582283 -0.0160754960615 0.00352152494047 0.448003176031 1 1 1 1 1 1 1 1 1 1 1 1 1 1 1
186 2232 -0.423856609568 -0.011559981936 0.00724792127044 0.455442919979 1 1 1 1 1 1 1 1 1 1 1 1 1 1 1
187 2244 -0.433943693624 -0.00948693075717 0.0122435657437 0.46137280211 1 1 1 1 1 1 1 1 1 1 1 1 1 1 1
188 2256 -0.443022537676 -0.0077549523638 0.0127645636373 0.466384714173 1 1 1 1 1 1 1 1 1 1 1 1 1 1 1
189 2268 -0.439953984653 -0.00229852575119 0.00240875977348 0.465412747977 1 1 1 1 1 1 1 1 1 1 1 1 1 1 1
190 2280 -0.425478109606 -0.00191153837293 0.0108672942145 0.466393515328 1 1 1 1 1 1 1 1 1 1 1 1 1 1 1
191 2292 -0.415727484065 -0.0214638732611 0.00313528387745 0.468222222894 1 1 1 1 1 1 1 1 1 1 1 1 1 1 1
192 2304 -0.426168861315 -0.00712611843218 0.00520894466899 0.477322300506 1 1 1 1 1 1 1 1 1 1 1 1 1 1 1
193 2316 -0.428882228576 -0.00427973924336 0.00176101397344 0.461887335173 1 1 1 1 1 1 1 1 1 1 1 1 1 1 1
194 2328 -0.432316955319 -0.00255915821203 0.00144869968956 0.467586211183 1 1 1 1 1 1 1 1 1 1 1 1 1 1 1
195 2340 -0.442673292544 -0.00864757626369 0.00630517325766 0.460363634493 1 1 1 1 1 1 1 1 1 1 1 1 1 1 1
196 2352 -0.438366654531 -0.00116898998253 0.00596803301604 0.463773561592 1 1 1 1 1 1 1 1 1 1 1 1 1 1 1
197 2364 -0.471011767238 -0.000962138986848 0.0165573384989 0.47377117493 1 1 1 1 1 1 1 1 1 1 1 1 1 1 1
198 2376 -0.486435534019 -0.00474231956344 0.0113022969798 0.4681994689 1 1 1 1 1 1 1 1 1 1 1 1 1 1 1
199 2388 -0.480216642168 -0.00443897824989 0.000715745744824 0.443939791238 1 1 1 1 1 1 1 1 1 1 1 1 1 1 1
200 2400 -0.488138104971 -0.00191828659603 0.000660745721182 0.453989001064 1 1 1 1 1 1 1 1 1 1 1 1 1 1 1
201 2412 -0.490891866724 -0.000156751469783 0.00394096504145 0.466509181956 1 1 1 1 1 1 1 1 1 1 1 1 1 1 1
202 2424 -0.481344566894 -0.0106397195549 0.00602552974681 0.468742583106 1 1 1 1 1 1 1 1 1 1 1 1 1 1 1
203 2436 -0.515693873028 -0.00382527899423 0.00449818978515 0.482456629519 1 1 1 1 1 1 1 1 1 1 1 1 1 1 1
204 2448 -0.516062663302 -0.00834503599088 0.0010396103787 0.50324466632 1 1 1 1 1 1 1 1 1 1 1 1 1 1 1
205 2460 -0.520255351073 -0.00101407177103 0.00861251179152 0.521631948395 1 1 1 1 1 1 1 1 1 1 1 1 1 1 1
206 2472 -0.519746458188 -0.000973285982918 0.00430288831204 0.539678375929 1 1 1 1 1 1 1 1 1 1 1 1 1 1 1
207 2484 -0.488485104029 -0.0104191901561 0.00518912051272 0.548685976826 1 1 1 1 1 1 1 1 1 1 1 1 1 1 1
208 2496 -0.48255912711 -0.00305954726195 0.00659303549881 0.548669398258 1 1 1 1 1 1 1 1 1 1 1 1 1 1 1
209 2508 -0.479310421632 -0.00444618036939 0.00321108516535 0.551259590074 1 1 1 1 1 1 1 1 1 1 1 1 1 1 1
210 2520 -0.492248612722 -0.003768111408 0.00254374242966 0.557110762252 1 1 1 1 1 1 1 1 1 1 1 1 1 1 1
211 2532 -0.495563732608 -0.0036523533887 0.0179308697532 0.547991705713 1 1 1 1 1 1 1 1 1 1 1 1 1 1 1
212 2544 -0.511953757143 -0.0187382895082 0.00380592930771 0.557308724751 1 1 1 1 1 1 1 1 1 1 1 1 1 1 1
213 2556 -0.512016347179 -0.00541806744066 0.00114186918434 0.555580986145 1 1 1 1 1 1 1 1 1 1 1 1 1 1 1
214 2568 -0.52139938919 -0.00210606221177 0.00456726302822 0.556960849525 1 1 1 1 1 1 1 1 1 1 1 1 1 1 1
215 2580 -0.521243604032 -0.00808821647432 0.00806730130954 0.551404013513 1 1 1 1 1 1 1 1 1 1 1 1 1 1 1
216 2592 -0.529968432474 -0.0136195559589 0.00712923703442 0.552193569138 1 1 1 1 1 1 1 1 1 1 1 1 1 1 1
217 2604 -0.541973999792 -0.0130202792362 0.021602263366 0.552280190474 1 1 1 1 1 1 1 1 1 1 1 1 1 1 1
218 2616 -0.557985227448 -0.0141584957623 0.0162861543386 0.541912286879 1 1 1 1 1 1 1 1 1 1 1 1 1 1 1
219 2628 -0.569425575809 -0.000725559440692 0.00952111776416 0.5483953064 1 1 1 1 1 1 1 1 1 1 1 1 1 1 1
220 2640 -0.570657760466 -0.00132749132873 0.00775915300362 0.537045392809 1 1 1 1 1 1 1 1 1 1 1 1 1 1 1
221 2652 -0.560418701337 -0.00075124617188 0.0124396024753 0.528500055236 1 1 1 1 1 1 1 1 1 1 1 1 1 1 1
222 2664 -0.56731385656 -0.00266243178777 0.00622239416058 0.526791449308 1 1 1 1 1 1 1 1 1 1 1 1 1 1 1
223 2676 -0.564868099625 -0.000218813376867 0.00078019608159 0.521677130942 1 1 1 1 1 1 1 1 1 1 1 1 1 1 1
224 2688 -0.551877535649 -0.0188986461747 0.000105090961916 0.517114446266 1 1 1 1 1 1 1 1 1 1 1 1 1 1 1
225 2700 -0.550164351802 -0.000175088471861 0.00574077464664 0.511971457241 1 1 1 1 1 1 1 1 1 1 1 1 1 1 1
226 2712 -0.55156575424 -0.00141415163572 0.0030625905539 0.521283120561 1 1 1 1 1 1 1 1 1 1 1 1 1 1 1
227 2724 -0.531883244301 -0.00314948570813 0.000599077664802 0.502926131763 1 1 1 1 1 1 1 1 1 1 1 1 1 1 1
228 2736 -0.528106270104 -0.00852312990891 0.0143720666818 0.511650538904 1 1 1 1 1 1 1 1 1 1 1 1 1 1 1
229 2748 -0.542504251027 -0.012521497633 0.000898191150591 0.513977285763 1 1 1 1 1 1 1 1 1 1 1 1 1 1 1
230 2760 -0.532932152135 -0.00970032811378 0.0145369907193 0.504070595138 1 1 1 1 1 1 1 1 1 1 1 1 1 1 1
231 2772 -0.525798701439 -0.0117792553054 0.00923494738567 0.49661881465 1 1 1 1 1 1 1 1 1 1 1 1 1 1 1
232 2784 -0.517243643574 -0.00294944646289 0.0070796792415 0.493614079203 1 1 1 1 1 1 1 1 1 1 1 1 1 1 1
233 2796 -0.509109999654 -0.00479340447061 0.00601624743615 0.491481288524 1 1 1 1 1 1 1 1 1 1 1 1 1 1 1
234 2808 -0.516607193934 -0.000859392448856 0.00107294184725 0.486561285635 1 1 1 1 1 1 1 1 1 1 1 1 1 1 1
235 2820 -0.524151247342 -0.00773419956725 0.00910944843284 0.483242814298 1 1 1 1 1 1 1 1 1 1 1 1 1 1 1
236 2832 -0.531399121929 -0.0124419722152 0.0120234844959 0.494219507051 1 1 1 1 1 1 1 1 1 1 1 1 1 1 1
237 2844 -0.531136420549 -0.00235318722795 0.00142417127987 0.503279789811 1 1 1 1 1 1 1 1 1 1 1 1 1 1 1
238 2856 -0.551398776135 -0.000779907623178 0.00263802599827 0.515804062363 1 1 1 1 1 1 1 1 1 1 1 1 1 1 1
239 2868 -0.555981080521 -0.00240204046542 0.0121773866392 0.525779227475 1 1 1 1 1 1 1 1 1 1 1 1 1 1 1
240 2880 -0.561809574819 -0.0146694408612 0.00423286645442 0.509677270224 1 1 1 1 1 1 1 1 1 1 1 1 1 1 1
241 2892 -0.572678216686 -0.00195240474931 0.0158830053422 0.507193683598 1 1 1 1 1 1 1 1 1 1 1 1 1 1 1
242 2904 -0.561111635048 -0.00241976137752 0.00490925842543 0.524943708797 1 1 1 1 1 1 1 1 1 1 1 1 1 1 1
243 2916 -0.554037056916 -0.00158220769725 0.0022620342824 0.536103334992 1 1 1 1 1 1 1 1 1 1 1 1 1 1 1
244 2928 -0.568025592312 -0.000759279095441 0.00237172991582 0.529302140116 1 1 1 1 1 1 1 1 1 1 1 1 1 1 1
245 2940 -0.567965645524 -0.000183056116434 0.00935711005734 0.522027366183 1 1 1 1 1 1 1 1 1 1 1 1 1 1 1
246 2952 -0.574201034021 -0.00334275889129 0.00311345766357 0.530172476747 1 1 1 1 1 1 1 1 1 1 1 1 1 1 1
247 2964 -0.585498691964 -0.00161133038337 0.010369953744 0.542034764815 1 1 1 1 1 1 1 1 1 1 1 1 1 1 1
248 2976 -0.581930959751 -0.00674586146506 0.000358276220966 0.540896443207 1 1 1 1 1 1 1 1 1 1 1 1 1 1 1
249 2988 -0.607725120373 -0.003731514353 0.00755198062927 0.572401811325 1 1 1 1 1 1 1 1 1 1 1 1 1 1 1
250 3000 -0.60228230826 -0.00179579582201 0.000582519501116 0.582361043715 1 1 1 1 1 1 1 1 1 1 1 1 1 1 1
251 3012 -0.604280977765 -0.00248843527993 0.00380647446411 0.592209522332 1 1 1 1 1 1 1 1 1 1 1 1 1 1 1
252 3024 -0.613701009352 -0.00389620140006 0.00990101254165 0.600026688029 1 1 1 1 1 1 1 1 1 1 1 1 1 1 1
253 3036 -0.612392670603 -5.95760634061e-05 0.0120896805539 0.607603298842 1 1 1 1 1 1 1 1 1 1 1 1 1 1 1
254 3048 -0.607210217573 -0.000438395863728 0.0210414708285 0.59775645098 1 1 1 1 1 1 1 1 1 1 1 1 1 1 1
255 3060 -0.60562669404 -0.0112401317316 0.00310868473641 0.60211410451 1 1 1 1 1 1 1 1 1 1 1 1 1 1 1
256 3072 -0.59834821808 -0.00614639213675 3.35358923989e-05 0.599580757927 1 1 1 1 1 1 1 1 1 1 1 1 1 1 1
257 3084 -0.603088600364 -0.00253614784441 0.00121790975008 0.602295309086 1 1 1 1 1 1 1 1 1 1 1 1 1 1 1
258 3096 -0.604880070992 -0.0086674648742 0.000486574333462 0.627416459513 1 1 1 1 1 1 1 1 1 1 1 1 1 1 1
259 3108 -0.612357301422 -0.00750875328819 0.00749605685363 0.624849780716 1 1 1 1 1 1 1 1 1 1 1 1 1 1 1
260 3120 -0.612145366561 -0.00240244054002 0.00573408871211 0.6304952622 1 1 1 1 1 1 1 1 1 1 1 1 1 1 1
261 3132 -0.614228713173 -0.00213398279389 0.00754123338217 0.641893117212 1 1 1 1 1 1 1 1 1 1 1 1 1 1 1
262 3144 -0.634789567281 -0.00510551531884 0.00482759090683 0.647406804944 1 1 1 1 1 1 1 1 1 1 1 1 1 1 1
263 3156 -0.644595017668 -0.00580524681944 0.0166898517907 0.642608870447 1 1 1 1 1 1 1 1 1 1 1 1 1 1 1
264 3168 -0.641363991334 -0.00830724424827 0.0065156114322 0.656280542273 1 1 1 1 1 1 1 1 1 1 1 1 1 1 1
265 3180 -0.637353971802 -0.00025712087902 0.0106299272466 0.648731831506 1 1 1 1 1 1 1 1 1 1 1 1 1 1 1
266 3192 -0.623723317442 -1.98695947263e-05 0.0104552397641 0.66665944491 1 1 1 1 1 1 1 1 1 1 1 1 1 1 1
267 3204 -0.612794392512 -0.00456206042347 0.00346082629677 0.658658733076 1 1 1 1 1 1 1 1 1 1 1 1 1 1 1
268 3216 -0.623771682791 -4.59240898062e-05 0.0128435952081 0.660822809308 1 1 1 1 1 1 1 1 1 1 1 1 1 1 1
269 3228 -0.624928173364 -0.00843532504829 0.00697213003998 0.661320423475 1 1 1 1 1 1 1 1 1 1 1 1 1 1 1
270 3240 -0.625007369686 -0.000967382202805 0.0052826781034 0.648715100815 1 1 1 1 1 1 1 1 1 1 1 1 1 1 1
271 3252 -0.627392333634 -0.00264868877159 0.00114373303898 0.626856428265 1 1 1 1 1 1 1 1 1 1 1 1 1 1 1
272 3264 -0.62031761196 -0.00299495287718 0.000146007277136 0.610657983824 1 1 1 1 1 1 1 1 1 1 1 1 1 1 1
273 3276 -0.621346294289 -0.00193458377216 0.00165989219372 0.5961895756 1 1 1 1 1 1 1 1 1 1 1 1 1 1 1
274 3288 -0.621767785193 -0.00461289353539 0.00344043115948 0.592858477218 1 1 1 1 1 1 1 1 1 1 1 1 1 1 1
275 3300 -0.625856469708 -0.000450070920928 0.00622911066759 0.574551097049 1 1 1 1 1 1 1 1 1 1 1 1 1 1 1
276 3312 -0.627009273231 -0.00112781421072 0.00528835784905 0.564911495893 1 1 1 1 1 1 1 1 1 1 1 1 1 1 1
277 3324 -0.629501562444 -0.00139625393338 0.00756067517381 0.564592454366 1 1 1 1 1 1 1 1 1 1 1 1 1 1 1
278 3336 -0.61169326251 -0.0057142675098 0.00279801559784 0.560444633907 1 1 1 1 1 1 1 1 1 1 1 1 1 1 1
279 3348 -0.617393575226 -0.00215782637349 8.42986276534e-05 0.555739420064 1 1 1 1 1 1 1 1 1 1 1 1 1 1 1
280 3360 -0.620720881168 -0.000140055876374 0.000313833180877 0.560859111817 1 1 1 1 1 1 1 1 1 1 1 1 1 1 1
281 3372 -0.627988193234 -0.000302387620638 0.0186449100025 0.551280495641 1 1 1 1 1 1 1 1 1 1 1 1 1 1 1
282 3384 -0.628580466222 -0.00461452841216 0.00148555254644 0.550818915056 1 1 1 1 1 1 1 1 1 1 1 1 1 1 1
283 3396 -0.639185350226 -0.0151472965616 0.000308321914311 0.558972145934 1 1 1 1 1 1 1 1 1 1 1 1 1 1 1
284 3408 -0.639629775583 -0.00145498937024 0.00256463893424 0.56545392053 1 1 1 1 1 1 1 1 1 1 1 1 1 1 1
285 3420 -0.646350247314 -0.000861721764612 0.00444218311968 0.571943634194 1 1 1 1 1 1 1 1 1 1 1 1 1 1 1
286 3432 -0.643415263646 -0.00102993531906 0.0033863257425 0.586757575673 1 1 1 1 1 1 1 1 1 1 1 1 1 1 1
287 3444 -0.637524426222 -0.00124340822595 0.000289889834888 0.587649643617 1 1 1 1 1 1 1 1 1 1 1 1 1 1 1
288 3456 -0.62757288364 -0.00340041298754 0.00871902844191 0.59731478371 1 1 1 1 1 1 1 1 1 1 1 1 1 1 1
289 3468 -0.630153200059 -0.00618044812892 0.00951154412466 0.602772223027 1 1 1 1 1 1 1 1 1 1 1 1 1 1 1
290 3480 -0.625991595005 -0.000571583833832 0.00076375154706 0.572139709979 1 1 1 1 1 1 1 1 1 1 1 1 1 1 1
291 3492 -0.632550087352 -0.0256114585769 0.00127157843255 0.588178239776 1 1 1 1 1 1 1 1 1 1 1 1 1 1 1
292 3504 -0.61617501783 -0.000610843458482 0.00468425400673 0.581261952976 1 1 1 1 1 1 1 1 1 1 1 1 1 1 1
293 3516 -0.615818286068 -0.00592213571478 0.00264112276217 0.575448072299 1 1 1 1 1 1 1 1 1 1 1 1 1 1 1
294 3528 -0.604070506008 -0.00120560208312 0.00286090841001 0.573478279008 1 1 1 1 1 1 1 1 1 1 1 1 1 1 1
295 3540 -0.601793361077 -0.00111786874851 0.00171716988904 0.532719049998 1 1 1 1 1 1 1 1 1 1 1 1 1 1 1
296 3552 -0.589176234673 -0.00480856660082 0.00435360862646 0.522017212922 1 1 1 1 1 1 1 1 1 1 1 1 1 1 1
297 3564 -0.590869602118 -0.00030432885338 0.00980387561975 0.506729615183 1 1 1 1 1 1 1 1 1 1 1 1 1 1 1
298 3576 -0.610936710859 -0.00195630628693 0.00755041497442 0.507440744848 1 1 1 1 1 1 1 1 1 1 1 1 1 1 1
299 3588 -0.602893757649 -0.00123421103277 0.00279709976226 0.497023567304 1 1 1 1 1 1 1 1 1 1 1 1 1 1 1
300 3600 -0.613472717208 -0.00421384562861 0.00413696508604 0.503496493611 1 1 1 1 1 1 1 1 1 1 1 1 1 1 1
301 3612 -0.606026426891 -7.33206292664e-05 0.002478805309 0.498819012068 1 1 1 1 1 1 1 1 1 1 1 1 1 1 1
302 3624 -0.598857392757 -0.00613385254774 0.00660226595744 0.4916514417 1 1 1 1 1 1 1 1 1 1 1 1 1 1 1
303 3636 -0.596342100479 -0.00447973963393 0.0042613414727 0.479659374735 1 1 1 1 1 1 1 1 1 1 1 1 1 1 1
304 3648 -0.594493626848 -0.00806228720269 0.00390201201498 0.485901465076 1 1 1 1 1 1 1 1 1 1 1 1 1 1 1
305 3660 -0.58807939505 -0.0250950836475 0.0174517816516 0.488557842395 1 1 1 1 1 1 1 1 1 1 1 1 1 1 1
306 3672 -0.588312981062 -0.0276137972449 0.00415145297751 0.503188289404 1 1 1 1 1 1 1 1 1 1 1 1 1 1 1
307 3684 -0.600674957048 -0.0168135355949 0.00791786183141 0.512310909955 1 1 1 1 1 1 1 1 1 1 1 1 1 1 1
308 3696 -0.601284063405 -0.00306680985881 0.00722224744603 0.525652380704 1 1 1 1 1 1 1 1 1 1 1 1 1 1 1
309 3708 -0.602183589647 -0.000475898625438 0.00520329803425 0.536840635907 1 1 1 1 1 1 1 1 1 1 1 1 1 1 1
310 3720 -0.608259086062 -0.00180493775233 0.00239976343817 0.530261640394 1 1 1 1 1 1 1 1 1 1 1 1 1 1 1
311 3732 -0.611323976078 -0.00566401876665 0.00325966161469 0.552240860593 1 1 1 1 1 1 1 1 1 1 1 1 1 1 1
312 3744 -0.632340729775 -0.00637329686386 0.0236274018133 0.55018605711 1 1 1 1 1 1 1 1 1 1 1 1 1 1 1
313 3756 -0.621581125735 -0.0121558219917 0.0164433686866 0.557373561156 1 1 1 1 1 1 1 1 1 1 1 1 1 1 1
314 3768 -0.609886283657 -0.00910754055657 0.00848419085858 0.55622449728 1 1 1 1 1 1 1 1 1 1 1 1 1 1 1
315 3780 -0.594068515043 -0.00149903883012 0.0166907653843 0.558471103405 1 1 1 1 1 1 1 1 1 1 1 1 1 1 1
316 3792 -0.60978390714 -0.010003194201 0.00118881819862 0.567019650197 1 1 1 1 1 1 1 1 1 1 1 1 1 1 1
317 3804 -0.607757840382 -0.0135627479143 0.0070596072556 0.574342936874 1 1 1 1 1 1 1 1 1 1 1 1 1 1 1
318 3816 -0.603563510021 -0.00966609215875 0.00862882754381 0.563232083554 1 1 1 1 1 1 1 1 1 1 1 1 1 1 1
319 3828 -0.605391183041 -0.0176567834732 0.00415902676254 0.565481426085 1 1 1 1 1 1 1 1 1 1 1 1 1 1 1
320 3840 -0.620168574127 -0.0105050280099 0.00804786029963 0.56415250864 1 1 1 1 1 1 1 1 1 1 1 1 1 1 1
321 3852 -0.622389524711 -0.00559448192357 0.00476821722303 0.562877046593 1 1 1 1 1 1 1 1 1 1 1 1 1 1 1
322 3864 -0.63137358652 -0.000102398254784 0.00258079835033 0.564951742907 1 1 1 1 1 1 1 1 1 1 1 1 1 1 1
323 3876 -0.628639011597 -0.00627863269666 0.00156587278987 0.554401422279 1 1 1 1 1 1 1 1 1 1 1 1 1 1 1
324 3888 -0.629694516861 -0.00297743713558 0.00868064877121 0.542890804786 1 1 1 1 1 1 1 1 1 1 1 1 1 1 1
325 3900 -0.625097701758 -0.00103626337955 0.00409470836594 0.546589327216 1 1 1 1 1 1 1 1 1 1 1 1 1 1 1
326 3912 -0.614968192933 -0.00625655261777 0.00422933070946 0.560176187259 1 1 1 1 1 1 1 1 1 1 1 1 1 1 1
327 3924 -0.614439314456 -0.00467345378615 0.00375287172884 0.560994761791 1 1 1 1 1 1 1 1 1 1 1 1 1 1 1
328 3936 -0.623042646283 -0.000979728360523 0.00415622123033 0.553415934638 1 1 1 1 1 1 1 1 1 1 1 1 1 1 1
329 3948 -0.619451686514 -0.0131040912039 0.0175240756219 0.549483627699 1 1 1 1 1 1 1 1 1 1 1 1 1 1 1
330 3960 -0.61881532816 -0.029335653953 0.00252459105701 0.558077959519 1 1 1 1 1 1 1 1 1 1 1 1 1 1 1
331 3972 -0.622398365825 -0.000622399525877 3.89661590189e-05 0.552647536722 1 1 1 1 1 1 1 1 1 1 1 1 1 1 1
332 3984 -0.629454696553 -0.0106628262634 0.00185182748881 0.568937651855 1 1 1 1 1 1 1 1 1 1 1 1 1 1 1
333 3996 -0.621784803859 -0.00184931394142 0.00103110131506 0.596021366264 1 1 1 1 1 1 1 1 1 1 1 1 1 1 1
334 4008 -0.607632446027 -0.0102966620925 0.000951129214747 0.585964251655 1 1 1 1 1 1 1 1 1 1 1 1 1 1 1
335 4020 -0.594648295213 -0.00278066692473 0.00814271586703 0.593909494246 1 1 1 1 1 1 1 1 1 1 1 1 1 1 1
336 4032 -0.592078812294 -0.022052684557 5.75749200659e-05 0.580076624424 1 1 1 1 1 1 1 1 1 1 1 1 1 1 1
337 4044 -0.59087075931 -0.00564097520084 0.0108759237148 0.608251847167 1 1 1 1 1 1 1 1 1 1 1 1 1 1 1
338 4056 -0.595836041553 -0.00545335364357 0.011229057019 0.609182062483 1 1 1 1 1 1 1 1 1 1 1 1 1 1 1
339 4068 -0.598174919436 -0.000818807803898 0.0083475478073 0.616723417369 1 1 1 1 1 1 1 1 1 1 1 1 1 1 1
340 4080 -0.600247621143 -0.0107976671963 0.00160540590308 0.616640439471 1 1 1 1 1 1 1 1 1 1 1 1 1 1 1
341 4092 -0.628037365234 -0.000741620707952 0.00688129710259 0.613783330132 1 1 1 1 1 1 1 1 1 1 1 1 1 1 1
342 4104 -0.620114109734 -0.019414765868 0.003992662296 0.60883623981 1 1 1 1 1 1 1 1 1 1 1 1 1 1 1
343 4116 -0.622349407799 -0.00260469327223 0.0296958722144 0.606715391067 1 1 1 1 1 1 1 1 1 1 1 1 1 1 1
344 4128 -0.620416337226 -0.00315240497159 0.00737388007607 0.609645016198 1 1 1 1 1 1 1 1 1 1 1 1 1 1 1
345 4140 -0.631535694563 -0.0148113953739 0.0158931182925 0.608374853059 1 1 1 1 1 1 1 1 1 1 1 1 1 1 1
346 4152 -0.638788782294 -0.0020128008997 0.0143897779975 0.607719358554 1 1 1 1 1 1 1 1 1 1 1 1 1 1 1
347 4164 -0.64094011245 -0.00752344145118 0.01730077892 0.61013741894 1 1 1 1 1 1 1 1 1 1 1 1 1 1 1
348 4176 -0.640236293803 -0.000629300466333 0.0174664224273 0.611009097188 1 1 1 1 1 1 1 1 1 1 1 1 1 1 1
349 4188 -0.642325999238 -0.000807376980887 0.0240837427903 0.614100715373 1 1 1 1 1 1 1 1 1 1 1 1 1 1 1
350 4200 -0.64695358289 -0.0085632460768 0.00965987833873 0.623648858966 1 1 1 1 1 1 1 1 1 1 1 1 1 1 1
351 4212 -0.647235167891 -0.000668514703577 0.00240291065933 0.62163057823 1 1 1 1 1 1 1 1 1 1 1 1 1 1 1
352 4224 -0.661679565353 -0.00935907174837 0.00106683838829 0.630520078212 1 1 1 1 1 1 1 1 1 1 1 1 1 1 1
353 4236 -0.672464679695 -0.000643605092265 0.00392804913552 0.635457225547 1 1 1 1 1 1 1 1 1 1 1 1 1 1 1
354 4248 -0.667270978733 -0.000911624908604 0.000884423148043 0.619721139821 1 1 1 1 1 1 1 1 1 1 1 1 1 1 1
355 4260 -0.661718686143 -0.000497036618853 0.00127169832244 0.625816233433 1 1 1 1 1 1 1 1 1 1 1 1 1 1 1
356 4272 -0.664350001385 -0.000910053806321 0.000880716898544 0.633102164926 1 1 1 1 1 1 1 1 1 1 1 1 1 1 1
357 4284 -0.661093773878 -0.0120456889663 0.000313524761591 0.627390122447 1 1 1 1 1 1 1 1 1 1 1 1 1 1 1
358 4296 -0.666950423676 -0.00909074059145 0.00526105860468 0.62876277702 1 1 1 1 1 1 1 1 1 1 1 1 1 1 1
359 4308 -0.67112540769 -0.00907663170386 0.00114203866155 0.616745941562 1 1 1 1 1 1 1 1 1 1 1 1 1 1 1
360 4320 -0.670741313807 -0.00769505330108 0.00574697498599 0.616302601106 1 1 1 1 1 1 1 1 1 1 1 1 1 1 1
361 4332 -0.685689937438 -0.0141488688506 0.0058087690721 0.625825953392 1 1 1 1 1 1 1 1 1 1 1 1 1 1 1
362 4344 -0.678604623128 -0.000209326305773 0.0112486251086 0.620843108401 1 1 1 1 1 1 1 1 1 1 1 1 1 1 1
363 4356 -0.677919425584 -0.00298997480161 0.000666357377898 0.603736330341 1 1 1 1 1 1 1 1 1 1 1 1 1 1 1
364 4368 -0.702041224948 -0.0175748095358 0.0108184042027 0.606132018167 1 1 1 1 1 1 1 1 1 1 1 1 1 1 1
365 4380 -0.705762886987 -0.00389437561513 0.0175510505944 0.611572186883 1 1 1 1 1 1 1 1 1 1 1 1 1 1 1
366 4392 -0.694360445193 -0.00640337023574 9.42442811569e-05 0.615338399231 1 1 1 1 1 1 1 1 1 1 1 1 1 1 1
367 4404 -0.703083881759 -0.00910339258969 0.0082729916042 0.620571813695 1 1 1 1 1 1 1 1 1 1 1 1 1 1 1
368 4416 -0.704065569802 -0.00491193849515 0.00458921666015 0.631178526363 1 1 1 1 1 1 1 1 1 1 1 1 1 1 1
369 4428 -0.704616278632 -0.0104609376368 0.0142995731439 0.62965546572 1 1 1 1 1 1 1 1 1 1 1 1 1 1 1
370 4440 -0.703104926829 -0.0109807502257 0.0111423766834 0.634915476914 1 1 1 1 1 1 1 1 1 1 1 1 1 1 1
371 4452 -0.699847316733 -0.0014080519056 0.0155405293117 0.648356529438 1 1 1 1 1 1 1 1 1 1 1 1 1 1 1
372 4464 -0.707178598989 -0.00505185904148 0.00559032322291 0.665800984028 1 1 1 1 1 1 1 1 1 1 1 1 1 1 1
373 4476 -0.707987516702 -0.000728363372699 0.00523690990525 0.670757436387 1 1 1 1 1 1 1 1 1 1 1 1 1 1 1
374 4488 -0.716524823062 -0.0171920073314 0.0118760749856 0.672029259859 1 1 1 1 1 1 1 1 1 1 1 1 1 1 1
375 4500 -0.71403574403 -0.00404866668785 0.0205117839488 0.673365530745 1 1 1 1 1 1 1 1 1 1 1 1 1 1 1
376 4512 -0.707272073357 -0.00012967256755 0.00760401833225 0.663489014615 1 1 1 1 1 1 1 1 1 1 1 1 1 1 1
377 4524 -0.703776484461 -0.00187005776328 0.00139501567301 0.658461529202 1 1 1 1 1 1 1 1 1 1 1 1 1 1 1
378 4536 -0.704798927052 -0.00744473884783 0.00706119431699 0.665400213566 1 1 1 1 1 1 1 1 1 1 1 1 1 1 1
379 4548 -0.708954882345 -0.0065033816557 0.00212742441135 0.679443453359 1 1 1 1 1 1 1 1 1 1 1 1 1 1 1
380 4560 -0.696923406973 -0.00586394581903 0.0138467321959 0.676425900273 1 1 1 1 1 1 1 1 1 1 1 1 1 1 1
381 4572 -0.692500659151 -0.00525829722623 0.0101039690829 0.685999922895 1 1 1 1 1 1 1 1 1 1 1 1 1 1 1
382 4584 -0.697986457237 -0.0032827026881 0.0189321550406 0.685299651319 1 1 1 1 1 1 1 1 1 1 1 1 1 1 1
383 4596 -0.694466434387 -0.024135558324 0.00786895070396 0.687723842999 1 1 1 1 1 1 1 1 1 1 1 1 1 1 1
384 4608 -0.706130938305 -0.0251353261735 0.0135616435879 0.696029132659 1 1 1 1 1 1 1 1 1 1 1 1 1 1 1
385 4620 -0.696760938032 -0.00834511734809 0.0128513647741 0.694625515488 1 1 1 1 1 1 1 1 1 1 1 1 1 1 1
386 4632 -0.701792097934 -0.0132793792497 0.0224763997607 0.697253140514 1 1 1 1 1 1 1 1 1 1 1 1 1 1 1
387 4644 -0.695412865776 -0.0058060258769 0.0115067129413 0.698355218277 1 1 1 1 1 1 1 1 1 1 1 1 1 1 1
388 4656 -0.693301695382 -0.00238862880224 0.00939726854203 0.693995056138 1 1 1 1 1 1 1 1 1 1 1 1 1 1 1
389 4668 -0.697182251971 -0.00133299447642 0.00930207131512 0.68824363792 1 1 1 1 1 1 1 1 1 1 1 1 1 1 1
390 4680 -0.699316700645 -0.00236221567494 0.0078542738466 0.69530147222 1 1 1 1 1 1 1 1 1 1 1 1 1 1 1
391 4692 -0.69495038208 -0.0097276218923 0.00667973396323 0.694310532276 1 1 1 1 1 1 1 1 1 1 1 1 1 1 1
392 4704 -0.688693859536 -0.0036356132061 0.0177765333331 0.702704325392 1 1 1 1 1 1 1 1 1 1 1 1 1 1 1
393 4716 -0.690993530644 -0.00834987193651 0.00599111018421 0.707456754775 1 1 1 1 1 1 1 1 1 1 1 1 1 1 1
394 4728 -0.690738906654 -0.00168408118618 0.000785745029102 0.709814278417 1 1 1 1 1 1 1 1 1 1 1 1 1 1 1
395 4740 -0.700645816645 -0.00772646642242 0.00725061501349 0.703730395972 1 1 1 1 1 1 1 1 1 1 1 1 1 1 1
396 4752 -0.704180789911 -0.0159476526355 0.00522209830113 0.693951256054 1 1 1 1 1 1 1 1 1 1 1 1 1 1 1
397 4764 -0.69000185179 -0.00422921421775 0.00678792427581 0.690668953 1 1 1 1 1 1 1 1 1 1 1 1 1 1 1
398 4776 -0.69485336808 -0.0124693927179 7.16108938866e-05 0.700086786385 1 1 1 1 1 1 1 1 1 1 1 1 1 1 1
399 4788 -0.697065646085 -0.00362344057603 0.00122067319538 0.689377726053 1 1 1 1 1 1 1 1 1 1 1 1 1 1 1
400 4800 -0.694252379842 -0.00118641565947 0.000384554646118 0.692146604722 1 1 1 1 1 1 1 1 1 1 1 1 1 1 1
401 4812 -0.698232068152 -0.0100754688637 0.00673962617791 0.682446751126 1 1 1 1 1 1 1 1 1 1 1 1 1 1 1
402 4824 -0.698667591903 -0.00276315855552 0.00376850899935 0.695869366145 1 1 1 1 1 1 1 1 1 1 1 1 1 1 1
403 4836 -0.696127638956 -0.00563900842343 0.00422661234822 0.703966667953 1 1 1 1 1 1 1 1 1 1 1 1 1 1 1
404 4848 -0.680781375192 -0.0017169592441 0.00781825440134 0.705771159468 1 1 1 1 1 1 1 1 1 1 1 1 1 1 1
405 4860 -0.679970952607 -0.00250893989899 0.00742218599161 0.699854893832 1 1 1 1 1 1 1 1 1 1 1 1 1 1 1
406 4872 -0.681120848619 -0.00047746598461 0.00307285614702 0.694880083937 1 1 1 1 1 1 1 1 1 1 1 1 1 1 1
407 4884 -0.68559525913 -0.0131645060805 0.00245466772071 0.706689671094 1 1 1 1 1 1 1 1 1 1 1 1 1 1 1
408 4896 -0.68565713194 -0.0313509901021 0.00217570909688 0.703277699087 1 1 1 1 1 1 1 1 1 1 1 1 1 1 1
409 4908 -0.693220137453 -0.00753701486852 0.00314077076164 0.695139997911 1 1 1 1 1 1 1 1 1 1 1 1 1 1 1
410 4920 -0.701267905496 -0.00491680272511 0.00144650275284 0.689814943326 1 1 1 1 1 1 1 1 1 1 1 1 1 1 1
411 4932 -0.705626364188 -0.00486214464922 0.0144160559041 0.69263357519 1 1 1 1 1 1 1 1 1 1 1 1 1 1 1
412 4944 -0.71557674266 -0.0148403394996 0.00290352708247 0.698538867888 1 1 1 1 1 1 1 1 1 1 1 1 1 1 1
413 4956 -0.724253161589 -0.0139751166643 0.00137936918495 0.684313123241 1 1 1 1 1 1 1 1 1 1 1 1 1 1 1
414 4968 -0.726571141007 -0.00991032298434 0.018168517593 0.690004013133 1 1 1 1 1 1 1 1 1 1 1 1 1 1 1
415 4980 -0.728029238452 -0.00210235530429 0.00614632298154 0.691236377465 1 1 1 1 1 1 1 1 1 1 1 1 1 1 1
416 4992 -0.726799022329 -0.00504937169241 0.00246392689569 0.702411305915 1 1 1 1 1 1 1 1 1 1 1 1 1 1 1
417 5004 -0.730277099152 -0.00544106960661 0.0224281233601 0.696360962992 1 1 1 1 1 1 1 1 1 1 1 1 1 1 1
418 5016 -0.734251632862 -0.00141881296369 0.000433369241357 0.695547925706 1 1 1 1 1 1 1 1 1 1 1 1 1 1 1
419 5028 -0.738157024344 -0.000383143697616 0.0162194186144 0.682613103441 1 1 1 1 1 1 1 1 1 1 1 1 1 1 1
420 5040 -0.725591709404 -0.00362798534593 0.0237792968741 0.687617889712 1 1 1 1 1 1 1 1 1 1 1 1 1 1 1
421 5052 -0.72526266668 -0.0053176674868 0.00472532858516 0.685392661275 1 1 1 1 1 1 1 1 1 1 1 1 1 1 1
422 5064 -0.727277547034 -0.00569595866304 0.00512460614296 0.682032143991 1 1 1 1 1 1 1 1 1 1 1 1 1 1 1
423 5076 -0.727372718074 -0.00830328865297 0.00717563472627 0.690238020085 1 1 1 1 1 1 1 1 1 1 1 1 1 1 1
424 5088 -0.725535955452 -0.00829409148336 0.00988178904025 0.694335050512 1 1 1 1 1 1 1 1 1 1 1 1 1 1 1
425 5100 -0.726333409164 -0.00267314548151 0.00142442362708 0.701689429224 1 1 1 1 1 1 1 1 1 1 1 1 1 1 1
426 5112 -0.725720336211 -0.00185394408819 0.0252482151885 0.704226049749 1 1 1 1 1 1 1 1 1 1 1 1 1 1 1
427 5124 -0.731129735637 -0.010719950867 0.0308167189658 0.709565093715 1 1 1 1 1 1 1 1 1 1 1 1 1 1 1
428 5136 -0.733362469665 -0.0133986548795 0.018138423292 0.713209613559 1 1 1 1 1 1 1 1 1 1 1 1 1 1 1
429 5148 -0.7336069443 -0.0101804954622 0.0132449174915 0.701594978482 1 1 1 1 1 1 1 1 1 1 1 1 1 1 1
430 5160 -0.741136657784 -0.0235973585083 0.00231414964268 0.687893114755 1 1 1 1 1 1 1 1 1 1 1 1 1 1 1
431 5172 -0.749242289974 -0.00703704432555 0.000250652457244 0.686111222439 1 1 1 1 1 1 1 1 1 1 1 1 1 1 1
432 5184 -0.745602093366 -0.00966460385894 0.00168430623872 0.681141682395 1 1 1 1 1 1 1 1 1 1 1 1 1 1 1
433 5196 -0.746611873971 -0.0123882494762 0.0208012516729 0.666062285887 1 1 1 1 1 1 1 1 1 1 1 1 1 1 1
434 5208 -0.743311325679 -0.0168876891649 0.0142322220653 0.661096434182 1 1 1 1 1 1 1 1 1 1 1 1 1 1 1
435 5220 -0.73819682186 -0.0213860785187 0.009776540874 0.653045965962 1 1 1 1 1 1 1 1 1 1 1 1 1 1 1
436 5232 -0.739620202609 -0.00549851485212 0.0296810424477 0.656500164152 1 1 1 1 1 1 1 1 1 1 1 1 1 1 1
437 5244 -0.744283282648 -0.0220688891941 0.00385589006614 0.644143108773 1 1 1 1 1 1 1 1 1 1 1 1 1 1 1
438 5256 -0.736124115847 -0.00176954400528 0.0172917548446 0.635632814276 1 1 1 1 1 1 1 1 1 1 1 1 1 1 1
439 5268 -0.735871149051 -0.0223631987459 0.00856451343034 0.648073515911 1 1 1 1 1 1 1 1 1 1 1 1 1 1 1
440 5280 -0.725906154798 -0.00836539673043 0.00424719210469 0.647746473252 1 1 1 1 1 1 1 1 1 1 1 1 1 1 1
441 5292 -0.726629574891 -0.0158110397134 0.0114114156592 0.650218234552 1 1 1 1 1 1 1 1 1 1 1 1 1 1 1
442 5304 -0.72996141147 -0.00802021906876 0.0204723417968 0.651215219979 1 1 1 1 1 1 1 1 1 1 1 1 1 1 1
443 5316 -0.72294442329 -0.012338107983 0.0050345460689 0.649172574499 1 1 1 1 1 1 1 1 1 1 1 1 1 1 1
444 5328 -0.714857804496 -0.0118959788677 0.00571031831998 0.654555958428 1 1 1 1 1 1 1 1 1 1 1 1 1 1 1
445 5340 -0.718113135633 -0.00462711993906 0.0178574661149 0.655458845636 1 1 1 1 1 1 1 1 1 1 1 1 1 1 1
446 5352 -0.714243678557 -0.00273725850255 0.0104922756677 0.656076330596 1 1 1 1 1 1 1 1 1 1 1 1 1 1 1
447 5364 -0.707326160656 -0.000692753460689 0.0146789760157 0.646959421118 1 1 1 1 1 1 1 1 1 1 1 1 1 1 1
448 5376 -0.709873404682 -0.000798481812302 0.00341018219116 0.64913542395 1 1 1 1 1 1 1 1 1 1 1 1 1 1 1
449 5388 -0.706792052313 -0.0151552393806 0.00287629212189 0.653021599538 1 1 1 1 1 1 1 1 1 1 1 1 1 1 1
450 5400 -0.706439445263 -0.00744101341918 0.00271124165546 0.651231527034 1 1 1 1 1 1 1 1 1 1 1 1 1 1 1
451 5412 -0.712227608892 -0.0136769716256 0.00458767064823 0.662100992517 1 1 1 1 1 1 1 1 1 1 1 1 1 1 1
452 5424 -0.718032520289 -0.00721379522628 0.00438656787995 0.653913698081 1 1 1 1 1 1 1 1 1 1 1 1 1 1 1
453 5436 -0.716663767112 -0.00536127788971 0.015984162462 0.657275712645 1 1 1 1 1 1 1 1 1 1 1 1 1 1 1
454 5448 -0.719986852597 -0.0128400678116 0.000530762603705 0.659180638776 1 1 1 1 1 1 1 1 1 1 1 1 1 1 1
455 5460 -0.72128923207 -0.00992615205646 0.00103232016628 0.661424307402 1 1 1 1 1 1 1 1 1 1 1 1 1 1 1
456 5472 -0.722042575495 -0.00251635784412 0.0189510842033 0.68095135856 1 1 1 1 1 1 1 1 1 1 1 1 1 1 1
457 5484 -0.724773452617 -0.0043809604608 0.0149121263389 0.681359136114 1 1 1 1 1 1 1 1 1 1 1 1 1 1 1
458 5496 -0.729573892286 -0.00747238043559 0.0240147119195 0.678872232562 1 1 1 1 1 1 1 1 1 1 1 1 1 1 1
459 5508 -0.727582539797 -0.00261886284984 0.029943259146 0.666054034803 1 1 1 1 1 1 1 1 1 1 1 1 1 1 1
460 5520 -0.722247598355 -0.0041196424799 0.0104015640474 0.66121351938 1 1 1 1 1 1 1 1 1 1 1 1 1 1 1
461 5532 -0.720207866129 -0.00750708046293 0.00308123665647 0.662982162776 1 1 1 1 1 1 1 1 1 1 1 1 1 1 1
462 5544 -0.721918548228 -0.003765968049 0.011220154647 0.665513910276 1 1 1 1 1 1 1 1 1 1 1 1 1 1 1
463 5556 -0.714668835607 -0.0115288615979 0.00830759907049 0.666907679011 1 1 1 1 1 1 1 1 1 1 1 1 1 1 1
464 5568 -0.709868021884 -0.000291585837695 0.00772369616491 0.659236020613 1 1 1 1 1 1 1 1 1 1 1 1 1 1 1
465 5580 -0.708721643948 -0.00137145306301 0.0132753291545 0.657742650105 1 1 1 1 1 1 1 1 1 1 1 1 1 1 1
466 5592 -0.708950191421 -0.0174805648207 0.00701160272394 0.656072385763 1 1 1 1 1 1 1 1 1 1 1 1 1 1 1
467 5604 -0.706105480027 -0.000547451797023 0.0114777826265 0.65196683268 1 1 1 1 1 1 1 1 1 1 1 1 1 1 1
468 5616 -0.694366563895 -0.00041427506038 0.023391160787 0.656618754159 1 1 1 1 1 1 1 1 1 1 1 1 1 1 1
469 5628 -0.689547304518 -0.0142377704865 0.0138917418071 0.66036919851 1 1 1 1 1 1 1 1 1 1 1 1 1 1 1
470 5640 -0.695888154516 -0.0206607917566 0.00473248862433 0.647307555713 1 1 1 1 1 1 1 1 1 1 1 1 1 1 1
471 5652 -0.709615140367 -0.00264287482237 0.0169795433986 0.643733028123 1 1 1 1 1 1 1 1 1 1 1 1 1 1 1
472 5664 -0.711312067558 -0.0164708015685 0.0127612769786 0.651126519928 1 1 1 1 1 1 1 1 1 1 1 1 1 1 1
473 5676 -0.706520803089 -0.010534652773 0.0114967844552 0.651249527941 1 1 1 1 1 1 1 1 1 1 1 1 1 1 1
474 5688 -0.698795325228 -0.00731798005544 0.0147337683637 0.628789034769 1 1 1 1 1 1 1 1 1 1 1 1 1 1 1
475 5700 -0.707021653237 -0.0191455714062 0.0278472570575 0.622986288905 1 1 1 1 1 1 1 1 1 1 1 1 1 1 1
476 5712 -0.705720325946 -0.0232912048458 0.0282573561913 0.609542618408 1 1 1 1 1 1 1 1 1 1 1 1 1 1 1
477 5724 -0.701540265618 -0.00601175493217 0.0153180588964 0.611050572928 1 1 1 1 1 1 1 1 1 1 1 1 1 1 1
478 5736 -0.699886005414 -0.0206663595886 0.0210843625347 0.605391242462 1 1 1 1 1 1 1 1 1 1 1 1 1 1 1
479 5748 -0.700984063959 -0.0206606218441 0.0131576257222 0.608663785231 1 1 1 1 1 1 1 1 1 1 1 1 1 1 1
480 5760 -0.70382526362 -0.00611667805343 0.0347155552251 0.61180873942 1 1 1 1 1 1 1 1 1 1 1 1 1 1 1
481 5772 -0.709859040781 -0.00527262580094 0.0216114656166 0.625951483186 1 1 1 1 1 1 1 1 1 1 1 1 1 1 1
482 5784 -0.705370285642 -0.00572597625561 0.0346085943159 0.626169805693 1 1 1 1 1 1 1 1 1 1 1 1 1 1 1
483 5796 -0.709234988939 -0.0110551200653 0.00370145719302 0.621123605462 1 1 1 1 1 1 1 1 1 1 1 1 1 1 1
484 5808 -0.726659682237 -0.000547602303553 0.0419418440162 0.614591262991 1 1 1 1 1 1 1 1 1 1 1 1 1 1 1
485 5820 -0.72018111132 -0.0068700101099 0.000772836111284 0.612292255483 1 1 1 1 1 1 1 1 1 1 1 1 1 1 1
486 5832 -0.724706127665 -0.00396733188599 0.0108681361938 0.617753426075 1 1 1 1 1 1 1 1 1 1 1 1 1 1 1
487 5844 -0.724432942844 -0.00298589239621 0.0122984365813 0.621735452516 1 1 1 1 1 1 1 1 1 1 1 1 1 1 1
488 5856 -0.725387996227 -0.00718814098067 0.00307178764352 0.624776417254 1 1 1 1 1 1 1 1 1 1 1 1 1 1 1
489 5868 -0.735536802555 -0.00972597441332 0.00342123027163 0.617695267498 1 1 1 1 1 1 1 1 1 1 1 1 1 1 1
490 5880 -0.740868527691 -0.00193376639733 0.00168967803706 0.610715250112 1 1 1 1 1 1 1 1 1 1 1 1 1 1 1
491 5892 -0.745784296779 -0.00311377897967 0.0112736893585 0.601553888455 1 1 1 1 1 1 1 1 1 1 1 1 1 1 1
492 5904 -0.751067533414 -0.00212458003425 0.00956174340354 0.596831226428 1 1 1 1 1 1 1 1 1 1 1 1 1 1 1
493 5916 -0.738269793877 -0.0123023196767 0.00114235320554 0.601713281231 1 1 1 1 1 1 1 1 1 1 1 1 1 1 1
494 5928 -0.743935683619 -0.00883329462739 0.0239201337293 0.589826736348 1 1 1 1 1 1 1 1 1 1 1 1 1 1 1
495 5940 -0.740669928598 -0.0110830857382 0.019141686771 0.595553029076 1 1 1 1 1 1 1 1 1 1 1 1 1 1 1
496 5952 -0.738155122434 -0.014061154206 0.00777137790008 0.59832959034 1 1 1 1 1 1 1 1 1 1 1 1 1 1 1
497 5964 -0.740029159375 -0.0102281578568 0.00272221492794 0.607483556031 1 1 1 1 1 1 1 1 1 1 1 1 1 1 1
498 5976 -0.75273047838 -0.00825229326966 0.0085492017653 0.607984091961 1 1 1 1 1 1 1 1 1 1 1 1 1 1 1
499 5988 -0.765985915782 -0.00265562713873 0.0110732914434 0.609992393604 1 1 1 1 1 1 1 1 1 1 1 1 1 1 1
500 6000 -0.7701047237 -0.0010554513244 0.00170513659257 0.618485547804 1 1 1 1 1 1 1 1 1 1 1 1 1 1 1
501 6012 -0.771268163467 -0.00749371454389 0.00185266606955 0.605878013592 1 1 1 1 1 1 1 1 1 1 1 1 1 1 1
502 6024 -0.769452084887 -0.0087243971327 0.00250627099239 0.603581961521 1 1 1 1 1 1 1 1 1 1 1 1 1 1 1
503 6036 -0.775767465543 -0.000960358103353 0.00978114866161 0.593925865787 1 1 1 1 1 1 1 1 1 1 1 1 1 1 1
504 6048 -0.774246020293 -0.00742821781135 0.00459402421271 0.593659827124 1 1 1 1 1 1 1 1 1 1 1 1 1 1 1
505 6060 -0.774266008213 -0.00645841405783 0.00545534463694 0.626230602879 1 1 1 1 1 1 1 1 1 1 1 1 1 1 1
506 6072 -0.77920467672 -0.00900424146551 0.00394736332986 0.613872042276 1 1 1 1 1 1 1 1 1 1 1 1 1 1 1
507 6084 -0.784288742431 -0.00327908760236 0.00224095947765 0.622967533185 1 1 1 1 1 1 1 1 1 1 1 1 1 1 1
508 6096 -0.775815440772 -0.00278723435063 0.00414935785358 0.61643202711 1 1 1 1 1 1 1 1 1 1 1 1 1 1 1
509 6108 -0.771384207014 -0.00291824388516 0.00166552425888 0.616240005899 1 1 1 1 1 1 1 1 1 1 1 1 1 1 1
510 6120 -0.767389492447 -0.00514479200258 0.00137018943524 0.605357555794 1 1 1 1 1 1 1 1 1 1 1 1 1 1 1
511 6132 -0.75768778432 -0.00598314046727 0.00331362447585 0.613688327076 1 1 1 1 1 1 1 1 1 1 1 1 1 1 1
512 6144 -0.760943758544 -0.0065763586491 0.00910393848191 0.626142968867 1 1 1 1 1 1 1 1 1 1 1 1 1 1 1
513 6156 -0.769359737406 -0.0115731656483 0.0085427235645 0.610284979598 1 1 1 1 1 1 1 1 1 1 1 1 1 1 1
514 6168 -0.770994391821 -0.0165852247654 0.0030096920028 0.615303718128 1 1 1 1 1 1 1 1 1 1 1 1 1 1 1
515 6180 -0.771984168803 -0.00469082018905 0.00373044628251 0.615760425339 1 1 1 1 1 1 1 1 1 1 1 1 1 1 1
516 6192 -0.76159763793 -0.000255712082393 0.00718649719798 0.624009703686 1 1 1 1 1 1 1 1 1 1 1 1 1 1 1
517 6204 -0.762666843443 -0.0143222290069 0.0164946247141 0.632262335575 1 1 1 1 1 1 1 1 1 1 1 1 1 1 1
518 6216 -0.77670258619 -0.00712097736673 0.0130397775994 0.651918137649 1 1 1 1 1 1 1 1 1 1 1 1 1 1 1
519 6228 -0.782097554948 -0.0257931474887 0.00350016363825 0.641166594352 1 1 1 1 1 1 1 1 1 1 1 1 1 1 1
520 6240 -0.785818229831 -0.0181099321558 0.0133978778306 0.644514797938 1 1 1 1 1 1 1 1 1 1 1 1 1 1 1
521 6252 -0.786868343362 -0.00314495623383 0.0146307095348 0.65024103935 1 1 1 1 1 1 1 1 1 1 1 1 1 1 1
522 6264 -0.795336113605 -0.00749867511429 0.012584343153 0.652920029295 1 1 1 1 1 1 1 1 1 1 1 1 1 1 1
523 6276 -0.798867920234 -0.0158617500938 0.00493763519917 0.665285501235 1 1 1 1 1 1 1 1 1 1 1 1 1 1 1
524 6288 -0.7990555913 -0.00989415526514 0.00569936497281 0.663234003355 1 1 1 1 1 1 1 1 1 1 1 1 1 1 1
525 6300 -0.798555897569 -0.00801327785169 0.00577553466136 0.652743643495 1 1 1 1 1 1 1 1 1 1 1 1 1 1 1
526 6312 -0.78304727195 -0.000542684220268 6.83954656073e-05 0.652944104619 1 1 1 1 1 1 1 1 1 1 1 1 1 1 1
527 6324 -0.778946753576 -0.00331015670428 0.0324935494983 0.661482662524 1 1 1 1 1 1 1 1 1 1 1 1 1 1 1
528 6336 -0.774999056374 -0.00532924698447 0.0044039860538 0.666864214522 1 1 1 1 1 1 1 1 1 1 1 1 1 1 1
529 6348 -0.769993186101 -0.000115921245427 0.017628592665 0.678658506593 1 1 1 1 1 1 1 1 1 1 1 1 1 1 1
530 6360 -0.765286167556 -0.00950835501556 0.0028468116657 0.682064379351 1 1 1 1 1 1 1 1 1 1 1 1 1 1 1
531 6372 -0.747468675731 -0.00383024471535 0.0175005217393 0.685160161662 1 1 1 1 1 1 1 1 1 1 1 1 1 1 1
532 6384 -0.747395025073 -0.00365912015598 0.0235647376891 0.686001663562 1 1 1 1 1 1 1 1 1 1 1 1 1 1 1
533 6396 -0.750088163364 -0.000512285036169 0.00407217127763 0.665607814755 1 1 1 1 1 1 1 1 1 1 1 1 1 1 1
534 6408 -0.752669463695 -0.00292410111338 0.00101840530928 0.660260154415 1 1 1 1 1 1 1 1 1 1 1 1 1 1 1
535 6420 -0.767576455625 -0.00602632457785 0.023623995784 0.664775248068 1 1 1 1 1 1 1 1 1 1 1 1 1 1 1
536 6432 -0.759358366159 -0.011263182305 0.00218025434641 0.662936084684 1 1 1 1 1 1 1 1 1 1 1 1 1 1 1
537 6444 -0.744415892482 -0.00876043692354 0.00907159800466 0.666337899036 1 1 1 1 1 1 1 1 1 1 1 1 1 1 1
538 6456 -0.752135754607 -0.00516210946941 0.00169449793486 0.660967836309 1 1 1 1 1 1 1 1 1 1 1 1 1 1 1
539 6468 -0.757149629845 -0.00653985652248 0.00782746952325 0.669525579823 1 1 1 1 1 1 1 1 1 1 1 1 1 1 1
540 6480 -0.76248363528 -0.00523755301085 0.0454604768774 0.679019954773 1 1 1 1 1 1 1 1 1 1 1 1 1 1 1
541 6492 -0.76606826347 -0.0233139048561 0.00972031207965 0.690798495866 1 1 1 1 1 1 1 1 1 1 1 1 1 1 1
542 6504 -0.765085441118 -0.0181742613659 0.01976775762 0.71447667959 1 1 1 1 1 1 1 1 1 1 1 1 1 1 1
543 6516 -0.773395921084 -0.0189639504173 0.0161770681586 0.701945091709 1 1 1 1 1 1 1 1 1 1 1 1 1 1 1
544 6528 -0.771339235126 -0.00446618870152 0.0106413854539 0.712600189569 1 1 1 1 1 1 1 1 1 1 1 1 1 1 1
545 6540 -0.770901448802 -0.0131225865783 0.0183079452395 0.703031369994 1 1 1 1 1 1 1 1 1 1 1 1 1 1 1
546 6552 -0.773019601576 -0.00337050168654 0.0167796559552 0.708371082563 1 1 1 1 1 1 1 1 1 1 1 1 1 1 1
547 6564 -0.7773606228 -0.0049031914206 0.00024869377093 0.705352298855 1 1 1 1 1 1 1 1 1 1 1 1 1 1 1
548 6576 -0.782048377677 -0.00816743754716 0.00490180369447 0.702245860355 1 1 1 1 1 1 1 1 1 1 1 1 1 1 1
549 6588 -0.778843537706 -0.00253939540886 0.00331576133476 0.707500446093 1 1 1 1 1 1 1 1 1 1 1 1 1 1 1
550 6600 -0.800172263135 -1.22612463724e-05 0.00400649827117 0.717243403859 1 1 1 1 1 1 1 1 1 1 1 1 1 1 1
551 6612 -0.794872838371 -0.00376865152622 0.00981213871109 0.716815700863 1 1 1 1 1 1 1 1 1 1 1 1 1 1 1
552 6624 -0.799247529309 -0.00178075521623 0.0063568293564 0.713984726483 1 1 1 1 1 1 1 1 1 1 1 1 1 1 1
553 6636 -0.798503116745 -0.000530151509424 0.00756033845619 0.712338526793 1 1 1 1 1 1 1 1 1 1 1 1 1 1 1
554 6648 -0.7883168594 -0.00583832347269 0.0131868814793 0.71170203402 1 1 1 1 1 1 1 1 1 1 1 1 1 1 1
555 6660 -0.793639936231 -0.000353089793643 0.0100599662858 0.71506541526 1 1 1 1 1 1 1 1 1 1 1 1 1 1 1
556 6672 -0.791243193126 -4.80748476517e-05 0.00663356258339 0.712196732776 1 1 1 1 1 1 1 1 1 1 1 1 1 1 1
557 6684 -0.791495022892 -0.00714633156373 0.00376468435727 0.712737630763 1 1 1 1 1 1 1 1 1 1 1 1 1 1 1
558 6696 -0.789674872495 -0.00198981925241 0.00318305635637 0.712922675948 1 1 1 1 1 1 1 1 1 1 1 1 1 1 1
559 6708 -0.800558295612 -0.00455187086044 0.00178419573119 0.708976834854 1 1 1 1 1 1 1 1 1 1 1 1 1 1 1
560 6720 -0.79341457572 -0.00707561981024 0.00471021109424 0.712620948684 1 1 1 1 1 1 1 1 1 1 1 1 1 1 1
561 6732 -0.792262267036 -0.00106823139108 0.00191132984361 0.703051421769 1 1 1 1 1 1 1 1 1 1 1 1 1 1 1
562 6744 -0.81007400086 -0.00819115593702 0.00482245657934 0.707271376136 1 1 1 1 1 1 1 1 1 1 1 1 1 1 1
563 6756 -0.808083795843 -0.00832106704256 0.000427184589133 0.705432395417 1 1 1 1 1 1 1 1 1 1 1 1 1 1 1
564 6768 -0.794145022486 -0.00113230749071 0.00561212722861 0.707217544362 1 1 1 1 1 1 1 1 1 1 1 1 1 1 1
565 6780 -0.792419807824 -0.00449354622678 0.00760433200638 0.714930095594 1 1 1 1 1 1 1 1 1 1 1 1 1 1 1
566 6792 -0.793484070909 -0.0279395651973 0.000240773123243 0.725223750396 1 1 1 1 1 1 1 1 1 1 1 1 1 1 1
567 6804 -0.791790532298 -0.0165102890116 0.00358483658733 0.719718738822 1 1 1 1 1 1 1 1 1 1 1 1 1 1 1
568 6816 -0.787042399895 -0.00435987273522 0.00214485045515 0.725813217891 1 1 1 1 1 1 1 1 1 1 1 1 1 1 1
569 6828 -0.784010924034 -0.00104079541315 0.0031301777654 0.718866203108 1 1 1 1 1 1 1 1 1 1 1 1 1 1 1
570 6840 -0.776018683152 -0.00022896620333 0.00188178187762 0.715167169129 1 1 1 1 1 1 1 1 1 1 1 1 1 1 1
571 6852 -0.775677559616 -0.00492366621095 0.0125289764716 0.720782518238 1 1 1 1 1 1 1 1 1 1 1 1 1 1 1
572 6864 -0.785273710378 -0.0129196532981 0.00881377370831 0.722362977048 1 1 1 1 1 1 1 1 1 1 1 1 1 1 1
573 6876 -0.773916310423 -0.0104959020058 0.00248362294641 0.723870427872 1 1 1 1 1 1 1 1 1 1 1 1 1 1 1
574 6888 -0.78465825441 -0.00118165304884 0.020990977971 0.707146660092 1 1 1 1 1 1 1 1 1 1 1 1 1 1 1
575 6900 -0.788350790194 -0.00538888180119 0.0208458578404 0.699578653594 1 1 1 1 1 1 1 1 1 1 1 1 1 1 1
576 6912 -0.796269231977 -0.000751871313395 0.0167472689565 0.695033501522 1 1 1 1 1 1 1 1 1 1 1 1 1 1 1
577 6924 -0.800773737103 -0.00649693683731 0.00272472784243 0.690535624812 1 1 1 1 1 1 1 1 1 1 1 1 1 1 1
578 6936 -0.806126506606 -0.00359328839896 0.00603777958674 0.673987095615 1 1 1 1 1 1 1 1 1 1 1 1 1 1 1
579 6948 -0.806044409832 -0.00190129313137 0.0114332900564 0.672081886047 1 1 1 1 1 1 1 1 1 1 1 1 1 1 1
580 6960 -0.801590367594 -0.00655807538572 0.00695644374 0.679943558378 1 1 1 1 1 1 1 1 1 1 1 1 1 1 1
581 6972 -0.803152202345 -0.00843761625719 0.0152598488624 0.686714085009 1 1 1 1 1 1 1 1 1 1 1 1 1 1 1
582 6984 -0.809400355326 -0.00125356168748 0.0100954570934 0.69528699892 1 1 1 1 1 1 1 1 1 1 1 1 1 1 1
583 6996 -0.804918787136 -0.00496700189512 0.00290761240664 0.699313555293 1 1 1 1 1 1 1 1 1 1 1 1 1 1 1
584 7008 -0.811756946313 -0.0163515949961 0.003968442491 0.695607644446 1 1 1 1 1 1 1 1 1 1 1 1 1 1 1
585 7020 -0.812333886302 -0.014507551322 0.00255744650393 0.693570569173 1 1 1 1 1 1 1 1 1 1 1 1 1 1 1
586 7032 -0.810855815027 -0.00877920437794 0.00645780290043 0.693070898811 1 1 1 1 1 1 1 1 1 1 1 1 1 1 1
587 7044 -0.807767737866 -0.00212910165887 0.00263591136439 0.693843002217 1 1 1 1 1 1 1 1 1 1 1 1 1 1 1
588 7056 -0.808464170804 -0.00522134835736 0.00697886920199 0.710181149103 1 1 1 1 1 1 1 1 1 1 1 1 1 1 1
589 7068 -0.81491445321 -0.019392483314 0.003057311275 0.701920731281 1 1 1 1 1 1 1 1 1 1 1 1 1 1 1
590 7080 -0.818938753496 -0.00299909574201 0.00571857358241 0.698583849893 1 1 1 1 1 1 1 1 1 1 1 1 1 1 1
591 7092 -0.816454192382 -0.00292919031692 0.0178956965208 0.695372161159 1 1 1 1 1 1 1 1 1 1 1 1 1 1 1
592 7104 -0.815614799746 -0.00783303030716 0.00106914780205 0.701119283719 1 1 1 1 1 1 1 1 1 1 1 1 1 1 1
593 7116 -0.813131705531 -0.00722400128731 0.0107002631505 0.702158568162 1 1 1 1 1 1 1 1 1 1 1 1 1 1 1
594 7128 -0.808746900994 -0.00776307814647 0.0216579459848 0.699984352645 1 1 1 1 1 1 1 1 1 1 1 1 1 1 1
595 7140 -0.808632727081 -0.00149995999783 0.00125557543213 0.700801232619 1 1 1 1 1 1 1 1 1 1 1 1 1 1 1
596 7152 -0.809252177734 -0.0109542694874 0.00412734327269 0.700710589343 1 1 1 1 1 1 1 1 1 1 1 1 1 1 1
597 7164 -0.802531416217 -0.00766681781448 0.0104734451265 0.708036982913 1 1 1 1 1 1 1 1 1 1 1 1 1 1 1
598 7176 -0.795588576151 -0.013776656593 0.00993684379467 0.714885637336 1 1 1 1 1 1 1 1 1 1 1 1 1 1 1
599 7188 -0.790836163524 -0.0169191195012 0.00950949095797 0.717746301128 1 1 1 1 1 1 1 1 1 1 1 1 1 1 1
600 7200 -0.779003859504 -0.000625218533414 0.00661661393349 0.736178482197 1 1 1 1 1 1 1 1 1 1 1 1 1 1 1
601 7212 -0.771614704484 -0.00067364363639 0.00584021911201 0.752705920752 1 1 1 1 1 1 1 1 1 1 1 1 1 1 1
602 7224 -0.783965246335 -0.004272876157 0.00446557339835 0.742499344921 1 1 1 1 1 1 1 1 1 1 1 1 1 1 1
603 7236 -0.780310222335 -0.00290084302621 0.00313057608283 0.749284290766 1 1 1 1 1 1 1 1 1 1 1 1 1 1 1
604 7248 -0.780941548411 -0.0061091713138 0.0276947138779 0.757797725333 1 1 1 1 1 1 1 1 1 1 1 1 1 1 1
605 7260 -0.77921804563 -0.0182445668678 0.015771952362 0.762305601296 1 1 1 1 1 1 1 1 1 1 1 1 1 1 1
606 7272 -0.779764291077 -0.0175602012798 0.0070790535656 0.773377195068 1 1 1 1 1 1 1 1 1 1 1 1 1 1 1
607 7284 -0.774956868731 -0.00153611857439 0.0166547993316 0.773624067627 1 1 1 1 1 1 1 1 1 1 1 1 1 1 1
608 7296 -0.773570473697 -0.0263397893716 0.00406034818025 0.774042002605 1 1 1 1 1 1 1 1 1 1 1 1 1 1 1
609 7308 -0.77992600277 -0.00831840424071 0.00502894902064 0.777181493087 1 1 1 1 1 1 1 1 1 1 1 1 1 1 1
610 7320 -0.788175617377 -0.00698601644614 0.013495565879 0.764346223429 1 1 1 1 1 1 1 1 1 1 1 1 1 1 1
611 7332 -0.796399685033 -0.00773313453096 0.00643319623972 0.761125960879 1 1 1 1 1 1 1 1 1 1 1 1 1 1 1
612 7344 -0.799728646214 -0.023077191837 0.0236858023669 0.763315033638 1 1 1 1 1 1 1 1 1 1 1 1 1 1 1
613 7356 -0.793222234408 -0.00485553634083 0.0128985366489 0.755962023275 1 1 1 1 1 1 1 1 1 1 1 1 1 1 1
614 7368 -0.795878819472 -0.000140146125655 0.0144698329069 0.759593995015 1 1 1 1 1 1 1 1 1 1 1 1 1 1 1
615 7380 -0.795993822075 -0.00563761464612 0.00697522927676 0.745084866014 1 1 1 1 1 1 1 1 1 1 1 1 1 1 1
616 7392 -0.792445004857 -0.0135115563392 0.0229371748333 0.736580614683 1 1 1 1 1 1 1 1 1 1 1 1 1 1 1
617 7404 -0.796425363293 -0.00472384250397 0.0155339851828 0.735917659045 1 1 1 1 1 1 1 1 1 1 1 1 1 1 1
618 7416 -0.80199945617 -0.0198848704647 0.0109246699251 0.735857753462 1 1 1 1 1 1 1 1 1 1 1 1 1 1 1
619 7428 -0.808970741746 -0.0258664027701 0.0191418725554 0.742302714599 1 1 1 1 1 1 1 1 1 1 1 1 1 1 1
620 7440 -0.813716168985 -0.0304715126448 0.0292610772455 0.739675923121 1 1 1 1 1 1 1 1 1 1 1 1 1 1 1
621 7452 -0.814012170783 -0.0263226329054 0.00146609850706 0.740212458948 1 1 1 1 1 1 1 1 1 1 1 1 1 1 1
622 7464 -0.813133496075 -0.0116762388554 0.00035774915838 0.731717852752 1 1 1 1 1 1 1 1 1 1 1 1 1 1 1
623 7476 -0.816387191971 -0.016223897152 0.00799407478946 0.726361055046 1 1 1 1 1 1 1 1 1 1 1 1 1 1 1
624 7488 -0.820376227325 -0.0013942146266 0.00522575670175 0.730744665517 1 1 1 1 1 1 1 1 1 1 1 1 1 1 1
625 7500 -0.816151938747 -0.0541886220336 0.00354736464106 0.732944189231 1 1 1 1 1 1 1 1 1 1 1 1 1 1 1
626 7512 -0.812740565843 -0.0115003877218 0.000616307468019 0.736404309247 1 1 1 1 1 1 1 1 1 1 1 1 1 1 1
627 7524 -0.816989914866 -0.0100089242802 0.00935279710242 0.740441764582 1 1 1 1 1 1 1 1 1 1 1 1 1 1 1
628 7536 -0.821237109867 -0.0200620952116 0.00297750419887 0.739919397551 1 1 1 1 1 1 1 1 1 1 1 1 1 1 1
629 7548 -0.819112120101 -0.0378357411078 0.00388566938765 0.737156339598 1 1 1 1 1 1 1 1 1 1 1 1 1 1 1
630 7560 -0.815671332637 -0.0137170353589 0.008814873131 0.735741274128 1 1 1 1 1 1 1 1 1 1 1 1 1 1 1
631 7572 -0.812661479975 -0.0295230149854 0.0107280528471 0.74616383997 1 1 1 1 1 1 1 1 1 1 1 1 1 1 1
632 7584 -0.818301823671 -0.000936253294974 0.0321631465255 0.731574780855 1 1 1 1 1 1 1 1 1 1 1 1 1 1 1
633 7596 -0.822553791743 -0.0267358539637 0.00377204929709 0.727262694379 1 1 1 1 1 1 1 1 1 1 1 1 1 1 1
634 7608 -0.821419306602 -0.00625820530593 0.0310571748112 0.726649400242 1 1 1 1 1 1 1 1 1 1 1 1 1 1 1
635 7620 -0.820079703994 -0.0191452061053 0.0380302579674 0.726298764813 1 1 1 1 1 1 1 1 1 1 1 1 1 1 1
636 7632 -0.817703084749 -0.0312166017103 0.0298516548979 0.707191967752 1 1 1 1 1 1 1 1 1 1 1 1 1 1 1
637 7644 -0.822960120466 -0.0311289026879 0.0323293367141 0.701222343106 1 1 1 1 1 1 1 1 1 1 1 1 1 1 1
638 7656 -0.827986313248 -0.0267282469301 0.00551424718935 0.706821988417 1 1 1 1 1 1 1 1 1 1 1 1 1 1 1
639 7668 -0.825329676961 -0.000459609225511 0.022018827521 0.704716017929 1 1 1 1 1 1 1 1 1 1 1 1 1 1 1
640 7680 -0.823687449644 -0.0284924672188 0.00598039405188 0.704125532653 1 1 1 1 1 1 1 1 1 1 1 1 1 1 1
641 7692 -0.832159606241 -0.00123183102952 0.0154110740115 0.702056912692 1 1 1 1 1 1 1 1 1 1 1 1 1 1 1
642 7704 -0.832673240632 -0.0034672679271 0.00282578274371 0.692116028476 1 1 1 1 1 1 1 1 1 1 1 1 1 1 1
643 7716 -0.83298244376 -0.000440416122531 0.032706151296 0.6802355999 1 1 1 1 1 1 1 1 1 1 1 1 1 1 1
644 7728 -0.835306295338 -0.00235349873665 0.008398257615 0.66988228907 1 1 1 1 1 1 1 1 1 1 1 1 1 1 1
645 7740 -0.833855444676 -0.0291376937298 0.00381198175545 0.662837139534 1 1 1 1 1 1 1 1 1 1 1 1 1 1 1
646 7752 -0.834024583322 -3.83236440195e-05 0.036814114609 0.668575398427 1 1 1 1 1 1 1 1 1 1 1 1 1 1 1
647 7764 -0.83454043487 -0.00374654865196 0.00518931180863 0.654859891698 1 1 1 1 1 1 1 1 1 1 1 1 1 1 1
648 7776 -0.835337819032 -0.00336798356778 0.0118286215438 0.648095013982 1 1 1 1 1 1 1 1 1 1 1 1 1 1 1
649 7788 -0.818280204436 -0.00958056057427 0.0145958201276 0.659529155774 1 1 1 1 1 1 1 1 1 1 1 1 1 1 1
650 7800 -0.816154319241 -0.0461208248938 0.00071153315421 0.660530394593 1 1 1 1 1 1 1 1 1 1 1 1 1 1 1
651 7812 -0.816487128855 -0.0442000108659 0.0101648117806 0.661965198891 1 1 1 1 1 1 1 1 1 1 1 1 1 1 1
652 7824 -0.816049137913 -0.0352787394782 0.00888750832137 0.673996906458 1 1 1 1 1 1 1 1 1 1 1 1 1 1 1
653 7836 -0.80956832741 -0.0205089569597 0.00458820999595 0.678628460069 1 1 1 1 1 1 1 1 1 1 1 1 1 1 1
654 7848 -0.805492651034 -0.00222909346096 0.00862519983946 0.677148191964 1 1 1 1 1 1 1 1 1 1 1 1 1 1 1
655 7860 -0.798547619248 -0.00237753294858 0.0121625694665 0.676154141797 1 1 1 1 1 1 1 1 1 1 1 1 1 1 1
656 7872 -0.800085831925 -0.00875589140115 0.00294894049047 0.684472634667 1 1 1 1 1 1 1 1 1 1 1 1 1 1 1
657 7884 -0.805724614929 -0.00517135385322 0.0103949099939 0.681121271361 1 1 1 1 1 1 1 1 1 1 1 1 1 1 1
658 7896 -0.810914682445 -0.0154662945004 0.0015079219436 0.677733205353 1 1 1 1 1 1 1 1 1 1 1 1 1 1 1
659 7908 -0.805865144614 -0.00254354184779 0.0116814887882 0.676826793937 1 1 1 1 1 1 1 1 1 1 1 1 1 1 1
660 7920 -0.804698850603 -0.00328658309914 0.00082610004395 0.695283483385 1 1 1 1 1 1 1 1 1 1 1 1 1 1 1
661 7932 -0.789025819473 -0.00564792592153 0.00260153052309 0.678042157862 1 1 1 1 1 1 1 1 1 1 1 1 1 1 1
662 7944 -0.785683838314 -0.0093146078197 0.00145074272408 0.677109905248 1 1 1 1 1 1 1 1 1 1 1 1 1 1 1
663 7956 -0.783413935444 -0.00243551599034 0.00122590085549 0.685505646166 1 1 1 1 1 1 1 1 1 1 1 1 1 1 1
664 7968 -0.780261121272 -0.00760645741025 0.00727752740216 0.689420242036 1 1 1 1 1 1 1 1 1 1 1 1 1 1 1
665 7980 -0.78689450477 -0.00830452379946 7.15298750498e-05 0.689838027138 1 1 1 1 1 1 1 1 1 1 1 1 1 1 1
666 7992 -0.786809561365 -0.00708123214041 0.00288618797213 0.695872234036 1 1 1 1 1 1 1 1 1 1 1 1 1 1 1
667 8004 -0.787314610267 -0.00398639293129 0.00982111927815 0.707617910104 1 1 1 1 1 1 1 1 1 1 1 1 1 1 1
668 8016 -0.799705692787 -0.00334685989669 0.00469316702942 0.691136993709 1 1 1 1 1 1 1 1 1 1 1 1 1 1 1
669 8028 -0.805521282627 -2.68461522367e-05 0.00239406626129 0.677951912243 1 1 1 1 1 1 1 1 1 1 1 1 1 1 1
670 8040 -0.804617387409 -0.00786402129773 0.00579708581272 0.674783507673 1 1 1 1 1 1 1 1 1 1 1 1 1 1 1
671 8052 -0.805205109689 -0.00572991260944 0.0203583227344 0.674883874269 1 1 1 1 1 1 1 1 1 1 1 1 1 1 1
672 8064 -0.806451115825 -0.0053043842589 0.0165876997578 0.678480674938 1 1 1 1 1 1 1 1 1 1 1 1 1 1 1
673 8076 -0.81221883681 -0.00311993338449 0.0251418157214 0.684545238586 1 1 1 1 1 1 1 1 1 1 1 1 1 1 1
674 8088 -0.813108343622 -0.00241130729455 0.00854107776009 0.694065551553 1 1 1 1 1 1 1 1 1 1 1 1 1 1 1
675 8100 -0.80535359902 -0.00450624427463 0.00617854948805 0.70383070141 1 1 1 1 1 1 1 1 1 1 1 1 1 1 1
676 8112 -0.809404517377 -0.00152131480925 0.00702166609991 0.691221488174 1 1 1 1 1 1 1 1 1 1 1 1 1 1 1
677 8124 -0.809480951678 -0.00356889548044 0.00898314876723 0.686497606098 1 1 1 1 1 1 1 1 1 1 1 1 1 1 1
678 8136 -0.811934814242 -0.0036751940956 0.017199213845 0.683878936964 1 1 1 1 1 1 1 1 1 1 1 1 1 1 1
679 8148 -0.815481764458 -0.0235135182755 0.00319209392821 0.6942361339 1 1 1 1 1 1 1 1 1 1 1 1 1 1 1
680 8160 -0.820207671201 -0.00296101188289 0.0144382910837 0.693368030505 1 1 1 1 1 1 1 1 1 1 1 1 1 1 1
681 8172 -0.82142064526 -0.0127666353904 0.0171476620614 0.697930846002 1 1 1 1 1 1 1 1 1 1 1 1 1 1 1
682 8184 -0.823599895438 -0.00770778937662 0.0232842403494 0.69548472501 1 1 1 1 1 1 1 1 1 1 1 1 1 1 1
683 8196 -0.824306709798 -0.00942738855754 0.00168562364117 0.704229617648 1 1 1 1 1 1 1 1 1 1 1 1 1 1 1
684 8208 -0.82897157836 -0.00991801604925 0.00466996576438 0.718363345448 1 1 1 1 1 1 1 1 1 1 1 1 1 1 1
685 8220 -0.83698290405 -0.010734911913 0.00905566257761 0.725987394738 1 1 1 1 1 1 1 1 1 1 1 1 1 1 1
686 8232 -0.832074539855 -0.000526106495146 0.0081469854332 0.732574581527 1 1 1 1 1 1 1 1 1 1 1 1 1 1 1
687 8244 -0.829338333425 -0.0020996600341 0.00462952004657 0.73954058138 1 1 1 1 1 1 1 1 1 1 1 1 1 1 1
688 8256 -0.821190289421 -0.011602752967 0.00362113018153 0.738079083868 1 1 1 1 1 1 1 1 1 1 1 1 1 1 1
689 8268 -0.820952084006 -0.00347800106097 0.00530053516888 0.737568245769 1 1 1 1 1 1 1 1 1 1 1 1 1 1 1
690 8280 -0.820545953721 -0.000316977906603 0.0123382817858 0.746691295211 1 1 1 1 1 1 1 1 1 1 1 1 1 1 1
691 8292 -0.819109203486 -0.00656934024832 0.00742004968554 0.748228044302 1 1 1 1 1 1 1 1 1 1 1 1 1 1 1
692 8304 -0.81802676424 -0.00601355617821 0.00211208258883 0.742703322206 1 1 1 1 1 1 1 1 1 1 1 1 1 1 1
693 8316 -0.815467943492 -0.00769745669415 0.00669004026221 0.742815061174 1 1 1 1 1 1 1 1 1 1 1 1 1 1 1
694 8328 -0.822461538218 -0.000284906785754 0.00294253643556 0.736491058101 1 1 1 1 1 1 1 1 1 1 1 1 1 1 1
695 8340 -0.815683245106 -0.00582279043355 0.0147284012444 0.742830684403 1 1 1 1 1 1 1 1 1 1 1 1 1 1 1
696 8352 -0.821272776086 -0.00979651026544 0.00546529963149 0.753998624954 1 1 1 1 1 1 1 1 1 1 1 1 1 1 1
697 8364 -0.821084679977 -0.0050450584919 0.00885624800484 0.758005793692 1 1 1 1 1 1 1 1 1 1 1 1 1 1 1
698 8376 -0.815350211018 -0.0116822332248 0.012080771865 0.76322306422 1 1 1 1 1 1 1 1 1 1 1 1 1 1 1
699 8388 -0.817371470772 -0.00765764108057 0.0144973986115 0.759439221403 1 1 1 1 1 1 1 1 1 1 1 1 1 1 1
700 8400 -0.815855635869 -0.00840609165188 0.0137385567218 0.76146257134 1 1 1 1 1 1 1 1 1 1 1 1 1 1 1
701 8412 -0.81683672501 -0.00348104541721 0.0059818448338 0.766156838233 1 1 1 1 1 1 1 1 1 1 1 1 1 1 1
702 8424 -0.824681717898 -0.0170033915721 0.00647274611912 0.76825461839 1 1 1 1 1 1 1 1 1 1 1 1 1 1 1
703 8436 -0.824027718938 -0.0026526004364 0.00626397847629 0.782075323867 1 1 1 1 1 1 1 1 1 1 1 1 1 1 1
704 8448 -0.823362647494 -0.00592999861218 0.00464785821202 0.779160312943 1 1 1 1 1 1 1 1 1 1 1 1 1 1 1
705 8460 -0.823226128313 -0.0030316976836 0.00744315306377 0.784424333786 1 1 1 1 1 1 1 1 1 1 1 1 1 1 1
706 8472 -0.826918566872 -0.00338886205376 0.00236447760708 0.772781272236 1 1 1 1 1 1 1 1 1 1 1 1 1 1 1
707 8484 -0.831465506132 -0.000919074734315 0.0296840447987 0.775755667447 1 1 1 1 1 1 1 1 1 1 1 1 1 1 1
708 8496 -0.837351357562 -0.00102811192411 0.0247934716204 0.780222973412 1 1 1 1 1 1 1 1 1 1 1 1 1 1 1
709 8508 -0.838238593642 -0.00355026523013 0.00407416863646 0.779778116969 1 1 1 1 1 1 1 1 1 1 1 1 1 1 1
710 8520 -0.83753911096 -0.00385717930746 0.0122710846669 0.777766348192 1 1 1 1 1 1 1 1 1 1 1 1 1 1 1
711 8532 -0.841650852776 -0.00426234263496 0.00805544869472 0.780163833928 1 1 1 1 1 1 1 1 1 1 1 1 1 1 1
712 8544 -0.842248970489 -0.00210894832999 0.0263524894661 0.785539359883 1 1 1 1 1 1 1 1 1 1 1 1 1 1 1
713 8556 -0.844654930776 -0.00653087507014 0.0278746733928 0.787930912522 1 1 1 1 1 1 1 1 1 1 1 1 1 1 1
714 8568 -0.838332279082 -0.0110573480037 0.000318637524882 0.786016719207 1 1 1 1 1 1 1 1 1 1 1 1 1 1 1
715 8580 -0.839909515724 -0.00119893810267 0.00179427648888 0.782195259825 1 1 1 1 1 1 1 1 1 1 1 1 1 1 1
716 8592 -0.837387488688 -0.00215775008691 0.00237760474818 0.770231054259 1 1 1 1 1 1 1 1 1 1 1 1 1 1 1
717 8604 -0.837470782922 -0.00615609624293 0.00295914469695 0.770407296107 1 1 1 1 1 1 1 1 1 1 1 1 1 1 1
718 8616 -0.841903791909 -0.00760713316544 0.00387168443608 0.763200253297 1 1 1 1 1 1 1 1 1 1 1 1 1 1 1
719 8628 -0.839171292379 -0.00667849247682 0.00461194677819 0.755466538297 1 1 1 1 1 1 1 1 1 1 1 1 1 1 1
720 8640 -0.835256736475 -0.00422421950454 0.00710102500307 0.764213056984 1 1 1 1 1 1 1 1 1 1 1 1 1 1 1
721 8652 -0.831959913482 -0.000840522552085 0.000651537869212 0.769242809397 1 1 1 1 1 1 1 1 1 1 1 1 1 1 1
722 8664 -0.825163395328 -0.00143180513918 0.000279248956316 0.770927907238 1 1 1 1 1 1 1 1 1 1 1 1 1 1 1
723 8676 -0.832046285591 -0.012807047599 0.00185684081388 0.770185948968 1 1 1 1 1 1 1 1 1 1 1 1 1 1 1
724 8688 -0.831869879514 -0.00394285716613 0.000304836135619 0.774118979409 1 1 1 1 1 1 1 1 1 1 1 1 1 1 1
725 8700 -0.830855000526 -0.0020699984946 0.00338541210034 0.774837371832 1 1 1 1 1 1 1 1 1 1 1 1 1 1 1
726 8712 -0.829014204952 -0.000164120493522 0.0196146520388 0.774442758534 1 1 1 1 1 1 1 1 1 1 1 1 1 1 1
727 8724 -0.826988741412 -0.0153570158231 0.00903093603037 0.77018637546 1 1 1 1 1 1 1 1 1 1 1 1 1 1 1
728 8736 -0.820024262276 -0.00639942321128 0.0283977365045 0.779311713102 1 1 1 1 1 1 1 1 1 1 1 1 1 1 1
729 8748 -0.827993636081 -0.0103192089356 0.021914621253 0.779445008051 1 1 1 1 1 1 1 1 1 1 1 1 1 1 1
730 8760 -0.822134752136 -0.00248971488886 0.000817735602335 0.777379151536 1 1 1 1 1 1 1 1 1 1 1 1 1 1 1
731 8772 -0.80880872482 -0.00711980123258 0.0170460607993 0.791514752925 1 1 1 1 1 1 1 1 1 1 1 1 1 1 1
732 8784 -0.804923313774 -0.00618245491426 0.00362214575262 0.798721344793 1 1 1 1 1 1 1 1 1 1 1 1 1 1 1
733 8796 -0.799086518321 -0.0212358450567 0.00385816763826 0.798792117434 1 1 1 1 1 1 1 1 1 1 1 1 1 1 1
734 8808 -0.800900125464 -0.001612250044 0.000382188634228 0.791911274552 1 1 1 1 1 1 1 1 1 1 1 1 1 1 1
735 8820 -0.801385313895 -0.00198236157621 0.0118298923814 0.798606502796 1 1 1 1 1 1 1 1 1 1 1 1 1 1 1
736 8832 -0.803245095499 -0.0125545468993 0.00273015919562 0.79983398293 1 1 1 1 1 1 1 1 1 1 1 1 1 1 1
737 8844 -0.807357528599 -0.00143921768993 0.00143952457003 0.795913593694 1 1 1 1 1 1 1 1 1 1 1 1 1 1 1
738 8856 -0.808703199661 -0.00150170584556 0.00466388197307 0.797728190138 1 1 1 1 1 1 1 1 1 1 1 1 1 1 1
739 8868 -0.809900137173 -0.0282851261279 0.000397340177597 0.797009739972 1 1 1 1 1 1 1 1 1 1 1 1 1 1 1
740 8880 -0.804899021184 -0.00417857306364 0.00759319058089 0.793308900609 1 1 1 1 1 1 1 1 1 1 1 1 1 1 1
741 8892 -0.818868777988 -0.00157728127569 0.00315809598856 0.791109467292 1 1 1 1 1 1 1 1 1 1 1 1 1 1 1
742 8904 -0.815004353616 -0.0041226373648 0.000635761416467 0.784203393246 1 1 1 1 1 1 1 1 1 1 1 1 1 1 1
743 8916 -0.813996420078 -0.0017261688615 0.0124886523111 0.77476758457 1 1 1 1 1 1 1 1 1 1 1 1 1 1 1
744 8928 -0.813977486912 -0.0062576760655 0.0111568290188 0.774915028402 1 1 1 1 1 1 1 1 1 1 1 1 1 1 1
745 8940 -0.817632988668 -0.00785662789271 0.0154104897485 0.768395565072 1 1 1 1 1 1 1 1 1 1 1 1 1 1 1
746 8952 -0.817300867592 -0.00935409099286 0.00619625629969 0.765275324731 1 1 1 1 1 1 1 1 1 1 1 1 1 1 1
747 8964 -0.81595980048 -0.00460251225835 0.00996747061859 0.768019073651 1 1 1 1 1 1 1 1 1 1 1 1 1 1 1
748 8976 -0.817892594078 -0.00259688936988 0.0102415354773 0.760765562949 1 1 1 1 1 1 1 1 1 1 1 1 1 1 1
749 8988 -0.813035698423 -0.000591953371982 0.0045220779653 0.755671803006 1 1 1 1 1 1 1 1 1 1 1 1 1 1 1
750 9000 -0.815704964712 -0.00903659848221 0.00401824563302 0.756960707587 1 1 1 1 1 1 1 1 1 1 1 1 1 1 1
751 9012 -0.822641463995 -0.033853209483 0.00915088864421 0.747430970522 1 1 1 1 1 1 1 1 1 1 1 1 1 1 1
752 9024 -0.826787573997 -0.0294372710155 0.0135969702765 0.740017016998 1 1 1 1 1 1 1 1 1 1 1 1 1 1 1
753 9036 -0.829374391019 -0.00948853817407 0.0108483268909 0.748149181228 1 1 1 1 1 1 1 1 1 1 1 1 1 1 1
754 9048 -0.826797099433 -0.0110898069436 0.000151358187533 0.753069395658 1 1 1 1 1 1 1 1 1 1 1 1 1 1 1
755 9060 -0.828954916369 -0.00202850075395 0.0207839609496 0.74733839167 1 1 1 1 1 1 1 1 1 1 1 1 1 1 1
756 9072 -0.830008992328 -0.0183695307219 0.00294801885029 0.748323641991 1 1 1 1 1 1 1 1 1 1 1 1 1 1 1
757 9084 -0.826661188432 -0.00609877028338 0.0124272678164 0.751146466284 1 1 1 1 1 1 1 1 1 1 1 1 1 1 1
758 9096 -0.819964029854 -0.00231694371521 0.00215137517948 0.749232713822 1 1 1 1 1 1 1 1 1 1 1 1 1 1 1
759 9108 -0.818486178635 -0.014855330408 0.00146908775199 0.760073345649 1 1 1 1 1 1 1 1 1 1 1 1 1 1 1
760 9120 -0.820779117988 -0.00629584593363 0.000360953226875 0.755813562329 1 1 1 1 1 1 1 1 1 1 1 1 1 1 1
761 9132 -0.824543678007 -0.00934554133451 0.000312209930544 0.764145832019 1 1 1 1 1 1 1 1 1 1 1 1 1 1 1
762 9144 -0.821648891973 -0.0102553538654 0.0014935357641 0.762607917905 1 1 1 1 1 1 1 1 1 1 1 1 1 1 1
763 9156 -0.826321638596 -0.000829441444756 0.0120467600817 0.752946208023 1 1 1 1 1 1 1 1 1 1 1 1 1 1 1
764 9168 -0.829138308562 -0.0137012724338 0.0092647110368 0.750113381333 1 1 1 1 1 1 1 1 1 1 1 1 1 1 1
765 9180 -0.833635453383 -0.0309104296515 0.00372317454573 0.750491494943 1 1 1 1 1 1 1 1 1 1 1 1 1 1 1
766 9192 -0.831483872655 -0.0320528812486 0.00669039480033 0.749992842199 1 1 1 1 1 1 1 1 1 1 1 1 1 1 1
767 9204 -0.82765335255 -0.0314146163779 0.00307645627665 0.749049569162 1 1 1 1 1 1 1 1 1 1 1 1 1 1 1
768 9216 -0.822809588447 -0.0106272580157 0.0053178353083 0.746990598885 1 1 1 1 1 1 1 1 1 1 1 1 1 1 1
769 9228 -0.820982777884 -0.00454012546747 0.0132574531123 0.741415025539 1 1 1 1 1 1 1 1 1 1 1 1 1 1 1
770 9240 -0.824730922335 -0.00163235375994 0.00528298903131 0.743611054281 1 1 1 1 1 1 1 1 1 1 1 1 1 1 1
771 9252 -0.827353950844 -0.00244092062809 0.0125003574739 0.751767999013 1 1 1 1 1 1 1 1 1 1 1 1 1 1 1
772 9264 -0.825624769042 -0.00161139763281 0.0207355981923 0.750667290855 1 1 1 1 1 1 1 1 1 1 1 1 1 1 1
773 9276 -0.825859071783 -0.00382278205133 0.0177017363873 0.751800758158 1 1 1 1 1 1 1 1 1 1 1 1 1 1 1
774 9288 -0.825623370127 -0.00222177611904 0.00705640000906 0.75662151358 1 1 1 1 1 1 1 1 1 1 1 1 1 1 1
775 9300 -0.824774458457 -0.0019985116885 0.0367041530004 0.753572708302 1 1 1 1 1 1 1 1 1 1 1 1 1 1 1
776 9312 -0.823397531173 -0.00111223716204 0.0216998867006 0.754865714073 1 1 1 1 1 1 1 1 1 1 1 1 1 1 1
777 9324 -0.824331918265 -0.0113808571287 0.0127860593753 0.752469406566 1 1 1 1 1 1 1 1 1 1 1 1 1 1 1
778 9336 -0.828374416724 -0.0248336411969 0.0227449888501 0.760431613956 1 1 1 1 1 1 1 1 1 1 1 1 1 1 1
779 9348 -0.820462546328 -0.0107511519409 0.00130888787764 0.76243143071 1 1 1 1 1 1 1 1 1 1 1 1 1 1 1
780 9360 -0.816932515126 -0.011751920014 0.00280519074351 0.769560615792 1 1 1 1 1 1 1 1 1 1 1 1 1 1 1
781 9372 -0.817948892942 -0.00826252044511 0.00953137480225 0.766566187131 1 1 1 1 1 1 1 1 1 1 1 1 1 1 1
782 9384 -0.827665928702 -0.0127619502964 0.000407151131146 0.766860247631 1 1 1 1 1 1 1 1 1 1 1 1 1 1 1
783 9396 -0.821859891226 -0.000746698080343 0.00853775055393 0.771797421164 1 1 1 1 1 1 1 1 1 1 1 1 1 1 1
784 9408 -0.815335584579 -0.0324780413337 0.00602837190254 0.762923998195 1 1 1 1 1 1 1 1 1 1 1 1 1 1 1
785 9420 -0.809694160398 -0.00802309320984 0.00732277448894 0.757849666772 1 1 1 1 1 1 1 1 1 1 1 1 1 1 1
786 9432 -0.8128263704 -0.000705056006799 0.00928682212991 0.76037262249 1 1 1 1 1 1 1 1 1 1 1 1 1 1 1
787 9444 -0.818052525621 -0.00840727011083 0.00315993010407 0.752407802247 1 1 1 1 1 1 1 1 1 1 1 1 1 1 1
788 9456 -0.820377181819 -0.0125805371888 0.00113522724014 0.750455275915 1 1 1 1 1 1 1 1 1 1 1 1 1 1 1
789 9468 -0.822057012153 -0.027416029891 0.00913517560664 0.748934364363 1 1 1 1 1 1 1 1 1 1 1 1 1 1 1
790 9480 -0.824976290007 -0.00913717297859 0.0143185940451 0.754213158179 1 1 1 1 1 1 1 1 1 1 1 1 1 1 1
791 9492 -0.829365234389 -0.0147506095041 0.00178197248667 0.757634152982 1 1 1 1 1 1 1 1 1 1 1 1 1 1 1
792 9504 -0.832233024116 -0.00873387887579 0.00972712530054 0.764065728616 1 1 1 1 1 1 1 1 1 1 1 1 1 1 1
793 9516 -0.834767130171 -0.00401945968863 0.00846500168761 0.767530639905 1 1 1 1 1 1 1 1 1 1 1 1 1 1 1
794 9528 -0.840055423746 -0.00357275198891 0.00944687552519 0.77290860071 1 1 1 1 1 1 1 1 1 1 1 1 1 1 1
795 9540 -0.846131026197 -0.0102101904943 0.000258250393393 0.766443017068 1 1 1 1 1 1 1 1 1 1 1 1 1 1 1
796 9552 -0.844387955844 -0.00232583200487 0.00131136960731 0.765331720046 1 1 1 1 1 1 1 1 1 1 1 1 1 1 1
797 9564 -0.840799036305 -0.00881838026877 0.000559416610081 0.771576903946 1 1 1 1 1 1 1 1 1 1 1 1 1 1 1
798 9576 -0.841096294237 -0.00203419750082 0.00272289972554 0.782416738646 1 1 1 1 1 1 1 1 1 1 1 1 1 1 1
799 9588 -0.842891797841 -0.0155107631283 0.00403159038783 0.781225222998 1 1 1 1 1 1 1 1 1 1 1 1 1 1 1
800 9600 -0.839390538556 -0.0226051494682 0.0118585829525 0.795474869123 1 1 1 1 1 1 1 1 1 1 1 1 1 1 1
801 9612 -0.837621262346 -0.0139759174112 0.0150077634376 0.794249499253 1 1 1 1 1 1 1 1 1 1 1 1 1 1 1
802 9624 -0.838318485828 -0.00357201750587 0.0112610022793 0.790314601577 1 1 1 1 1 1 1 1 1 1 1 1 1 1 1
803 9636 -0.838764636451 -0.00475680665197 0.00978665956052 0.798209082447 1 1 1 1 1 1 1 1 1 1 1 1 1 1 1
804 9648 -0.841120301468 -0.0137724268203 0.0507540771844 0.798356614407 1 1 1 1 1 1 1 1 1 1 1 1 1 1 1
805 9660 -0.840581213543 -0.0118298494857 0.032826478733 0.797841684084 1 1 1 1 1 1 1 1 1 1 1 1 1 1 1
