% # columns="iteration, evaluation, void, void, void, xmean", seed=2, Mon Jan 29 17:19:34 2018, <python>{}</python> # scaling_of_variables: 1, typical_x: 0
1 12 0 0 0 -0.360859933888 5.77088325848 -1.9435245567 5.57019695934 2.9189504125 5.78827505915 10.0287242065 -0.783038825378 9.3285788905 0.332040496882 9.7056978934 2.56000806063 9.34520862857 0.353506476121 9.80345748325
2 24 0 0 0 -0.562288673552 6.38023581265 -3.40108999909 5.3278233204 3.14094869625 5.15912966996 9.96766468229 -0.843999760899 8.10666004786 0.157339546603 12.0139803312 2.4392171003 8.35589199912 -0.326784445436 10.825624585
3 36 0 0 0 -1.3318333011 6.31467001928 -3.7225094151 6.69925138406 5.17536262096 5.55516833823 10.667396812 -2.23998969324 8.0633890407 -0.875402955498 11.9887524773 1.44333473808 9.36142470451 -0.916395194194 8.65251103945
4 48 0 0 0 -1.6804451897 5.57791193899 -5.77996741655 6.42882612647 4.94599759176 4.36477819136 11.813498507 -2.50383779218 5.35885990977 -0.296343803488 13.3726569889 0.282724756383 10.6953442723 -0.969537402558 8.44007095614
5 60 0 0 0 -2.09511069274 5.01860791617 -4.96687422074 5.03127243977 5.35073642108 3.48831827377 12.3357901543 -3.60565612265 5.63900551057 -0.152348928666 12.0495796024 0.951230187336 10.5473887873 -0.684203463947 7.37404030132
6 72 0 0 0 -2.72424971084 4.4827630188 -6.03705877286 5.77190691047 6.26952249034 4.58250286209 12.3265141772 -4.11954646176 5.34740276664 -1.32002060438 11.8859508096 -0.216009208139 10.3788151747 -1.67149275192 6.68831298717
7 84 0 0 0 -3.40056116522 5.12606007052 -6.74306368777 5.71784365267 5.85691841964 5.38024349045 11.700131601 -3.55954542013 5.48894863111 -1.63169593279 11.8825469105 1.16320856724 10.6563580245 -1.5495142854 5.71679630015
8 96 0 0 0 -3.46272762085 5.92796976339 -5.83598866863 6.53473230636 6.56153279381 5.77955519782 12.126172462 -3.31991059101 5.51423039562 -2.52128670356 11.4757545972 2.13498515235 10.9079665301 -3.05113640542 4.88797040808
9 108 0 0 0 -1.35586422015 5.4780011263 -6.43479294486 7.07308393883 6.02181625595 6.51769042483 11.5476054293 -1.07538482598 6.11453076167 -2.65107063917 11.3446517266 1.77542499141 11.3504955291 -2.52221594733 5.43291698917
10 120 0 0 0 -1.42903636324 5.64336927155 -5.2957604779 8.10843658246 5.87399346581 6.38890075373 10.3735209011 -0.381513348315 7.03621685923 -1.14766438213 11.8894604441 1.78441556561 11.9019896757 -2.96468619738 6.03186176605
11 132 0 0 0 -1.29352802558 5.05680318639 -5.67270872053 7.31428667382 6.09239290634 6.12194542704 10.5613107702 0.958435632925 7.65652492874 -1.62382086613 10.8146445727 1.82225304828 11.4521854387 -2.72277413947 5.64373703966
12 144 0 0 0 -1.09542698919 4.88556909318 -6.42533197927 7.12235064948 5.98453409959 5.28752607322 9.55730843997 0.042414388659 6.88828204441 -1.09067427297 10.5545063274 0.735275114998 12.1876645612 -2.93949085256 5.57265017778
13 156 0 0 0 0.507534458637 3.81057052399 -4.38576098468 6.74697374169 5.37636249763 4.02881984528 9.51016792612 0.303241522991 7.27816496803 -1.79118440936 11.6748380108 0.741457947253 12.2251741614 -1.88963918392 5.95613576986
14 168 0 0 0 -0.29396325067 3.33268730228 -4.68208630494 7.05872623488 6.13156982407 5.01650181637 8.75000327515 -0.233754383304 7.15837896267 -2.00877892214 11.4470604202 -0.10575652698 12.6728686111 -2.35918947042 5.67273894439
15 180 0 0 0 -0.484113515503 2.9812580174 -4.54379076509 6.53247640479 6.34460782366 4.36634972674 8.06439609371 0.0838734948767 7.25866245675 -1.77797229825 11.9979993331 0.579829275621 12.6079098203 -2.18535196218 5.63469644607
16 192 0 0 0 1.05839104536 3.00031414437 -3.74705657429 6.16804543324 7.36503178999 6.62977002428 8.90119269987 -1.35782916607 7.35211775935 -2.14776037134 12.8185241767 0.122187397027 13.794504034 -2.12404038956 5.700356339
17 204 0 0 0 0.532900908004 2.97503381414 -3.95871540717 7.03450020588 6.88748180447 6.74818776035 10.1566890334 -0.136394579034 6.37550527624 -1.11429048855 12.3991512686 0.0144447039811 13.5850832265 -2.80381528464 5.47010353081
18 216 0 0 0 1.18210407426 2.63991626098 -3.7439091524 7.15717072629 7.62152773994 7.30556147831 9.66898822024 0.509118369729 5.58141195939 -1.20642285422 11.5738390626 0.0550501725129 12.1248328123 -2.170197699 5.00551357159
19 228 0 0 0 -0.215193215918 3.3182338919 -3.88100711704 7.91350182884 6.91816493703 6.38654888665 9.07849161239 0.843720693586 5.64883591349 -1.61360334379 11.4182930792 0.499856585926 11.3645178615 -2.35308522661 5.51208593138
20 240 0 0 0 -0.479237330882 3.50799442559 -4.63217464179 7.91923403554 7.52669714346 5.95832833145 8.92503894149 1.7095558289 5.1174240713 -2.40741284042 11.3485499716 0.875562883886 11.6825920837 -3.13250548242 5.55002782922
21 252 0 0 0 -0.422942328627 4.06908601641 -4.65285637743 8.6593048454 7.70060548818 5.52442341676 9.734531348 1.44597448558 4.78057897577 -1.51863246399 10.910531182 1.31585579046 10.8677796914 -2.88474401017 5.42228024215
22 264 0 0 0 0.170787036195 4.08897201676 -4.29151257251 8.24117596823 7.03427376972 5.25108615735 8.81795312239 0.974955663544 4.76969122014 -1.97322908812 11.082068781 0.699118527832 11.2864827883 -2.81966308448 5.41365685007
23 276 0 0 0 0.650280183417 3.72561662889 -4.79135289207 8.3359012113 6.6878567938 4.61319847606 9.78271583584 1.76118853884 4.85926660179 -2.17928374707 10.6505191158 0.496749535869 11.4718078762 -2.73412692729 5.89356260861
24 288 0 0 0 0.699163520175 3.79711120185 -4.30655598043 8.46787713218 5.98964331937 4.97194825712 9.89995214695 1.50038131969 5.70373980695 -1.8954014862 11.0846109166 0.605263203555 10.8085098725 -2.09392324055 5.47095879197
25 300 0 0 0 0.462263784652 4.21493025252 -3.86635381899 8.39388160081 5.78479716433 4.88488646469 10.2290339076 2.29075276512 5.84660146318 -1.95665990022 10.6802848164 0.53002364578 11.2108380631 -2.30792227678 5.50208993286
26 312 0 0 0 -0.0245247998133 4.6641385323 -3.66840668477 7.83603235491 5.7844714107 5.00239338787 10.6516969734 2.15890947488 5.50668147842 -1.60710395416 10.1815312239 0.521694394395 11.697021681 -1.92269148539 6.14218243714
27 324 0 0 0 -1.14753752355 5.01044134071 -3.75510989857 7.57562200372 5.56226988687 4.29474470948 10.3415213624 1.78278501352 5.69140413955 -1.58021566182 10.5187763656 0.315498558778 11.77036031 -1.65255529388 6.52395798579
28 336 0 0 0 -1.21854567962 4.98753739534 -3.80727778993 6.78873077149 5.65599480872 4.94125577925 10.0537411153 2.16321864976 5.14386550334 -1.53942129733 10.7730079792 0.465844199126 11.0440494368 -1.19432944456 6.61853631826
29 348 0 0 0 -1.21930832451 5.000669726 -4.41620204859 6.82653738157 5.63309498072 4.9842190185 10.1885219741 1.77769878582 4.05656038763 -1.66781882326 10.8529112876 1.27838283547 11.1739308203 -1.22184019266 6.31655261475
30 360 0 0 0 -1.24443185697 5.03804087244 -4.26327067439 6.81038522495 4.77096218583 5.09453867209 10.2962565033 2.56976512384 3.75597021866 -2.06839920781 10.6301846257 1.65404303453 11.434618701 -1.3246555589 6.90696229702
31 372 0 0 0 -2.18759323266 4.74113230426 -4.00493320161 6.57733607081 3.96751368269 4.81678111376 10.7281118003 2.18546548218 3.4985111272 -2.14887950568 10.8852124441 2.02390621681 11.1745221185 -1.22055215303 7.44097029916
32 384 0 0 0 -2.59966478392 4.08353160281 -3.50708536077 6.79498490548 3.46032504427 4.35896303281 10.5192083763 1.11663646125 4.36294572874 -2.32849614904 10.8144127525 1.0622625342 11.51020389 -1.08245060792 7.23242837531
33 396 0 0 0 -2.8662931667 3.94365774761 -3.53854647116 7.40466470272 3.60269252679 4.60380050961 11.2299267693 -0.297282424835 3.89733088701 -2.78197564795 11.0010947078 1.33576393116 11.9824242904 -1.28433679559 7.06508061347
34 408 0 0 0 -3.16717163964 3.86875309415 -3.85852620437 7.79519498477 3.96212008634 5.25536232146 11.4779338325 -0.440970509582 4.13821282794 -2.09283308937 10.3747413768 1.97769741934 11.9559289924 -2.10064406264 7.2883327577
35 420 0 0 0 -3.01769917283 4.26778090125 -4.41790127841 7.12187014228 4.51338406615 5.94160766654 11.4763695484 -0.964868316767 3.92213292513 -2.1769284118 10.7990582084 1.52305909131 11.8872180132 -2.4710972953 7.11018015878
36 432 0 0 0 -3.55635327279 4.07707690585 -4.27825780848 8.06547841288 4.45964412271 4.46978914762 11.3921290986 -0.907112178477 4.9681949656 -1.5899727258 10.7596679518 1.76618684271 10.8488770502 -1.90042588184 6.68738302084
37 444 0 0 0 -3.92646655487 4.50843721389 -4.46112172326 8.04428055711 4.15430617405 4.05113772222 10.7955837797 -0.165446839807 5.19708170405 -1.01641491001 11.2603208749 2.62161935485 10.5861609152 -1.82407348107 6.73445049929
38 456 0 0 0 -3.88932432425 4.63277497979 -4.87308075468 7.91314790043 4.00682792426 4.60155202582 12.1251477592 -0.796095616915 4.86937566352 -0.650870716984 11.0209376805 3.56343966412 10.4743528269 -2.25080161218 7.17428589896
39 468 0 0 0 -4.08665680232 4.79389223137 -5.30965675744 7.06088415148 4.29539982914 4.76789656952 11.0989700665 -0.528453986488 5.44798950021 -0.430913119525 11.1585041484 3.53047161988 11.1884001855 -1.53672010663 7.48436171385
40 480 0 0 0 -4.48273942497 5.23417820972 -5.68885392963 7.38812017851 3.935307976 4.82892699463 10.7180585799 0.156131421097 5.71162723976 -0.398988462545 10.3003180745 3.35222639278 12.0393879707 -1.65122639918 7.85110649892
41 492 0 0 0 -4.31491677725 5.55846675628 -6.19517979816 7.26977903979 3.3680185356 4.59058753009 11.351419868 0.912968232414 4.74457225629 -0.494561208171 10.6908217219 3.56410158204 11.2126145381 -0.422472731475 8.3119367057
42 504 0 0 0 -4.69716402323 5.90327423821 -6.06219373426 7.53370453714 3.44437257813 4.80202298857 12.1060888202 1.0249112834 4.44254067692 -0.776110984614 9.80365689274 2.49704567486 10.9803608106 -0.770883480926 8.88751246588
43 516 0 0 0 -4.06672542304 5.8482585228 -5.7906369938 7.74139465888 2.87215012215 5.0243682219 12.1851412579 0.786827241744 4.00721907279 -1.24022028828 9.68866149382 2.03394850233 10.9894963894 -0.31673193574 8.82818860685
44 528 0 0 0 -4.57292446397 6.14979695057 -6.4196398361 8.09535940312 3.51326200694 5.19591381144 12.3971073184 0.829510187081 4.43694803097 -1.10960064168 9.57495371814 1.83709350826 11.5388709988 -0.722712697139 8.91445449715
45 540 0 0 0 -4.34055699097 6.16260276925 -6.80480947038 8.01449716068 3.6060426557 5.80835829615 12.2739284002 1.16994902949 4.43207539663 -0.277740881628 9.23889595539 1.73597598459 11.9124834315 -0.255052419268 8.93650161768
46 552 0 0 0 -4.2853408895 6.32367211323 -6.34397308128 8.22422687862 2.87842142019 5.79407787044 11.7325822554 0.713365856785 4.12884232324 -0.603759457267 8.94991653749 1.81835358848 11.4559183946 -0.189716672377 9.07726601025
47 564 0 0 0 -4.21688984354 6.07258107264 -5.88375645934 8.57368007163 2.49344026169 6.84091229584 12.3137659562 0.903533690295 3.68709613414 -1.02396528552 8.12630151205 1.34440723464 11.6060434771 -0.287551194578 9.7412297427
48 576 0 0 0 -3.98479054079 6.00926804058 -5.8869968501 8.9789275644 2.098454907 6.63051301038 11.9733856933 0.574690586187 3.73217762245 -0.899419361868 8.20994776043 1.2864708019 11.3676110043 -0.901210053899 9.4129378675
49 588 0 0 0 -4.86040977075 5.8887724563 -5.78148360776 8.19261975954 2.47663663323 6.1013241286 11.2539484211 -0.0501580602717 4.10709504822 0.232390150019 8.57549461906 1.62461372226 10.4697742646 -0.757996679118 9.82433338373
50 600 0 0 0 -4.64603023368 5.9679799042 -5.94509852907 8.41608799767 2.25113415781 6.41893626361 11.5142252532 0.296492027633 3.61555024138 0.249205851958 7.85161387043 2.29274887713 10.1628576368 -1.64487358129 9.37775400731
51 612 0 0 0 -4.31044745929 6.4483811443 -6.11354512846 8.1895303599 1.98174642382 7.03349654165 12.0659403302 0.866367482057 2.9073853714 0.639972110378 8.0446769008 2.37325572002 10.2056376058 -1.23780454724 9.2041402028
52 624 0 0 0 -4.40884180732 7.03413763669 -6.55480220495 8.43455483026 1.88464179463 6.61427873464 12.3950741391 0.690831379725 2.36353037615 0.477144106537 7.90998809523 2.72249880583 9.95291777248 -0.945409409138 9.16679561227
53 636 0 0 0 -4.61985921992 7.49906847963 -6.71811851311 8.79044084029 1.35045105653 7.19556637131 12.4110440768 1.02218674775 2.15599733168 0.71389573464 7.55755143857 2.80882811805 10.1655408754 -0.89206603642 9.26497695414
54 648 0 0 0 -4.35358389844 6.91698112231 -7.17004161785 9.09775038529 1.72882138166 6.88298665154 12.0828142419 0.737833553001 1.54472457946 -0.106319245184 7.17377849834 2.78545172535 10.7082657885 -0.685675365416 8.97706966423
55 660 0 0 0 -4.70703802403 6.68761533785 -7.38934739686 9.5128390895 2.00966809917 7.06893146514 11.7978287171 -0.203557308377 1.68011927575 -0.446239920908 6.98883041317 2.29574951377 11.0394564621 -0.715201368492 8.5672571303
56 672 0 0 0 -4.36397378492 6.6936624632 -7.08143161542 9.31523770249 1.84449665215 6.90217923924 11.5106359723 -0.581145904892 2.8293559171 -0.651004005586 7.07343661936 1.88750278901 11.3787213781 -1.11000054033 8.4204302448
57 684 0 0 0 -5.08792393484 6.32507760579 -6.51929660958 8.98904792464 1.87247714168 6.90764856012 11.1200094703 -0.898340672919 3.04456701046 -0.308398322469 7.89084328462 2.3886353752 12.0512736542 -1.80918498466 7.97270360893
58 696 0 0 0 -5.3591119941 6.41981904135 -6.69654897583 9.56594435414 1.40023838768 6.42477648 11.1200473166 -0.412610814404 2.73928841816 -0.667599316134 7.55196812309 1.73189689567 13.1074631786 -1.77569926237 7.89836187464
59 708 0 0 0 -4.96933645621 6.25632742166 -6.53881981281 9.60539691699 1.14128447324 6.1698892221 11.2667655807 -0.989032170468 2.81385971174 -0.213311180201 7.83952587699 1.51442171435 12.7107335646 -1.72260827147 7.56054968908
60 720 0 0 0 -4.33518851418 6.05414807756 -5.96903946828 9.59780753364 1.17233968443 6.11622006377 11.0364391398 -0.766680500778 3.5475460855 -0.296104498981 8.22750096804 0.996643830311 12.8381347326 -1.55757496798 7.56974334651
61 732 0 0 0 -3.57258080538 5.59433459299 -5.55866683427 9.42336428632 0.894519407302 5.66861602734 10.6278345208 -1.20262408124 4.23436270441 -0.524653716752 8.47783061404 0.455396918327 13.2573180951 -1.40460111539 7.53539134326
62 744 0 0 0 -2.96638606376 4.91355658682 -5.36377907721 9.67367448154 1.06493727411 5.1576138435 10.7280880244 -1.61166121788 4.26998337453 -0.547690204406 9.09484042227 0.0658748634769 13.9615209461 -1.38790702882 7.64684729314
63 756 0 0 0 -3.60343864139 4.76670864919 -6.21936905592 10.1365754324 1.88507947082 5.04635215314 10.580484662 -1.29672691247 3.92421466722 -0.905048893487 9.14996590902 0.828977082529 13.2707804112 -1.43127484079 7.65652876701
64 768 0 0 0 -3.71135142915 4.51810539265 -5.65233983924 9.81736828815 2.36127796815 5.7224306536 10.6579828451 -1.75839938577 4.97442745469 -0.367563112544 10.0879696907 0.352677003927 13.2750556236 -1.25221783636 7.45605794325
65 780 0 0 0 -4.28993057123 4.43697067605 -6.08248052957 9.81176883645 2.61008616302 5.57412938722 10.431747875 -2.38748995354 5.11331412945 -0.722583486536 9.69097576785 -0.172515488022 13.4227430623 -1.53083816906 6.70836974065
66 792 0 0 0 -3.46806235046 3.90528429908 -5.59078611482 9.77196253384 2.97652351778 6.20805810824 10.7576542643 -3.5068878652 5.53087404009 -0.893177751575 10.1698208166 -1.09722729969 13.7055407075 -2.07096712844 6.48013799256
67 804 0 0 0 -3.84562205438 4.35990248728 -5.52663650874 10.3623712656 2.61449570762 6.17738420781 10.5815655031 -1.59516674782 5.25652921147 -0.782162458849 9.60009324431 -1.36370121647 13.8123319198 -1.49131476104 6.18278190555
68 816 0 0 0 -3.42949589736 4.55805455712 -5.19122845423 9.66632706325 2.50486363784 5.89451195375 10.5659623855 -1.45172989602 4.54259075185 -0.856846953876 9.0735992228 -1.13784473044 13.6639922884 -1.50563910076 6.77110775637
69 828 0 0 0 -2.9201436166 4.59946504021 -4.79799146673 9.21284528321 2.82327128791 5.95745844305 10.4206484886 -1.22863197609 5.52675997666 -0.550283043507 9.63416737758 -1.10890492676 13.2018095496 -0.851270069244 7.158075831
70 840 0 0 0 -3.32539030006 4.40785057358 -4.41345225315 9.12317021282 2.45406343956 6.12321120914 10.5441614323 -0.935157806349 6.05620855705 -0.135974604384 9.25347004192 -0.973206216822 12.9501954676 -0.862287011486 6.95709378527
71 852 0 0 0 -2.91008471252 4.4475346786 -4.28869349825 8.64542214905 2.67195709688 5.70732089627 10.0734012914 -1.425564189 6.51628260707 -0.120910638707 9.68984626503 -0.90916405454 13.7028439644 -0.471574478444 6.35277972185
72 864 0 0 0 -2.87285201716 4.64522236554 -3.64698354063 8.74857268758 2.50703716964 5.952566187 10.0054366705 -2.03069267803 7.07113392662 0.295866630596 10.1820487817 -0.804214124134 13.3964375828 -0.287099965127 6.56068701824
73 876 0 0 0 -2.70653317471 3.81262565958 -3.39143636587 8.80336431189 2.90617638693 6.42411594766 9.64599299722 -2.33820501535 7.2921789985 -0.0920741012074 9.5724105876 -1.18678884315 13.9621179483 -0.626787550835 6.04414049417
74 888 0 0 0 -2.49472636917 3.9095006132 -3.649379309 8.36414238948 2.94912344447 6.34436282562 9.90624466709 -1.70545392566 7.02078043259 -0.230763613166 9.37622382626 -0.98903165956 13.4093295025 -0.58852678442 5.99811145348
75 900 0 0 0 -2.7068168665 4.516266238 -3.72077881628 8.13217981371 2.37533341497 5.9101700697 10.5658163706 -1.1627889054 6.74324945648 -0.101837829315 8.88036584962 -1.02450196344 12.9005555562 -0.739658751747 6.79281708453
76 912 0 0 0 -2.43056731999 4.45198954974 -3.90237073337 8.30357742933 2.36004100649 6.58269674532 10.8836092145 -1.75132542305 6.63340427677 -0.21152542279 8.97663745916 -1.15479410763 13.0641073083 -0.792121284467 6.69848244115
77 924 0 0 0 -2.45397279732 4.30286518603 -3.51125090981 8.01219837181 2.13353545362 6.90072146972 10.4935546831 -1.66824499618 6.38753957816 -0.285452771589 8.83762419523 -1.1733280511 13.0934422899 -0.605027798793 7.11690558926
78 936 0 0 0 -2.74233873076 4.46915870897 -3.50764407488 7.90971899131 2.00125911811 7.19358779872 10.2184591982 -0.927409906288 5.70679694978 -0.0538734127924 8.58295461168 -1.03294860853 13.2776310704 -0.470259048204 7.56856135278
79 948 0 0 0 -2.62076112276 4.49040588242 -3.82498947857 7.99309493834 2.139109777 7.24091236773 10.5275701373 -1.13891367967 5.45405927834 0.0211692432173 8.83174730218 -0.657363510937 12.8422828578 -0.512944263015 7.75597162984
80 960 0 0 0 -2.79612419863 4.71675890454 -3.97556041811 8.26740234637 1.5816519348 7.05566790182 10.7834818396 -1.37201084768 5.05142652074 -0.184781058939 8.90661439948 -1.00721606684 12.9640013074 -0.473756580575 8.00032222499
81 972 0 0 0 -2.03634337789 4.45046763512 -3.52323831659 8.54356383578 1.54025098904 7.38110649446 10.8861122223 -1.26746209881 5.30281298584 -0.505560843429 8.66640336339 -1.40232501846 13.0718848872 -0.703009699973 7.93876484976
82 984 0 0 0 -2.1799233833 4.41839174671 -3.47938039001 8.93630822252 1.68097394554 7.19408884006 10.8583725927 -1.56746999271 5.55990183376 -0.575762758994 8.97708606519 -1.05846045167 12.89663399 -0.64152340154 7.62942435471
83 996 0 0 0 -2.22829973044 4.18581381616 -3.72087553531 9.08431135707 1.94750949618 7.33158534249 11.2645752055 -2.05810553559 5.93832743538 -0.792613539061 9.19900463123 -1.22454861934 13.0485295454 -0.592940501244 7.50478009801
84 1008 0 0 0 -2.75701585822 4.54124002274 -3.60014978544 9.03597684573 1.57250167188 7.23878371287 11.3149504536 -1.72219405927 5.92610585611 -0.32158752497 9.28577087681 -0.809542489952 12.8854526569 -0.367509128923 7.48027195047
85 1020 0 0 0 -2.6420856302 4.67170053913 -4.03163641971 9.09985256891 1.94123133416 7.38375496555 11.2640736881 -1.95242379666 6.02207093286 -0.207897276381 9.52307305046 -0.465980515104 12.9392618292 -0.0658298059812 7.60942646443
86 1032 0 0 0 -2.71079341133 5.37132933697 -4.27863950434 8.85381338498 2.02628351617 7.50767527107 11.6140595776 -1.87395584552 5.42063466412 0.01995114566 9.66685688629 -0.0356842303454 12.5470433443 -0.513847601305 7.68908532129
87 1044 0 0 0 -2.41722848322 5.67738661427 -4.59888033491 8.71940708463 2.18312070517 7.4140936599 11.6540648282 -1.59128240596 5.36762764965 -0.0774177181026 9.73792481836 0.756941714514 12.4401746018 -0.719139973962 7.41590351422
88 1056 0 0 0 -2.47494166483 5.72999118366 -4.4768121099 8.63578498349 2.24626421116 7.24709405197 11.6806234238 -1.63774133021 5.71215852644 -0.0153777282853 9.30501903286 0.900393637757 12.3478357832 -0.764089067671 7.50084810897
89 1068 0 0 0 -2.45291578833 5.44952570999 -4.63831378127 8.25328346896 2.21683545706 7.39576368188 11.723613041 -1.62747728597 5.22367559527 0.0181695834417 9.14651837005 0.999487037909 12.0945578931 -0.816288880466 7.43888546991
90 1080 0 0 0 -2.30376743314 5.5028276651 -4.48914046417 8.19327223047 2.33752333263 7.03643761563 12.021941483 -1.80547462899 5.33126566157 -0.0424061498838 9.59190067438 1.02656793979 11.7644038677 -1.15207890644 7.37406670453
91 1092 0 0 0 -2.44872169884 5.42921688809 -4.64743216986 8.20113297525 2.59848031018 7.03882282887 11.869223324 -1.88259349496 5.49125669982 0.0287150248313 10.0113749761 1.26619896441 11.567106074 -1.08378775693 7.41360103009
92 1104 0 0 0 -2.27079996977 5.48160160296 -4.86668919665 8.38074779026 3.00338993133 7.02075969996 12.006838829 -2.07046149771 5.69044827719 0.0882958321798 10.2061386235 1.24281632092 11.4662298225 -0.935661167907 7.41144919682
93 1116 0 0 0 -2.26534859017 5.49728034811 -4.65569851062 8.73438739239 3.13439395967 7.11205975772 11.9744337919 -1.85194522144 5.72180064082 -0.0853474849163 10.3339006234 1.11942749948 11.7171325957 -1.04911333855 7.1614815239
94 1128 0 0 0 -2.36136116367 5.68762576717 -4.90153805307 8.95912125096 3.04161450543 6.83720122893 11.6658314559 -1.25703650546 6.00915929515 -0.311057666527 9.59064163055 1.17076551543 11.8014675052 -0.763669165438 7.15145897632
95 1140 0 0 0 -2.45021952851 5.84374641543 -4.94021149961 9.2056062644 2.74422980017 6.93865418628 11.6197655312 -0.906844536438 5.67230372749 -0.223225557405 9.47583337363 1.17199663246 11.8551358041 -0.628683631579 7.18374645166
96 1152 0 0 0 -2.44278135235 5.65967705486 -4.90362104607 9.32650174855 2.91713851146 6.86272875653 11.6391616705 -0.548133148284 5.62882967759 -0.0585989959651 9.53733681397 0.851508825332 11.9682573287 -0.630362886883 7.50109143179
97 1164 0 0 0 -2.7285504258 5.65155329997 -5.30694804766 9.15632827303 3.17345312336 6.53021651177 11.7094166556 -0.709270826608 5.55249758221 -0.11194680175 9.39363279075 1.15786647209 11.9599352876 -0.392241312123 7.49890154474
98 1176 0 0 0 -2.94630007602 5.73778007458 -5.41125406534 8.97280719817 3.29030695272 6.28700934999 12.0153387007 -0.204853600694 5.48717299179 0.0158521101345 9.14742394327 1.72901119846 11.6193782503 -0.269231293768 7.5057694739
99 1188 0 0 0 -3.05645544606 5.81526660514 -5.17812459347 9.29745422345 3.06617097731 6.02583050173 12.120995724 0.113963467562 5.35297239955 -0.246090004938 8.97901784106 1.44274589747 11.8435742676 -0.617204193053 7.47205113649
100 1200 0 0 0 -3.00228113653 5.72373547032 -4.94825035583 9.37255448739 2.9116512796 5.938017888 12.0332198875 -0.208707105706 5.73961419707 -0.376808619863 9.15220910584 1.09882720095 12.0698772983 -0.844721860618 7.3083698716
101 1212 0 0 0 -2.86393716354 5.75760944327 -5.41671294117 9.72978296777 2.9030534386 6.15152587258 12.1224098789 -0.699840915731 5.50707148467 -0.662543072296 8.76095528979 0.84854416983 12.4874617456 -1.02343319393 7.34668531036
102 1224 0 0 0 -2.67808697793 5.9801957609 -5.87677291358 9.8605758915 2.9158298701 5.93837075938 12.1172009699 -1.12690801627 5.72418801803 -0.630534179996 8.85094080443 0.764712916734 12.7102545976 -1.22679301878 7.10636668592
103 1236 0 0 0 -2.45337496821 5.56025221245 -5.82057654968 10.0942516085 2.92661257241 6.01848884369 12.1011068388 -1.48741304118 5.60216239817 -0.512459021476 8.96725768574 0.913707330446 12.6092568935 -1.2509841997 7.16854943887
104 1248 0 0 0 -2.39420960991 5.4057316621 -6.17522735726 10.4131238212 2.80208672808 6.034377125 12.3092902122 -1.56017904238 5.6209734976 -0.682602971083 9.31761738341 1.15971047074 12.5724381384 -1.44220882998 7.44546473972
105 1260 0 0 0 -2.43872126833 5.40827271629 -5.52966724961 10.3564278216 2.66435492126 5.97267612545 12.3128464232 -2.02724180888 5.95904036664 -0.818539004714 9.61261846989 0.643248522252 12.6521824777 -1.76414596512 7.13992156288
106 1272 0 0 0 -2.58651282269 5.3737682806 -5.42697243168 10.4642078534 2.31268430444 5.82346563977 12.5178295767 -2.03275276951 5.87521584002 -0.641255306053 9.49506174793 0.5258931437 12.8426960133 -1.88191162965 6.82249870917
107 1284 0 0 0 -2.50536764577 5.59025519789 -5.18581348053 10.0162277977 2.27603357791 6.35953148273 12.5269368053 -1.80101116803 6.40214015172 -0.682506546034 9.67919375199 0.746363948243 12.7056654077 -1.35766870974 7.11370602486
108 1296 0 0 0 -2.35840699686 5.74042438353 -5.24406537318 10.2423875044 1.78750811465 6.28173857726 12.6217582801 -2.44146938386 6.17805574801 -0.646893819525 9.75891074674 0.349949773237 12.9042688092 -1.73630878491 6.96569070469
109 1308 0 0 0 -2.3053827863 5.91577467789 -5.09231711909 9.9984179976 1.79309433524 6.19404045738 12.6734113141 -2.16777089933 5.85712887159 -0.688702916268 9.61413198574 0.531909102489 12.5626468183 -1.23497491604 7.30175113757
110 1320 0 0 0 -2.225197776 5.92300919075 -5.35066249891 10.0208366376 2.01547585552 6.28319182654 12.698321844 -1.83514846733 5.6943869227 -0.916968514526 8.9497936635 0.636404971712 12.4256952519 -1.14750789498 7.53309697526
111 1332 0 0 0 -2.06188615817 5.94633097025 -5.3897277143 9.89489464658 2.37545228506 6.31443081878 12.8195078385 -1.80799461047 5.61125589348 -0.925362920571 9.07744291914 0.565969001945 12.449496076 -0.936222985751 7.57388720568
112 1344 0 0 0 -2.11242685426 5.71386579067 -5.33941211355 9.59599177223 2.60293901051 6.6252597837 12.6819826672 -2.1718379915 5.61718826931 -0.978328094335 9.14717491658 0.645115521322 12.332907875 -0.960895797611 7.52424114249
113 1356 0 0 0 -2.0453226587 5.95537765999 -5.77979630919 9.43710138584 2.59962784538 6.50154129671 12.3947148408 -1.53925454198 5.43965223629 -1.02724963258 9.03824553166 0.878442750788 12.3374106026 -0.854137980263 7.65120417759
114 1368 0 0 0 -2.09933581808 6.05016298813 -6.13699010708 9.46638666568 2.80951408102 6.434241431 12.4135126572 -0.96423819781 5.10540071425 -1.14297756419 8.50961502255 1.37718518752 12.1524018816 -0.929875352325 7.74058085146
115 1380 0 0 0 -2.23066390691 6.14721266895 -6.49020587659 9.15795327775 2.91804585771 6.22988387617 12.1676771636 -0.966824695432 4.93308157217 -1.23729698804 8.62441280667 1.67114969727 12.0557419645 -0.898083494074 7.81600163332
116 1392 0 0 0 -2.39769883083 6.14099886437 -6.35728466295 9.2006572695 2.96420736477 6.42930836932 11.9584236408 -0.808011751636 4.86333970591 -1.40347183533 8.07147536391 1.34720536961 12.4746620828 -0.932012299211 7.81399035762
117 1404 0 0 0 -1.95258198783 5.99274869284 -6.22259450504 9.22588844614 2.87970856089 6.56435660449 12.3387417656 -0.81807209142 4.73736313695 -1.33842815226 8.62361388311 0.87588079089 12.7147820026 -1.01453431 7.92104614966
118 1416 0 0 0 -2.28806990342 6.14851724061 -6.71707440453 9.71396235832 3.15959098347 6.26318839132 12.6637890608 -0.821032059606 4.36310331091 -1.32457533511 8.73161104328 0.985849896729 12.7212288998 -1.08025787387 8.04245231084
119 1428 0 0 0 -2.19266058374 6.53355356038 -7.0233632457 9.87178216018 3.11187074555 5.94088540784 12.7413560162 -0.810367013154 4.36823947856 -1.15040362592 8.81857103544 1.27394092902 12.6812860747 -0.78851778125 7.91932102528
120 1440 0 0 0 -1.9847361535 6.5673101784 -7.10065511996 9.96641751682 2.96712951168 5.8610369413 12.6149890879 -1.48170289617 4.53938031712 -1.45648662806 8.82229896252 0.95999351939 12.5005386242 -1.16142280515 7.4321952342
121 1452 0 0 0 -1.9998857412 6.68780438065 -7.73003173937 10.2016672096 3.10838521735 5.78658716766 12.5930164895 -1.6374165771 4.91587726687 -1.40480127388 9.01488152901 1.07774481864 12.1766770261 -0.911224545931 7.01672875537
122 1464 0 0 0 -2.36936984932 7.0578213944 -7.72763780596 10.2397264962 2.7110289788 5.8135248169 12.5791170326 -1.07075481802 4.51285833292 -1.50234407428 8.50633512604 1.4703207269 12.0376189616 -0.730146191308 7.26308971165
123 1476 0 0 0 -1.97054318876 7.20944319888 -7.77097855844 10.1707373024 2.4628326991 6.01003408995 12.3796827638 -1.31122902649 4.48055106786 -1.48572616848 8.75889831328 1.40638139156 12.0231799804 -0.537435313672 7.21403024162
124 1488 0 0 0 -2.03785604902 7.14510057843 -7.31070858703 10.0404443768 2.44315686133 6.19452175858 12.264649204 -1.45205947196 4.77498369392 -1.49418423453 8.55444029729 1.41211584247 11.8880058384 -0.542785170133 7.44828811926
125 1500 0 0 0 -1.7892768506 6.97383567047 -7.02398806358 9.86087137602 2.26620732066 6.36118643647 12.0639713738 -1.88958168259 5.09617254573 -1.58563898703 8.62750131426 0.929754769975 11.8420504897 -0.315349221829 7.71607220278
126 1512 0 0 0 -1.45402609827 7.25436654386 -6.96864350551 9.41132565515 1.47149271578 6.63730272361 12.3374088375 -2.39536746735 5.15438111155 -1.43679402216 9.27697449418 1.2325005067 11.5602058597 -0.551196089346 7.42625796987
127 1524 0 0 0 -1.2681823432 7.25925949485 -7.28453257885 9.26517253963 1.88715364106 6.7520393486 12.4878331035 -2.73281829451 4.81848485695 -1.65299656973 9.46923127971 1.53738415973 11.679148614 -0.945494640855 7.912411328
128 1536 0 0 0 -1.55339301044 7.58636967 -7.64944900209 9.47157547777 2.22900333549 6.550877278 12.5957546276 -2.41241771768 4.88775044032 -1.5835793929 9.73190061679 1.96539299254 11.9713951655 -1.10479749896 7.50436342011
129 1548 0 0 0 -1.55718337527 7.53029570896 -7.41191007415 9.63446347011 2.4187005699 6.53356514354 12.4092353109 -1.7837015716 4.91057085573 -1.71139740878 9.6323380474 1.40129396538 12.1628962457 -0.854674869535 7.25968713869
130 1560 0 0 0 -1.3807346902 7.44342657389 -7.09844219917 9.34033552102 2.43298567254 6.41237099018 12.4239478874 -1.71082091938 5.36256824779 -1.65713254683 9.97228563336 1.21964729492 12.075722846 -0.942244806649 7.23605904121
131 1572 0 0 0 -1.46377351215 7.46506795189 -6.98827366712 9.46469434461 2.48886106758 6.33531098708 12.2576756616 -1.54599369664 5.15048085732 -1.39009177113 10.1829313808 1.4750029624 12.0583134528 -0.690158277777 7.15558307041
132 1584 0 0 0 -1.12596895321 7.19302213751 -6.86650355693 9.4681014479 2.79701985849 6.31500678439 12.4528559175 -1.53172566715 5.02833509788 -1.44954479033 10.3401199768 1.20787429545 12.1955992286 -1.21399414136 7.31005227291
133 1596 0 0 0 -0.891039658089 7.30787908598 -6.60469216856 9.8713537756 2.76966250544 6.44917310985 12.4165673579 -1.23145228398 5.1355729971 -1.69437398779 10.0187757718 0.626158819381 12.5143388643 -0.782877102489 7.14483513126
134 1608 0 0 0 -0.848274777364 7.65796212677 -6.83708321495 10.107098116 2.7224980861 6.30286279915 12.5425962684 -1.24982080451 4.93556961068 -1.55592146598 10.12297879 0.560169439769 12.7340750973 -0.817277742585 6.99263049815
135 1620 0 0 0 -0.718735286755 7.69146763977 -6.74361994826 10.3369917432 2.90925181196 6.42224589465 12.4197560078 -0.727529907652 5.08256083694 -1.59116879763 10.1687279279 0.512758275302 12.9545759435 -0.757998454918 6.7640562946
136 1632 0 0 0 -0.899205968835 7.4880420582 -6.63129823928 10.5399798299 2.881163937 6.48470210014 12.4346044063 -0.882296396884 4.91792756838 -1.53931315442 9.86918868108 0.637789755229 13.024309793 -0.439803884471 6.60197126724
137 1644 0 0 0 -0.688155171108 7.48652203063 -6.733013565 10.3337498576 3.41932735241 6.27085321529 12.5013514492 -0.358919441601 5.33663508593 -1.64327404903 9.96706168682 0.676324890285 12.9907715739 -0.354571408409 6.44475765601
138 1656 0 0 0 -0.99287434512 7.65674956697 -7.00701186488 10.472545705 3.57657437772 6.10227133215 12.3625245629 -0.773337453453 5.51377346036 -1.57974010308 9.99505488187 0.762918231201 12.9390812076 -0.423561876958 6.26332228843
139 1668 0 0 0 -1.06726005636 8.29523505174 -7.49116865338 10.432355689 3.54966733926 6.16190424358 12.2078491578 -0.0114154552993 5.25494806068 -1.52236660088 9.64329566047 1.36691133285 12.6712467759 -0.30529774661 6.31754781967
140 1680 0 0 0 -0.912124553922 8.47165577535 -8.01309314411 10.8708703086 3.88237040336 6.4017187593 12.629961355 -0.199572456044 5.02115107296 -1.47768712693 9.62191970316 1.42281850351 12.730502731 -0.669872849777 6.67305343169
141 1692 0 0 0 -0.729055187193 8.27819991659 -7.82786176005 10.8400991601 3.92934111284 6.19773260305 12.5320396841 0.547907723824 5.53718576517 -1.38965726455 9.70764792164 1.17721147122 12.8621643479 -0.372111241601 6.43709360604
142 1704 0 0 0 -0.617720402134 8.62421977005 -7.76132005175 10.3486753591 3.86130952426 6.52950821187 12.4238958774 0.690482355775 5.57237092713 -1.42620095606 9.49938433562 1.54577525233 12.2127298928 -0.550655295351 6.45626180503
143 1716 0 0 0 -0.920294589011 8.505182887 -7.76205578589 10.2795509112 4.04254180186 6.41908326271 12.3925117135 0.575907493486 5.90994607481 -1.62510768107 9.57492615218 1.21215430157 12.0964214563 -0.729828182305 6.70715216311
144 1728 0 0 0 -1.08744540724 9.32402639731 -7.95219354564 10.2628094431 3.87182918014 6.06900749275 12.3910303759 1.6321270827 5.7705569262 -1.44459155559 8.92402562423 1.4364026486 11.8608812324 -0.245492462884 6.62425267597
145 1740 0 0 0 -0.843831548879 9.49997107296 -7.75235206961 10.3123955743 3.79186695531 6.00610518681 12.5948505779 1.74335495503 5.35154044005 -1.1814461783 8.59701934774 1.52304792503 11.6595392485 -0.225549172305 6.80536913301
146 1752 0 0 0 -0.935801566644 9.35650669908 -7.8989732693 9.87286286717 3.45407022883 5.94813969122 12.8502577212 0.761134336771 5.36175423942 -1.09712220596 9.38403457646 1.46666450042 11.3739114245 -0.61798831311 6.7112967985
147 1764 0 0 0 -0.769813461769 8.9409231995 -7.88889173836 10.3642175275 3.41599839055 5.76144343341 12.5951817534 0.130620037507 5.66669412661 -1.47508736949 9.75600882578 0.829072945997 11.7358569755 -0.982581741377 6.37892147538
148 1776 0 0 0 -0.779989246995 8.9755144487 -8.09740831584 10.5637322829 3.46174388657 5.67435428799 12.8208360596 0.00168043611658 5.16135714244 -1.53318065931 9.93815098884 0.540804758198 11.9649184719 -1.19387578437 6.61035464737
149 1788 0 0 0 -0.835077633567 9.39783039122 -8.38411984663 10.1839517117 3.56768777013 6.01851017841 12.9699283433 0.806725041726 4.95651628742 -1.81009829035 8.66122725334 0.712203455937 11.5070600689 -1.07914656356 6.60425370647
150 1800 0 0 0 -0.936701264147 9.28766764532 -8.42257474748 10.7005606811 3.42470088345 5.94481009785 12.8845635105 0.376964882093 5.03826583023 -1.81293077565 8.76668910624 0.43460029705 11.6158589446 -1.40063306986 6.52177901443
151 1812 0 0 0 -1.25919600041 9.20683304087 -8.69226634372 10.6714623175 3.72171894056 5.27850559206 12.7468015988 0.69615943657 4.78352411789 -1.79733841438 8.47081474727 1.0397984694 11.7040294537 -0.922822797061 6.53513042238
152 1824 0 0 0 -1.21324392076 8.97132630087 -8.42313016782 10.6088464541 3.7110392912 5.02099903904 12.379027332 0.494775857835 5.00086615629 -1.3416529214 8.75840890132 0.923548896222 12.0675440391 -0.919273208384 6.510222918
153 1836 0 0 0 -0.90360646467 8.44403747372 -7.89530765302 10.8944553293 3.55679949783 4.96396502764 12.3514878625 -0.272065265046 5.44801122314 -1.48784192178 9.20046178348 0.500927626059 12.0634677025 -0.871369733194 6.16175113285
154 1848 0 0 0 -0.414758161397 7.99884583224 -7.98490888342 11.0333569156 3.77863498025 5.15273655705 12.4906541285 -0.546148572606 5.56049498636 -1.78573154 9.46525574662 -0.0256888682796 12.8309070289 -1.11054866642 6.02868168877
155 1860 0 0 0 -0.512530301849 7.74714640182 -8.21092674605 11.3156838495 3.66850115618 4.97709858823 12.6092377539 -1.14048760978 5.57333898079 -1.67820517756 9.71687409229 0.107834817189 13.0299084457 -1.56984109998 6.44848935349
156 1872 0 0 0 -0.542967825673 7.74364514361 -8.00466934443 11.2666069394 3.65212314404 5.0553401876 12.7608042318 -1.28194733123 5.80771852027 -1.65313835063 9.78446748703 0.137792034329 12.6087674977 -1.40007459851 6.60253833066
157 1884 0 0 0 -1.07011878966 7.9941185077 -8.06074490063 10.7967497831 3.52324871451 4.87082353086 12.9141794271 -1.73659468568 5.39009056544 -1.53530464179 9.63030841331 0.303145952144 12.2820711515 -1.94356109779 7.14197997281
158 1896 0 0 0 -1.21770398035 8.03613907761 -8.3071123035 10.8134223644 3.26855546781 4.80624522886 12.8678878361 -1.92044929748 5.46024169005 -1.3702480532 9.70711347122 0.44099155319 12.2429080163 -1.85233638859 7.0993725057
159 1908 0 0 0 -1.32390727484 8.05639699006 -8.37017682416 10.2518129532 3.25300189317 5.12980045207 12.7688630743 -2.25944037477 5.95805698126 -1.40933184251 9.7233476929 0.287534703483 12.4145713367 -1.82154378491 6.97562080534
160 1920 0 0 0 -1.47855160491 8.00299660508 -7.91042918828 10.2063376311 3.08266204914 5.17097348964 12.8265744893 -2.75865998919 5.95947796425 -1.26211336159 9.74965257995 -0.176986859138 12.5106088307 -1.73624508629 6.70011468981
161 1932 0 0 0 -1.48077787014 8.23529611625 -7.93990680019 9.540644522 3.33056185806 4.73980945341 12.738976216 -1.76825051483 5.91187286037 -1.08543364841 9.35300464687 -0.0962726931995 12.4012221535 -1.56649949594 6.65077711227
162 1944 0 0 0 -1.40989197855 8.25231713325 -8.45093962807 9.60951610161 3.10462785259 4.2987580765 12.5409035183 -2.04875245019 6.2882502793 -1.12185271116 9.58705590819 -0.161987411093 12.1947599175 -1.96286657692 6.46270618044
163 1956 0 0 0 -1.96177783499 8.03602047331 -8.01182762559 9.36139802814 3.13232760391 4.40776313606 12.2294152667 -1.67450624536 6.56453873038 -1.00764629483 9.4537393941 -0.0551263917575 12.1691817984 -1.31824345537 5.9692647117
164 1968 0 0 0 -1.98581719144 8.36923122982 -7.95310929951 9.2590510849 2.60796828809 4.57665742375 12.3375842766 -1.77402943997 6.33267417945 -1.02309265413 9.40340869563 -0.0333495245866 12.0729594934 -1.13766584418 5.94806730224
165 1980 0 0 0 -1.81440059154 8.95582515686 -8.03907969319 9.92287386996 2.73075788828 5.09769051468 12.3012248149 -1.56559979015 5.90719908847 -1.49859013929 9.04935251217 0.026201130923 12.007423935 -0.494280373956 5.67545445461
166 1992 0 0 0 -1.75296188573 8.84772268938 -7.71438695621 10.050427561 2.72522129923 5.10679814032 12.3707358912 -1.47394235933 6.5245088427 -1.03361810948 9.4336300446 -0.231031193346 12.3584926411 -0.320016249204 5.46591569795
167 2004 0 0 0 -2.02982178764 9.10251634994 -8.11401780095 10.263045235 2.73136587734 4.79897918043 12.3494871712 -0.648364538275 6.55810158346 -1.04431155731 8.95958202128 -0.234337967428 12.6877872202 -0.10579254589 5.70971650672
168 2016 0 0 0 -1.73394240727 9.07364740925 -7.88654077137 10.4191793427 3.01913345068 4.53657271939 12.2700822922 -0.451072433076 6.79196881819 -0.925977685735 9.42149446947 -0.737615397137 12.802653754 0.0616747229858 5.16029785853
169 2028 0 0 0 -1.8186571499 8.5929336759 -8.29367178401 10.5835567177 3.05817566964 4.59121871746 12.2137864471 -1.42722410681 6.13669247116 -1.11993842354 9.58099761791 -0.652066649421 13.0042588449 -0.110602117625 5.34087927308
170 2040 0 0 0 -1.59910983451 8.70777278775 -7.79631862065 10.343683552 2.64275931241 4.48955460141 12.338700028 -1.6587283243 6.19975122226 -1.17741208915 10.0122883816 -0.825608333801 12.6726342696 -0.157934157642 4.83693660173
171 2052 0 0 0 -1.82049199683 9.05605956693 -8.02362504147 10.2489593314 2.23041049795 4.2864920551 12.4252272818 -1.85471865831 6.10316362488 -1.08739508606 9.87647981891 -0.591878564075 12.6237087655 -0.278340449014 4.77897269638
172 2064 0 0 0 -2.26237566867 8.51896821747 -6.74687845071 10.019119081 1.82641287932 4.45047747357 12.1343313105 -1.38487743315 5.9270251958 -0.870718763376 9.59607389688 -0.852253859422 12.9629351739 0.26932408328 5.08539772871
173 2076 0 0 0 -2.47486420911 8.12700246345 -5.97356659688 9.62157144244 1.30700060369 4.87886587827 12.2910930432 -2.46385522794 6.16942895035 -0.788930764319 9.37541514464 -1.25660514805 12.988526032 -0.229275700927 5.27517306152
174 2088 0 0 0 -2.63218688644 8.14640481155 -5.97756676145 9.51854231819 1.57893495345 5.09493612988 12.1780125272 -1.94410262303 5.3602581189 -0.570832684887 8.65302032985 -0.800640280453 12.767237395 -0.462725102693 5.96415161468
175 2100 0 0 0 -3.07125280379 8.15295415899 -5.95108645418 9.62971588472 1.95251654088 5.61342564583 12.3523468416 -1.44875245418 4.91463214279 -0.581952871758 7.9605684455 -0.783692590535 12.9558634296 -0.318896963489 6.26749503549
176 2112 0 0 0 -2.86296125676 8.69282650477 -6.59950253855 9.6454767712 2.53559174338 5.30791228796 12.1248783116 -1.0323503515 5.3176759416 -0.692529477913 7.7392806586 -0.478283699229 12.4969640564 -0.312272022195 5.79779126656
177 2124 0 0 0 -2.7273672696 8.22846265133 -6.6517999446 10.0779807899 2.96697966472 5.48665351233 12.03330137 -0.909250700079 5.43712393643 -0.736028415344 7.82902692565 -0.379543218004 12.5080477676 -0.258899240612 5.54649551243
178 2136 0 0 0 -2.87707059264 7.3829906998 -5.71665102328 10.4882840717 2.54186148858 5.59077668072 11.6577823737 -0.986739730215 5.57985125066 -0.982367207688 7.63965321663 -0.861472934162 12.8415066457 -0.19169771485 5.92987033889
179 2148 0 0 0 -2.70478210632 7.76939196233 -5.20026644096 10.3951002863 1.98893790901 5.66264189853 11.426344854 -1.00207948092 5.81494893569 -0.847743207448 8.01734529535 -0.423617413455 12.3008236912 -0.585261341127 5.53697158335
180 2160 0 0 0 -2.18745390894 6.85021531362 -4.72750255962 10.7194374237 2.412540222 5.37448293727 11.2706135139 -0.865312556463 6.50433600773 -0.788929826146 8.52040256882 -0.916564285896 12.5291694846 -0.894634124165 5.75249873416
181 2172 0 0 0 -2.51209225084 6.91429688776 -4.13920881478 10.7472977876 2.28748202167 5.78296940453 11.2092762011 -0.401618999299 6.12847036477 -0.838403605018 8.48954265287 -0.711461179066 12.0437977002 -0.548552955121 5.52024590823
182 2184 0 0 0 -2.09194244097 6.67469833313 -4.20866643708 10.7214860245 1.83880849031 5.42042582155 11.2528955469 -0.254789514744 6.06126238045 -0.972466355006 9.04483957057 -0.883856492873 12.257783243 -0.938048665854 5.44678993019
183 2196 0 0 0 -2.71146932007 7.07471972986 -4.81711142103 10.2249017284 2.27307461859 5.3534354035 10.7402631962 0.740172794479 5.29352027166 -0.867089247016 8.25100861006 0.0303525153165 11.5784025385 -0.463933787947 5.80518644912
184 2208 0 0 0 -2.32760939428 7.3432941822 -5.62048994445 10.2598763321 2.48253720031 4.9835680757 10.6297026277 0.930163713274 5.79583551247 -0.958324035401 8.70723266121 -0.0102155965468 11.9130735392 -0.118962071507 5.41086688481
185 2220 0 0 0 -1.85916864644 7.09152779833 -6.00759008846 10.4862455119 2.73156979046 5.19270108414 10.7289947964 0.526623429763 5.73682800204 -1.23525307581 9.21797315806 0.0356972884003 12.2228902741 -0.63443754004 5.78000774769
186 2232 0 0 0 -1.6388599778 7.30809754279 -6.43464414447 11.0122398381 2.06278403402 5.95967411551 11.5258847754 0.27302741729 4.78547053669 -1.35510362912 9.32229447841 0.624391098957 12.1675641363 -0.615358353893 6.40758458602
187 2244 0 0 0 -1.56369004379 7.56900414689 -6.08290211775 10.6996497262 1.49741247549 5.88423535402 11.271538005 0.422701446597 4.87262800269 -1.07632385395 9.51620559674 1.01989313325 11.6298927368 -0.627079710726 6.13477984826
188 2256 0 0 0 -1.85969482324 7.58644328518 -6.54817813163 9.94063261313 1.81181700864 5.75987001899 10.931869316 0.521926334595 5.07737847775 -1.05215131074 8.78130579772 1.48066898609 11.0244897342 -0.296001518274 6.12365087534
189 2268 0 0 0 -2.49151446235 7.91132085522 -6.77414822435 9.47850719516 1.67351963554 5.46075765147 10.9131912509 0.361871286637 5.22392794266 -1.05232526278 8.9082959023 2.22570364189 10.7737729894 0.279694933942 6.01801443699
190 2280 0 0 0 -2.7988467346 7.46121472707 -6.81387458238 9.13215415037 1.96368358658 5.12969358563 10.7263292048 -0.764107903244 5.4472270838 -1.15703269323 9.06948235732 1.98766706722 11.2896264311 0.208226291385 6.02681155099
191 2292 0 0 0 -3.09535869163 7.33894875364 -6.82383458152 9.07547185021 1.73929582535 4.37749297515 10.6372811125 -0.400992380762 5.22458299 -0.984076308725 8.747333968 2.09070962895 10.9239367493 0.129661166246 6.42435206155
192 2304 0 0 0 -2.74998961288 8.25082711225 -7.51131831189 8.37908748594 2.16986693844 4.1520790569 10.8027019807 0.0292106893853 5.60436485604 -1.1710415453 8.65491504259 1.84847689157 10.7509339735 0.0855242409301 6.05792402334
193 2316 0 0 0 -2.83464648534 8.40775092838 -6.73062962121 8.08468971696 2.04156881618 4.32607439952 10.9223248836 -0.273461382258 5.78228736615 -1.32035807931 8.74572780644 0.971685245263 10.7555045399 -0.1794731689 5.4793720715
194 2328 0 0 0 -3.43528100371 8.56392930946 -7.61909935191 7.82919136533 2.31892395038 4.41501884284 11.1068232946 -0.812006160332 5.62304194102 -1.08313149638 8.55697042602 0.985308948211 11.039669794 -0.396950782699 6.29412628184
195 2340 0 0 0 -3.50403690808 8.48823025727 -7.04062550468 7.95275048161 1.78702527895 4.70585579549 11.5619403388 -0.948191855088 4.99348328531 -0.861014603061 8.07378967672 0.709154281379 10.8360363073 -0.161333018097 6.42460244574
196 2352 0 0 0 -3.42409814777 7.91378969552 -6.81355269319 7.70802193302 2.02886349949 5.1448947836 11.257965378 -1.236284363 5.38517940369 -1.03958176979 8.46839353492 0.937524733291 10.6009509137 -0.453385988508 6.66395926989
197 2364 0 0 0 -3.34933657743 8.385369998 -6.67911420036 7.19619246537 1.37861369538 5.68937649597 11.5736160349 -1.28709754501 4.58288005166 -0.804853858168 8.53537792184 1.27247062597 10.529877442 -0.211646230842 7.46051619002
198 2376 0 0 0 -2.7916948029 7.80137527436 -6.01281638046 7.97178764306 1.09826834786 5.9757404819 11.5360847635 -1.26564554292 4.79052803384 -0.90169122541 9.09775172988 1.35952188408 10.6861382915 -0.192374372339 7.72185330576
199 2388 0 0 0 -2.65542442948 7.95590970885 -6.53756027428 8.68042281854 0.792872913389 5.59652724234 11.6722394981 -1.26641070077 4.38043129269 -0.619175147216 9.19728080725 1.66639455625 10.3726051983 -0.0576326500037 7.61221703659
200 2400 0 0 0 -2.6442167472 7.94685666362 -6.70440529784 8.99020890467 0.842976703788 5.57581550355 11.2402341125 -1.53632280164 4.61351115366 -0.607186247208 9.33677346353 1.85294641482 10.1524667559 -0.169907165702 7.38170430008
201 2412 0 0 0 -3.15087013428 8.24562735818 -6.98195322478 8.69044262145 0.849842998604 5.30435751793 11.1507596455 -1.26755464943 5.12171400141 -0.362104265725 9.31152842908 2.0249392149 9.93327604291 0.167194257899 7.17074288437
202 2424 0 0 0 -3.71758682365 8.59274052863 -7.41979062625 8.63394167884 0.617014102643 5.09390711945 11.4012283078 -1.63324483406 5.29662663903 -0.3583700957 9.33814771271 2.42389254407 9.7364679993 0.752422886848 6.9563916875
203 2436 0 0 0 -3.50159530024 8.74803412769 -7.68725623477 9.11025056612 0.913282391321 5.58079126054 11.1232206414 -0.723598398284 4.58889106858 -0.653639962315 9.24349264365 2.99902586733 9.40374021577 1.00799887788 7.29891523348
204 2448 0 0 0 -3.5090752328 8.33907744164 -6.92212146554 9.63149355735 0.0352650078238 5.36775740978 11.0235001997 -1.28765335406 4.96436313551 -0.447552264007 9.71808675715 2.55401268081 9.50799273928 0.836570656302 6.83170569523
205 2460 0 0 0 -3.46521542719 8.68463031271 -7.70401359357 9.82469234024 0.503192498673 5.16129492164 11.3847449931 -1.35983612828 4.74262314427 -0.308318286229 9.99516764709 2.9920665782 9.61915470249 0.310140643942 6.64835845425
206 2472 0 0 0 -3.4322924972 8.32768301763 -7.0483003765 10.0350723398 0.290063910171 5.21178265157 11.2544445398 -1.69041900929 4.84565275463 -0.538294083291 10.3689255189 2.55801293625 9.75174281666 0.263222210147 6.68061463175
207 2484 0 0 0 -4.02784896123 8.00392770748 -6.91405224042 9.50586301625 0.409752624018 5.18968789723 10.803354492 -2.14038205343 5.03465118794 -0.762779437475 10.6843365139 2.90931974547 9.64149854266 0.571819498671 6.65969967575
208 2496 0 0 0 -3.46293746112 7.91231736283 -6.97099336496 10.1706992898 0.800739671806 5.49746906217 10.8250460384 -1.69600910197 4.77847582178 -0.767085263484 11.1354886369 2.60758484103 10.0910451614 0.360965338949 6.66399351374
209 2508 0 0 0 -3.52672557894 7.68246902904 -7.15553011855 10.1976523869 1.20070349437 5.35484932116 10.7691591356 -2.48094537753 4.57336173149 -0.6581010945 11.3642691928 2.80315633329 10.0952884974 0.259709129567 6.91197799651
210 2520 0 0 0 -3.16990514007 8.84619190094 -7.90310148458 10.2978239633 1.20437926765 5.61602291795 11.3154066999 -1.51366154992 3.62948611157 -0.683562717092 10.1018505547 3.08288497581 9.63069802708 0.103937493928 6.90037295317
211 2532 0 0 0 -2.75087217951 8.45701992882 -7.72054615542 10.1824251758 1.72998010911 5.9058172922 11.5022983388 -1.57988198529 3.95628958649 -1.17972122372 10.1246719877 2.77389486796 9.95149843597 -0.20772614471 6.68620264297
212 2544 0 0 0 -2.754759373 8.549717039 -8.27502188485 10.3986012022 1.51103193184 5.34506107356 11.6631828114 -1.52700285354 4.08243580123 -0.935518918088 10.5589654836 2.71708941846 10.072788742 -0.175034872109 5.98550099674
213 2556 0 0 0 -2.71094686591 8.54300626382 -7.83443887668 10.3786872895 1.18389412357 5.97248129183 11.5879601265 -1.09795566313 3.91750090723 -0.979687915623 10.9878167929 3.05845409526 10.1087216761 -0.463055240464 6.22019722985
214 2568 0 0 0 -2.60827345685 8.00853590566 -7.79055383496 10.7489642998 1.11787091485 5.49608517224 11.6483125123 -1.44268816068 4.04513060063 -1.07337514992 11.6689010544 2.61664823351 10.6931937458 -0.925283825131 6.20603792987
215 2580 0 0 0 -2.62230726714 7.92987305858 -7.51921720637 10.5384054466 1.46360213428 5.87416674587 11.4235694883 -1.06145958617 4.32842297392 -1.33700133664 11.7055132385 2.94418975725 10.4068545213 -0.600128195615 6.31260978601
216 2592 0 0 0 -2.26222626935 7.87250444759 -7.40357697207 10.3351656725 1.4400725976 6.16437082006 11.5217403674 -0.811579424999 4.42124583607 -1.5314383843 12.1541072288 2.68672303015 10.3995506396 -0.696444330491 5.98220981147
217 2604 0 0 0 -2.07112374134 7.9221525979 -7.39418894271 10.6906338521 1.56852332005 6.72726579113 11.7300155982 -0.38211390372 4.33939064051 -1.66039609783 11.8636203358 2.74044457533 10.2937671315 -0.636457734458 5.84330362497
218 2616 0 0 0 -2.36230499494 8.1469818856 -7.59679255097 10.9742704391 1.37387661882 6.79702081839 11.6307635146 -0.728609841192 4.57297708197 -1.7534231571 11.7269541033 3.17155428911 9.88942396402 -0.11124502776 5.72787380408
219 2628 0 0 0 -2.04761391885 8.56955947324 -7.12922740834 11.0828356762 0.53988289629 6.97064322979 11.7885481578 -1.04736013779 4.84840596964 -1.64753793404 11.9932355407 3.15818318332 9.39330308582 -0.542896297596 5.38035274219
220 2640 0 0 0 -1.90962000567 8.83067989581 -6.92153797325 11.0031998538 -0.0159695220617 7.16053754788 12.0111764299 -1.06276354744 5.08662809132 -1.80173002301 12.3214236836 3.41708705844 9.09364124613 -0.394026813774 5.21473266363
221 2652 0 0 0 -1.44853237934 8.7276759567 -6.71713671892 11.5111964503 -0.0288123971277 7.63652601954 12.2797756542 -0.822828201669 4.84793364051 -1.7623506025 12.4637368209 2.92865929927 9.3610800271 -0.391848373897 4.64188101461
222 2664 0 0 0 -1.25018104502 8.44410346314 -6.87831001898 11.6560556803 0.48638153435 7.640691851 12.6270278792 -0.862308447238 4.5783465615 -1.93917783955 12.5733146609 2.21092924265 9.87999545527 -0.779147379941 4.61556012498
223 2676 0 0 0 -1.43566739832 9.14644876477 -7.63604843331 11.1735226284 -0.0230631877837 6.99679607418 12.5711626737 -1.00624175417 4.29969668777 -1.53708263561 12.3882743158 2.50362170253 9.76540280574 -0.422794953995 4.86759175406
224 2688 0 0 0 -1.29487497975 8.34987630666 -6.91097753339 11.3956585791 0.0899831207869 7.01049283671 12.5060544745 -1.5545240027 4.78805569675 -1.2926300746 12.8645752013 2.35170509889 9.58362142339 -1.27524399077 4.70565124994
225 2700 0 0 0 -1.32329616536 8.12855340245 -6.71000638999 10.9568458886 0.211387527902 7.25371051732 12.3427154375 -2.18504514631 4.83915394924 -1.43087119548 12.5740456123 1.7969307827 9.41496046132 -1.428044854 4.8503628883
226 2712 0 0 0 -1.86805406456 7.73341735423 -5.83778815562 11.0641603722 -0.131432168755 7.14583646248 11.7920489055 -2.60855561719 5.36257290346 -1.41874150423 12.4510455663 1.47423694643 9.39940619288 -0.521408022128 4.35159449681
227 2724 0 0 0 -1.43333573462 7.31546588087 -5.55192688955 11.3325881604 0.327357941186 7.54388265496 11.9035608916 -2.5733898868 5.35418792885 -1.25006807496 11.9529666537 1.55406434741 9.3776336006 -0.443262838064 4.57779373726
228 2736 0 0 0 -0.626516667843 7.41199707081 -5.48303474152 11.5404000747 0.709266659343 7.60008018028 12.1467896916 -2.0674490684 5.3664546013 -1.50086671644 12.2220751235 1.306458077 9.62168168623 -0.702654381822 4.48096827335
229 2748 0 0 0 -0.625948049054 7.26228592446 -5.37969399 12.0195969655 0.750467333167 7.45990473733 12.3277845341 -1.60477917409 5.14769050098 -1.49305225631 12.2673089435 0.756354005318 10.1042915233 -0.89675898128 4.2450074566
230 2760 0 0 0 -0.152710932629 7.21707058871 -5.57299697993 12.2047332311 0.832441791637 7.32742996077 12.1864979972 -1.08847923406 5.46154558451 -1.44500228973 12.3693879243 0.418163528429 10.1444029078 -0.854634476127 4.05733357885
231 2772 0 0 0 -0.585648583782 7.85906992604 -6.63957961917 11.6728234525 1.03683092576 6.74923541238 12.3346961962 -1.13421882539 5.04361992708 -1.15396875629 12.3963147125 1.11178562772 9.84656984711 -1.00186380411 4.24884296824
232 2784 0 0 0 -0.582807331321 8.13123938231 -6.79762109012 11.6882060159 0.949619976625 6.93085175703 12.2939909536 -1.12049259138 5.2381466187 -1.15511721808 11.6283027959 1.45299681562 9.52843524794 -1.01998418149 4.4084696977
233 2796 0 0 0 -0.416653236281 7.97781065824 -6.98036311031 11.634015251 0.835934132845 6.78174789382 12.1633991682 -1.85237136523 5.78401254424 -1.24223667622 12.2458801115 1.17907847088 9.47578487945 -1.06174050347 3.98909841842
234 2808 0 0 0 -0.0238599886424 8.32844055885 -6.66635957048 11.3142986314 0.182885780258 7.23742504494 12.2557953375 -1.91281072359 5.90827348947 -1.56159290183 12.8393553732 1.46676626704 9.14473614643 -1.14415629793 3.77234775686
235 2820 0 0 0 -0.193751083659 8.06141042421 -6.8452663622 11.1723426135 0.235657955863 6.90777197301 12.1595800731 -2.61629840183 5.9922528549 -1.34754999534 13.2136454057 1.21366435857 9.58776071619 -0.763408406416 3.82090196012
236 2832 0 0 0 0.335205764581 8.50976552519 -7.42061369882 11.1110752891 0.141150211575 7.06780872558 12.3275195851 -2.53239559102 5.90399519497 -1.48209278345 13.4054420008 1.40861960998 9.4177923161 -1.07472058959 4.14169337345
237 2844 0 0 0 0.143053954264 8.42938753755 -7.50648183272 11.1573253476 0.291822535584 7.21595689637 12.6902927957 -2.41571195221 5.6878860041 -1.33005674641 13.2961317128 1.53838596762 9.34680941719 -0.807119178778 4.34017668777
238 2856 0 0 0 0.104419635749 8.25787556163 -7.29281425667 11.265279706 0.157122175565 7.05141429605 12.5223602649 -2.55249707545 5.65521948321 -1.08063273076 13.0061989845 1.33552623534 9.35029711966 -0.90267874272 4.56643113406
239 2868 0 0 0 -0.117160190029 7.95343721819 -7.42581271218 10.9899186327 0.0455565004408 6.72639582917 12.3869373136 -2.51397251237 5.61058916436 -0.720691295233 13.2168518118 1.72630179239 9.41157995245 -1.20480599482 4.88032143324
240 2880 0 0 0 0.0308046430263 8.08533654008 -7.54277109619 10.7401987598 0.239053770622 6.70872612058 12.3225429502 -2.52312781647 5.76825602776 -0.64495148335 12.9810026969 1.73963218637 9.20919457299 -1.29174896328 4.97247843406
241 2892 0 0 0 0.196799133888 8.25804641777 -7.29645611317 10.7776507237 -0.108020375253 7.09547210058 12.317277927 -2.05444722744 5.44410466803 -0.729084364967 12.7139004044 1.82339162236 9.06863686814 -1.41870702875 5.3397086532
242 2904 0 0 0 0.1921500026 8.57482652921 -7.6119715266 10.8910922869 -0.40487072505 7.01293189446 12.6499473071 -1.94578439316 5.18736203907 -0.448102804401 12.4735718962 1.66185858726 9.13615601955 -1.70385908821 5.74639977072
243 2916 0 0 0 0.110749151281 8.70888079174 -7.33280058509 11.2606762947 -0.597996285835 7.08284680213 12.4126949013 -1.60880347246 5.64176050454 -0.479347062189 12.1431640573 1.55381997627 8.84442041754 -1.38002470123 5.51128544313
244 2928 0 0 0 0.114647551426 9.01114799345 -7.47946822087 11.2362503962 -0.505875385071 6.74220227852 12.4616689373 -1.09488992916 5.69597671072 -0.00772620040219 12.2028989989 1.70803255667 8.98335346273 -1.74025895687 5.50851498765
245 2940 0 0 0 -0.0896401672032 8.65175122678 -7.38290218557 11.2749765274 -0.0639791096313 6.40518197408 12.5068983672 -0.647936434404 5.76482705862 0.179203428748 11.980942521 1.62511205333 9.31893949069 -1.75664809212 5.41032583275
246 2952 0 0 0 -0.0716949597678 8.53809494132 -7.12005189511 11.1860669467 -0.0145519248062 6.34225466962 12.4035564955 -0.756534854994 5.85492506984 0.0215406940026 11.9079816571 1.17443696951 9.46202235007 -1.64900957833 5.18354105674
247 2964 0 0 0 -0.321200126916 8.2179474254 -6.50564588581 11.0774008443 0.340698866158 6.35752929835 12.3717224506 -0.688290213032 5.8666586949 0.247850390754 11.3675710947 0.887140742084 9.85979786588 -1.813201597 5.31512248586
248 2976 0 0 0 -0.373609616429 8.39857391243 -6.80841083722 10.9538864345 0.0241406442948 6.08377091782 12.2168976902 -1.30767124663 6.24502326582 0.169405664259 11.6409735309 0.936346477048 9.40422537823 -1.81684996912 5.36473363146
249 2988 0 0 0 -0.451949929848 8.32481264355 -7.22095471405 10.7374492041 0.664808100072 5.63523780929 12.1928116343 -1.13065007648 6.08455882918 0.426418638207 11.7943312599 1.23367518625 9.48787511782 -2.26337402118 5.62066572631
250 3000 0 0 0 -0.455502652948 8.05300957903 -6.86457031722 11.2252761939 0.410015688799 5.47137205558 12.0665710653 -0.631466813925 6.12256861171 0.754968990293 11.7070304543 0.868642592498 9.78310535026 -2.11910738617 5.80217082598
251 3012 0 0 0 -0.269094942724 8.33302005777 -7.06342833449 11.4690329523 0.0322125145137 5.96441171208 12.492931774 -1.01551808717 5.77474311339 0.699426013349 11.7296174181 1.19608938044 9.2399350867 -2.1825628366 6.15063814456
252 3024 0 0 0 0.143839746913 8.1877198763 -6.87897846529 12.133859027 -0.0560419052428 6.03423104688 12.9258067967 -0.95615773236 5.57240252172 0.716454401729 11.8710046022 0.562341026668 9.44176473313 -2.68907066556 6.28539230818
253 3036 0 0 0 -0.0855628388826 8.42394751673 -7.34101046155 12.2145459761 -0.224997876186 5.64823999318 12.7185612305 -0.902992573362 5.36092349757 0.721064336462 11.91857691 0.674208695523 9.50331053414 -2.42746684937 6.14657980854
254 3048 0 0 0 0.0692848113401 8.22353018197 -7.58115113516 12.4775100729 0.120396446754 5.47188979072 12.7589192524 -1.08577087458 5.47262685349 0.432168937163 12.4226129748 0.603092425027 9.73111755864 -2.91904616578 6.2423821916
255 3060 0 0 0 0.42068543824 8.192416039 -7.84789950577 12.8174341592 0.189442627691 5.51762917765 12.7329828607 -0.815168635468 5.46290235246 0.531625730491 12.4052659287 0.763909202107 9.49035558857 -2.87522716227 6.40065772737
256 3072 0 0 0 0.219194985743 8.3285529912 -8.10130026197 12.9660381377 0.582742489384 5.32616481921 12.6015418573 -0.570606017876 5.83731610585 0.240080552183 12.154157493 1.14869904294 9.50536096176 -2.34504690698 6.02108372785
257 3084 0 0 0 0.0612670989427 7.80376798851 -8.00084311441 12.9898515825 1.22894432385 5.21448012494 12.6588409551 -0.481139643642 5.85955058066 0.5560556223 11.976927196 1.22776942888 9.77526489446 -2.74964563952 6.35209602866
258 3096 0 0 0 0.378108233562 7.70229037681 -7.61272690802 13.2592712776 1.06296117214 5.16185611922 12.5557843894 -0.32115645096 5.72608068651 0.57685438123 11.8518563667 1.00763918442 9.82032310688 -2.86497209925 6.12780589887
259 3108 0 0 0 0.144369790878 7.67094847382 -7.87083378025 13.3348792863 1.26625431441 5.03924914315 12.6296485878 -0.819031120299 5.4864584189 0.846693213648 12.1795900499 1.33929993025 9.75967376011 -2.95090900979 6.526456307
260 3120 0 0 0 -0.173007404446 8.20852393087 -8.06135818517 13.1898989804 1.05863882514 5.00898717417 12.6659221886 -0.419616282571 4.89665933088 0.736937763434 11.6995112309 2.20798709933 9.19449156784 -2.44774809298 6.83550111791
261 3132 0 0 0 -0.189889150539 7.84558334233 -7.46510692858 12.8393182626 0.985453063126 5.17399059625 12.7282171411 -0.532159897306 4.61603977059 1.2940927409 11.6818281051 2.74895259927 8.89371302397 -2.49417695343 7.44044548318
262 3144 0 0 0 -0.207175282964 7.53675512796 -7.29161410233 12.6665555855 1.01533774326 5.14941617614 12.5932777998 -0.328120343673 4.43928162183 1.67237960445 11.4319249335 2.34974431539 9.23467293541 -2.79780371995 7.73140473308
263 3156 0 0 0 -0.222691690938 7.80516775455 -7.30829868927 12.2972328797 1.06614153393 4.97925977918 12.4181159809 0.0432337500681 4.64904506656 1.52490296863 11.0472747361 1.80794737214 9.53122497622 -2.41512914437 7.19916362061
264 3168 0 0 0 0.0661643108074 7.48840748777 -6.91909584693 12.478224089 0.83607428281 5.13711582636 12.4729529524 -0.401500832071 4.80761023107 1.61288353372 11.3014544057 1.37686903243 9.62397039822 -2.46639341428 7.07785425696
265 3180 0 0 0 -0.0299003592127 7.19330972977 -6.33826693497 11.9540046892 0.623518075841 5.49809146581 12.435253792 0.0412268041439 4.98619861446 1.70080689269 11.472195 1.25720098692 9.39662612694 -2.02984350563 6.96687980438
266 3192 0 0 0 -0.098890156736 6.97486417125 -6.54115618711 12.2160660371 0.666247063197 4.81738223224 12.50753232 -0.175433410589 5.47733072488 1.87777478952 11.7511685018 0.24952061137 9.97091301988 -2.1945116686 6.40049576426
267 3204 0 0 0 0.115757386652 7.16783300866 -6.74430135756 12.5617656284 1.16024652297 4.73720261367 12.5826290512 0.334961450468 5.35502177254 1.88267389524 11.4169495796 0.204720470455 10.0782752867 -2.31809079092 6.36121038964
268 3216 0 0 0 -0.0808597446789 7.26545045848 -6.50108039115 12.2810278068 1.29029088615 5.03326603505 12.3931572916 0.851317083199 5.213720558 1.97362670417 10.5698401332 0.235840094916 10.2646159695 -1.95350235471 6.64738482677
269 3228 0 0 0 -0.0480765855543 7.44657630462 -6.2805959067 12.4287155295 1.00196542253 5.92136096277 12.751264973 0.818102222297 4.62284906419 1.76085212089 10.3156341392 0.657016732751 9.96897262336 -2.1764196945 7.30054708764
270 3240 0 0 0 -0.388441796545 7.56217052119 -6.10343637801 12.0748024349 1.28195949925 6.35776144881 12.7925441722 0.752225616929 4.48589123313 1.4535102997 10.2448145207 1.25750858986 9.64939129743 -2.01118720159 7.40809969329
271 3252 0 0 0 -0.929579554037 7.66975775288 -6.45124171556 11.9299552039 1.48148270135 6.15201039429 12.6601644959 0.715974712803 4.87249993515 1.72801722629 10.0240528678 1.67515595301 9.74096382511 -1.79370059055 7.20632886468
272 3264 0 0 0 -0.476030013293 7.07067796359 -5.90887177559 12.0083437701 1.48955012027 6.35415888217 13.1590870986 0.274667625786 4.92321694248 2.08666786634 10.5314512581 0.771320772789 10.0833590383 -2.47471991991 7.59014292529
273 3276 0 0 0 -0.98961171898 7.30922270061 -5.72006951375 11.6783805091 1.27149551138 6.39548036247 12.9190288923 0.547196668757 5.40701847527 2.329856566 9.81178428432 0.517981084839 9.84875207516 -2.09451678526 7.13353138355
274 3288 0 0 0 -0.912910422137 7.52058697798 -6.1392268802 11.6421349795 1.01747552453 6.28504649211 12.8475541479 0.0382156716802 5.89436424646 2.41162810665 10.378555285 0.857464532578 9.37324019315 -2.04899437917 7.04141110436
275 3300 0 0 0 -1.42402922104 7.99259491918 -6.46872592383 11.198676225 0.73328247674 6.22417990752 12.4260954587 -0.108211576683 6.28839614788 2.34207562395 10.1549115984 0.923009962465 9.38005840739 -1.13461501814 6.7206787232
276 3312 0 0 0 -1.88940273676 8.71595672874 -6.78230721993 10.6041132778 0.822098655636 6.89979969218 12.4693382213 0.0139870286335 6.5723129375 2.28885149366 9.37751611785 1.81923766875 8.48046430744 -0.13403234733 6.67425965884
277 3324 0 0 0 -2.30506563605 8.75750193032 -6.97334163602 10.1231110389 0.549666667327 7.20199390557 12.4361957549 -0.665304868264 7.04550074101 2.41515836331 9.74321500742 2.40650018249 8.50194430087 -0.21382887664 6.46868612087
278 3336 0 0 0 -2.19340499769 8.26127964955 -6.09271299548 9.68992268026 0.139601962758 7.51313126332 12.5119289105 -0.641868987744 6.8337611555 2.695448753 9.87258287347 2.1277375936 8.50082719948 -0.310447441224 7.10984954231
279 3348 0 0 0 -1.98131520159 8.45849502822 -6.07126322164 10.1349464212 -0.122148409878 7.37498657693 12.5379954131 -0.24646445223 7.23750617661 2.50625070127 9.3627021795 1.65825200143 8.73845447224 -0.60480886911 6.75876591817
280 3360 0 0 0 -2.43848153793 7.98314441051 -6.23462736316 10.2778147377 0.31035727982 6.70522684871 12.163544089 -0.273110608784 6.69152027053 2.57390851055 9.16930052276 1.10140925069 9.36688917994 -1.12522601849 7.06066571586
281 3372 0 0 0 -1.93865042463 7.69706681144 -5.78723772746 10.5172503276 0.390654672478 6.80672697117 12.0078010058 0.167991755783 6.30091871671 2.38184621082 8.88578089505 0.920006440503 9.43763912461 -0.917837882297 7.43981583934
282 3384 0 0 0 -2.1883254085 7.4195551283 -5.32953874422 10.4192321088 0.0385499998634 7.49645216256 11.7615748059 0.0542271910291 6.29600963227 2.22077864334 8.42249330311 1.24380651755 8.95004738902 -0.661150159211 7.55927492138
283 3396 0 0 0 -2.31980911885 7.4899541666 -5.68661467521 10.2560444335 0.549501969002 7.43072326468 12.0506295648 -0.124385779064 6.84477837723 2.39936459915 8.71685316999 0.962906131454 9.23663197339 -0.615321217171 7.11767734493
284 3408 0 0 0 -2.07412219977 7.89699987991 -5.81388186426 10.0935718971 -0.110560591568 7.58796955237 12.2577694354 -0.553108159282 6.905337323 2.21960641044 9.11682404321 0.603160816419 9.10566582287 -0.718136988988 7.37946242309
285 3420 0 0 0 -1.33400488775 7.77338161304 -5.64211298834 10.2623884164 -0.203578683845 7.58763635387 12.4283139689 -0.899444379516 6.68512441374 1.77105236178 9.9056773352 0.0358859806472 9.40133654227 -0.830665659764 7.13725909799
286 3432 0 0 0 -1.46713464505 7.73951868389 -5.68683975984 10.203862518 0.0626243717852 7.7690621215 12.4884499114 -0.258141150362 6.8361081821 2.00792984306 9.52834763797 0.21732860222 9.09295195619 -0.811882376838 7.09546831986
287 3444 0 0 0 -1.32171637993 7.95577213829 -6.01468448103 10.6726568644 0.158023378753 7.50605549628 12.1372632867 0.0153664778101 6.9989729428 1.82298289872 9.45296863683 0.481198037624 8.91496648008 -0.864393801121 6.88677732233
288 3456 0 0 0 -1.45956514259 7.87013563882 -5.90718499869 10.4968363436 0.0520740941448 7.50972388573 12.003286543 -0.0861529541349 6.89533534844 1.78378917333 9.23218276731 0.544951953185 9.0545104428 -0.81197974231 6.7439284162
289 3468 0 0 0 -1.49325204259 7.85680806244 -5.8584846721 10.5390987163 0.0444376711021 7.3263259014 12.0227858403 -0.355010075148 7.37466879432 1.86903016711 9.55365984836 0.321267052745 8.89530784469 -0.773922577492 6.46029505179
290 3480 0 0 0 -1.23938069803 7.63788053368 -5.57096217868 10.5070201425 -0.129139748553 7.56547912764 12.1492616082 -0.521446659152 7.29395712898 1.73851392077 9.92680032783 0.10312162179 8.96970093178 -1.02360330643 6.52082646964
291 3492 0 0 0 -1.2968789532 7.38144253405 -5.13363746006 10.2159562692 -0.543330980222 7.87881622108 12.0017852761 -0.9834403947 7.69256060217 1.65701069762 10.0212669049 -0.186276463524 9.01831312 -0.837616454482 6.33773815993
292 3504 0 0 0 -1.45401980129 7.06768802866 -4.90289449516 10.2490900074 -0.399613626819 7.89120168549 11.7167093641 -0.89067336476 7.84638490919 1.59305237495 9.79217519214 -0.0589237574119 8.98790733861 -0.359263211214 6.24269916462
293 3516 0 0 0 -1.59433558605 6.88997962741 -4.92779001624 10.311345647 -0.0893067834818 8.03516984743 11.8537496789 -0.829833346098 7.72660834139 1.72636801845 9.65382099136 0.213804644187 8.90971276028 -0.501083083237 6.32569590185
294 3528 0 0 0 -1.50506401718 6.98613259682 -5.14628980203 10.566325384 0.143057913 7.98558041385 12.0490912878 -0.697271214806 7.32388227423 1.6951367333 9.41280403393 0.250073256542 9.2281503778 -0.598861537039 6.49761889505
295 3540 0 0 0 -1.73708662501 6.89518502447 -5.30034016031 10.7760809786 -0.0169770844996 7.74251598904 11.9301310301 -0.951227524515 7.35452725136 1.64876455233 9.22365025887 0.131977817591 9.39036208766 -0.706607476649 6.57895690294
296 3552 0 0 0 -1.65304582077 6.83813633946 -5.4673381766 10.7313062591 0.0347116001712 7.53418745496 11.8968186045 -1.19223130854 7.41219200396 1.63405304272 9.16028213015 0.138916496321 9.42530758958 -0.624298204338 6.38575307305
297 3564 0 0 0 -1.38555081751 6.84610011075 -6.00893774537 10.885766226 0.211369978866 7.20280414564 12.1608672558 -1.83360533424 7.47806568866 1.68407187652 9.71665551004 -0.100129091773 9.71606081807 -1.08831317112 6.56917432734
298 3576 0 0 0 -1.33332327252 7.18468622031 -6.12340739439 10.748107371 0.216289676437 7.17310740857 12.0960516173 -1.34360112253 7.4691183246 1.63424900005 9.24134649319 -0.295679796466 9.66595469649 -1.01333982642 6.60669709527
299 3588 0 0 0 -1.13138913472 7.29248444689 -5.89141679625 10.86961982 0.153166180908 6.97554083588 12.0343957321 -0.802658929145 7.40158042978 1.43287031761 8.90896612854 -0.850628736705 9.92367052279 -1.11651877425 6.61380912986
300 3600 0 0 0 -1.07594541246 7.1290187603 -6.03529051915 11.0092831803 -0.0459036781013 6.79309218158 11.9954970591 -1.39052324649 7.46326573279 1.40994395841 9.24918666099 -0.762667794322 9.7311397897 -1.14676128801 6.55373020272
301 3612 0 0 0 -0.967543528491 7.40988712818 -6.47838198297 11.4397960406 -0.137943877316 6.64417898348 12.1780190127 -1.71948223397 7.23386626687 1.13725391229 9.15793889144 -0.934220564387 9.76046946246 -1.20650535007 6.41266643021
302 3624 0 0 0 -1.27712122833 7.57666753547 -6.96254089256 11.1646742313 0.0815728463766 6.42129830771 12.1158727302 -1.7706634553 7.39655921197 1.13855181696 9.07395381612 -0.784433198601 9.86759473268 -1.23074533849 6.37016614342
303 3636 0 0 0 -1.17813135016 7.69008275707 -6.96539222018 11.3420341258 0.0702995307098 6.59570464617 12.2535958458 -1.40731525614 7.40535362642 1.12425202241 8.99601200962 -0.666581683828 9.60681798461 -1.07914079613 6.35474826569
304 3648 0 0 0 -1.26012176111 8.13416914414 -7.16395526443 11.0740268496 -0.266483617834 6.65308023105 12.1678421039 -1.55714704932 7.13535706526 0.944721673862 9.1460986915 -0.266363198851 9.28783026525 -0.779987534602 6.27936770862
305 3660 0 0 0 -1.11572650852 8.12523533545 -7.22901013505 11.3159098696 -0.424455770081 6.64410409554 12.0346579755 -1.13009432681 7.49502972985 0.933052603844 9.27798063855 -0.407493617567 9.34258670555 -0.325854383441 5.80509027847
306 3672 0 0 0 -0.893309809895 8.31846579873 -6.89406722724 11.1575132937 -0.72799761118 7.07860989187 12.4065215644 -1.16145448006 7.20984822657 1.0155964173 9.55459994478 -0.563185152829 9.2423924077 -0.729358136371 6.0450761598
307 3684 0 0 0 -0.808153003515 8.29345134268 -7.19146392232 11.2047875945 -0.351940642034 6.71305004 12.4684772616 -1.44011395883 7.0709488047 0.938066660082 9.55496700872 -0.942947133049 9.54339009396 -1.18593428243 6.07437503823
308 3696 0 0 0 -0.933842862758 8.57697950715 -7.67490111953 11.0379397235 -0.334165315407 6.54665720426 12.5971379482 -1.75594042536 7.03616744829 0.818687852405 9.67589217884 -1.02041010645 9.53748610002 -1.15024752405 6.02407225851
309 3708 0 0 0 -1.52200439893 8.48105704638 -7.51535199399 10.7289969884 -0.524702646203 6.00081430057 12.4068844499 -1.6516130173 7.24005805197 1.14919306251 9.2221030061 -1.34773408336 9.87340262253 -0.885664331286 5.99272165396
310 3720 0 0 0 -1.37090993879 8.62718618161 -7.23699960834 10.2907861624 -0.87010669577 6.55414535999 12.4794680519 -2.10053123657 7.46289755091 0.948238342059 9.42866524585 -1.22049655213 9.42282518237 -0.70965291092 5.95540821456
311 3732 0 0 0 -1.43391950628 8.65364695627 -7.71363457199 10.5924124355 -0.793244196185 6.27103642447 12.6093048413 -2.22023840606 7.25649943482 1.16622562395 9.08054971634 -1.09498200521 9.43309859692 -1.05871174694 6.31136333573
312 3744 0 0 0 -1.12157616396 8.70638455972 -7.64386452167 10.7018125598 -0.754279410455 6.77852675903 12.7419817798 -2.38331251139 6.87989034326 1.08848818915 9.0815195569 -0.603077434603 8.95707709049 -1.06249061304 6.58352983694
313 3756 0 0 0 -1.44328238614 8.79166348816 -7.42118877003 10.8218484965 -0.761819457918 6.56402021183 12.5181782463 -1.93615796436 6.96345782323 1.24164070055 8.77044979088 -0.639585298946 9.00560106526 -1.06221654973 6.26226669229
314 3768 0 0 0 -1.33808892681 9.1084393308 -7.43872166863 10.4164838244 -0.532476176454 6.71446927189 12.8016680966 -1.45284656754 6.44230856571 1.28330258586 8.65579298465 -0.270429512611 8.7944096092 -1.11081155709 6.42890495223
315 3780 0 0 0 -1.50320135246 8.84169096616 -7.21317093565 10.4505690486 -0.71443734968 6.68041777767 12.5023245625 -1.41327467517 6.39136364728 1.37794938772 8.74006215874 -0.471614658717 9.00272043806 -0.983282234962 6.22020610575
316 3792 0 0 0 -1.54020320513 8.81189892452 -7.1207691602 10.0532395218 -1.01280339131 6.57115568712 12.4979782312 -1.46618844101 6.18774208841 1.46745901296 9.1006120235 -0.472134263706 9.09930738859 -1.01479175168 6.23997693559
317 3804 0 0 0 -1.51636122082 9.01253326648 -7.18712450174 10.3877762317 -1.2376103866 6.67407142113 12.5949613594 -1.1471021248 6.18372238421 1.48394299146 9.23233661378 -0.210918705894 8.96107069241 -0.885306963981 6.13972259457
318 3816 0 0 0 -1.51146237049 9.09048521141 -7.19115959624 10.5424819803 -0.981244344609 6.46754447108 12.6952558304 -1.1440107567 6.01989509205 1.35549485062 8.89951033162 -0.564830717316 9.50063530522 -1.20054735633 6.2780226363
319 3828 0 0 0 -1.31290415271 9.09754441881 -7.33613922797 10.8531064742 -1.04692005713 6.52284898509 12.9275503882 -1.45405101621 5.94498375945 1.29697748386 9.20898062349 -0.592626805825 9.27829588788 -1.55284237986 6.14166305148
320 3840 0 0 0 -1.52637312809 8.99832067826 -7.32068449234 10.9706136114 -0.807373714779 6.5643816382 12.8303975465 -1.30478446668 5.95707857694 1.30894780375 9.13661568199 -0.407759376629 9.31574156851 -1.41754358869 6.09394843602
321 3852 0 0 0 -1.57415703403 8.84662760665 -7.6760883053 11.4392356572 -0.495649499765 5.95033266809 12.8720010038 -1.75119742965 6.03545460333 1.33601242453 9.36107847323 -0.759579630621 9.60881442542 -1.89882351826 5.9761584802
322 3864 0 0 0 -1.76816937487 8.83635206307 -7.84060855826 11.2563163242 -0.237365060421 5.92984238763 12.6961166571 -1.61863872518 6.43662023725 1.29620570033 9.68831581685 -0.669861080127 9.74841494707 -1.76907238629 5.67894215146
323 3876 0 0 0 -1.33553855382 8.48381246733 -7.57427059899 11.4009857512 -0.342843170431 6.27242657242 12.8873325699 -1.95172711599 6.32927943022 1.09130174408 9.77707597467 -1.14280972905 10.1329216568 -1.78372105414 5.88077772545
324 3888 0 0 0 -1.77883674797 8.61365208642 -7.39653584657 11.0770370234 -0.183909381686 6.42428852624 12.7173871325 -1.5044356976 6.24664220751 1.32477641607 9.19297696397 -0.965735791229 10.0837610108 -1.51378795405 6.04467478854
325 3900 0 0 0 -1.9186929078 8.25201923328 -7.1744332608 11.348684195 -0.0581653561526 6.37271635094 12.4785437901 -1.33643419291 6.42010582674 1.25207798865 9.27097763168 -1.06103560615 10.3258569433 -1.45202242978 6.0176145643
326 3912 0 0 0 -1.88451822577 7.95820500678 -6.89847504456 11.4477604703 0.0605864589834 6.54067459872 12.3744719511 -1.37218579245 6.24039593416 1.24081547733 9.33997549954 -0.824478574835 10.2739811769 -1.31764205695 6.12600732027
327 3924 0 0 0 -1.65007016421 8.29551871954 -7.1737554473 11.3224449657 0.127913356472 6.66639374597 12.3298023704 -0.943875218256 6.17855327266 1.15572383474 9.09701411307 -0.695293192905 9.96489825083 -1.34783945569 6.23461988629
328 3936 0 0 0 -1.65498616576 8.41655937779 -7.47392689988 11.4476168042 0.497077017446 6.30281030281 12.2073585895 -0.920393518766 6.67883882275 1.15232129075 9.02435249918 -0.861634182795 10.1251071738 -1.34318231494 6.05553666821
329 3948 0 0 0 -1.89401575078 8.10967878084 -7.20827338535 11.3210915092 0.505376391628 6.67849099491 12.236149023 -1.09408383672 7.07022227788 1.24360752926 9.34059545806 -0.567248953663 9.9771242401 -1.13663715393 5.85212294151
330 3960 0 0 0 -1.71595436889 8.17640165502 -7.01506201883 11.2172625893 0.475117467661 7.09716702037 12.1623169974 -0.772448281473 6.89049548909 1.11534190674 9.10153739959 -0.657433237554 10.0541794178 -0.901987959286 5.84116218327
331 3972 0 0 0 -1.70717430057 8.26599256448 -7.11728301449 11.2605434558 0.582291008813 7.22010119814 12.2014069876 -0.767789559687 6.96777368843 0.983573565041 9.0722926529 -0.597336814266 9.99148383996 -0.911055217297 5.83268951875
332 3984 0 0 0 -1.63487352002 8.33576322313 -7.20667692408 11.4406342146 0.693924092666 6.76102139248 12.207113365 -0.648686847687 6.78906098775 1.01277054133 8.96255599757 -0.70582347203 10.1845020179 -1.14801575153 5.83839630659
333 3996 0 0 0 -1.39714356326 8.20954212867 -7.31194732399 11.6704838909 0.645824781934 6.96063420301 12.3921432814 -0.989140944317 6.85814757891 0.795893022117 9.0870093088 -0.70863548504 10.1647577058 -1.23373423237 5.95631522644
334 4008 0 0 0 -1.33724385816 8.38670899 -7.52270378193 11.6065377848 0.686587927298 7.13339872356 12.5617249276 -0.956553983388 7.0140837446 0.630368228062 9.18958575406 -0.718583232671 10.1719598509 -1.19935765271 5.63840963116
335 4020 0 0 0 -1.32754642065 8.35656654371 -7.51489034493 11.721024101 0.496648243048 7.00569098516 12.607206147 -1.15296848598 6.66065213525 0.58590205192 9.31368188905 -0.651880205229 10.1845366103 -1.34939576335 5.73747304377
336 4032 0 0 0 -1.4534663063 8.3290949483 -7.45635121129 11.9762510506 0.406138512084 6.75842536892 12.643030389 -1.18181006758 6.29380266241 0.754253237184 9.19278442847 -0.641014845605 10.3010753133 -1.50205848357 5.86653039672
337 4044 0 0 0 -1.51244596845 8.47212469013 -7.29606996618 11.8396587688 0.318206788941 6.93070187798 12.568507615 -0.934361567093 6.2050788124 0.732951497607 8.99369808332 -0.747162080577 10.2683277171 -1.4659238129 5.87810472514
338 4056 0 0 0 -1.52862185619 8.29287797921 -7.2209559036 12.0513191651 0.69593924194 6.97761842565 12.659224278 -1.03121005946 6.0665392628 0.685002816682 8.85982561614 -0.725442222866 10.4054435425 -1.63518125747 6.02019017067
339 4068 0 0 0 -1.19553657529 7.99824287859 -6.9514951096 12.3406842987 0.475147860817 7.17909627993 12.6757232662 -0.977789932507 6.22279084119 0.735072193988 9.26312998284 -0.565618090159 10.1748481856 -1.68596052462 6.02604394419
340 4080 0 0 0 -1.17805191749 8.028723705 -6.74887367889 12.1406272007 0.353320230334 7.56790425319 12.7094997705 -0.962707614577 6.4830090244 0.780390736053 9.3350799054 -0.544302576537 10.0184367258 -1.59061304142 5.95854592128
341 4092 0 0 0 -1.20976388381 7.88264898305 -6.50213314494 12.2154981337 0.297800726333 7.70242622897 12.7318971111 -1.00813678084 6.28842027101 0.748511599752 9.3257500823 -0.459489159797 9.89280708043 -1.5115762981 5.99619803137
