% # columns="iteration, evaluation, min max(neg(.)) min(pos(.)) max correlation, correlation matrix principle axes lengths  (sorted square roots of eigenvalues of correlation matrix)", seed=17, Thu Aug 16 04:37:35 2018
1 12 -0.0311078298743 -2.56643663945e-05 7.36280683561e-05 0.0317180354681 1 1 1 1 1 1 1 1 1 1 1 1 1 1 1 1 1
2 24 -0.042543336535 -4.7058816346e-05 2.28377987535e-05 0.0403436919079 1 1 1 1 1 1 1 1 1 1 1 1 1 1 1 1 1
3 36 -0.0486266444897 -0.000119821168414 0.001087732917 0.0548416537473 1 1 1 1 1 1 1 1 1 1 1 1 1 1 1 1 1
4 48 -0.0541836340497 -3.35715105485e-05 0.000277166421775 0.052880130307 1 1 1 1 1 1 1 1 1 1 1 1 1 1 1 1 1
5 60 -0.0682053220819 -1.99186901175e-06 0.000909253466326 0.0810032314657 1 1 1 1 1 1 1 1 1 1 1 1 1 1 1 1 1
6 72 -0.0835779271244 -0.00196714741473 0.000667891779089 0.0847070008946 1 1 1 1 1 1 1 1 1 1 1 1 1 1 1 1 1
7 84 -0.112307464399 -0.000690506384933 0.000810750330805 0.100846926 1 1 1 1 1 1 1 1 1 1 1 1 1 1 1 1 1
8 96 -0.117336777788 -0.000408089166476 0.00102548505806 0.111747821418 1 1 1 1 1 1 1 1 1 1 1 1 1 1 1 1 1
9 108 -0.128199638431 -0.000389923779281 0.000115431480314 0.12809717278 1 1 1 1 1 1 1 1 1 1 1 1 1 1 1 1 1
10 120 -0.118526837055 -0.000130794858773 0.000464805415749 0.12831293234 1 1 1 1 1 1 1 1 1 1 1 1 1 1 1 1 1
11 132 -0.123068985663 -0.00220818733882 0.000869822281012 0.128290041892 1 1 1 1 1 1 1 1 1 1 1 1 1 1 1 1 1
12 144 -0.130171106615 -0.0020143430919 8.86984858313e-05 0.120880865928 1 1 1 1 1 1 1 1 1 1 1 1 1 1 1 1 1
13 156 -0.137034864102 -0.00200870945698 0.000143376672463 0.12902066884 1 1 1 1 1 1 1 1 1 1 1 1 1 1 1 1 1
14 168 -0.126986448386 -0.000868702799842 4.21829345773e-06 0.125317298938 1 1 1 1 1 1 1 1 1 1 1 1 1 1 1 1 1
15 180 -0.139874290527 -0.000297338817062 0.000104294710165 0.126763423281 1 1 1 1 1 1 1 1 1 1 1 1 1 1 1 1 1
16 192 -0.159249412628 -0.000271005417165 0.00113680322265 0.131754100828 1 1 1 1 1 1 1 1 1 1 1 1 1 1 1 1 1
17 204 -0.137346149005 -0.00090661145085 0.00298420565868 0.133711252007 1 1 1 1 1 1 1 1 1 1 1 1 1 1 1 1 1
18 216 -0.139887619654 -0.00428043930184 0.000274068413897 0.143102221188 1 1 1 1 1 1 1 1 1 1 1 1 1 1 1 1 1
19 228 -0.146400373837 -9.72388543406e-05 0.000195999445466 0.142745182623 1 1 1 1 1 1 1 1 1 1 1 1 1 1 1 1 1
20 240 -0.14833928154 -0.00109152360528 0.000106785736979 0.152336907326 1 1 1 1 1 1 1 1 1 1 1 1 1 1 1 1 1
21 252 -0.155737560893 -0.000128248205768 0.000935963350411 0.139115129779 1 1 1 1 1 1 1 1 1 1 1 1 1 1 1 1 1
22 264 -0.146660813377 -0.00187582266841 0.000357012527302 0.146857586195 1 1 1 1 1 1 1 1 1 1 1 1 1 1 1 1 1
23 276 -0.143764113574 -0.00135569532741 0.000766826836156 0.160712398374 1 1 1 1 1 1 1 1 1 1 1 1 1 1 1 1 1
24 288 -0.162407289959 -0.00237451598731 0.000632717377311 0.144798537428 1 1 1 1 1 1 1 1 1 1 1 1 1 1 1 1 1
25 300 -0.170134318738 -0.000316711062263 0.00203745284241 0.165624871148 1 1 1 1 1 1 1 1 1 1 1 1 1 1 1 1 1
26 312 -0.169318114894 -7.63235335686e-05 9.62210203986e-05 0.161258480598 1 1 1 1 1 1 1 1 1 1 1 1 1 1 1 1 1
27 324 -0.173588635052 -0.00382342956627 5.92532501961e-05 0.16418502616 1 1 1 1 1 1 1 1 1 1 1 1 1 1 1 1 1
28 336 -0.182099387627 -0.000503186606964 0.0041920052991 0.16389886958 1 1 1 1 1 1 1 1 1 1 1 1 1 1 1 1 1
29 348 -0.178216200092 -0.000174829196768 0.000483756963548 0.16869190038 1 1 1 1 1 1 1 1 1 1 1 1 1 1 1 1 1
30 360 -0.188659680406 -0.000727544539759 0.000790423776996 0.170740906861 1 1 1 1 1 1 1 1 1 1 1 1 1 1 1 1 1
31 372 -0.188767086913 -0.00010833816063 5.48216265139e-05 0.176937916281 1 1 1 1 1 1 1 1 1 1 1 1 1 1 1 1 1
32 384 -0.173782792491 -0.00145895649736 0.00138664713045 0.176470836324 1 1 1 1 1 1 1 1 1 1 1 1 1 1 1 1 1
33 396 -0.188384665189 -0.00247767158149 0.00151864611612 0.174795412173 1 1 1 1 1 1 1 1 1 1 1 1 1 1 1 1 1
34 408 -0.187168143806 -0.000933528684543 5.15430502695e-05 0.185116904156 1 1 1 1 1 1 1 1 1 1 1 1 1 1 1 1 1
35 420 -0.186464170835 -0.000228689423882 0.00143963462384 0.187670164795 1 1 1 1 1 1 1 1 1 1 1 1 1 1 1 1 1
36 432 -0.191163116931 -0.00173540811119 0.00138802024304 0.203840718218 1 1 1 1 1 1 1 1 1 1 1 1 1 1 1 1 1
37 444 -0.186145270094 -8.8920336104e-05 0.000325863828663 0.197267012965 1 1 1 1 1 1 1 1 1 1 1 1 1 1 1 1 1
38 456 -0.210961099975 -0.000972184055103 0.00157950440661 0.20432482666 1 1 1 1 1 1 1 1 1 1 1 1 1 1 1 1 1
39 468 -0.214441390061 -0.000135560482912 0.00297091429092 0.207915747607 1 1 1 1 1 1 1 1 1 1 1 1 1 1 1 1 1
40 480 -0.223722077134 -0.000375986076094 0.00447050964712 0.214541993815 1 1 1 1 1 1 1 1 1 1 1 1 1 1 1 1 1
41 492 -0.190522972424 -0.000295184846383 0.000566087770961 0.194422726776 1 1 1 1 1 1 1 1 1 1 1 1 1 1 1 1 1
42 504 -0.209793872981 -0.00118906421587 0.000653359788944 0.192240729889 1 1 1 1 1 1 1 1 1 1 1 1 1 1 1 1 1
43 516 -0.188929657106 -0.00061204657557 0.000415678245709 0.19842879658 1 1 1 1 1 1 1 1 1 1 1 1 1 1 1 1 1
44 528 -0.198160016336 -0.00271789021954 0.00230545335646 0.206767081981 1 1 1 1 1 1 1 1 1 1 1 1 1 1 1 1 1
45 540 -0.206474485686 -0.00235993350498 0.00081955610155 0.203323168392 1 1 1 1 1 1 1 1 1 1 1 1 1 1 1 1 1
46 552 -0.20692775006 -0.00357641708124 0.00107456083532 0.204001815913 1 1 1 1 1 1 1 1 1 1 1 1 1 1 1 1 1
47 564 -0.224840296418 -0.00233769858525 0.000119037244182 0.21530290514 1 1 1 1 1 1 1 1 1 1 1 1 1 1 1 1 1
48 576 -0.215407398162 -0.000276095015234 0.000268413455003 0.214644325661 1 1 1 1 1 1 1 1 1 1 1 1 1 1 1 1 1
49 588 -0.204359448435 -0.000777376642197 0.000899021776713 0.216306282373 1 1 1 1 1 1 1 1 1 1 1 1 1 1 1 1 1
50 600 -0.207560548802 -0.000680135717743 0.00243341283116 0.233983012004 1 1 1 1 1 1 1 1 1 1 1 1 1 1 1 1 1
51 612 -0.211281795247 -0.000814281384497 0.00136700509185 0.229443929407 1 1 1 1 1 1 1 1 1 1 1 1 1 1 1 1 1
52 624 -0.224452498284 -0.00216781173842 0.00177728613351 0.215472483096 1 1 1 1 1 1 1 1 1 1 1 1 1 1 1 1 1
53 636 -0.261140502045 -0.00031166268627 0.000312286847742 0.221016082328 1 1 1 1 1 1 1 1 1 1 1 1 1 1 1 1 1
54 648 -0.28006549085 -0.00187014034293 1.09514571629e-05 0.223486454701 1 1 1 1 1 1 1 1 1 1 1 1 1 1 1 1 1
55 660 -0.236483741842 -0.00471376884934 0.00302276555324 0.222861195424 1 1 1 1 1 1 1 1 1 1 1 1 1 1 1 1 1
56 672 -0.226429149099 -0.00182520106746 0.00279908828034 0.228504876144 1 1 1 1 1 1 1 1 1 1 1 1 1 1 1 1 1
57 684 -0.229811805868 -0.000244901417603 0.00242470430257 0.234050167306 1 1 1 1 1 1 1 1 1 1 1 1 1 1 1 1 1
58 696 -0.223337652574 -0.000893048708444 0.00166112990812 0.238061617733 1 1 1 1 1 1 1 1 1 1 1 1 1 1 1 1 1
59 708 -0.223024879951 -0.000613860020951 0.00438388886536 0.238850199048 1 1 1 1 1 1 1 1 1 1 1 1 1 1 1 1 1
60 720 -0.229341410277 -0.00100845280918 0.000767005452471 0.238785486408 1 1 1 1 1 1 1 1 1 1 1 1 1 1 1 1 1
61 732 -0.231175981642 -0.000760006334148 0.000485615965721 0.23550468789 1 1 1 1 1 1 1 1 1 1 1 1 1 1 1 1 1
62 744 -0.229801165923 -0.00449028888106 0.00103513435801 0.241362720948 1 1 1 1 1 1 1 1 1 1 1 1 1 1 1 1 1
63 756 -0.231762270324 -0.00013493492519 0.000482538232006 0.243718255782 1 1 1 1 1 1 1 1 1 1 1 1 1 1 1 1 1
64 768 -0.247174613643 -0.000473304526949 0.00260763774369 0.250532381434 1 1 1 1 1 1 1 1 1 1 1 1 1 1 1 1 1
65 780 -0.25615268883 -0.00146079798331 0.00241222138237 0.245989757872 1 1 1 1 1 1 1 1 1 1 1 1 1 1 1 1 1
66 792 -0.250837839456 -0.000750478067967 0.0032263830445 0.249484133001 1 1 1 1 1 1 1 1 1 1 1 1 1 1 1 1 1
67 804 -0.259700391722 -5.08090537399e-05 0.000481151510976 0.263232014331 1 1 1 1 1 1 1 1 1 1 1 1 1 1 1 1 1
68 816 -0.271654591236 -0.000860636203543 0.000791573159752 0.263562667763 1 1 1 1 1 1 1 1 1 1 1 1 1 1 1 1 1
69 828 -0.271329885247 -0.000219645343439 0.00121548429946 0.267073233186 1 1 1 1 1 1 1 1 1 1 1 1 1 1 1 1 1
70 840 -0.274053746739 -0.00114709840836 0.00344664838407 0.245754765385 1 1 1 1 1 1 1 1 1 1 1 1 1 1 1 1 1
71 852 -0.269588019797 -0.00428128649791 0.000715922781242 0.265781085153 1 1 1 1 1 1 1 1 1 1 1 1 1 1 1 1 1
72 864 -0.278288166592 -0.000447779187801 4.60570507408e-05 0.26298481823 1 1 1 1 1 1 1 1 1 1 1 1 1 1 1 1 1
73 876 -0.269944841583 -0.00105990529277 0.000474644299931 0.252505968901 1 1 1 1 1 1 1 1 1 1 1 1 1 1 1 1 1
74 888 -0.276506343361 -0.00229462743959 0.00350629840028 0.266677840217 1 1 1 1 1 1 1 1 1 1 1 1 1 1 1 1 1
75 900 -0.262213791498 -0.000716242883874 0.00138805257783 0.290141588319 1 1 1 1 1 1 1 1 1 1 1 1 1 1 1 1 1
76 912 -0.276467027805 -0.00130448215098 1.20195899735e-05 0.306144641368 1 1 1 1 1 1 1 1 1 1 1 1 1 1 1 1 1
77 924 -0.274830878062 -0.00159795046431 0.00183697500645 0.321486281173 1 1 1 1 1 1 1 1 1 1 1 1 1 1 1 1 1
78 936 -0.27285927999 -6.70384751343e-05 0.00192140811781 0.316579563927 1 1 1 1 1 1 1 1 1 1 1 1 1 1 1 1 1
79 948 -0.278306746544 -0.00138064645217 0.000405478042044 0.317123009829 1 1 1 1 1 1 1 1 1 1 1 1 1 1 1 1 1
80 960 -0.284869830944 -0.00186053310946 0.000219918349656 0.305487315026 1 1 1 1 1 1 1 1 1 1 1 1 1 1 1 1 1
81 972 -0.272088360713 -0.00102842148149 0.000696391206684 0.289512772874 1 1 1 1 1 1 1 1 1 1 1 1 1 1 1 1 1
82 984 -0.27667133566 -0.000669399687242 0.00259714576425 0.316240433053 1 1 1 1 1 1 1 1 1 1 1 1 1 1 1 1 1
83 996 -0.284424978548 -0.00252009701429 0.000153152779814 0.298881352473 1 1 1 1 1 1 1 1 1 1 1 1 1 1 1 1 1
84 1008 -0.292737857284 -0.00247426940071 0.00296078864867 0.322295071045 1 1 1 1 1 1 1 1 1 1 1 1 1 1 1 1 1
85 1020 -0.286470778763 -0.00200385585257 0.00150383136534 0.312908336956 1 1 1 1 1 1 1 1 1 1 1 1 1 1 1 1 1
86 1032 -0.282689127394 -0.000642738124745 0.000612399139773 0.31821333488 1 1 1 1 1 1 1 1 1 1 1 1 1 1 1 1 1
87 1044 -0.275026027389 -0.00560347180321 0.00270901794913 0.322520760912 1 1 1 1 1 1 1 1 1 1 1 1 1 1 1 1 1
88 1056 -0.275850348299 -0.00109786567526 0.000509996603647 0.31761454023 1 1 1 1 1 1 1 1 1 1 1 1 1 1 1 1 1
89 1068 -0.27678278669 -0.00104886829079 8.79650437964e-05 0.323536419041 1 1 1 1 1 1 1 1 1 1 1 1 1 1 1 1 1
90 1080 -0.282079638948 -0.002117514014 0.00217378010925 0.307520720744 1 1 1 1 1 1 1 1 1 1 1 1 1 1 1 1 1
91 1092 -0.296803988429 -0.00022764290928 0.00365528960243 0.294096299522 1 1 1 1 1 1 1 1 1 1 1 1 1 1 1 1 1
92 1104 -0.299884189234 -0.000234325814728 6.17450698562e-05 0.283580336526 1 1 1 1 1 1 1 1 1 1 1 1 1 1 1 1 1
93 1116 -0.306276094694 -0.00119259278121 0.000523421042114 0.285576021416 1 1 1 1 1 1 1 1 1 1 1 1 1 1 1 1 1
94 1128 -0.307609568915 -0.00566949117966 0.00108497708406 0.29616563499 1 1 1 1 1 1 1 1 1 1 1 1 1 1 1 1 1
95 1140 -0.303584285148 -0.00379795719471 0.000359729609978 0.308696941654 1 1 1 1 1 1 1 1 1 1 1 1 1 1 1 1 1
96 1152 -0.295157188103 -5.01784889469e-05 0.000754838238193 0.307625795026 1 1 1 1 1 1 1 1 1 1 1 1 1 1 1 1 1
97 1164 -0.286254477618 -0.00369357876178 0.00215585587775 0.294491242856 1 1 1 1 1 1 1 1 1 1 1 1 1 1 1 1 1
98 1176 -0.291484357198 -0.00187395553307 0.00106436942313 0.279055195882 1 1 1 1 1 1 1 1 1 1 1 1 1 1 1 1 1
99 1188 -0.289786232547 -0.00144416211826 0.00223085200398 0.25666650153 1 1 1 1 1 1 1 1 1 1 1 1 1 1 1 1 1
100 1200 -0.30511470505 -0.00185463451517 0.0017848851442 0.25351097307 1 1 1 1 1 1 1 1 1 1 1 1 1 1 1 1 1
101 1212 -0.29918819146 -0.000328109860645 0.00540274764889 0.23516453488 1 1 1 1 1 1 1 1 1 1 1 1 1 1 1 1 1
102 1224 -0.315408994321 -0.000234547463115 0.00021093388553 0.243874720921 1 1 1 1 1 1 1 1 1 1 1 1 1 1 1 1 1
103 1236 -0.320720162744 -0.000114519116086 0.00270429966095 0.244353423679 1 1 1 1 1 1 1 1 1 1 1 1 1 1 1 1 1
104 1248 -0.334632333783 -0.00053520716091 0.00228438329667 0.244360855712 1 1 1 1 1 1 1 1 1 1 1 1 1 1 1 1 1
105 1260 -0.358282048041 -0.00164881783694 0.000493082503751 0.247852474273 1 1 1 1 1 1 1 1 1 1 1 1 1 1 1 1 1
106 1272 -0.354097965147 -0.00136717488368 0.00508902386746 0.278236703761 1 1 1 1 1 1 1 1 1 1 1 1 1 1 1 1 1
107 1284 -0.350194398834 -0.00336158910311 0.000462534832253 0.274341824618 1 1 1 1 1 1 1 1 1 1 1 1 1 1 1 1 1
108 1296 -0.344002509999 -0.000262841910947 0.000620463834454 0.280481784929 1 1 1 1 1 1 1 1 1 1 1 1 1 1 1 1 1
109 1308 -0.348547141114 -0.00225748158386 0.00017561457648 0.298528963794 1 1 1 1 1 1 1 1 1 1 1 1 1 1 1 1 1
110 1320 -0.345997329149 -0.00467292378069 0.00629095324655 0.316739616458 1 1 1 1 1 1 1 1 1 1 1 1 1 1 1 1 1
111 1332 -0.336006918915 -0.000632893463908 0.00056580029127 0.329506991609 1 1 1 1 1 1 1 1 1 1 1 1 1 1 1 1 1
112 1344 -0.350502448738 -0.00402031806829 0.0042378705649 0.308870560866 1 1 1 1 1 1 1 1 1 1 1 1 1 1 1 1 1
113 1356 -0.35220261527 -0.00122128693608 0.00199340588238 0.313179305392 1 1 1 1 1 1 1 1 1 1 1 1 1 1 1 1 1
114 1368 -0.365887897225 -0.00515218847456 0.00183044147119 0.329992673552 1 1 1 1 1 1 1 1 1 1 1 1 1 1 1 1 1
115 1380 -0.36311878551 -0.00373275111334 0.00431686190626 0.339027562839 1 1 1 1 1 1 1 1 1 1 1 1 1 1 1 1 1
116 1392 -0.363805535658 -0.00364710833649 0.00691054100552 0.354435679792 1 1 1 1 1 1 1 1 1 1 1 1 1 1 1 1 1
117 1404 -0.361511328374 -0.0003093652263 0.00893062490122 0.354146203732 1 1 1 1 1 1 1 1 1 1 1 1 1 1 1 1 1
118 1416 -0.32694354485 -0.00561371056833 0.000288865772223 0.352573484326 1 1 1 1 1 1 1 1 1 1 1 1 1 1 1 1 1
119 1428 -0.339583097301 -0.00102417791815 0.00147595274083 0.34318626677 1 1 1 1 1 1 1 1 1 1 1 1 1 1 1 1 1
120 1440 -0.338970838357 -0.000434657293434 0.000549727904945 0.338699207387 1 1 1 1 1 1 1 1 1 1 1 1 1 1 1 1 1
121 1452 -0.333986638126 -0.00215277813293 5.17130377144e-05 0.341247993884 1 1 1 1 1 1 1 1 1 1 1 1 1 1 1 1 1
122 1464 -0.335738671126 -0.000147514282481 0.00045555811469 0.344733929434 1 1 1 1 1 1 1 1 1 1 1 1 1 1 1 1 1
123 1476 -0.337898044625 -0.0019750835703 0.000928156570815 0.345440676832 1 1 1 1 1 1 1 1 1 1 1 1 1 1 1 1 1
124 1488 -0.339720093984 -0.00112713832028 0.00385822558193 0.338137497216 1 1 1 1 1 1 1 1 1 1 1 1 1 1 1 1 1
125 1500 -0.345507507898 -0.00195053169203 0.000397189477385 0.347452610934 1 1 1 1 1 1 1 1 1 1 1 1 1 1 1 1 1
126 1512 -0.346043226405 -0.00147235265696 0.000506945878453 0.327234119356 1 1 1 1 1 1 1 1 1 1 1 1 1 1 1 1 1
127 1524 -0.344300836115 -0.00219624788929 0.00231095344594 0.358537083477 1 1 1 1 1 1 1 1 1 1 1 1 1 1 1 1 1
128 1536 -0.344948489279 -0.00197902754906 0.00273012433222 0.365846777289 1 1 1 1 1 1 1 1 1 1 1 1 1 1 1 1 1
129 1548 -0.332954671764 -0.00830787428438 0.00274711203465 0.363256887465 1 1 1 1 1 1 1 1 1 1 1 1 1 1 1 1 1
130 1560 -0.331107532831 -0.00108140749459 0.00409022138538 0.37202957972 1 1 1 1 1 1 1 1 1 1 1 1 1 1 1 1 1
131 1572 -0.33715528731 -0.00253526886377 0.00175631760599 0.368292473 1 1 1 1 1 1 1 1 1 1 1 1 1 1 1 1 1
132 1584 -0.328439869685 -0.000185334792806 0.00535101079634 0.381315317012 1 1 1 1 1 1 1 1 1 1 1 1 1 1 1 1 1
133 1596 -0.335087631247 -0.00371119636069 0.00566824548599 0.381947807283 1 1 1 1 1 1 1 1 1 1 1 1 1 1 1 1 1
134 1608 -0.322174074401 -0.000349429952965 0.0120182046709 0.379970774156 1 1 1 1 1 1 1 1 1 1 1 1 1 1 1 1 1
135 1620 -0.336038283726 -0.00113291726381 0.000991232169163 0.382042892979 1 1 1 1 1 1 1 1 1 1 1 1 1 1 1 1 1
136 1632 -0.339055339807 -0.00212099920267 0.00101845164089 0.390117934074 1 1 1 1 1 1 1 1 1 1 1 1 1 1 1 1 1
137 1644 -0.33703906104 -0.00568536952158 0.0013318570117 0.395490736251 1 1 1 1 1 1 1 1 1 1 1 1 1 1 1 1 1
138 1656 -0.348923896521 -0.00581505029477 0.00351240422307 0.409444705323 1 1 1 1 1 1 1 1 1 1 1 1 1 1 1 1 1
139 1668 -0.354291089322 -0.00558004583985 0.000665168769263 0.427118167087 1 1 1 1 1 1 1 1 1 1 1 1 1 1 1 1 1
140 1680 -0.346942433396 -0.011836585002 0.00232773469815 0.428195160456 1 1 1 1 1 1 1 1 1 1 1 1 1 1 1 1 1
141 1692 -0.355076922437 -0.00107447413484 0.00320062790892 0.431104490533 1 1 1 1 1 1 1 1 1 1 1 1 1 1 1 1 1
142 1704 -0.350919007836 -0.00487713483176 0.0012265458736 0.432542666906 1 1 1 1 1 1 1 1 1 1 1 1 1 1 1 1 1
143 1716 -0.361275707899 -0.00353692360819 0.00201793423941 0.424346399954 1 1 1 1 1 1 1 1 1 1 1 1 1 1 1 1 1
144 1728 -0.38920679548 -0.00259269175369 4.72313332264e-05 0.433877271803 1 1 1 1 1 1 1 1 1 1 1 1 1 1 1 1 1
145 1740 -0.409354099902 -0.00177726130142 0.00416627638677 0.434915790903 1 1 1 1 1 1 1 1 1 1 1 1 1 1 1 1 1
146 1752 -0.413369397728 -5.03886499402e-05 0.000964746159825 0.441670971377 1 1 1 1 1 1 1 1 1 1 1 1 1 1 1 1 1
147 1764 -0.416313553764 -0.00111849114054 0.0081586491187 0.436336220647 1 1 1 1 1 1 1 1 1 1 1 1 1 1 1 1 1
148 1776 -0.426703778744 -0.00327560905854 0.00446984719277 0.434148507127 1 1 1 1 1 1 1 1 1 1 1 1 1 1 1 1 1
149 1788 -0.429828775415 -0.00320839992498 0.00495238160344 0.438972133519 1 1 1 1 1 1 1 1 1 1 1 1 1 1 1 1 1
150 1800 -0.435356200062 -0.00100869063367 3.03751941926e-05 0.422161075013 1 1 1 1 1 1 1 1 1 1 1 1 1 1 1 1 1
151 1812 -0.432075340921 -0.00259421458268 0.000152247442002 0.414678345033 1 1 1 1 1 1 1 1 1 1 1 1 1 1 1 1 1
152 1824 -0.440451731113 -0.0016650599309 0.000752257562942 0.418296451042 1 1 1 1 1 1 1 1 1 1 1 1 1 1 1 1 1
153 1836 -0.422042486099 -0.000230280358083 0.00173766439087 0.411941800609 1 1 1 1 1 1 1 1 1 1 1 1 1 1 1 1 1
154 1848 -0.425821980942 -0.00238393126411 2.81038879447e-05 0.420408774292 1 1 1 1 1 1 1 1 1 1 1 1 1 1 1 1 1
155 1860 -0.425211069863 -0.00463904371893 0.000134871395986 0.42802004433 1 1 1 1 1 1 1 1 1 1 1 1 1 1 1 1 1
156 1872 -0.413107153871 -0.00205362896371 0.000912262135591 0.432296140582 1 1 1 1 1 1 1 1 1 1 1 1 1 1 1 1 1
157 1884 -0.406858771167 -0.000647522882387 0.00104563742956 0.445389694806 1 1 1 1 1 1 1 1 1 1 1 1 1 1 1 1 1
158 1896 -0.415569098028 -0.000112518206943 0.0010262047122 0.444874497696 1 1 1 1 1 1 1 1 1 1 1 1 1 1 1 1 1
159 1908 -0.406356731421 -0.00446096405815 0.00613480536422 0.442907738286 1 1 1 1 1 1 1 1 1 1 1 1 1 1 1 1 1
160 1920 -0.427062368379 -0.0139166824584 0.00151152180624 0.438659635166 1 1 1 1 1 1 1 1 1 1 1 1 1 1 1 1 1
161 1932 -0.434136554622 -0.000539584853274 0.00118513926047 0.435929894516 1 1 1 1 1 1 1 1 1 1 1 1 1 1 1 1 1
162 1944 -0.42281572071 -0.0056076859067 0.000108201624394 0.43494811371 1 1 1 1 1 1 1 1 1 1 1 1 1 1 1 1 1
163 1956 -0.419802881944 -0.0036317261486 0.00450619292168 0.440841504432 1 1 1 1 1 1 1 1 1 1 1 1 1 1 1 1 1
164 1968 -0.413585949557 -0.00482885256237 0.00302049651541 0.440100467982 1 1 1 1 1 1 1 1 1 1 1 1 1 1 1 1 1
165 1980 -0.403010247931 -0.000210806390415 0.0141999673873 0.448037130154 1 1 1 1 1 1 1 1 1 1 1 1 1 1 1 1 1
166 1992 -0.385250490147 -0.000958499625171 0.00952832924366 0.444422148615 1 1 1 1 1 1 1 1 1 1 1 1 1 1 1 1 1
167 2004 -0.386000966225 -0.00505073167671 0.00301559490833 0.459528143118 1 1 1 1 1 1 1 1 1 1 1 1 1 1 1 1 1
168 2016 -0.384362820338 -0.00568184491866 0.0107924266853 0.457397978283 1 1 1 1 1 1 1 1 1 1 1 1 1 1 1 1 1
169 2028 -0.383193008053 -0.00504894380092 1.71580329213e-05 0.464436062762 1 1 1 1 1 1 1 1 1 1 1 1 1 1 1 1 1
170 2040 -0.36836259752 -0.00825061932622 0.0112458680184 0.477784732473 1 1 1 1 1 1 1 1 1 1 1 1 1 1 1 1 1
171 2052 -0.379349700859 -0.0168147116602 0.00347174405331 0.502053484413 1 1 1 1 1 1 1 1 1 1 1 1 1 1 1 1 1
172 2064 -0.383084710072 -0.00625072235261 0.0104958960084 0.52359192253 1 1 1 1 1 1 1 1 1 1 1 1 1 1 1 1 1
173 2076 -0.370253692895 -0.00333541729633 0.0019444180614 0.534962031273 1 1 1 1 1 1 1 1 1 1 1 1 1 1 1 1 1
174 2088 -0.36970254367 -0.00435733324223 0.00421642803444 0.534820763213 1 1 1 1 1 1 1 1 1 1 1 1 1 1 1 1 1
175 2100 -0.364647484062 -0.0166164798838 0.0027947504715 0.541936053922 1 1 1 1 1 1 1 1 1 1 1 1 1 1 1 1 1
176 2112 -0.363958523479 -0.000817410881556 0.00864113728608 0.550443180375 1 1 1 1 1 1 1 1 1 1 1 1 1 1 1 1 1
177 2124 -0.358970349048 -0.00154774493377 0.00179145203998 0.541979594398 1 1 1 1 1 1 1 1 1 1 1 1 1 1 1 1 1
178 2136 -0.355523942578 -0.00267879091172 0.00251556225879 0.538127470833 1 1 1 1 1 1 1 1 1 1 1 1 1 1 1 1 1
179 2148 -0.344090654756 -0.00603528432173 0.0052249278109 0.545388410488 1 1 1 1 1 1 1 1 1 1 1 1 1 1 1 1 1
180 2160 -0.355217140407 -0.00101185366749 0.000833050431025 0.53791469459 1 1 1 1 1 1 1 1 1 1 1 1 1 1 1 1 1
181 2172 -0.347554294281 -0.00341421508077 0.00785821586331 0.517342254162 1 1 1 1 1 1 1 1 1 1 1 1 1 1 1 1 1
182 2184 -0.346339196242 -0.00715733939894 0.0038978374185 0.513511011985 1 1 1 1 1 1 1 1 1 1 1 1 1 1 1 1 1
183 2196 -0.360192207329 -0.00518040328373 0.000550180224812 0.502506432205 1 1 1 1 1 1 1 1 1 1 1 1 1 1 1 1 1
184 2208 -0.353538337895 -0.00163184122906 0.00451869568097 0.503205248663 1 1 1 1 1 1 1 1 1 1 1 1 1 1 1 1 1
185 2220 -0.360418057517 -0.00156267467599 0.00758301746404 0.4838297008 1 1 1 1 1 1 1 1 1 1 1 1 1 1 1 1 1
186 2232 -0.366092774388 -0.00232628399365 0.00946109604563 0.490911019869 1 1 1 1 1 1 1 1 1 1 1 1 1 1 1 1 1
187 2244 -0.373451342687 -0.00020066591113 0.00326685383592 0.474518609417 1 1 1 1 1 1 1 1 1 1 1 1 1 1 1 1 1
188 2256 -0.364513896327 -0.0060782599528 0.00356809482346 0.447172248189 1 1 1 1 1 1 1 1 1 1 1 1 1 1 1 1 1
189 2268 -0.373663941328 -0.00290136729131 0.000262767739972 0.429597842522 1 1 1 1 1 1 1 1 1 1 1 1 1 1 1 1 1
190 2280 -0.380986548136 -0.00792502148902 0.00144113222665 0.416455242636 1 1 1 1 1 1 1 1 1 1 1 1 1 1 1 1 1
191 2292 -0.383278512985 -0.0014413750498 0.000445555766561 0.413305729767 1 1 1 1 1 1 1 1 1 1 1 1 1 1 1 1 1
192 2304 -0.383307677168 -0.00119773443441 0.00444745212724 0.410669148111 1 1 1 1 1 1 1 1 1 1 1 1 1 1 1 1 1
193 2316 -0.40478067732 -0.00132852891455 0.00082898743454 0.423223678004 1 1 1 1 1 1 1 1 1 1 1 1 1 1 1 1 1
194 2328 -0.422691318078 -0.00561373478249 0.00142236510647 0.426963332923 1 1 1 1 1 1 1 1 1 1 1 1 1 1 1 1 1
195 2340 -0.421774873701 -0.000976286039097 0.00404550471796 0.425114543281 1 1 1 1 1 1 1 1 1 1 1 1 1 1 1 1 1
196 2352 -0.417298494628 -0.00394230933942 0.000427464200948 0.420459630617 1 1 1 1 1 1 1 1 1 1 1 1 1 1 1 1 1
197 2364 -0.417403047208 -0.00304393181106 0.00114525186785 0.424939715694 1 1 1 1 1 1 1 1 1 1 1 1 1 1 1 1 1
198 2376 -0.438073737849 -0.00157351921521 0.00310938839607 0.436005325245 1 1 1 1 1 1 1 1 1 1 1 1 1 1 1 1 1
199 2388 -0.439146951605 -0.00747430216795 0.00413712878444 0.432861868058 1 1 1 1 1 1 1 1 1 1 1 1 1 1 1 1 1
200 2400 -0.44189590869 -0.00115953877025 0.00927217531699 0.440885947142 1 1 1 1 1 1 1 1 1 1 1 1 1 1 1 1 1
201 2412 -0.436228310079 -0.00419037547491 0.00317622469327 0.425946994765 1 1 1 1 1 1 1 1 1 1 1 1 1 1 1 1 1
202 2424 -0.456542174694 -0.00569233412263 0.0011943665732 0.431748374929 1 1 1 1 1 1 1 1 1 1 1 1 1 1 1 1 1
203 2436 -0.475363183515 -0.00521035507284 0.000752732895867 0.430577055376 1 1 1 1 1 1 1 1 1 1 1 1 1 1 1 1 1
204 2448 -0.463564804701 -0.0020845824985 0.0023157362093 0.428069098215 1 1 1 1 1 1 1 1 1 1 1 1 1 1 1 1 1
205 2460 -0.458301642275 -0.00184085259119 0.00230558020408 0.421061257474 1 1 1 1 1 1 1 1 1 1 1 1 1 1 1 1 1
206 2472 -0.460067318643 -0.00382246582066 0.00161410465043 0.416155499904 1 1 1 1 1 1 1 1 1 1 1 1 1 1 1 1 1
207 2484 -0.459935689871 -0.000704573633705 0.00368989922981 0.425341308123 1 1 1 1 1 1 1 1 1 1 1 1 1 1 1 1 1
208 2496 -0.463830960209 -0.0090410933678 0.00144262967871 0.441314879024 1 1 1 1 1 1 1 1 1 1 1 1 1 1 1 1 1
209 2508 -0.458546387704 -0.00794305307757 0.00245574073613 0.452439823431 1 1 1 1 1 1 1 1 1 1 1 1 1 1 1 1 1
210 2520 -0.460567953846 -0.00169551268217 0.00271811366937 0.457509792607 1 1 1 1 1 1 1 1 1 1 1 1 1 1 1 1 1
211 2532 -0.45560117676 -0.0029991296174 0.000207465358232 0.455588778938 1 1 1 1 1 1 1 1 1 1 1 1 1 1 1 1 1
212 2544 -0.475020728857 -0.0063475432636 0.00291765232283 0.460172558529 1 1 1 1 1 1 1 1 1 1 1 1 1 1 1 1 1
213 2556 -0.477534928628 -0.00863221111643 0.00118581845275 0.457655508948 1 1 1 1 1 1 1 1 1 1 1 1 1 1 1 1 1
214 2568 -0.478479606966 -0.00358841225196 0.00287646697207 0.463571331155 1 1 1 1 1 1 1 1 1 1 1 1 1 1 1 1 1
215 2580 -0.481387422256 -0.00394287637291 0.00295780462213 0.440622711312 1 1 1 1 1 1 1 1 1 1 1 1 1 1 1 1 1
216 2592 -0.48428054034 -0.00402689247683 0.00347982459725 0.439455422756 1 1 1 1 1 1 1 1 1 1 1 1 1 1 1 1 1
217 2604 -0.481886095436 -0.00162550488478 0.00280259797504 0.447085394305 1 1 1 1 1 1 1 1 1 1 1 1 1 1 1 1 1
218 2616 -0.488510361607 -0.00526100216903 0.00232328325467 0.440408851451 1 1 1 1 1 1 1 1 1 1 1 1 1 1 1 1 1
219 2628 -0.48521672021 -0.00761550847975 0.00016715056981 0.437085118021 1 1 1 1 1 1 1 1 1 1 1 1 1 1 1 1 1
220 2640 -0.494760550679 -0.000876855397046 0.00109959531777 0.408290152191 1 1 1 1 1 1 1 1 1 1 1 1 1 1 1 1 1
221 2652 -0.501470673339 -0.00536362302128 0.00166506443122 0.408617853807 1 1 1 1 1 1 1 1 1 1 1 1 1 1 1 1 1
222 2664 -0.495875488367 -0.00293461643843 0.00128795227973 0.400576215554 1 1 1 1 1 1 1 1 1 1 1 1 1 1 1 1 1
223 2676 -0.500807245758 -0.00372745384673 0.0018792543145 0.399557013828 1 1 1 1 1 1 1 1 1 1 1 1 1 1 1 1 1
224 2688 -0.511366170986 -0.0043522756323 0.00632157239555 0.401501942559 1 1 1 1 1 1 1 1 1 1 1 1 1 1 1 1 1
225 2700 -0.511593406339 -0.00433411852614 0.00175284988642 0.413895912721 1 1 1 1 1 1 1 1 1 1 1 1 1 1 1 1 1
226 2712 -0.515002654504 -0.00488060114492 0.000101058501328 0.414383664253 1 1 1 1 1 1 1 1 1 1 1 1 1 1 1 1 1
227 2724 -0.514207748935 -0.00252009369564 0.00283049108452 0.413621323966 1 1 1 1 1 1 1 1 1 1 1 1 1 1 1 1 1
228 2736 -0.506349995329 -0.00226374955642 0.0089638219339 0.406310806319 1 1 1 1 1 1 1 1 1 1 1 1 1 1 1 1 1
229 2748 -0.496826960702 -0.0183584251656 0.000866535159641 0.400527779948 1 1 1 1 1 1 1 1 1 1 1 1 1 1 1 1 1
230 2760 -0.479723179534 -0.0138967397353 0.00030812995956 0.411551388573 1 1 1 1 1 1 1 1 1 1 1 1 1 1 1 1 1
231 2772 -0.458688487999 -0.0017421600752 0.00330760861318 0.403978032403 1 1 1 1 1 1 1 1 1 1 1 1 1 1 1 1 1
232 2784 -0.452477161541 -0.000258239868418 0.00208598177273 0.406019160558 1 1 1 1 1 1 1 1 1 1 1 1 1 1 1 1 1
233 2796 -0.456584472677 -0.00251945275893 0.00187842971757 0.410321756998 1 1 1 1 1 1 1 1 1 1 1 1 1 1 1 1 1
234 2808 -0.455748802713 -0.000656039618473 0.000185004549771 0.41384831715 1 1 1 1 1 1 1 1 1 1 1 1 1 1 1 1 1
235 2820 -0.461890694948 -0.00844329368362 0.000711890134809 0.420541310463 1 1 1 1 1 1 1 1 1 1 1 1 1 1 1 1 1
236 2832 -0.459842314627 -0.00337026501485 0.0074112878561 0.424783772035 1 1 1 1 1 1 1 1 1 1 1 1 1 1 1 1 1
237 2844 -0.466623844063 -0.000297606815875 0.00291878338138 0.443600950633 1 1 1 1 1 1 1 1 1 1 1 1 1 1 1 1 1
238 2856 -0.461183751432 -0.00104804339487 0.00380790397738 0.432397557617 1 1 1 1 1 1 1 1 1 1 1 1 1 1 1 1 1
239 2868 -0.461047238939 -0.00369443403565 0.00171922925099 0.438158272322 1 1 1 1 1 1 1 1 1 1 1 1 1 1 1 1 1
240 2880 -0.467966581672 -0.000876585627463 0.0136024350446 0.445433530256 1 1 1 1 1 1 1 1 1 1 1 1 1 1 1 1 1
241 2892 -0.469926797108 -0.00094323583387 0.00153266294711 0.450058515447 1 1 1 1 1 1 1 1 1 1 1 1 1 1 1 1 1
242 2904 -0.478990936337 -0.00602545654382 0.00197681569506 0.459754720169 1 1 1 1 1 1 1 1 1 1 1 1 1 1 1 1 1
243 2916 -0.472383145233 -0.0063719680037 0.00208901252457 0.457487633051 1 1 1 1 1 1 1 1 1 1 1 1 1 1 1 1 1
244 2928 -0.478078909311 -0.00132268843084 0.000272528526615 0.463585510626 1 1 1 1 1 1 1 1 1 1 1 1 1 1 1 1 1
245 2940 -0.483096057182 -0.000554241163062 0.0154857332394 0.465974162766 1 1 1 1 1 1 1 1 1 1 1 1 1 1 1 1 1
246 2952 -0.486332959741 -0.00142863428459 0.00665000423737 0.472867939384 1 1 1 1 1 1 1 1 1 1 1 1 1 1 1 1 1
247 2964 -0.477364700591 -0.00263238803152 0.00174994799813 0.478426482637 1 1 1 1 1 1 1 1 1 1 1 1 1 1 1 1 1
248 2976 -0.481582768751 -0.0031608630327 0.00119600909613 0.47307824479 1 1 1 1 1 1 1 1 1 1 1 1 1 1 1 1 1
249 2988 -0.485914217616 -0.00419544872783 0.0017732036342 0.473185728016 1 1 1 1 1 1 1 1 1 1 1 1 1 1 1 1 1
250 3000 -0.49076528872 -0.0021012226452 0.000752392824456 0.480033060194 1 1 1 1 1 1 1 1 1 1 1 1 1 1 1 1 1
251 3012 -0.492737195201 -0.000364456532783 0.000758351995637 0.474485586219 1 1 1 1 1 1 1 1 1 1 1 1 1 1 1 1 1
252 3024 -0.483562274777 -6.62318937245e-05 0.000904536800631 0.465282370031 1 1 1 1 1 1 1 1 1 1 1 1 1 1 1 1 1
253 3036 -0.487159445795 -0.000206722075455 0.00163290211122 0.461974757505 1 1 1 1 1 1 1 1 1 1 1 1 1 1 1 1 1
254 3048 -0.482930292403 -0.00136413423762 0.00498949682816 0.457614537516 1 1 1 1 1 1 1 1 1 1 1 1 1 1 1 1 1
255 3060 -0.494437310029 -0.00222527585173 0.000674378953899 0.460449272679 1 1 1 1 1 1 1 1 1 1 1 1 1 1 1 1 1
256 3072 -0.495389894577 -0.0010619439989 0.00434778466568 0.455980121349 1 1 1 1 1 1 1 1 1 1 1 1 1 1 1 1 1
257 3084 -0.491552706075 -0.00373856904371 0.0103098216062 0.447615819569 1 1 1 1 1 1 1 1 1 1 1 1 1 1 1 1 1
258 3096 -0.492775504446 -0.000513950352563 0.00562333104004 0.469675180919 1 1 1 1 1 1 1 1 1 1 1 1 1 1 1 1 1
259 3108 -0.510936576985 -0.000960822015817 0.00338730365815 0.477430343468 1 1 1 1 1 1 1 1 1 1 1 1 1 1 1 1 1
260 3120 -0.513312285732 -0.00153517577226 0.000538898718925 0.471224550032 1 1 1 1 1 1 1 1 1 1 1 1 1 1 1 1 1
261 3132 -0.531448778984 -0.00193875949782 0.00709135327902 0.478171967797 1 1 1 1 1 1 1 1 1 1 1 1 1 1 1 1 1
262 3144 -0.534040977607 -0.000288891200592 0.000971882390912 0.496527243463 1 1 1 1 1 1 1 1 1 1 1 1 1 1 1 1 1
263 3156 -0.543782083569 -0.00479714589802 0.00687764388378 0.507330063188 1 1 1 1 1 1 1 1 1 1 1 1 1 1 1 1 1
264 3168 -0.538124709197 -0.0145657437279 0.00349696757853 0.492994293306 1 1 1 1 1 1 1 1 1 1 1 1 1 1 1 1 1
265 3180 -0.543025207719 -0.00244787243808 0.00397775275228 0.492942901766 1 1 1 1 1 1 1 1 1 1 1 1 1 1 1 1 1
266 3192 -0.547167488315 -4.36979720007e-05 0.00168958940529 0.492511183874 1 1 1 1 1 1 1 1 1 1 1 1 1 1 1 1 1
267 3204 -0.544399095432 -0.00705726408676 0.00147464432708 0.497234877835 1 1 1 1 1 1 1 1 1 1 1 1 1 1 1 1 1
268 3216 -0.548072159821 -0.000390578616049 0.000532976016552 0.483432970886 1 1 1 1 1 1 1 1 1 1 1 1 1 1 1 1 1
269 3228 -0.550420458997 -0.00384085618061 0.000526741341857 0.474658997946 1 1 1 1 1 1 1 1 1 1 1 1 1 1 1 1 1
270 3240 -0.54575149103 -0.00161424706122 0.00410973817539 0.459677939226 1 1 1 1 1 1 1 1 1 1 1 1 1 1 1 1 1
271 3252 -0.539584841787 -0.00250351826875 8.72118593546e-05 0.468227261444 1 1 1 1 1 1 1 1 1 1 1 1 1 1 1 1 1
272 3264 -0.527641804209 -0.000741968669954 0.00597099319315 0.476829371 1 1 1 1 1 1 1 1 1 1 1 1 1 1 1 1 1
273 3276 -0.529151059605 -0.00135174438214 0.0110403530265 0.476200135493 1 1 1 1 1 1 1 1 1 1 1 1 1 1 1 1 1
274 3288 -0.539082973254 -0.000156196605658 0.00031097787256 0.465393574651 1 1 1 1 1 1 1 1 1 1 1 1 1 1 1 1 1
275 3300 -0.557899804332 -0.00152880554291 0.00201848030351 0.467275849911 1 1 1 1 1 1 1 1 1 1 1 1 1 1 1 1 1
276 3312 -0.559282913469 -0.0038708328142 0.000934069219289 0.473133176968 1 1 1 1 1 1 1 1 1 1 1 1 1 1 1 1 1
277 3324 -0.568225969982 -0.00185890169834 0.00544170354364 0.474026225109 1 1 1 1 1 1 1 1 1 1 1 1 1 1 1 1 1
278 3336 -0.568994710814 -0.0020570646892 0.00498534427131 0.482019972265 1 1 1 1 1 1 1 1 1 1 1 1 1 1 1 1 1
279 3348 -0.577796254548 -0.000332161869426 0.00990028366606 0.486047338593 1 1 1 1 1 1 1 1 1 1 1 1 1 1 1 1 1
280 3360 -0.585693900331 -0.00759398763705 0.00737996864296 0.495225284173 1 1 1 1 1 1 1 1 1 1 1 1 1 1 1 1 1
281 3372 -0.602976764855 -0.00364504647524 0.00436043369198 0.486506060979 1 1 1 1 1 1 1 1 1 1 1 1 1 1 1 1 1
282 3384 -0.603646446477 -0.00679783954343 0.00219735886079 0.486587483696 1 1 1 1 1 1 1 1 1 1 1 1 1 1 1 1 1
283 3396 -0.60126626125 -0.0148587199937 0.00171571950921 0.479290905818 1 1 1 1 1 1 1 1 1 1 1 1 1 1 1 1 1
284 3408 -0.594806307212 -0.0027037643784 0.00901759596697 0.494305755727 1 1 1 1 1 1 1 1 1 1 1 1 1 1 1 1 1
285 3420 -0.604570170737 -0.00750424262442 0.0016663145462 0.495005182029 1 1 1 1 1 1 1 1 1 1 1 1 1 1 1 1 1
286 3432 -0.598587960846 -0.00090383987934 0.00945191955983 0.505162497285 1 1 1 1 1 1 1 1 1 1 1 1 1 1 1 1 1
287 3444 -0.603320308847 -0.0069992826752 0.00259874769974 0.508618087728 1 1 1 1 1 1 1 1 1 1 1 1 1 1 1 1 1
288 3456 -0.608111709117 -0.00733868072895 0.00518858979775 0.506100046488 1 1 1 1 1 1 1 1 1 1 1 1 1 1 1 1 1
289 3468 -0.618236636671 -0.0100368518464 0.0016904201857 0.516342620507 1 1 1 1 1 1 1 1 1 1 1 1 1 1 1 1 1
290 3480 -0.610028728152 -0.00373359554276 0.000546792957079 0.512280323032 1 1 1 1 1 1 1 1 1 1 1 1 1 1 1 1 1
291 3492 -0.615612734936 -0.014320706585 0.00347569900182 0.501330102153 1 1 1 1 1 1 1 1 1 1 1 1 1 1 1 1 1
292 3504 -0.617194669546 -0.0022679772216 0.00552766064589 0.487577799489 1 1 1 1 1 1 1 1 1 1 1 1 1 1 1 1 1
293 3516 -0.613137428053 -0.0202862517846 0.000186703898368 0.474653977434 1 1 1 1 1 1 1 1 1 1 1 1 1 1 1 1 1
294 3528 -0.604392373712 -0.00174939539304 0.00786581762121 0.469833677268 1 1 1 1 1 1 1 1 1 1 1 1 1 1 1 1 1
295 3540 -0.609487417352 -0.00653302416285 0.00131000243761 0.471735785531 1 1 1 1 1 1 1 1 1 1 1 1 1 1 1 1 1
296 3552 -0.617164606491 -0.00375598581549 0.000571682632338 0.468451084643 1 1 1 1 1 1 1 1 1 1 1 1 1 1 1 1 1
297 3564 -0.612794337837 -0.0130421082393 0.00497043436202 0.464944565394 1 1 1 1 1 1 1 1 1 1 1 1 1 1 1 1 1
298 3576 -0.607607953425 -0.00282633405893 0.00470247097876 0.478913440484 1 1 1 1 1 1 1 1 1 1 1 1 1 1 1 1 1
299 3588 -0.604159059587 -0.0075165448013 0.000300862986443 0.480365630461 1 1 1 1 1 1 1 1 1 1 1 1 1 1 1 1 1
300 3600 -0.60115844684 -0.00531083624078 0.00144156478179 0.471656974242 1 1 1 1 1 1 1 1 1 1 1 1 1 1 1 1 1
301 3612 -0.598723923488 -0.00562594172427 0.0107422059319 0.463576917936 1 1 1 1 1 1 1 1 1 1 1 1 1 1 1 1 1
302 3624 -0.599339266331 -0.00586935094941 0.00312810210875 0.445183459852 1 1 1 1 1 1 1 1 1 1 1 1 1 1 1 1 1
303 3636 -0.594751945687 -0.00699904175456 0.00116833013253 0.445585846298 1 1 1 1 1 1 1 1 1 1 1 1 1 1 1 1 1
304 3648 -0.590326549971 -0.0031304924005 0.00323228242005 0.436045629154 1 1 1 1 1 1 1 1 1 1 1 1 1 1 1 1 1
305 3660 -0.588770587482 -0.00445552529916 0.00649034630739 0.428134283843 1 1 1 1 1 1 1 1 1 1 1 1 1 1 1 1 1
306 3672 -0.571801455107 -0.000123549683314 0.0105112124389 0.417153892282 1 1 1 1 1 1 1 1 1 1 1 1 1 1 1 1 1
307 3684 -0.586021242273 -0.000177828676062 0.00130183324552 0.422876449267 1 1 1 1 1 1 1 1 1 1 1 1 1 1 1 1 1
308 3696 -0.590465255824 -0.00122593761042 0.00704599970647 0.416731391702 1 1 1 1 1 1 1 1 1 1 1 1 1 1 1 1 1
309 3708 -0.585774901601 -0.00500080758057 0.00144578947921 0.424266119115 1 1 1 1 1 1 1 1 1 1 1 1 1 1 1 1 1
310 3720 -0.576840761703 -0.00132487589404 0.00125553410918 0.425121001811 1 1 1 1 1 1 1 1 1 1 1 1 1 1 1 1 1
311 3732 -0.590385435101 -0.000403583382998 0.000947920690453 0.42341498035 1 1 1 1 1 1 1 1 1 1 1 1 1 1 1 1 1
312 3744 -0.586880468031 -0.00517007075999 0.00272677235895 0.427000649773 1 1 1 1 1 1 1 1 1 1 1 1 1 1 1 1 1
313 3756 -0.587280670566 -0.00331458298107 0.00465416778163 0.41638367918 1 1 1 1 1 1 1 1 1 1 1 1 1 1 1 1 1
314 3768 -0.587235177149 -0.0102999677832 0.00264508977367 0.394526900832 1 1 1 1 1 1 1 1 1 1 1 1 1 1 1 1 1
315 3780 -0.590093454055 -0.000695156282461 0.00555051691277 0.393909300409 1 1 1 1 1 1 1 1 1 1 1 1 1 1 1 1 1
316 3792 -0.581855825628 -0.00741456988239 0.00236843457176 0.402244212976 1 1 1 1 1 1 1 1 1 1 1 1 1 1 1 1 1
317 3804 -0.576576743037 -0.00133916422274 0.00313348083387 0.392838891594 1 1 1 1 1 1 1 1 1 1 1 1 1 1 1 1 1
318 3816 -0.575654566264 -0.00241661178711 0.00024707125657 0.387209884388 1 1 1 1 1 1 1 1 1 1 1 1 1 1 1 1 1
319 3828 -0.568855169726 -5.60250629401e-05 0.00330626568089 0.391274022174 1 1 1 1 1 1 1 1 1 1 1 1 1 1 1 1 1
320 3840 -0.562858316642 -0.00505006869503 0.00100035790267 0.389929695432 1 1 1 1 1 1 1 1 1 1 1 1 1 1 1 1 1
321 3852 -0.565127078354 -0.000170882975097 0.0165310267764 0.395169691004 1 1 1 1 1 1 1 1 1 1 1 1 1 1 1 1 1
322 3864 -0.567479514588 -0.00227366197273 0.00951552914838 0.397028684482 1 1 1 1 1 1 1 1 1 1 1 1 1 1 1 1 1
323 3876 -0.561284050325 -0.00952342656152 0.000351018526208 0.406029193643 1 1 1 1 1 1 1 1 1 1 1 1 1 1 1 1 1
324 3888 -0.554484775061 -0.0021077872278 0.00481623116804 0.405595270827 1 1 1 1 1 1 1 1 1 1 1 1 1 1 1 1 1
325 3900 -0.5603849316 -0.00133814058332 0.00191594517345 0.410643230403 1 1 1 1 1 1 1 1 1 1 1 1 1 1 1 1 1
326 3912 -0.562827834102 -0.00320274620066 0.00671938353613 0.41786236569 1 1 1 1 1 1 1 1 1 1 1 1 1 1 1 1 1
327 3924 -0.559133734005 -0.0100463645621 0.000122088450355 0.415410136247 1 1 1 1 1 1 1 1 1 1 1 1 1 1 1 1 1
328 3936 -0.56159710521 -0.00254701336382 0.00639505538539 0.410534283009 1 1 1 1 1 1 1 1 1 1 1 1 1 1 1 1 1
329 3948 -0.546682007082 -0.00460564656307 0.00866829308966 0.404015792338 1 1 1 1 1 1 1 1 1 1 1 1 1 1 1 1 1
330 3960 -0.551087763351 -0.000207698992119 0.000102046813827 0.420952427356 1 1 1 1 1 1 1 1 1 1 1 1 1 1 1 1 1
331 3972 -0.553480764005 -0.00130263090555 0.00963263200623 0.424549953363 1 1 1 1 1 1 1 1 1 1 1 1 1 1 1 1 1
332 3984 -0.554522341167 -0.00099427314369 0.000367919951452 0.431847121303 1 1 1 1 1 1 1 1 1 1 1 1 1 1 1 1 1
333 3996 -0.559568672907 -0.00605510503429 0.000370248706668 0.423028260015 1 1 1 1 1 1 1 1 1 1 1 1 1 1 1 1 1
334 4008 -0.555999684823 -0.00119593034592 0.0133126196944 0.420908553322 1 1 1 1 1 1 1 1 1 1 1 1 1 1 1 1 1
335 4020 -0.56613425791 -0.00181033284128 0.0107341209173 0.422714860038 1 1 1 1 1 1 1 1 1 1 1 1 1 1 1 1 1
336 4032 -0.569626386059 -0.000113872800421 0.0110098368026 0.425089127167 1 1 1 1 1 1 1 1 1 1 1 1 1 1 1 1 1
337 4044 -0.574850196433 -0.00772842209307 0.000197527604493 0.431228067704 1 1 1 1 1 1 1 1 1 1 1 1 1 1 1 1 1
338 4056 -0.57389175772 -0.000173234811874 0.00356296190577 0.4327303637 1 1 1 1 1 1 1 1 1 1 1 1 1 1 1 1 1
339 4068 -0.575088019175 -0.00859988861617 0.00270350735985 0.447707027065 1 1 1 1 1 1 1 1 1 1 1 1 1 1 1 1 1
340 4080 -0.57269640243 -0.0109227720087 0.000627741259121 0.441228196907 1 1 1 1 1 1 1 1 1 1 1 1 1 1 1 1 1
341 4092 -0.559335820133 -0.00527866911328 0.0103469748255 0.441535721795 1 1 1 1 1 1 1 1 1 1 1 1 1 1 1 1 1
342 4104 -0.554312601056 -0.000820574362847 0.00806908991617 0.434199008408 1 1 1 1 1 1 1 1 1 1 1 1 1 1 1 1 1
343 4116 -0.541532375565 -0.0185914737122 0.000797158924781 0.442221921409 1 1 1 1 1 1 1 1 1 1 1 1 1 1 1 1 1
344 4128 -0.536946709211 -0.0106343140238 0.00500550038365 0.442162200185 1 1 1 1 1 1 1 1 1 1 1 1 1 1 1 1 1
345 4140 -0.533529381411 -0.000844107571827 0.0118547161837 0.439570526014 1 1 1 1 1 1 1 1 1 1 1 1 1 1 1 1 1
346 4152 -0.54409645487 -0.0123740962367 0.00386899645517 0.446254247677 1 1 1 1 1 1 1 1 1 1 1 1 1 1 1 1 1
347 4164 -0.541476518012 -0.00300086140047 0.00460984582203 0.447705727459 1 1 1 1 1 1 1 1 1 1 1 1 1 1 1 1 1
348 4176 -0.543967649457 -0.000269745587157 0.00913026768234 0.450145677084 1 1 1 1 1 1 1 1 1 1 1 1 1 1 1 1 1
349 4188 -0.545742571717 -0.00318978266498 0.00213713046723 0.453551788204 1 1 1 1 1 1 1 1 1 1 1 1 1 1 1 1 1
350 4200 -0.543868927274 -0.00227968645116 0.00484153841942 0.463574769066 1 1 1 1 1 1 1 1 1 1 1 1 1 1 1 1 1
351 4212 -0.544121278195 -0.00729922084633 0.000435298259752 0.461207135453 1 1 1 1 1 1 1 1 1 1 1 1 1 1 1 1 1
352 4224 -0.551000514273 -0.0041988442931 0.000661506473478 0.453882390883 1 1 1 1 1 1 1 1 1 1 1 1 1 1 1 1 1
353 4236 -0.553016019324 -0.00199955784595 0.00593206947315 0.467918231997 1 1 1 1 1 1 1 1 1 1 1 1 1 1 1 1 1
354 4248 -0.548944122096 -0.00156367402744 0.0047976107908 0.459719592467 1 1 1 1 1 1 1 1 1 1 1 1 1 1 1 1 1
355 4260 -0.544482265126 -0.00761539183233 0.00230228494542 0.448940363691 1 1 1 1 1 1 1 1 1 1 1 1 1 1 1 1 1
356 4272 -0.53908882006 -0.00950665165946 2.85222480285e-05 0.445896597729 1 1 1 1 1 1 1 1 1 1 1 1 1 1 1 1 1
357 4284 -0.533442913481 -0.0181761937852 0.000232125967755 0.440342676755 1 1 1 1 1 1 1 1 1 1 1 1 1 1 1 1 1
358 4296 -0.527200132468 -0.00851369075398 0.00170897476536 0.434132974194 1 1 1 1 1 1 1 1 1 1 1 1 1 1 1 1 1
359 4308 -0.527664688982 -0.00768099599038 0.00142463676243 0.429271728578 1 1 1 1 1 1 1 1 1 1 1 1 1 1 1 1 1
360 4320 -0.553819224081 -0.00916380324749 0.0115041287937 0.449999934376 1 1 1 1 1 1 1 1 1 1 1 1 1 1 1 1 1
361 4332 -0.539117976816 -0.00310974279824 0.00796214009437 0.457533554518 1 1 1 1 1 1 1 1 1 1 1 1 1 1 1 1 1
362 4344 -0.546630680165 -0.000141266239908 0.00841053300569 0.474496634363 1 1 1 1 1 1 1 1 1 1 1 1 1 1 1 1 1
363 4356 -0.546738255673 -0.000312825416414 0.0119454137348 0.48222038739 1 1 1 1 1 1 1 1 1 1 1 1 1 1 1 1 1
364 4368 -0.551002402715 -0.00159215426186 0.00103664113769 0.488361842217 1 1 1 1 1 1 1 1 1 1 1 1 1 1 1 1 1
365 4380 -0.547598370949 -0.00171005986941 0.0126065896324 0.496234982075 1 1 1 1 1 1 1 1 1 1 1 1 1 1 1 1 1
366 4392 -0.549836350448 -0.00248181255213 0.00149507828644 0.511105000497 1 1 1 1 1 1 1 1 1 1 1 1 1 1 1 1 1
367 4404 -0.550526219358 -0.000318969792561 0.00830850596584 0.506688194763 1 1 1 1 1 1 1 1 1 1 1 1 1 1 1 1 1
368 4416 -0.563110116816 -0.00259108786966 0.000191036909563 0.515131413492 1 1 1 1 1 1 1 1 1 1 1 1 1 1 1 1 1
369 4428 -0.575669620452 -0.00204556799022 0.0058892836111 0.522498618254 1 1 1 1 1 1 1 1 1 1 1 1 1 1 1 1 1
370 4440 -0.590034220561 -0.00337842164845 0.00421389016133 0.521389799563 1 1 1 1 1 1 1 1 1 1 1 1 1 1 1 1 1
371 4452 -0.591383913053 -0.00409391285885 0.000977695609671 0.521346920734 1 1 1 1 1 1 1 1 1 1 1 1 1 1 1 1 1
372 4464 -0.594344678308 -0.00103477658223 0.00383031248441 0.514759105729 1 1 1 1 1 1 1 1 1 1 1 1 1 1 1 1 1
373 4476 -0.576487602501 -0.00312732276636 0.000399574423292 0.523171546537 1 1 1 1 1 1 1 1 1 1 1 1 1 1 1 1 1
374 4488 -0.57228008045 -0.00174751784517 0.00709093717756 0.523017045624 1 1 1 1 1 1 1 1 1 1 1 1 1 1 1 1 1
375 4500 -0.57233858916 -0.00745409181526 0.00174872530183 0.519108627909 1 1 1 1 1 1 1 1 1 1 1 1 1 1 1 1 1
376 4512 -0.566086815888 -0.00112977080542 0.00429858580312 0.520413290365 1 1 1 1 1 1 1 1 1 1 1 1 1 1 1 1 1
377 4524 -0.572470984135 -0.00207914308676 0.00120140060486 0.524946225763 1 1 1 1 1 1 1 1 1 1 1 1 1 1 1 1 1
378 4536 -0.570827134331 -0.000712750885898 0.0124638273804 0.519899701758 1 1 1 1 1 1 1 1 1 1 1 1 1 1 1 1 1
379 4548 -0.56936196587 -0.000329216730783 0.0017273938838 0.511919965508 1 1 1 1 1 1 1 1 1 1 1 1 1 1 1 1 1
380 4560 -0.561107833537 -0.000759982899165 0.000428478477663 0.521415994016 1 1 1 1 1 1 1 1 1 1 1 1 1 1 1 1 1
381 4572 -0.565190524498 -0.00456300318144 0.00101727375785 0.518807263862 1 1 1 1 1 1 1 1 1 1 1 1 1 1 1 1 1
382 4584 -0.554922179674 -0.00152301061499 0.00915898391597 0.519587604369 1 1 1 1 1 1 1 1 1 1 1 1 1 1 1 1 1
383 4596 -0.558536179936 -0.00495380100242 0.00110761091594 0.536377350652 1 1 1 1 1 1 1 1 1 1 1 1 1 1 1 1 1
384 4608 -0.558897162327 -0.00145930131326 0.00622845665791 0.539247582447 1 1 1 1 1 1 1 1 1 1 1 1 1 1 1 1 1
385 4620 -0.551604987032 -0.016106764931 0.00280000409935 0.539420676062 1 1 1 1 1 1 1 1 1 1 1 1 1 1 1 1 1
386 4632 -0.547730146603 -0.00557628952828 0.00240007718019 0.528395832258 1 1 1 1 1 1 1 1 1 1 1 1 1 1 1 1 1
387 4644 -0.547584100957 -0.00923175533616 0.00187251358106 0.530488763943 1 1 1 1 1 1 1 1 1 1 1 1 1 1 1 1 1
388 4656 -0.549290846221 -0.0114449177383 0.00310126992159 0.537771394076 1 1 1 1 1 1 1 1 1 1 1 1 1 1 1 1 1
389 4668 -0.548478394117 -0.000816698712487 0.00647783241857 0.544083593825 1 1 1 1 1 1 1 1 1 1 1 1 1 1 1 1 1
390 4680 -0.553644104065 -0.000321300992138 0.00325494458258 0.544189344163 1 1 1 1 1 1 1 1 1 1 1 1 1 1 1 1 1
391 4692 -0.558180457661 -0.017937482923 0.00619603110956 0.548727984856 1 1 1 1 1 1 1 1 1 1 1 1 1 1 1 1 1
392 4704 -0.554427642041 -0.0131548875236 0.00161074340547 0.554691712306 1 1 1 1 1 1 1 1 1 1 1 1 1 1 1 1 1
393 4716 -0.553870617499 -0.00378649853095 0.010223742714 0.557614127603 1 1 1 1 1 1 1 1 1 1 1 1 1 1 1 1 1
394 4728 -0.550728227363 -0.00786336066724 0.0100871684449 0.557765389743 1 1 1 1 1 1 1 1 1 1 1 1 1 1 1 1 1
395 4740 -0.554441206659 -0.0259942701002 0.00255921153454 0.538094922548 1 1 1 1 1 1 1 1 1 1 1 1 1 1 1 1 1
396 4752 -0.553172867411 -0.0163834485817 0.00822290487817 0.536962842349 1 1 1 1 1 1 1 1 1 1 1 1 1 1 1 1 1
397 4764 -0.559766442815 -0.00792680236509 0.00141540789294 0.538303629323 1 1 1 1 1 1 1 1 1 1 1 1 1 1 1 1 1
398 4776 -0.561917482358 -0.00303013901949 0.00520884719357 0.533467205273 1 1 1 1 1 1 1 1 1 1 1 1 1 1 1 1 1
399 4788 -0.565264111719 -0.00461189628959 0.00589963734652 0.541687878449 1 1 1 1 1 1 1 1 1 1 1 1 1 1 1 1 1
400 4800 -0.554046157137 -0.00156291227872 0.0172958535366 0.548120374719 1 1 1 1 1 1 1 1 1 1 1 1 1 1 1 1 1
401 4812 -0.553114236122 -0.000102352311231 0.00130744576993 0.551871966948 1 1 1 1 1 1 1 1 1 1 1 1 1 1 1 1 1
402 4824 -0.540223037013 -0.000758665827985 0.00138636339155 0.544889735277 1 1 1 1 1 1 1 1 1 1 1 1 1 1 1 1 1
403 4836 -0.536424826192 -0.00673896139102 0.0048770537549 0.547115665678 1 1 1 1 1 1 1 1 1 1 1 1 1 1 1 1 1
404 4848 -0.538576736964 -0.00715714560144 0.0171476200238 0.563756745533 1 1 1 1 1 1 1 1 1 1 1 1 1 1 1 1 1
405 4860 -0.537268362981 -0.00339636737566 0.00771324260911 0.567363312367 1 1 1 1 1 1 1 1 1 1 1 1 1 1 1 1 1
406 4872 -0.53658262581 -0.000891074386472 0.00644238472695 0.567384387517 1 1 1 1 1 1 1 1 1 1 1 1 1 1 1 1 1
407 4884 -0.54396029123 -0.0155448450861 0.0114371610296 0.559937632172 1 1 1 1 1 1 1 1 1 1 1 1 1 1 1 1 1
408 4896 -0.539378608539 -0.0176677270845 0.00268293159392 0.550356046275 1 1 1 1 1 1 1 1 1 1 1 1 1 1 1 1 1
409 4908 -0.537123753152 -0.00166036606971 0.00643267030458 0.536425293038 1 1 1 1 1 1 1 1 1 1 1 1 1 1 1 1 1
410 4920 -0.541020896969 -0.0130681725906 0.000540846709554 0.533563567492 1 1 1 1 1 1 1 1 1 1 1 1 1 1 1 1 1
411 4932 -0.547369254707 -0.0087457284876 0.0148452273304 0.530106604229 1 1 1 1 1 1 1 1 1 1 1 1 1 1 1 1 1
412 4944 -0.544670088453 -0.00701400514358 0.0132638916091 0.522831882452 1 1 1 1 1 1 1 1 1 1 1 1 1 1 1 1 1
413 4956 -0.55501543091 -0.005470452141 0.0200209475069 0.518530306649 1 1 1 1 1 1 1 1 1 1 1 1 1 1 1 1 1
414 4968 -0.563274785463 -0.00392430057145 0.0161912547402 0.525271783529 1 1 1 1 1 1 1 1 1 1 1 1 1 1 1 1 1
415 4980 -0.563798551752 -0.00635068518611 0.00165007542616 0.524155709016 1 1 1 1 1 1 1 1 1 1 1 1 1 1 1 1 1
416 4992 -0.563359732929 -0.00122471744091 0.00281413119349 0.518040977482 1 1 1 1 1 1 1 1 1 1 1 1 1 1 1 1 1
417 5004 -0.557417676115 -0.00268468188218 0.00185098036681 0.521710110086 1 1 1 1 1 1 1 1 1 1 1 1 1 1 1 1 1
418 5016 -0.553822238973 -0.000197220651472 0.0113063807721 0.518637180854 1 1 1 1 1 1 1 1 1 1 1 1 1 1 1 1 1
419 5028 -0.556540612297 -0.0106917496954 0.000913100532053 0.515789473515 1 1 1 1 1 1 1 1 1 1 1 1 1 1 1 1 1
420 5040 -0.56280940156 -0.0110259344749 0.0149512842319 0.516514299329 1 1 1 1 1 1 1 1 1 1 1 1 1 1 1 1 1
421 5052 -0.56152905278 -0.00855086846652 0.0152334398657 0.51153345197 1 1 1 1 1 1 1 1 1 1 1 1 1 1 1 1 1
422 5064 -0.558720556192 -0.00950148082188 0.00136384539602 0.516755697631 1 1 1 1 1 1 1 1 1 1 1 1 1 1 1 1 1
423 5076 -0.554446627845 -0.0171110031575 0.00438301599102 0.515843416552 1 1 1 1 1 1 1 1 1 1 1 1 1 1 1 1 1
424 5088 -0.5731085495 -0.000927595626409 0.000283743092757 0.520178872479 1 1 1 1 1 1 1 1 1 1 1 1 1 1 1 1 1
425 5100 -0.584020657705 -0.0134307228822 0.00277630406833 0.535439315275 1 1 1 1 1 1 1 1 1 1 1 1 1 1 1 1 1
426 5112 -0.560404308271 -0.00117339466054 0.000387103606368 0.546722923645 1 1 1 1 1 1 1 1 1 1 1 1 1 1 1 1 1
427 5124 -0.561219164009 -0.000138795138122 0.000146035513147 0.554118459494 1 1 1 1 1 1 1 1 1 1 1 1 1 1 1 1 1
428 5136 -0.551274815538 -0.00572983914379 0.00211007549009 0.547997946975 1 1 1 1 1 1 1 1 1 1 1 1 1 1 1 1 1
429 5148 -0.552337132981 -0.00527866879396 0.00134389842487 0.542397452121 1 1 1 1 1 1 1 1 1 1 1 1 1 1 1 1 1
430 5160 -0.555915846253 -0.000545713229154 0.00284559400277 0.539154168881 1 1 1 1 1 1 1 1 1 1 1 1 1 1 1 1 1
431 5172 -0.55208383541 -0.00628816068604 0.00441160801761 0.535603359902 1 1 1 1 1 1 1 1 1 1 1 1 1 1 1 1 1
432 5184 -0.551403156761 -0.00233882254435 0.00366482338704 0.539398929502 1 1 1 1 1 1 1 1 1 1 1 1 1 1 1 1 1
433 5196 -0.547570274175 -0.000200241687432 0.0081925307832 0.54206074817 1 1 1 1 1 1 1 1 1 1 1 1 1 1 1 1 1
434 5208 -0.547816332317 -0.000979237335707 0.00769021148701 0.530135839872 1 1 1 1 1 1 1 1 1 1 1 1 1 1 1 1 1
435 5220 -0.535893586544 -0.000412654394199 0.00954532812516 0.529901295781 1 1 1 1 1 1 1 1 1 1 1 1 1 1 1 1 1
436 5232 -0.542990915645 -0.0089822843891 0.00604768324794 0.52983196846 1 1 1 1 1 1 1 1 1 1 1 1 1 1 1 1 1
437 5244 -0.548603068485 -0.00226780378376 0.0118272390207 0.539671317791 1 1 1 1 1 1 1 1 1 1 1 1 1 1 1 1 1
438 5256 -0.553823170635 -0.0077811569021 0.00458902531755 0.548367578048 1 1 1 1 1 1 1 1 1 1 1 1 1 1 1 1 1
439 5268 -0.564259084071 -0.00842393526354 0.00284316555275 0.551659018062 1 1 1 1 1 1 1 1 1 1 1 1 1 1 1 1 1
440 5280 -0.573849680061 -0.00365873679217 0.00812724796421 0.553295856957 1 1 1 1 1 1 1 1 1 1 1 1 1 1 1 1 1
441 5292 -0.579438965962 -0.00324982968114 0.00465025850356 0.540914267713 1 1 1 1 1 1 1 1 1 1 1 1 1 1 1 1 1
442 5304 -0.564408948172 -0.00348826298411 0.00747825275732 0.546999985728 1 1 1 1 1 1 1 1 1 1 1 1 1 1 1 1 1
443 5316 -0.554659806062 -0.0116072352698 0.00153034696308 0.548342358437 1 1 1 1 1 1 1 1 1 1 1 1 1 1 1 1 1
444 5328 -0.554728073939 -0.0113901299499 0.00233313946814 0.536337821734 1 1 1 1 1 1 1 1 1 1 1 1 1 1 1 1 1
445 5340 -0.553873107751 -0.00482076410588 0.00209108284191 0.541462996858 1 1 1 1 1 1 1 1 1 1 1 1 1 1 1 1 1
446 5352 -0.553711932571 -0.0140434149037 0.00565279172351 0.543895569339 1 1 1 1 1 1 1 1 1 1 1 1 1 1 1 1 1
447 5364 -0.553309392707 -0.00632023802573 0.00444571859862 0.541124913317 1 1 1 1 1 1 1 1 1 1 1 1 1 1 1 1 1
448 5376 -0.570659265112 -0.0150408881993 0.0034275903322 0.540316406287 1 1 1 1 1 1 1 1 1 1 1 1 1 1 1 1 1
449 5388 -0.575301372713 -0.00774967691001 0.00199766587401 0.54831394841 1 1 1 1 1 1 1 1 1 1 1 1 1 1 1 1 1
450 5400 -0.587879138271 -0.00428689866759 0.021019331562 0.563852681167 1 1 1 1 1 1 1 1 1 1 1 1 1 1 1 1 1
451 5412 -0.598089280817 -0.00112869243526 0.00665099337419 0.572019206918 1 1 1 1 1 1 1 1 1 1 1 1 1 1 1 1 1
452 5424 -0.613087572906 -0.00180101030638 0.00234410955248 0.57478760778 1 1 1 1 1 1 1 1 1 1 1 1 1 1 1 1 1
453 5436 -0.616110206029 -0.00109305770755 0.00011919086916 0.592826180881 1 1 1 1 1 1 1 1 1 1 1 1 1 1 1 1 1
454 5448 -0.63063925357 -0.00818157750508 0.0192563360463 0.598607950346 1 1 1 1 1 1 1 1 1 1 1 1 1 1 1 1 1
455 5460 -0.627413708169 -0.0111346179225 0.0161833828047 0.598768406049 1 1 1 1 1 1 1 1 1 1 1 1 1 1 1 1 1
456 5472 -0.618338029898 -0.00967976696865 0.0288264332418 0.600470689746 1 1 1 1 1 1 1 1 1 1 1 1 1 1 1 1 1
457 5484 -0.623475344908 -0.00284294501907 0.0321840581651 0.599880040998 1 1 1 1 1 1 1 1 1 1 1 1 1 1 1 1 1
458 5496 -0.624299853741 -0.0043750005244 0.0155161093636 0.608080965173 1 1 1 1 1 1 1 1 1 1 1 1 1 1 1 1 1
459 5508 -0.627123250834 -0.000788656248481 0.0101250647421 0.612768778356 1 1 1 1 1 1 1 1 1 1 1 1 1 1 1 1 1
460 5520 -0.634691875829 -0.017527914545 0.00401796127686 0.617422239031 1 1 1 1 1 1 1 1 1 1 1 1 1 1 1 1 1
461 5532 -0.63540115432 -0.00644182880137 0.00969331177115 0.616893019819 1 1 1 1 1 1 1 1 1 1 1 1 1 1 1 1 1
462 5544 -0.622120107594 -0.00585998148941 0.0043478247755 0.604467495927 1 1 1 1 1 1 1 1 1 1 1 1 1 1 1 1 1
463 5556 -0.626318385087 -0.0133182932293 0.00171243818318 0.606759127905 1 1 1 1 1 1 1 1 1 1 1 1 1 1 1 1 1
464 5568 -0.626537130559 -0.000578336546489 0.00231165744741 0.609750912757 1 1 1 1 1 1 1 1 1 1 1 1 1 1 1 1 1
465 5580 -0.622380537555 -0.00183528884743 0.0137209309991 0.608121918383 1 1 1 1 1 1 1 1 1 1 1 1 1 1 1 1 1
466 5592 -0.619913017593 -0.0106978899266 0.0102641663084 0.620627746953 1 1 1 1 1 1 1 1 1 1 1 1 1 1 1 1 1
467 5604 -0.614746185006 -0.000971019256275 0.0108057763036 0.615572516656 1 1 1 1 1 1 1 1 1 1 1 1 1 1 1 1 1
468 5616 -0.608243641959 -0.0157149642119 0.00126621654768 0.613244284702 1 1 1 1 1 1 1 1 1 1 1 1 1 1 1 1 1
469 5628 -0.607544060683 -0.0024328171413 0.0109429443133 0.62335054224 1 1 1 1 1 1 1 1 1 1 1 1 1 1 1 1 1
470 5640 -0.59918414073 -0.0123654308144 0.00958214920366 0.621001918501 1 1 1 1 1 1 1 1 1 1 1 1 1 1 1 1 1
471 5652 -0.603443820111 -0.0132527540068 0.0027720848825 0.618715400755 1 1 1 1 1 1 1 1 1 1 1 1 1 1 1 1 1
472 5664 -0.611642537363 -0.0221543928835 0.00349396769335 0.616038213043 1 1 1 1 1 1 1 1 1 1 1 1 1 1 1 1 1
473 5676 -0.596826267172 -0.00996465315914 0.00636314038632 0.62559451993 1 1 1 1 1 1 1 1 1 1 1 1 1 1 1 1 1
474 5688 -0.608718419367 -0.00830003024212 0.00139835161728 0.622903689016 1 1 1 1 1 1 1 1 1 1 1 1 1 1 1 1 1
475 5700 -0.604345286769 -0.00150429031186 0.00263600468659 0.613576043444 1 1 1 1 1 1 1 1 1 1 1 1 1 1 1 1 1
476 5712 -0.60234564381 -0.00229026573009 0.00325278034602 0.619589510357 1 1 1 1 1 1 1 1 1 1 1 1 1 1 1 1 1
477 5724 -0.598460603751 -0.0147971857299 0.00429688865188 0.614307243828 1 1 1 1 1 1 1 1 1 1 1 1 1 1 1 1 1
478 5736 -0.589989892487 -0.000383827718767 0.0014380157168 0.602670214217 1 1 1 1 1 1 1 1 1 1 1 1 1 1 1 1 1
479 5748 -0.587549836647 -0.00608001445002 0.0023390275336 0.605308909652 1 1 1 1 1 1 1 1 1 1 1 1 1 1 1 1 1
480 5760 -0.582203804865 -0.00370369137738 0.00310411558211 0.609954252391 1 1 1 1 1 1 1 1 1 1 1 1 1 1 1 1 1
481 5772 -0.58821572439 -0.00086950165877 9.53650727035e-05 0.613542683639 1 1 1 1 1 1 1 1 1 1 1 1 1 1 1 1 1
482 5784 -0.590164666826 -0.00229982658756 0.00220332460613 0.6108672208 1 1 1 1 1 1 1 1 1 1 1 1 1 1 1 1 1
483 5796 -0.595072804281 -0.00224636125448 0.00180224662816 0.617525712126 1 1 1 1 1 1 1 1 1 1 1 1 1 1 1 1 1
484 5808 -0.599813971056 -0.00418773937659 0.00396250874093 0.62735307548 1 1 1 1 1 1 1 1 1 1 1 1 1 1 1 1 1
485 5820 -0.595712821116 -0.00270889976664 0.00470730912222 0.62418434183 1 1 1 1 1 1 1 1 1 1 1 1 1 1 1 1 1
486 5832 -0.582583462717 -0.000380905019847 0.00187631559259 0.622783356616 1 1 1 1 1 1 1 1 1 1 1 1 1 1 1 1 1
487 5844 -0.592555027169 -0.00746969068447 0.00205373500144 0.619641905397 1 1 1 1 1 1 1 1 1 1 1 1 1 1 1 1 1
488 5856 -0.602180975717 -0.00352633029164 0.00187704259546 0.615577029598 1 1 1 1 1 1 1 1 1 1 1 1 1 1 1 1 1
489 5868 -0.59665646261 -0.00618527769389 0.00550376792655 0.6142132191 1 1 1 1 1 1 1 1 1 1 1 1 1 1 1 1 1
490 5880 -0.59507788323 -0.00548423691011 0.00292491759648 0.612466858758 1 1 1 1 1 1 1 1 1 1 1 1 1 1 1 1 1
491 5892 -0.601683473853 -0.00391053100602 0.00915247378871 0.614167427264 1 1 1 1 1 1 1 1 1 1 1 1 1 1 1 1 1
492 5904 -0.607201539432 -0.0167134187369 0.00795900181089 0.626984756874 1 1 1 1 1 1 1 1 1 1 1 1 1 1 1 1 1
493 5916 -0.613498327743 -0.0116948640053 0.00249422220084 0.627196849242 1 1 1 1 1 1 1 1 1 1 1 1 1 1 1 1 1
494 5928 -0.610428191092 -0.00100174578958 0.0165576714376 0.618434797818 1 1 1 1 1 1 1 1 1 1 1 1 1 1 1 1 1
495 5940 -0.622225560282 -0.0013534767913 0.0181457390587 0.621454344946 1 1 1 1 1 1 1 1 1 1 1 1 1 1 1 1 1
496 5952 -0.621838285989 -0.00919377061435 0.00343288361681 0.633198585762 1 1 1 1 1 1 1 1 1 1 1 1 1 1 1 1 1
497 5964 -0.624392787123 -0.00308261313514 0.000973021442027 0.634154061262 1 1 1 1 1 1 1 1 1 1 1 1 1 1 1 1 1
498 5976 -0.624423506357 -0.000599851963511 0.00615513840037 0.639128108049 1 1 1 1 1 1 1 1 1 1 1 1 1 1 1 1 1
499 5988 -0.629319113722 -0.00885397902172 0.00506815559739 0.636310547287 1 1 1 1 1 1 1 1 1 1 1 1 1 1 1 1 1
500 6000 -0.622358060249 -0.00465339456697 0.00689972610629 0.634282012603 1 1 1 1 1 1 1 1 1 1 1 1 1 1 1 1 1
501 6012 -0.624861069124 -0.0060522543738 0.0137180720799 0.63343391526 1 1 1 1 1 1 1 1 1 1 1 1 1 1 1 1 1
502 6024 -0.622675256457 -0.00868943022524 0.000321305410658 0.629137892313 1 1 1 1 1 1 1 1 1 1 1 1 1 1 1 1 1
503 6036 -0.624575774738 -0.00810736560483 0.00402641054878 0.624005866836 1 1 1 1 1 1 1 1 1 1 1 1 1 1 1 1 1
504 6048 -0.625689317064 -0.00688143805394 0.00526713881494 0.624132367121 1 1 1 1 1 1 1 1 1 1 1 1 1 1 1 1 1
505 6060 -0.644140160729 -0.00126312667216 0.00378704736921 0.626421370204 1 1 1 1 1 1 1 1 1 1 1 1 1 1 1 1 1
506 6072 -0.646138391605 -0.00710024897697 0.00648329687514 0.623783362389 1 1 1 1 1 1 1 1 1 1 1 1 1 1 1 1 1
507 6084 -0.652030710167 -0.00116313376494 0.000375097334353 0.615392044766 1 1 1 1 1 1 1 1 1 1 1 1 1 1 1 1 1
508 6096 -0.650264016752 -0.00259838206359 0.00458618047355 0.612763557435 1 1 1 1 1 1 1 1 1 1 1 1 1 1 1 1 1
509 6108 -0.654567327794 -6.69577504967e-05 0.00443277443506 0.600185871506 1 1 1 1 1 1 1 1 1 1 1 1 1 1 1 1 1
510 6120 -0.647925106886 -0.00663171140485 0.00165308335646 0.600020709385 1 1 1 1 1 1 1 1 1 1 1 1 1 1 1 1 1
511 6132 -0.644408799956 -0.00216055457823 0.000424669778012 0.600523061844 1 1 1 1 1 1 1 1 1 1 1 1 1 1 1 1 1
512 6144 -0.645530892649 -0.00614247684448 0.00897755337261 0.590109076363 1 1 1 1 1 1 1 1 1 1 1 1 1 1 1 1 1
513 6156 -0.634859413319 -0.00563987744732 0.0106479184509 0.588413082648 1 1 1 1 1 1 1 1 1 1 1 1 1 1 1 1 1
514 6168 -0.6356198965 -0.0171494771929 0.00884642151404 0.586890594172 1 1 1 1 1 1 1 1 1 1 1 1 1 1 1 1 1
515 6180 -0.627069192219 -0.00922970718338 0.0144653289463 0.602301546441 1 1 1 1 1 1 1 1 1 1 1 1 1 1 1 1 1
516 6192 -0.623343001461 -0.00483131859108 0.0134366081899 0.601400094613 1 1 1 1 1 1 1 1 1 1 1 1 1 1 1 1 1
517 6204 -0.601613115126 -0.00849068163336 0.00599528927046 0.594864654717 1 1 1 1 1 1 1 1 1 1 1 1 1 1 1 1 1
518 6216 -0.614569562059 -0.00314573711862 0.0158368853073 0.608726279184 1 1 1 1 1 1 1 1 1 1 1 1 1 1 1 1 1
519 6228 -0.615367202846 -0.000720232398388 0.0106136283637 0.616584386835 1 1 1 1 1 1 1 1 1 1 1 1 1 1 1 1 1
520 6240 -0.622890861101 -0.00548129602999 0.00181737479514 0.609184821557 1 1 1 1 1 1 1 1 1 1 1 1 1 1 1 1 1
521 6252 -0.625631860828 -0.00702045519269 0.000516028757274 0.595679657604 1 1 1 1 1 1 1 1 1 1 1 1 1 1 1 1 1
522 6264 -0.626451373756 -0.00738237865509 0.00164118915972 0.595664634279 1 1 1 1 1 1 1 1 1 1 1 1 1 1 1 1 1
523 6276 -0.637598561223 -0.00793190266384 0.00738316482736 0.579527299029 1 1 1 1 1 1 1 1 1 1 1 1 1 1 1 1 1
524 6288 -0.645794688095 -0.00552298415302 0.00273866350083 0.584224943353 1 1 1 1 1 1 1 1 1 1 1 1 1 1 1 1 1
525 6300 -0.639689878617 -0.00558404104216 0.00639675283374 0.583778717067 1 1 1 1 1 1 1 1 1 1 1 1 1 1 1 1 1
526 6312 -0.641756821591 -0.00374284962717 0.00382451353352 0.580949030566 1 1 1 1 1 1 1 1 1 1 1 1 1 1 1 1 1
527 6324 -0.643108415559 -0.00369758695333 0.00710395022989 0.588184439879 1 1 1 1 1 1 1 1 1 1 1 1 1 1 1 1 1
528 6336 -0.640786909484 -0.00147104478414 0.00152825023081 0.587609066614 1 1 1 1 1 1 1 1 1 1 1 1 1 1 1 1 1
529 6348 -0.647301163761 -0.00333363493643 0.0119730104535 0.597726665539 1 1 1 1 1 1 1 1 1 1 1 1 1 1 1 1 1
530 6360 -0.64686165899 -0.0081990550269 0.00442162954524 0.616844839041 1 1 1 1 1 1 1 1 1 1 1 1 1 1 1 1 1
531 6372 -0.642662915509 -0.00299032297182 0.00832267536969 0.600817587358 1 1 1 1 1 1 1 1 1 1 1 1 1 1 1 1 1
532 6384 -0.64565036057 -0.00125961616269 0.00288171085264 0.588804653791 1 1 1 1 1 1 1 1 1 1 1 1 1 1 1 1 1
533 6396 -0.648589268739 -0.00671859538858 0.00724510215108 0.582798965825 1 1 1 1 1 1 1 1 1 1 1 1 1 1 1 1 1
534 6408 -0.650336009631 -0.0118167027289 0.012008356746 0.575493438838 1 1 1 1 1 1 1 1 1 1 1 1 1 1 1 1 1
535 6420 -0.646942446619 -0.0128192097463 0.000111568287811 0.568325065722 1 1 1 1 1 1 1 1 1 1 1 1 1 1 1 1 1
536 6432 -0.647847586078 -0.00338882295329 0.000316681594489 0.581956428917 1 1 1 1 1 1 1 1 1 1 1 1 1 1 1 1 1
537 6444 -0.645466088787 -0.00469345296816 0.00264286192059 0.586478075555 1 1 1 1 1 1 1 1 1 1 1 1 1 1 1 1 1
538 6456 -0.642500692922 -0.0036966605814 0.00496456653779 0.584681368417 1 1 1 1 1 1 1 1 1 1 1 1 1 1 1 1 1
539 6468 -0.656510874402 -0.000763329663014 0.00282368935404 0.593227292326 1 1 1 1 1 1 1 1 1 1 1 1 1 1 1 1 1
540 6480 -0.654570948666 -0.00383144615098 0.011297370369 0.586134811271 1 1 1 1 1 1 1 1 1 1 1 1 1 1 1 1 1
541 6492 -0.639450732723 -0.00806024527013 0.00150231938631 0.591934133839 1 1 1 1 1 1 1 1 1 1 1 1 1 1 1 1 1
542 6504 -0.639674439085 -0.0220986658367 0.00870343911016 0.584124469032 1 1 1 1 1 1 1 1 1 1 1 1 1 1 1 1 1
543 6516 -0.63917454706 -0.00932098101366 0.00128775397732 0.585851036737 1 1 1 1 1 1 1 1 1 1 1 1 1 1 1 1 1
544 6528 -0.633721188716 -0.0139857656165 0.00107998930147 0.575968247884 1 1 1 1 1 1 1 1 1 1 1 1 1 1 1 1 1
545 6540 -0.6300802622 -0.0091941015947 0.00466112468662 0.578649582208 1 1 1 1 1 1 1 1 1 1 1 1 1 1 1 1 1
546 6552 -0.619739843665 -0.00633225197387 0.00188686538943 0.585927542764 1 1 1 1 1 1 1 1 1 1 1 1 1 1 1 1 1
547 6564 -0.61588359308 -0.00397946221176 0.00339967530751 0.584539503189 1 1 1 1 1 1 1 1 1 1 1 1 1 1 1 1 1
548 6576 -0.610656696507 -0.000837564178846 0.00330174849535 0.572345606939 1 1 1 1 1 1 1 1 1 1 1 1 1 1 1 1 1
549 6588 -0.601594337256 -0.00599759172134 0.0025030096985 0.581706772893 1 1 1 1 1 1 1 1 1 1 1 1 1 1 1 1 1
550 6600 -0.58443585616 -0.0027826592511 0.00122009666733 0.584727924803 1 1 1 1 1 1 1 1 1 1 1 1 1 1 1 1 1
551 6612 -0.575427396278 -0.0143119923386 0.00127289957029 0.590515672835 1 1 1 1 1 1 1 1 1 1 1 1 1 1 1 1 1
552 6624 -0.576911163832 -0.00789771110813 0.00117703873094 0.589857563153 1 1 1 1 1 1 1 1 1 1 1 1 1 1 1 1 1
553 6636 -0.569058140145 -0.0200330321065 0.000760408406791 0.578005960406 1 1 1 1 1 1 1 1 1 1 1 1 1 1 1 1 1
554 6648 -0.562753032313 -0.00394756396245 0.00866492832821 0.578077136242 1 1 1 1 1 1 1 1 1 1 1 1 1 1 1 1 1
555 6660 -0.567864079126 -0.011926933287 0.00281584614577 0.561432698783 1 1 1 1 1 1 1 1 1 1 1 1 1 1 1 1 1
556 6672 -0.563558919447 -0.00300101940367 0.00297690079119 0.526658431657 1 1 1 1 1 1 1 1 1 1 1 1 1 1 1 1 1
557 6684 -0.56600622392 -0.00833294972883 0.00270831734449 0.53197653023 1 1 1 1 1 1 1 1 1 1 1 1 1 1 1 1 1
558 6696 -0.576401457059 -0.0038728694628 0.0103984063651 0.535555496939 1 1 1 1 1 1 1 1 1 1 1 1 1 1 1 1 1
559 6708 -0.584386591889 -0.00720443379801 0.00250076923432 0.538007882694 1 1 1 1 1 1 1 1 1 1 1 1 1 1 1 1 1
560 6720 -0.59456424638 -0.00278514889314 0.00355563707326 0.537545525833 1 1 1 1 1 1 1 1 1 1 1 1 1 1 1 1 1
561 6732 -0.593078875717 -0.0113712147419 0.00676031651896 0.528073318916 1 1 1 1 1 1 1 1 1 1 1 1 1 1 1 1 1
562 6744 -0.593539312376 -0.00523541149835 0.00469121078527 0.537668345396 1 1 1 1 1 1 1 1 1 1 1 1 1 1 1 1 1
563 6756 -0.593489062078 -0.000710890238908 0.00262066773715 0.548428027773 1 1 1 1 1 1 1 1 1 1 1 1 1 1 1 1 1
564 6768 -0.593041984672 -0.000662823324902 0.0190091419547 0.548451851171 1 1 1 1 1 1 1 1 1 1 1 1 1 1 1 1 1
565 6780 -0.599603680719 -0.0114525086243 0.00315464694163 0.549104944374 1 1 1 1 1 1 1 1 1 1 1 1 1 1 1 1 1
566 6792 -0.607225902001 -0.0145473937797 0.0105884260074 0.552207904428 1 1 1 1 1 1 1 1 1 1 1 1 1 1 1 1 1
567 6804 -0.604321634917 -0.0019702027361 0.00565830517768 0.555321937126 1 1 1 1 1 1 1 1 1 1 1 1 1 1 1 1 1
568 6816 -0.599289478443 -0.00531791711222 0.0142152113049 0.568778591471 1 1 1 1 1 1 1 1 1 1 1 1 1 1 1 1 1
569 6828 -0.596302990774 -0.00424519298334 0.0043668177639 0.559713351225 1 1 1 1 1 1 1 1 1 1 1 1 1 1 1 1 1
570 6840 -0.603939579239 -0.00259203649953 0.0211543842757 0.562158126851 1 1 1 1 1 1 1 1 1 1 1 1 1 1 1 1 1
571 6852 -0.600549771346 -0.00536276843597 0.00245776550457 0.557334240166 1 1 1 1 1 1 1 1 1 1 1 1 1 1 1 1 1
572 6864 -0.587165368975 -0.0243853237053 0.00675788166724 0.557194505793 1 1 1 1 1 1 1 1 1 1 1 1 1 1 1 1 1
573 6876 -0.588978569292 -0.0114151654263 0.0129665375901 0.554801135943 1 1 1 1 1 1 1 1 1 1 1 1 1 1 1 1 1
574 6888 -0.590442785338 -0.0016499469329 0.0148811127166 0.554973602118 1 1 1 1 1 1 1 1 1 1 1 1 1 1 1 1 1
575 6900 -0.591913877969 -0.0024847280067 0.0168347904741 0.554664121452 1 1 1 1 1 1 1 1 1 1 1 1 1 1 1 1 1
576 6912 -0.596580255944 -0.00603475620157 0.0212238347211 0.558269761169 1 1 1 1 1 1 1 1 1 1 1 1 1 1 1 1 1
577 6924 -0.58028779166 -0.00588522334199 0.0187049555546 0.559441336918 1 1 1 1 1 1 1 1 1 1 1 1 1 1 1 1 1
578 6936 -0.582560081219 -0.00176991436252 0.0144625976261 0.55941165965 1 1 1 1 1 1 1 1 1 1 1 1 1 1 1 1 1
579 6948 -0.583689106319 -0.0047656341748 0.0182284936779 0.555118468231 1 1 1 1 1 1 1 1 1 1 1 1 1 1 1 1 1
580 6960 -0.576560733259 -0.00546479353496 0.00221144711689 0.5447266291 1 1 1 1 1 1 1 1 1 1 1 1 1 1 1 1 1
581 6972 -0.570002176705 -0.0086259484581 0.00802425465267 0.530609531835 1 1 1 1 1 1 1 1 1 1 1 1 1 1 1 1 1
582 6984 -0.57515531408 -0.0125765367586 0.000775553694155 0.535903136518 1 1 1 1 1 1 1 1 1 1 1 1 1 1 1 1 1
583 6996 -0.569650493001 -0.0146877730793 0.0217871173581 0.507164599949 1 1 1 1 1 1 1 1 1 1 1 1 1 1 1 1 1
584 7008 -0.573694650508 -0.00210493456315 0.00757108352079 0.486457680826 1 1 1 1 1 1 1 1 1 1 1 1 1 1 1 1 1
585 7020 -0.585434642382 -0.00829368582362 0.00111302346191 0.482348477016 1 1 1 1 1 1 1 1 1 1 1 1 1 1 1 1 1
586 7032 -0.598912688457 -0.00217389929941 0.00745654727517 0.483094678116 1 1 1 1 1 1 1 1 1 1 1 1 1 1 1 1 1
587 7044 -0.607351002513 -0.00435045073466 0.00031875724526 0.509952244455 1 1 1 1 1 1 1 1 1 1 1 1 1 1 1 1 1
588 7056 -0.60515578982 -0.00295020738291 0.0165749575498 0.512350073528 1 1 1 1 1 1 1 1 1 1 1 1 1 1 1 1 1
589 7068 -0.609731096996 -5.19313903853e-05 0.00735228125704 0.515495490188 1 1 1 1 1 1 1 1 1 1 1 1 1 1 1 1 1
590 7080 -0.616734832382 -0.00194722868784 0.00592308749638 0.518593795787 1 1 1 1 1 1 1 1 1 1 1 1 1 1 1 1 1
591 7092 -0.628032171193 -0.000452704825333 0.00347425388798 0.527710659032 1 1 1 1 1 1 1 1 1 1 1 1 1 1 1 1 1
592 7104 -0.641988511562 -0.00497148412866 0.0037772088407 0.533681860391 1 1 1 1 1 1 1 1 1 1 1 1 1 1 1 1 1
593 7116 -0.633538502048 -0.0123740784259 0.00189081914138 0.529019978986 1 1 1 1 1 1 1 1 1 1 1 1 1 1 1 1 1
594 7128 -0.636647727759 -0.00130883473966 0.00239388810885 0.531051127502 1 1 1 1 1 1 1 1 1 1 1 1 1 1 1 1 1
595 7140 -0.630805531204 -0.0170501104692 0.00248968897138 0.540340049682 1 1 1 1 1 1 1 1 1 1 1 1 1 1 1 1 1
596 7152 -0.637796209182 -0.0165667928503 0.00105761285017 0.518820625852 1 1 1 1 1 1 1 1 1 1 1 1 1 1 1 1 1
597 7164 -0.631700194679 -0.0112146088999 0.00521433950624 0.519003792924 1 1 1 1 1 1 1 1 1 1 1 1 1 1 1 1 1
598 7176 -0.626918316558 -0.0154511146209 0.00749252502659 0.519217374582 1 1 1 1 1 1 1 1 1 1 1 1 1 1 1 1 1
599 7188 -0.623058191984 -0.000838803602418 0.00267556924234 0.518675705237 1 1 1 1 1 1 1 1 1 1 1 1 1 1 1 1 1
600 7200 -0.621460939226 -0.00420010159514 0.000273870672582 0.527462594201 1 1 1 1 1 1 1 1 1 1 1 1 1 1 1 1 1
601 7212 -0.636337589198 -0.00243475313508 0.00786314338672 0.555004349082 1 1 1 1 1 1 1 1 1 1 1 1 1 1 1 1 1
602 7224 -0.639204810171 -0.00533746002852 0.00402654254822 0.568288279328 1 1 1 1 1 1 1 1 1 1 1 1 1 1 1 1 1
603 7236 -0.640648161851 -0.00450373939633 0.0159686059154 0.567191883942 1 1 1 1 1 1 1 1 1 1 1 1 1 1 1 1 1
604 7248 -0.635802283367 -0.00741527774696 0.0034890950636 0.567111259975 1 1 1 1 1 1 1 1 1 1 1 1 1 1 1 1 1
605 7260 -0.637363029645 -0.00133056716278 0.00204380996975 0.559020132189 1 1 1 1 1 1 1 1 1 1 1 1 1 1 1 1 1
606 7272 -0.643295838704 -0.00890671198584 0.00198667427082 0.532325990434 1 1 1 1 1 1 1 1 1 1 1 1 1 1 1 1 1
607 7284 -0.639389132938 -0.00180532648147 0.00544165455891 0.529046268033 1 1 1 1 1 1 1 1 1 1 1 1 1 1 1 1 1
608 7296 -0.637578742911 -0.00223073476824 0.00998974477236 0.530646002677 1 1 1 1 1 1 1 1 1 1 1 1 1 1 1 1 1
609 7308 -0.638163961425 -0.000285512072148 0.00797388419516 0.532882625093 1 1 1 1 1 1 1 1 1 1 1 1 1 1 1 1 1
610 7320 -0.632677041428 -0.00983092707767 0.0165785053084 0.529395252418 1 1 1 1 1 1 1 1 1 1 1 1 1 1 1 1 1
611 7332 -0.637018167027 -0.00114625839294 0.00818101781503 0.534677441148 1 1 1 1 1 1 1 1 1 1 1 1 1 1 1 1 1
612 7344 -0.635606688474 -0.00279354937437 0.000589437540425 0.5438067593 1 1 1 1 1 1 1 1 1 1 1 1 1 1 1 1 1
613 7356 -0.636255826904 -0.000850231731886 0.00285692482695 0.536162767489 1 1 1 1 1 1 1 1 1 1 1 1 1 1 1 1 1
614 7368 -0.636405892669 -0.0336479687567 0.00585530998498 0.540700197503 1 1 1 1 1 1 1 1 1 1 1 1 1 1 1 1 1
615 7380 -0.63676438836 -0.000518571179891 0.00785086616193 0.541238681526 1 1 1 1 1 1 1 1 1 1 1 1 1 1 1 1 1
616 7392 -0.637674164415 -0.0188574340864 0.00347279835418 0.543090576284 1 1 1 1 1 1 1 1 1 1 1 1 1 1 1 1 1
617 7404 -0.640783718859 -0.00791175911052 0.00223285302229 0.539627910054 1 1 1 1 1 1 1 1 1 1 1 1 1 1 1 1 1
618 7416 -0.64729043047 -0.00729480862664 0.00314481101469 0.532772309993 1 1 1 1 1 1 1 1 1 1 1 1 1 1 1 1 1
619 7428 -0.639171407716 -0.00195084914107 0.000526190281021 0.538420096732 1 1 1 1 1 1 1 1 1 1 1 1 1 1 1 1 1
620 7440 -0.630819819832 -0.00505660227231 0.00666848047583 0.539035023857 1 1 1 1 1 1 1 1 1 1 1 1 1 1 1 1 1
621 7452 -0.6389420662 -0.000182119802382 0.00141471178968 0.53489247002 1 1 1 1 1 1 1 1 1 1 1 1 1 1 1 1 1
622 7464 -0.644282478171 -0.00468348613709 0.000448537075855 0.537250649595 1 1 1 1 1 1 1 1 1 1 1 1 1 1 1 1 1
623 7476 -0.647507281209 -0.000123284923684 0.00117155734451 0.541651329828 1 1 1 1 1 1 1 1 1 1 1 1 1 1 1 1 1
624 7488 -0.654887653735 -0.00152193349868 0.00445904212691 0.528662225128 1 1 1 1 1 1 1 1 1 1 1 1 1 1 1 1 1
625 7500 -0.642964222186 -0.00412173603083 0.00803643717793 0.515436346963 1 1 1 1 1 1 1 1 1 1 1 1 1 1 1 1 1
626 7512 -0.629228265349 -0.00242391435628 0.00117330447126 0.529422768118 1 1 1 1 1 1 1 1 1 1 1 1 1 1 1 1 1
627 7524 -0.631245756865 -0.00793280133296 0.00375275340702 0.53021959498 1 1 1 1 1 1 1 1 1 1 1 1 1 1 1 1 1
628 7536 -0.635063386004 -0.0166327339179 0.00911715597242 0.536749427269 1 1 1 1 1 1 1 1 1 1 1 1 1 1 1 1 1
629 7548 -0.630753967357 -0.00953967252118 0.00695150525375 0.541048945191 1 1 1 1 1 1 1 1 1 1 1 1 1 1 1 1 1
630 7560 -0.628097562579 -0.0128343006058 0.00837716721341 0.550883701849 1 1 1 1 1 1 1 1 1 1 1 1 1 1 1 1 1
631 7572 -0.632787889361 -0.0093412914318 0.00189371189685 0.548464337391 1 1 1 1 1 1 1 1 1 1 1 1 1 1 1 1 1
632 7584 -0.63702725765 -0.00720857970896 0.00119251987343 0.559368314971 1 1 1 1 1 1 1 1 1 1 1 1 1 1 1 1 1
633 7596 -0.639804866976 -6.85958834697e-05 0.00424943106165 0.558109146424 1 1 1 1 1 1 1 1 1 1 1 1 1 1 1 1 1
634 7608 -0.641135981786 -0.00413055393405 0.00367407810612 0.578314296073 1 1 1 1 1 1 1 1 1 1 1 1 1 1 1 1 1
635 7620 -0.638536636949 -0.00826468982826 0.000230275479975 0.576719719611 1 1 1 1 1 1 1 1 1 1 1 1 1 1 1 1 1
636 7632 -0.641996491568 -0.00267237003258 0.00148759040179 0.575269606492 1 1 1 1 1 1 1 1 1 1 1 1 1 1 1 1 1
637 7644 -0.637559266785 -0.00485490263646 0.00846325551134 0.583289303636 1 1 1 1 1 1 1 1 1 1 1 1 1 1 1 1 1
638 7656 -0.638158699387 -0.00116244663573 0.00316095303939 0.588293788132 1 1 1 1 1 1 1 1 1 1 1 1 1 1 1 1 1
639 7668 -0.652707614471 -0.00809844503996 0.00157938078446 0.587367908528 1 1 1 1 1 1 1 1 1 1 1 1 1 1 1 1 1
640 7680 -0.643244986227 -0.0120217245733 0.00104071445593 0.583960907518 1 1 1 1 1 1 1 1 1 1 1 1 1 1 1 1 1
641 7692 -0.643098865938 -0.00699610009803 0.00498891621181 0.616552954765 1 1 1 1 1 1 1 1 1 1 1 1 1 1 1 1 1
642 7704 -0.648477184262 -0.0100471515119 0.00937736004498 0.625716774815 1 1 1 1 1 1 1 1 1 1 1 1 1 1 1 1 1
643 7716 -0.644080570554 -0.00184792498711 0.0122836804508 0.631908114926 1 1 1 1 1 1 1 1 1 1 1 1 1 1 1 1 1
644 7728 -0.650974388425 -0.000928461262247 0.00364231737162 0.63785262803 1 1 1 1 1 1 1 1 1 1 1 1 1 1 1 1 1
645 7740 -0.658053345025 -0.000441337774778 0.00435667911166 0.633406255688 1 1 1 1 1 1 1 1 1 1 1 1 1 1 1 1 1
646 7752 -0.663828245328 -0.00721814540685 0.00231106714791 0.646952095959 1 1 1 1 1 1 1 1 1 1 1 1 1 1 1 1 1
647 7764 -0.658469593913 -0.00831676582204 9.32310943928e-05 0.648124222997 1 1 1 1 1 1 1 1 1 1 1 1 1 1 1 1 1
648 7776 -0.661221066156 -0.00264644156489 0.00742753672675 0.650038285198 1 1 1 1 1 1 1 1 1 1 1 1 1 1 1 1 1
649 7788 -0.657491939021 -0.0117631443117 0.0014838852138 0.643397438998 1 1 1 1 1 1 1 1 1 1 1 1 1 1 1 1 1
650 7800 -0.652625574987 -0.00967350430416 1.73758622139e-05 0.653633045073 1 1 1 1 1 1 1 1 1 1 1 1 1 1 1 1 1
651 7812 -0.651567388278 -0.000627382361427 0.0114623481477 0.650949199205 1 1 1 1 1 1 1 1 1 1 1 1 1 1 1 1 1
652 7824 -0.65183686541 -0.00221645564533 0.00175063535152 0.654857877158 1 1 1 1 1 1 1 1 1 1 1 1 1 1 1 1 1
653 7836 -0.655845188825 -0.0043843371426 0.000389155067454 0.671219850449 1 1 1 1 1 1 1 1 1 1 1 1 1 1 1 1 1
654 7848 -0.664051283426 -0.0057942992419 0.00751361830081 0.673779828058 1 1 1 1 1 1 1 1 1 1 1 1 1 1 1 1 1
655 7860 -0.663981039832 -0.00528084621459 0.0109150084651 0.665826112966 1 1 1 1 1 1 1 1 1 1 1 1 1 1 1 1 1
656 7872 -0.66256819052 -0.00339292594371 0.00225680786284 0.653745882241 1 1 1 1 1 1 1 1 1 1 1 1 1 1 1 1 1
657 7884 -0.663478099176 -0.00451351447468 0.000220520623595 0.652361890325 1 1 1 1 1 1 1 1 1 1 1 1 1 1 1 1 1
658 7896 -0.659088870179 -0.000878213097069 0.000290714456251 0.650245852305 1 1 1 1 1 1 1 1 1 1 1 1 1 1 1 1 1
659 7908 -0.650599611883 -0.00149988808388 0.00459361544247 0.660925691716 1 1 1 1 1 1 1 1 1 1 1 1 1 1 1 1 1
660 7920 -0.653136752743 -0.000683898858691 0.000270014044349 0.644972926841 1 1 1 1 1 1 1 1 1 1 1 1 1 1 1 1 1
661 7932 -0.640458851998 -0.000511961881749 0.00175374352555 0.637430602438 1 1 1 1 1 1 1 1 1 1 1 1 1 1 1 1 1
662 7944 -0.634891875721 -0.00266736000071 0.00744072194926 0.635384737689 1 1 1 1 1 1 1 1 1 1 1 1 1 1 1 1 1
663 7956 -0.632110881975 -0.00165015048155 0.00106149027383 0.64148040912 1 1 1 1 1 1 1 1 1 1 1 1 1 1 1 1 1
664 7968 -0.635627468796 -0.00140704605606 0.00874335881572 0.657728667911 1 1 1 1 1 1 1 1 1 1 1 1 1 1 1 1 1
665 7980 -0.6533180661 -0.0074046992423 0.00378669786816 0.662652035736 1 1 1 1 1 1 1 1 1 1 1 1 1 1 1 1 1
666 7992 -0.682218049302 -0.00274194126305 0.00626161673505 0.64980157721 1 1 1 1 1 1 1 1 1 1 1 1 1 1 1 1 1
667 8004 -0.685755842981 -0.00705040374709 0.000232685415527 0.650544648938 1 1 1 1 1 1 1 1 1 1 1 1 1 1 1 1 1
668 8016 -0.702542305286 -0.00664855376668 0.000737595903029 0.648145105297 1 1 1 1 1 1 1 1 1 1 1 1 1 1 1 1 1
669 8028 -0.696473693912 -0.00318491774687 0.00595511739602 0.641031325162 1 1 1 1 1 1 1 1 1 1 1 1 1 1 1 1 1
670 8040 -0.690231453524 -0.00243401402162 0.00880118620847 0.639805669277 1 1 1 1 1 1 1 1 1 1 1 1 1 1 1 1 1
671 8052 -0.677610024207 -0.00080690301512 0.0110189464734 0.639165222917 1 1 1 1 1 1 1 1 1 1 1 1 1 1 1 1 1
672 8064 -0.676235183093 -0.000408126338326 0.00700623689298 0.648700261479 1 1 1 1 1 1 1 1 1 1 1 1 1 1 1 1 1
673 8076 -0.678466368819 -0.000500106793862 0.002437891905 0.650564757582 1 1 1 1 1 1 1 1 1 1 1 1 1 1 1 1 1
674 8088 -0.677750171984 -0.00293611098719 0.00747835484015 0.648915029832 1 1 1 1 1 1 1 1 1 1 1 1 1 1 1 1 1
675 8100 -0.683538310488 -0.00310267965767 0.00853570465427 0.654800698948 1 1 1 1 1 1 1 1 1 1 1 1 1 1 1 1 1
676 8112 -0.692389193778 -0.00806469578679 0.0134761133251 0.65331608967 1 1 1 1 1 1 1 1 1 1 1 1 1 1 1 1 1
677 8124 -0.697248803853 -0.00262318240098 0.000381070584727 0.654879306923 1 1 1 1 1 1 1 1 1 1 1 1 1 1 1 1 1
678 8136 -0.697106427161 -0.000951858357496 0.00219630739386 0.655248444074 1 1 1 1 1 1 1 1 1 1 1 1 1 1 1 1 1
679 8148 -0.692795541424 -0.000230404895746 0.00263644787298 0.649465543442 1 1 1 1 1 1 1 1 1 1 1 1 1 1 1 1 1
680 8160 -0.691916376388 -0.00247474480301 0.00226106094729 0.641812361922 1 1 1 1 1 1 1 1 1 1 1 1 1 1 1 1 1
681 8172 -0.696567314849 -0.00642173382795 0.00490745644372 0.642283462719 1 1 1 1 1 1 1 1 1 1 1 1 1 1 1 1 1
682 8184 -0.698780930821 -0.000437431425206 0.00750822450552 0.638447408868 1 1 1 1 1 1 1 1 1 1 1 1 1 1 1 1 1
683 8196 -0.698146323409 -0.00238182803569 0.00258566437532 0.63791223111 1 1 1 1 1 1 1 1 1 1 1 1 1 1 1 1 1
684 8208 -0.694766620461 -0.000360553907661 0.0122865622825 0.650083737362 1 1 1 1 1 1 1 1 1 1 1 1 1 1 1 1 1
685 8220 -0.693103244306 -0.00367236949594 0.00149179207416 0.645587928023 1 1 1 1 1 1 1 1 1 1 1 1 1 1 1 1 1
686 8232 -0.693831672046 -0.0103447521186 0.00359295773266 0.657662593408 1 1 1 1 1 1 1 1 1 1 1 1 1 1 1 1 1
687 8244 -0.696043149718 -0.00233217792244 0.00481415361851 0.659518038867 1 1 1 1 1 1 1 1 1 1 1 1 1 1 1 1 1
688 8256 -0.686943112059 -0.00198295459595 0.00525666253622 0.657288364944 1 1 1 1 1 1 1 1 1 1 1 1 1 1 1 1 1
689 8268 -0.676914444062 -0.00445854576247 0.00264779009061 0.651731525866 1 1 1 1 1 1 1 1 1 1 1 1 1 1 1 1 1
690 8280 -0.668401925614 -0.000276955389885 0.00215769762977 0.633494369061 1 1 1 1 1 1 1 1 1 1 1 1 1 1 1 1 1
691 8292 -0.666084449009 -0.00765436070117 0.0019543334128 0.637358800342 1 1 1 1 1 1 1 1 1 1 1 1 1 1 1 1 1
692 8304 -0.670610270143 -0.00326869210855 0.00190513682301 0.633794280223 1 1 1 1 1 1 1 1 1 1 1 1 1 1 1 1 1
693 8316 -0.670452769515 -0.0115857922514 0.00137852847989 0.638547417959 1 1 1 1 1 1 1 1 1 1 1 1 1 1 1 1 1
694 8328 -0.67502188762 -0.00583660681527 0.0169043163218 0.623279997553 1 1 1 1 1 1 1 1 1 1 1 1 1 1 1 1 1
695 8340 -0.676934265863 -0.00388141887434 0.00637331240451 0.629763461125 1 1 1 1 1 1 1 1 1 1 1 1 1 1 1 1 1
696 8352 -0.675297289891 -0.00360696686511 0.00767272150525 0.623278871499 1 1 1 1 1 1 1 1 1 1 1 1 1 1 1 1 1
697 8364 -0.678332089818 -0.00217018142057 0.000164420056487 0.617943965118 1 1 1 1 1 1 1 1 1 1 1 1 1 1 1 1 1
698 8376 -0.680596796681 -0.00272478737254 0.0141431088611 0.621427483972 1 1 1 1 1 1 1 1 1 1 1 1 1 1 1 1 1
699 8388 -0.683924681346 -0.00298582355192 0.0120660159673 0.611174499909 1 1 1 1 1 1 1 1 1 1 1 1 1 1 1 1 1
700 8400 -0.687689232735 -0.00362527454742 0.00232594588025 0.611434392729 1 1 1 1 1 1 1 1 1 1 1 1 1 1 1 1 1
701 8412 -0.684495821159 -0.00450637025054 0.000279249047773 0.607710711178 1 1 1 1 1 1 1 1 1 1 1 1 1 1 1 1 1
702 8424 -0.687881280378 -0.000154070338101 0.00117128427981 0.610310517979 1 1 1 1 1 1 1 1 1 1 1 1 1 1 1 1 1
703 8436 -0.689114275526 -0.0103072223325 0.000769150420495 0.60271754465 1 1 1 1 1 1 1 1 1 1 1 1 1 1 1 1 1
704 8448 -0.688500030186 -9.23010058791e-05 0.00040137196834 0.581949070939 1 1 1 1 1 1 1 1 1 1 1 1 1 1 1 1 1
705 8460 -0.675913663684 -0.00286170133527 0.000421357775397 0.583526390159 1 1 1 1 1 1 1 1 1 1 1 1 1 1 1 1 1
706 8472 -0.677622278585 -0.000693386633074 0.0021108631211 0.603293611804 1 1 1 1 1 1 1 1 1 1 1 1 1 1 1 1 1
707 8484 -0.67279009497 -0.000884859907507 0.000629946556188 0.594656308019 1 1 1 1 1 1 1 1 1 1 1 1 1 1 1 1 1
708 8496 -0.677255908585 -0.00177772596913 0.00150068933789 0.591696025229 1 1 1 1 1 1 1 1 1 1 1 1 1 1 1 1 1
709 8508 -0.676679334165 -0.00521650487607 0.000715343787826 0.589396963342 1 1 1 1 1 1 1 1 1 1 1 1 1 1 1 1 1
710 8520 -0.680228693044 -0.00968885050368 0.00883676320896 0.588368159981 1 1 1 1 1 1 1 1 1 1 1 1 1 1 1 1 1
711 8532 -0.674262310411 -0.00288030240391 0.0147177819546 0.588804782988 1 1 1 1 1 1 1 1 1 1 1 1 1 1 1 1 1
712 8544 -0.671806875595 -0.00865614916349 0.000469631297294 0.590066577512 1 1 1 1 1 1 1 1 1 1 1 1 1 1 1 1 1
713 8556 -0.675924576724 -0.00356209191537 0.0130132020132 0.586448825389 1 1 1 1 1 1 1 1 1 1 1 1 1 1 1 1 1
714 8568 -0.673150239492 -0.00194704578718 0.00376517558341 0.592144448231 1 1 1 1 1 1 1 1 1 1 1 1 1 1 1 1 1
715 8580 -0.679758719067 -0.00177940858135 0.00668143058125 0.586963055833 1 1 1 1 1 1 1 1 1 1 1 1 1 1 1 1 1
716 8592 -0.679294032469 -0.00522450184579 0.00386770697815 0.578761068893 1 1 1 1 1 1 1 1 1 1 1 1 1 1 1 1 1
717 8604 -0.676892000821 -0.00140376132423 0.00763386669311 0.567515785006 1 1 1 1 1 1 1 1 1 1 1 1 1 1 1 1 1
718 8616 -0.668358588018 -0.00198597328744 0.00456919796346 0.566470866013 1 1 1 1 1 1 1 1 1 1 1 1 1 1 1 1 1
719 8628 -0.67524950399 -0.0146565430666 0.00314768355388 0.569220273863 1 1 1 1 1 1 1 1 1 1 1 1 1 1 1 1 1
720 8640 -0.67748874616 -0.00209297393539 0.00830020588448 0.576639037492 1 1 1 1 1 1 1 1 1 1 1 1 1 1 1 1 1
721 8652 -0.672655108145 -0.000817995018779 0.000417691098837 0.564133274074 1 1 1 1 1 1 1 1 1 1 1 1 1 1 1 1 1
722 8664 -0.670704904224 -0.000122826917007 0.00169262746893 0.554396474315 1 1 1 1 1 1 1 1 1 1 1 1 1 1 1 1 1
723 8676 -0.682533162845 -0.0127461969182 0.000160850826652 0.567519270183 1 1 1 1 1 1 1 1 1 1 1 1 1 1 1 1 1
724 8688 -0.683030828156 -0.00246292925864 0.0096622673299 0.564761071131 1 1 1 1 1 1 1 1 1 1 1 1 1 1 1 1 1
725 8700 -0.688319680621 -0.0104156821371 0.00189965711217 0.559516461227 1 1 1 1 1 1 1 1 1 1 1 1 1 1 1 1 1
726 8712 -0.698458812204 -0.00443116575865 0.00683118905143 0.551823960506 1 1 1 1 1 1 1 1 1 1 1 1 1 1 1 1 1
727 8724 -0.697734532746 -0.00079798512037 0.000514124279571 0.552997395834 1 1 1 1 1 1 1 1 1 1 1 1 1 1 1 1 1
728 8736 -0.700543726297 -0.00114411774113 0.00125524277445 0.557400772716 1 1 1 1 1 1 1 1 1 1 1 1 1 1 1 1 1
729 8748 -0.696477231906 -0.00268118284667 0.00194483976417 0.554677213381 1 1 1 1 1 1 1 1 1 1 1 1 1 1 1 1 1
730 8760 -0.713830595434 -0.00510466126694 0.00420405945284 0.552581121879 1 1 1 1 1 1 1 1 1 1 1 1 1 1 1 1 1
731 8772 -0.716493565113 -0.00218606477619 0.00436681510079 0.552947932185 1 1 1 1 1 1 1 1 1 1 1 1 1 1 1 1 1
732 8784 -0.715412116026 -0.00175115693469 0.00576894976085 0.552363355614 1 1 1 1 1 1 1 1 1 1 1 1 1 1 1 1 1
733 8796 -0.726303286053 -0.00928549933455 0.00496751976493 0.561317993316 1 1 1 1 1 1 1 1 1 1 1 1 1 1 1 1 1
734 8808 -0.729332619881 -0.00260431793965 0.000316733791477 0.566507439495 1 1 1 1 1 1 1 1 1 1 1 1 1 1 1 1 1
735 8820 -0.731525786507 -0.00665331725801 0.00145992367531 0.584187444873 1 1 1 1 1 1 1 1 1 1 1 1 1 1 1 1 1
736 8832 -0.725135973561 -0.00529155486372 0.00167709275049 0.571959180661 1 1 1 1 1 1 1 1 1 1 1 1 1 1 1 1 1
737 8844 -0.724131895104 -0.00143857070291 0.000460008900959 0.571815098896 1 1 1 1 1 1 1 1 1 1 1 1 1 1 1 1 1
738 8856 -0.721898624906 -0.00145059015411 0.000703931538267 0.584635560355 1 1 1 1 1 1 1 1 1 1 1 1 1 1 1 1 1
739 8868 -0.715769155134 -0.00376695564241 0.0165946366446 0.579926479186 1 1 1 1 1 1 1 1 1 1 1 1 1 1 1 1 1
740 8880 -0.714651246186 -0.00677266419072 0.000741156977277 0.587710990707 1 1 1 1 1 1 1 1 1 1 1 1 1 1 1 1 1
741 8892 -0.712641179786 -0.00354436425771 0.00692469961035 0.591538896836 1 1 1 1 1 1 1 1 1 1 1 1 1 1 1 1 1
742 8904 -0.705205602232 -0.00503173136659 0.000862335901655 0.593663000214 1 1 1 1 1 1 1 1 1 1 1 1 1 1 1 1 1
743 8916 -0.703601214626 -0.00191603018552 0.00578764014389 0.600625368902 1 1 1 1 1 1 1 1 1 1 1 1 1 1 1 1 1
744 8928 -0.713221096326 -0.00398493715573 0.00166672839826 0.604759214558 1 1 1 1 1 1 1 1 1 1 1 1 1 1 1 1 1
745 8940 -0.710281900496 -0.0104054941769 0.00077826759341 0.606848437601 1 1 1 1 1 1 1 1 1 1 1 1 1 1 1 1 1
746 8952 -0.707440689951 -0.000859155755892 0.00266524792374 0.614498384098 1 1 1 1 1 1 1 1 1 1 1 1 1 1 1 1 1
747 8964 -0.709452060414 -0.0144107441443 0.0127828092851 0.615896999965 1 1 1 1 1 1 1 1 1 1 1 1 1 1 1 1 1
748 8976 -0.704953080154 -0.0155645588821 0.00719021960563 0.628688568321 1 1 1 1 1 1 1 1 1 1 1 1 1 1 1 1 1
749 8988 -0.709978041025 -0.0101020909503 0.0236958770053 0.627903702326 1 1 1 1 1 1 1 1 1 1 1 1 1 1 1 1 1
750 9000 -0.717219387959 -0.0159061917443 0.000430160705408 0.628792723158 1 1 1 1 1 1 1 1 1 1 1 1 1 1 1 1 1
751 9012 -0.7246228999 -0.01108072229 0.0112592668587 0.627838896669 1 1 1 1 1 1 1 1 1 1 1 1 1 1 1 1 1
752 9024 -0.718444684037 -0.00191972964549 7.50306847473e-05 0.624351724527 1 1 1 1 1 1 1 1 1 1 1 1 1 1 1 1 1
753 9036 -0.720609032474 -0.00129255854736 0.00443710917877 0.623277206973 1 1 1 1 1 1 1 1 1 1 1 1 1 1 1 1 1
754 9048 -0.717864327056 -0.00242964249775 0.002432171434 0.622953302133 1 1 1 1 1 1 1 1 1 1 1 1 1 1 1 1 1
755 9060 -0.717333143774 -0.0072455902352 0.00521192275188 0.627732728772 1 1 1 1 1 1 1 1 1 1 1 1 1 1 1 1 1
756 9072 -0.715772784866 -0.00271692889947 0.00540460454478 0.623310426397 1 1 1 1 1 1 1 1 1 1 1 1 1 1 1 1 1
757 9084 -0.714985625313 -0.00443201367081 0.00152460593923 0.614921186315 1 1 1 1 1 1 1 1 1 1 1 1 1 1 1 1 1
758 9096 -0.725147526118 -0.00142781745293 0.000594126637129 0.606961020007 1 1 1 1 1 1 1 1 1 1 1 1 1 1 1 1 1
759 9108 -0.713343768695 -0.00228883038628 0.00129216922261 0.607720450529 1 1 1 1 1 1 1 1 1 1 1 1 1 1 1 1 1
760 9120 -0.716911271242 -0.0106941098276 0.00277053615113 0.628012833433 1 1 1 1 1 1 1 1 1 1 1 1 1 1 1 1 1
761 9132 -0.72298804931 -0.00209884634004 0.00638149277317 0.632625348592 1 1 1 1 1 1 1 1 1 1 1 1 1 1 1 1 1
762 9144 -0.723474335445 -0.0139602560388 0.00256451990526 0.632397512502 1 1 1 1 1 1 1 1 1 1 1 1 1 1 1 1 1
763 9156 -0.726026200569 -9.98690135383e-05 0.0050197053302 0.627647543232 1 1 1 1 1 1 1 1 1 1 1 1 1 1 1 1 1
764 9168 -0.722918047114 -0.00277298359932 0.00498352009721 0.629803935854 1 1 1 1 1 1 1 1 1 1 1 1 1 1 1 1 1
765 9180 -0.722751477107 -0.004836118642 0.00475295795392 0.622598829338 1 1 1 1 1 1 1 1 1 1 1 1 1 1 1 1 1
766 9192 -0.728893700162 -0.00418863716996 0.00699163641739 0.631106924192 1 1 1 1 1 1 1 1 1 1 1 1 1 1 1 1 1
767 9204 -0.728910648971 -0.0106985004005 0.00478390088675 0.624217202017 1 1 1 1 1 1 1 1 1 1 1 1 1 1 1 1 1
768 9216 -0.736045870616 -0.0116841964641 0.00521066529357 0.620722603205 1 1 1 1 1 1 1 1 1 1 1 1 1 1 1 1 1
769 9228 -0.735747401913 -0.00241549630867 0.00978978764547 0.612011180217 1 1 1 1 1 1 1 1 1 1 1 1 1 1 1 1 1
770 9240 -0.732106267324 -0.00503531743794 0.000572885915398 0.606984566912 1 1 1 1 1 1 1 1 1 1 1 1 1 1 1 1 1
771 9252 -0.727016504336 -0.0055561735353 0.00177860731871 0.616662531331 1 1 1 1 1 1 1 1 1 1 1 1 1 1 1 1 1
772 9264 -0.716686941111 -0.00821264816181 0.00454570101841 0.613058904409 1 1 1 1 1 1 1 1 1 1 1 1 1 1 1 1 1
773 9276 -0.711273478046 -0.00752742353312 0.00011374545836 0.619043221008 1 1 1 1 1 1 1 1 1 1 1 1 1 1 1 1 1
774 9288 -0.704453486912 -0.00315855322734 0.00580633865849 0.61767769033 1 1 1 1 1 1 1 1 1 1 1 1 1 1 1 1 1
775 9300 -0.698731232871 -0.00503649144684 0.000124647639303 0.617539149258 1 1 1 1 1 1 1 1 1 1 1 1 1 1 1 1 1
776 9312 -0.698484994663 -0.00679903233397 0.000523119034958 0.613783263879 1 1 1 1 1 1 1 1 1 1 1 1 1 1 1 1 1
777 9324 -0.692780258967 -0.00710233880657 0.0011915051247 0.618642559278 1 1 1 1 1 1 1 1 1 1 1 1 1 1 1 1 1
778 9336 -0.695235901407 -0.0053362247 0.00259152841579 0.621734466408 1 1 1 1 1 1 1 1 1 1 1 1 1 1 1 1 1
779 9348 -0.691975633401 -0.0166158154971 0.00485396677191 0.623344822495 1 1 1 1 1 1 1 1 1 1 1 1 1 1 1 1 1
780 9360 -0.684497057466 -0.0142272497586 0.00411305626627 0.605771370649 1 1 1 1 1 1 1 1 1 1 1 1 1 1 1 1 1
781 9372 -0.675728888407 -0.0172040553787 0.00501333622293 0.60950295829 1 1 1 1 1 1 1 1 1 1 1 1 1 1 1 1 1
782 9384 -0.671834520156 -0.00147101343452 0.012537878903 0.603644404516 1 1 1 1 1 1 1 1 1 1 1 1 1 1 1 1 1
783 9396 -0.667472500679 -0.00025640703486 0.00657253483932 0.609672287757 1 1 1 1 1 1 1 1 1 1 1 1 1 1 1 1 1
784 9408 -0.663044476518 -0.00329241257214 0.00362502006919 0.606556338552 1 1 1 1 1 1 1 1 1 1 1 1 1 1 1 1 1
785 9420 -0.673604618359 -0.00422064733093 0.00850308314607 0.607138600945 1 1 1 1 1 1 1 1 1 1 1 1 1 1 1 1 1
786 9432 -0.666139790651 -0.0112839851819 0.00772875718269 0.60475333242 1 1 1 1 1 1 1 1 1 1 1 1 1 1 1 1 1
787 9444 -0.671112092807 -0.0162824994799 0.0124431633252 0.613507792042 1 1 1 1 1 1 1 1 1 1 1 1 1 1 1 1 1
788 9456 -0.671416122605 -0.0139042558104 4.63577814965e-05 0.604657496794 1 1 1 1 1 1 1 1 1 1 1 1 1 1 1 1 1
789 9468 -0.671053668726 -0.00270803154953 0.0100233127944 0.60024305746 1 1 1 1 1 1 1 1 1 1 1 1 1 1 1 1 1
790 9480 -0.67163928038 -0.00905485956661 0.00197036772297 0.600247406319 1 1 1 1 1 1 1 1 1 1 1 1 1 1 1 1 1
791 9492 -0.661940323925 -0.00512757614991 0.00271092445829 0.602827029703 1 1 1 1 1 1 1 1 1 1 1 1 1 1 1 1 1
792 9504 -0.668852216188 -0.00291229127281 0.0116987048157 0.605347426389 1 1 1 1 1 1 1 1 1 1 1 1 1 1 1 1 1
793 9516 -0.664201033517 -0.0122987081026 0.00441985726042 0.60799279244 1 1 1 1 1 1 1 1 1 1 1 1 1 1 1 1 1
794 9528 -0.666215973261 -0.0028596127687 0.00432902273343 0.609309318359 1 1 1 1 1 1 1 1 1 1 1 1 1 1 1 1 1
795 9540 -0.671394322065 -2.28874513553e-05 0.00168443293806 0.611621663994 1 1 1 1 1 1 1 1 1 1 1 1 1 1 1 1 1
796 9552 -0.671615819524 -0.014383988471 0.00160965939355 0.607988793181 1 1 1 1 1 1 1 1 1 1 1 1 1 1 1 1 1
797 9564 -0.672308738427 -0.00421628809191 0.00960728779668 0.599306241181 1 1 1 1 1 1 1 1 1 1 1 1 1 1 1 1 1
798 9576 -0.67210655136 -0.00757169716685 0.00111928225064 0.596690744441 1 1 1 1 1 1 1 1 1 1 1 1 1 1 1 1 1
799 9588 -0.673286618528 -0.00349637852719 0.00267735300414 0.586734448932 1 1 1 1 1 1 1 1 1 1 1 1 1 1 1 1 1
800 9600 -0.674647160403 -0.00830704255989 0.000107977992995 0.596363511428 1 1 1 1 1 1 1 1 1 1 1 1 1 1 1 1 1
801 9612 -0.664964042945 -0.00137704279697 0.00726053205626 0.59614988123 1 1 1 1 1 1 1 1 1 1 1 1 1 1 1 1 1
802 9624 -0.66222894669 -0.00408322165893 0.00511683622583 0.60037171464 1 1 1 1 1 1 1 1 1 1 1 1 1 1 1 1 1
803 9636 -0.655364005541 -0.00730685748515 0.00379126068639 0.600558460255 1 1 1 1 1 1 1 1 1 1 1 1 1 1 1 1 1
804 9648 -0.652968352285 -0.00120979115615 0.00624362490456 0.614047122117 1 1 1 1 1 1 1 1 1 1 1 1 1 1 1 1 1
805 9660 -0.645600419363 -0.00249429515419 0.00242047093571 0.621948788806 1 1 1 1 1 1 1 1 1 1 1 1 1 1 1 1 1
806 9672 -0.644637389992 -0.000432885616309 0.00483748846847 0.616624959647 1 1 1 1 1 1 1 1 1 1 1 1 1 1 1 1 1
807 9684 -0.644269129143 -0.000642973779208 0.0351890747168 0.615885474393 1 1 1 1 1 1 1 1 1 1 1 1 1 1 1 1 1
808 9696 -0.659971734975 -0.00028070124302 0.00425040249749 0.604816125503 1 1 1 1 1 1 1 1 1 1 1 1 1 1 1 1 1
809 9708 -0.662883724358 -0.0132104217778 8.54024830779e-05 0.616575267522 1 1 1 1 1 1 1 1 1 1 1 1 1 1 1 1 1
810 9720 -0.665478517046 -0.00380903933088 0.00353237681559 0.613188928292 1 1 1 1 1 1 1 1 1 1 1 1 1 1 1 1 1
811 9732 -0.669058708846 -0.00192216767207 0.0101038852423 0.612250292242 1 1 1 1 1 1 1 1 1 1 1 1 1 1 1 1 1
812 9744 -0.657871216031 -0.00100983098611 0.000798870473324 0.6105871107 1 1 1 1 1 1 1 1 1 1 1 1 1 1 1 1 1
813 9756 -0.657348126678 -0.00360618724885 0.00214196223518 0.614544326176 1 1 1 1 1 1 1 1 1 1 1 1 1 1 1 1 1
814 9768 -0.654367520647 -0.000223355457494 0.00993561912102 0.614609405211 1 1 1 1 1 1 1 1 1 1 1 1 1 1 1 1 1
815 9780 -0.649010536778 -0.00217588057122 0.00041864312237 0.610432904494 1 1 1 1 1 1 1 1 1 1 1 1 1 1 1 1 1
816 9792 -0.656706774601 -0.00676022602129 0.00780781513436 0.600537603887 1 1 1 1 1 1 1 1 1 1 1 1 1 1 1 1 1
817 9804 -0.661765257687 -0.00109807372846 0.000910690025093 0.59822677834 1 1 1 1 1 1 1 1 1 1 1 1 1 1 1 1 1
818 9816 -0.672055227658 -0.00369526017972 0.00948581183591 0.610979978778 1 1 1 1 1 1 1 1 1 1 1 1 1 1 1 1 1
819 9828 -0.67675310165 -0.000704166315082 0.00906046120552 0.618631847445 1 1 1 1 1 1 1 1 1 1 1 1 1 1 1 1 1
820 9840 -0.673984489284 -0.00177203592667 0.00665302720696 0.618658310519 1 1 1 1 1 1 1 1 1 1 1 1 1 1 1 1 1
821 9852 -0.670776412437 -0.00505253176569 0.00680174279467 0.625751489969 1 1 1 1 1 1 1 1 1 1 1 1 1 1 1 1 1
822 9864 -0.673288338522 -0.00364124673209 0.00427229642427 0.6269703647 1 1 1 1 1 1 1 1 1 1 1 1 1 1 1 1 1
823 9876 -0.684079287202 -0.0134866708056 0.00129055923462 0.618846161837 1 1 1 1 1 1 1 1 1 1 1 1 1 1 1 1 1
824 9888 -0.681380765207 -0.0116254925554 0.00352542321186 0.617107424763 1 1 1 1 1 1 1 1 1 1 1 1 1 1 1 1 1
825 9900 -0.678140597758 -0.00300418435295 0.00548677982992 0.615113678579 1 1 1 1 1 1 1 1 1 1 1 1 1 1 1 1 1
826 9912 -0.679110128225 -0.000473457195605 0.00465853211042 0.608157868711 1 1 1 1 1 1 1 1 1 1 1 1 1 1 1 1 1
827 9924 -0.678738179399 -0.00518378932125 0.00953001743341 0.619657285795 1 1 1 1 1 1 1 1 1 1 1 1 1 1 1 1 1
828 9936 -0.692229731076 -0.00200024079538 0.00333112935013 0.627360111258 1 1 1 1 1 1 1 1 1 1 1 1 1 1 1 1 1
829 9948 -0.700716823946 -0.00172762805868 0.0171653319299 0.631064079305 1 1 1 1 1 1 1 1 1 1 1 1 1 1 1 1 1
830 9960 -0.698955299144 -0.00128181831094 0.000212133940036 0.636061280575 1 1 1 1 1 1 1 1 1 1 1 1 1 1 1 1 1
831 9972 -0.698114356906 -0.00616420859073 0.00215582365121 0.645304065453 1 1 1 1 1 1 1 1 1 1 1 1 1 1 1 1 1
832 9984 -0.693623831973 -0.000596581296496 0.00719247449004 0.63900966657 1 1 1 1 1 1 1 1 1 1 1 1 1 1 1 1 1
833 9996 -0.691887428259 -0.000921271741755 0.000160656676069 0.642417088366 1 1 1 1 1 1 1 1 1 1 1 1 1 1 1 1 1
834 10008 -0.690075277227 -0.00489528614152 0.00192057142845 0.641381300104 1 1 1 1 1 1 1 1 1 1 1 1 1 1 1 1 1
835 10020 -0.690555399704 -0.0159007260868 1.36823295626e-05 0.634751623631 1 1 1 1 1 1 1 1 1 1 1 1 1 1 1 1 1
836 10032 -0.683518414974 -0.0109364937514 0.0158859425834 0.63018680135 1 1 1 1 1 1 1 1 1 1 1 1 1 1 1 1 1
837 10044 -0.698151181931 -0.0145442800281 0.00545353355577 0.632313262595 1 1 1 1 1 1 1 1 1 1 1 1 1 1 1 1 1
838 10056 -0.699391687994 -0.0109466328085 0.00838442323152 0.630089653143 1 1 1 1 1 1 1 1 1 1 1 1 1 1 1 1 1
839 10068 -0.700088789532 -0.020071396288 0.000734591173103 0.620436139443 1 1 1 1 1 1 1 1 1 1 1 1 1 1 1 1 1
840 10080 -0.699284985507 -0.0158240767022 0.00846383940342 0.618757825961 1 1 1 1 1 1 1 1 1 1 1 1 1 1 1 1 1
841 10092 -0.700083538268 -0.00924693498078 0.00750349292143 0.617859195474 1 1 1 1 1 1 1 1 1 1 1 1 1 1 1 1 1
842 10104 -0.709093131856 -0.00341582315503 0.0110292765628 0.616241597273 1 1 1 1 1 1 1 1 1 1 1 1 1 1 1 1 1
843 10116 -0.706271282483 -0.0016503997065 0.00357925828939 0.617453229828 1 1 1 1 1 1 1 1 1 1 1 1 1 1 1 1 1
844 10128 -0.711796856678 -0.0122017067061 0.0039022122034 0.61612277983 1 1 1 1 1 1 1 1 1 1 1 1 1 1 1 1 1
845 10140 -0.712214734192 -2.81443035856e-05 0.0102616062192 0.624936683331 1 1 1 1 1 1 1 1 1 1 1 1 1 1 1 1 1
846 10152 -0.710238151157 -0.00719091165287 0.01343033555 0.616063776541 1 1 1 1 1 1 1 1 1 1 1 1 1 1 1 1 1
847 10164 -0.705854490265 -0.00634531656195 0.00461254393157 0.622717474432 1 1 1 1 1 1 1 1 1 1 1 1 1 1 1 1 1
848 10176 -0.707050467016 -0.00642505587902 0.0111229786925 0.618709643915 1 1 1 1 1 1 1 1 1 1 1 1 1 1 1 1 1
849 10188 -0.708202575643 -0.00834795488938 0.0180864868369 0.619047690706 1 1 1 1 1 1 1 1 1 1 1 1 1 1 1 1 1
850 10200 -0.705208008262 -0.0103919317161 0.0033172940333 0.610065703365 1 1 1 1 1 1 1 1 1 1 1 1 1 1 1 1 1
851 10212 -0.710208902769 -0.00644990911576 0.0122217128224 0.614702973024 1 1 1 1 1 1 1 1 1 1 1 1 1 1 1 1 1
852 10224 -0.709163508054 -0.00450921919813 0.00134094467002 0.613688053179 1 1 1 1 1 1 1 1 1 1 1 1 1 1 1 1 1
853 10236 -0.705720254894 -0.0130985387142 0.00588370660455 0.643914720484 1 1 1 1 1 1 1 1 1 1 1 1 1 1 1 1 1
854 10248 -0.702499204567 -0.000995065072354 0.00811915455581 0.652210751656 1 1 1 1 1 1 1 1 1 1 1 1 1 1 1 1 1
855 10260 -0.702931059624 -0.00335144465683 0.00736046292173 0.653137000696 1 1 1 1 1 1 1 1 1 1 1 1 1 1 1 1 1
856 10272 -0.703503218613 -0.00696182352809 0.000400746068161 0.659605383976 1 1 1 1 1 1 1 1 1 1 1 1 1 1 1 1 1
857 10284 -0.692919162048 -0.000758754344205 0.00120186694512 0.659307124213 1 1 1 1 1 1 1 1 1 1 1 1 1 1 1 1 1
858 10296 -0.682623784806 -0.00415363335445 0.00251127681568 0.665286113165 1 1 1 1 1 1 1 1 1 1 1 1 1 1 1 1 1
859 10308 -0.680823141807 -0.000891754962872 0.00782524065485 0.665025283016 1 1 1 1 1 1 1 1 1 1 1 1 1 1 1 1 1
860 10320 -0.697985189721 -0.0084627308335 0.00137316844104 0.665710361329 1 1 1 1 1 1 1 1 1 1 1 1 1 1 1 1 1
861 10332 -0.699966814779 -0.00464392477267 0.000173922668243 0.671088113805 1 1 1 1 1 1 1 1 1 1 1 1 1 1 1 1 1
862 10344 -0.698751459691 -0.000259981858394 0.0144405470935 0.667213010293 1 1 1 1 1 1 1 1 1 1 1 1 1 1 1 1 1
863 10356 -0.69407204549 -0.00249086425596 0.0139439759916 0.66009570021 1 1 1 1 1 1 1 1 1 1 1 1 1 1 1 1 1
864 10368 -0.699261492345 -0.0131111212099 0.00529774096408 0.67296041445 1 1 1 1 1 1 1 1 1 1 1 1 1 1 1 1 1
865 10380 -0.706914273391 -0.000848303354193 0.00799780777453 0.669675653368 1 1 1 1 1 1 1 1 1 1 1 1 1 1 1 1 1
866 10392 -0.713035684894 -0.0148045436615 0.00610119083196 0.660308805712 1 1 1 1 1 1 1 1 1 1 1 1 1 1 1 1 1
867 10404 -0.714958924202 -0.000992695062987 0.00124667016892 0.65071684173 1 1 1 1 1 1 1 1 1 1 1 1 1 1 1 1 1
868 10416 -0.712432586261 -0.00437464300426 0.00333287469729 0.645285175674 1 1 1 1 1 1 1 1 1 1 1 1 1 1 1 1 1
869 10428 -0.717935530071 -0.00497343222372 0.00714116137774 0.667751178211 1 1 1 1 1 1 1 1 1 1 1 1 1 1 1 1 1
870 10440 -0.712220949941 -0.00499434414745 0.000143630898136 0.668166984832 1 1 1 1 1 1 1 1 1 1 1 1 1 1 1 1 1
