% # columns="iteration, evaluation, sigma, axis ratio, bestever, best, median, worst objective function value, further objective values of best", seed=17, Thu Aug 16 04:37:35 2018, <python>{}</python>
1 12 1.91575070224 1.00004705993 0.10922533333333334 1.0922533333333334e-01 1.0 1.0   
2 24 1.85572716216 1.1358532044 0.10922533333333334 4.0960599999999997e-01 0.665934 1.0   
3 36 1.82622112157 1.15476767573 0.10922533333333334 1.9983200000000001e-01 0.564445333333 1.0   
4 48 1.86050546674 1.17847894863 -1.6890593333333332 -1.6890593333333332e+00 0.507424666667 1.0   
5 60 1.91684156904 1.18900029362 -3.948857933333333 -3.9488579333333331e+00 0.485015333333 1.0   
6 72 1.93387563436 1.27611160287 -3.948857933333333 -3.1017600000000001e+00 0.502888 1.0   
7 84 2.02200293686 1.30786867562 -3.948857933333333 -3.7899959999999999e+00 0.492304 0.84264   
8 96 2.04562709104 1.39100192212 -5.1938933333333335 -5.1938933333333335e+00 0.34962 0.574304   
9 108 2.06859849306 1.43529527489 -5.1938933333333335 -3.6046466666666666e+00 0.45899 1.0   
10 120 2.04053708828 1.46126895769 -5.1938933333333335 -3.9188346666666667e+00 0.461146666667 1.0   
11 132 1.96410171967 1.50119467971 -5.1938933333333335 -3.4503306666666669e+00 0.465614666667 1.0   
12 144 1.9152569415 1.47890932635 -8.1965 -8.1965000000000003e+00 -1.0 0.477412   
13 156 1.88857912278 1.51749197629 -8.1965 -8.1731666666666669e+00 -1.70021066667 1.0   
14 168 1.76842030905 1.49818977569 -8.1965 -3.6144766666666666e+00 0.406855333333 1.0   
15 180 1.65697060691 1.48320907215 -8.239833333333333 -8.2398333333333333e+00 0.376946666667 1.0   
16 192 1.64257239328 1.4869975031 -8.239833333333333 -8.2364999999999995e+00 -3.21209333333 0.526629333333   
17 204 1.61441183276 1.49068595674 -8.239833333333333 -8.0265000000000004e+00 -1.394942 0.551214   
18 216 1.59594566626 1.49254990136 -8.416666666666666 -8.4166666666666661e+00 -1.33890866667 0.470129333333   
19 228 1.63309039463 1.522359896 -8.416666666666666 -8.3333333333333339e+00 -1.85228733333 0.504236666667   
20 240 1.58884722119 1.5782070518 -8.416666666666666 -8.3366666666666660e+00 -3.81320666667 0.563358666667   
21 252 1.5673547371 1.59622853095 -8.416666666666666 -8.1498333333333335e+00 -3.10596666667 0.288584   
22 264 1.51090032962 1.60482849113 -8.416666666666666 -8.2298333333333336e+00 -1.81887933333 0.479061333333   
23 276 1.42909329903 1.60137370963 -8.416666666666666 -8.3566666666666674e+00 0.191367333333 0.417057333333   
24 288 1.35661461331 1.61034619835 -8.416666666666666 -8.3233333333333341e+00 -1.536418 0.660846666667   
25 300 1.33497629945 1.6269969971 -8.416666666666666 -8.1231666666666662e+00 -3.53866733333 0.547091333333   
26 312 1.32848000762 1.61763288707 -8.416666666666666 -8.2598333333333329e+00 -5.31626666667 -1.45444466667   
27 324 1.34735139942 1.64473215299 -8.416666666666666 -8.0864999999999991e+00 -3.42899333333 -1.81197466667   
28 336 1.3129519008 1.68620853911 -8.416666666666666 -8.1931666666666665e+00 -3.83258933333 -1.85008133333   
29 348 1.30512338303 1.72647631387 -8.416666666666666 -8.3499999999999996e+00 -8.05316666667 0.611586   
30 360 1.28451338224 1.75661488598 -8.416666666666666 -8.3533333333333335e+00 -3.55424933333 1.0   
31 372 1.29324960288 1.7742701241 -8.416666666666666 -8.2298333333333336e+00 -3.91646133333 0.113752666667   
32 384 1.28828389511 1.81019783367 -8.416666666666666 -8.1664999999999992e+00 -1.551332 0.495658   
33 396 1.25333009976 1.83463631183 -8.416666666666666 -8.2765000000000004e+00 0.4538 1.0   
34 408 1.24594183728 1.84100976575 -8.416666666666666 -8.1698333333333331e+00 -3.21266 0.59599   
35 420 1.19782315673 1.86279976242 -8.416666666666666 -8.4066666666666663e+00 -3.0 0.436555333333   
36 432 1.16109196602 1.8449375514 -8.416666666666666 -8.2164999999999999e+00 -3.27695333333 1.0   
37 444 1.13806021144 1.87111600378 -8.416666666666666 -8.3399999999999999e+00 -3.20893333333 0.658041333333   
38 456 1.12172521349 1.88089504532 -8.416666666666666 -8.2665000000000006e+00 -5.42794066667 0.0888753333333   
39 468 1.12389942236 1.92637927234 -8.416666666666666 -8.3000000000000007e+00 -5.0 0.144773333333   
40 480 1.10999417213 1.95560772023 -8.416666666666666 -8.3466666666666676e+00 -8.13316666667 0.799233333333   
41 492 1.10536531873 1.9469214432 -8.416666666666666 -8.3766666666666669e+00 -5.73571133333 -1.64382466667   
42 504 1.10464093489 1.96980765329 -8.416666666666666 -8.3333333333333339e+00 -5.60268466667 0.460564   
43 516 1.05782451584 2.00849755058 -8.416666666666666 -8.3633333333333333e+00 -5.93986466667 0.6762   
44 528 1.03072859896 2.01001417208 -8.453333333333333 -8.4533333333333331e+00 -3.77259 0.511589333333   
45 540 1.03002241073 2.0462381264 -8.453333333333333 -8.4266666666666659e+00 -8.28316666667 0.565478666667   
46 552 1.00476388148 2.0280806104 -8.453333333333333 -8.3499999999999996e+00 -5.71860066667 1.0   
47 564 1.00618062775 2.05065226417 -8.463333333333333 -8.4633333333333329e+00 -8.04316666667 0.208642   
48 576 1.00542053992 2.07539915345 -8.51 -8.5099999999999998e+00 -5.26364 0.546478666667   
49 588 1.00955130647 2.08605484143 -8.51 -8.4633333333333329e+00 -8.10983333333 0.398576   
50 600 0.969551799651 2.11950728732 -8.51 -8.4566666666666670e+00 -8.06983333333 0.318223333333   
51 612 0.946753704444 2.12077421155 -8.51 -8.4466666666666672e+00 -8.27316666667 0.310036666667   
52 624 0.968435535919 2.1306180485 -8.51 -8.4066666666666663e+00 -8.2465 0.152406666667   
53 636 0.964805140566 2.12044289053 -8.51 -8.4000000000000004e+00 -8.19316666667 0.689506666667   
54 648 0.934212394182 2.13611925758 -8.51 -8.4266666666666659e+00 -8.18316666667 0.500895333333   
55 660 0.936824395079 2.14223220292 -8.51 -8.4066666666666663e+00 -8.26983333333 0.430001333333   
56 672 0.956105416404 2.17411562838 -8.51 -8.4299999999999997e+00 -8.22316666667 0.457000666667   
57 684 0.991096229464 2.18166319387 -8.51 -8.4333333333333336e+00 -8.16316666667 0.464293333333   
58 696 1.02232320983 2.23201040171 -8.543333333333333 -8.5433333333333330e+00 -8.35 0.194078666667   
59 708 0.985135050686 2.20693925596 -8.543333333333333 -8.4966666666666661e+00 -1.72148666667 0.96776   
60 720 0.997086702974 2.20901475182 -8.543333333333333 -8.4499999999999993e+00 -8.32666666667 0.948566666667   
61 732 1.009200777 2.25213455877 -8.543333333333333 -8.4066666666666663e+00 -5.52453266667 0.45279   
62 744 1.00763122514 2.25577679405 -8.543333333333333 -8.4700000000000006e+00 -8.25983333333 0.88914   
63 756 0.974872902857 2.28065331582 -8.543333333333333 -8.4433333333333334e+00 -8.2765 1.0   
64 768 0.928905093721 2.32914641476 -8.543333333333333 -8.4766666666666666e+00 -5.24534666667 0.427784   
65 780 0.865072086859 2.38272751729 -8.543333333333333 -8.5199999999999996e+00 -8.24983333333 0.569812666667   
66 792 0.829893519348 2.42309398861 -8.543333333333333 -8.4733333333333327e+00 -8.39 0.571242   
67 804 0.8033897437 2.45048628141 -8.543333333333333 -8.5199999999999996e+00 -8.30333333333 0.703553333333   
68 816 0.768803715698 2.50376468054 -8.553333333333333 -8.5533333333333328e+00 -5.15799333333 0.528578   
69 828 0.791070733092 2.48589540895 -8.553333333333333 -8.5133333333333336e+00 -8.38 0.598654666667   
70 840 0.778504366375 2.52289844783 -8.553333333333333 -8.5299999999999994e+00 -8.32 0.625438   
71 852 0.777051579095 2.53620574874 -8.553333333333333 -8.5166666666666675e+00 -8.27316666667 -1.59669866667   
72 864 0.755816759277 2.54838710727 -8.553333333333333 -8.5099999999999998e+00 -8.40666666667 0.445894666667   
73 876 0.76294636926 2.55448440585 -8.553333333333333 -8.5433333333333330e+00 -8.41 -5.20763333333   
74 888 0.789493137029 2.56758280602 -8.553333333333333 -8.4833333333333325e+00 -8.33 -3.92134466667   
75 900 0.824160608511 2.60703529016 -8.553333333333333 -8.5066666666666659e+00 -8.34 0.536019333333   
76 912 0.828869437444 2.65781289802 -8.553333333333333 -8.5233333333333334e+00 -8.35666666667 0.6981   
77 924 0.853213791739 2.69841176102 -8.553333333333333 -8.5299999999999994e+00 -8.37666666667 0.603109333333   
78 936 0.854824014811 2.74801154168 -8.553333333333333 -8.4866666666666664e+00 -8.0365 0.972006666667   
79 948 0.870156137878 2.79910659322 -8.553333333333333 -8.5333333333333332e+00 -8.36 -1.27188   
80 960 0.846974470889 2.81675066138 -8.553333333333333 -8.4900000000000002e+00 -8.34333333333 1.0   
81 972 0.771124932637 2.78878513115 -8.553333333333333 -8.5266666666666673e+00 -8.39666666667 -1.48857   
82 984 0.742391146658 2.76751999454 -8.553333333333333 -8.5066666666666659e+00 -8.33 1.0   
83 996 0.730579662829 2.80668787294 -8.553333333333333 -8.4933333333333341e+00 -8.27316666667 0.479957333333   
84 1008 0.729937756986 2.846139989 -8.553333333333333 -8.4566666666666670e+00 -8.3 0.278311333333   
85 1020 0.719962543432 2.91438572852 -8.553333333333333 -8.4866666666666664e+00 -8.31333333333 -8.02983333333   
86 1032 0.699047551349 2.90724740934 -8.553333333333333 -8.4866666666666664e+00 -8.42 0.106919333333   
87 1044 0.718793519257 2.93776115872 -8.553333333333333 -8.5466666666666669e+00 -8.39666666667 0.455354666667   
88 1056 0.746096934789 2.91400780622 -8.553333333333333 -8.5166666666666675e+00 -8.45666666667 -3.30222   
89 1068 0.748634922238 2.94476496597 -8.553333333333333 -8.4833333333333325e+00 -8.38333333333 -8.19983333333   
90 1080 0.719694045953 3.01469667842 -8.553333333333333 -8.5333333333333332e+00 -8.40666666667 -5.20562666667   
91 1092 0.708503994037 3.03329626312 -8.553333333333333 -8.5066666666666659e+00 -8.43666666667 -5.32528   
92 1104 0.716727680595 3.02945685663 -8.553333333333333 -8.5033333333333339e+00 -8.4 -1.70478933333   
93 1116 0.701046476318 3.05767612393 -8.576666666666666 -8.5766666666666662e+00 -8.42 -8.2365   
94 1128 0.656217513653 3.12894143843 -8.576666666666666 -8.5333333333333332e+00 -8.43 0.389655333333   
95 1140 0.632551376586 3.14629220261 -8.576666666666666 -8.5566666666666666e+00 -8.43 -1.27212666667   
96 1152 0.630203379165 3.1398664004 -8.576666666666666 -8.5433333333333330e+00 -8.41666666667 0.284270666667   
97 1164 0.632800438561 3.26076578011 -8.576666666666666 -8.5399999999999991e+00 -8.44333333333 -8.16316666667   
98 1176 0.634887290324 3.2696153718 -8.576666666666666 -8.5333333333333332e+00 -8.45 -5.73564933333   
99 1188 0.675805062073 3.38783147733 -8.576666666666666 -8.5333333333333332e+00 -8.44666666667 -8.39333333333   
100 1200 0.67644980637 3.42399667763 -8.576666666666666 -8.5166666666666675e+00 -8.37666666667 0.571885333333   
101 1212 0.665674626374 3.48562095717 -8.576666666666666 -8.5033333333333339e+00 -8.43 0.398401333333   
102 1224 0.652120079879 3.47643337139 -8.576666666666666 -8.5266666666666673e+00 -8.44666666667 -8.16316666667   
103 1236 0.666540370998 3.52392951563 -8.576666666666666 -8.5266666666666673e+00 -8.47666666667 -1.507506   
104 1248 0.650017818623 3.54016725521 -8.576666666666666 -8.5500000000000007e+00 -8.47666666667 -8.33333333333   
105 1260 0.630678766201 3.57323277751 -8.576666666666666 -8.5299999999999994e+00 -8.48 -8.35333333333   
106 1272 0.620016730817 3.65582725209 -8.576666666666666 -8.5533333333333328e+00 -8.45666666667 -8.31333333333   
107 1284 0.619580084114 3.64881030719 -8.576666666666666 -8.5666666666666664e+00 -8.43333333333 -8.0765   
108 1296 0.61980347427 3.61426464298 -8.576666666666666 -8.5700000000000003e+00 -8.43333333333 -8.21316666667   
109 1308 0.61254411945 3.59584435091 -8.576666666666666 -8.5600000000000005e+00 -8.42666666667 -1.59143466667   
110 1320 0.599650537086 3.60652439884 -8.576666666666666 -8.5399999999999991e+00 -8.39333333333 0.393951333333   
111 1332 0.613645881651 3.62702814773 -8.576666666666666 -8.5399999999999991e+00 -8.47333333333 -8.10983333333   
112 1344 0.611146803502 3.60761864218 -8.576666666666666 -8.5299999999999994e+00 -8.37333333333 -3.39922133333   
113 1356 0.62691777378 3.66165614105 -8.576666666666666 -8.5666666666666664e+00 -8.13316666667 0.254686   
114 1368 0.631504302557 3.70747201722 -8.576666666666666 -8.5533333333333328e+00 -8.41333333333 -3.906158   
115 1380 0.646116553339 3.74082294327 -8.576666666666666 -8.5366666666666671e+00 -8.48333333333 -8.38666666667   
116 1392 0.6602841067 3.7784267725 -8.576666666666666 -8.5466666666666669e+00 -8.41333333333 -8.38   
117 1404 0.673840376731 3.88261185538 -8.576666666666666 -8.5399999999999991e+00 -8.44666666667 -3.54482333333   
118 1416 0.716892090216 3.95873443758 -8.576666666666666 -8.5333333333333332e+00 -8.47333333333 -8.30333333333   
119 1428 0.762823639164 3.96680277486 -8.576666666666666 -8.5566666666666666e+00 -8.40666666667 -1.24641333333   
120 1440 0.748363748549 4.06690925543 -8.576666666666666 -8.5433333333333330e+00 -8.46666666667 -8.18983333333   
121 1452 0.714348578413 4.11932081767 -8.576666666666666 -8.5299999999999994e+00 -8.40666666667 -3.21472666667   
122 1464 0.674437558097 4.11557809781 -8.576666666666666 -8.5633333333333326e+00 -8.46666666667 0.501251333333   
123 1476 0.649724145852 4.18457821731 -8.576666666666666 -8.5233333333333334e+00 -8.47333333333 -8.20983333333   
124 1488 0.631369890249 4.27182351532 -8.576666666666666 -8.5199999999999996e+00 -8.46333333333 -8.34666666667   
125 1500 0.626483184726 4.30114207836 -8.576666666666666 -8.5266666666666673e+00 -8.48 -3.23265333333   
126 1512 0.658308852745 4.34418640128 -8.576666666666666 -8.5099999999999998e+00 -8.44666666667 -5.39416333333   
127 1524 0.679677743193 4.31952395643 -8.586666666666666 -8.5866666666666660e+00 -8.41333333333 -8.1265   
128 1536 0.687871963155 4.32388328219 -8.586666666666666 -8.5333333333333332e+00 -8.48333333333 -5.91040066667   
129 1548 0.685984790575 4.3722978886 -8.586666666666666 -8.5266666666666673e+00 -8.47 -8.19983333333   
130 1560 0.660007917463 4.40729811507 -8.586666666666666 -8.5566666666666666e+00 -8.44333333333 -8.31333333333   
131 1572 0.62795762672 4.43952746172 -8.586666666666666 -8.5333333333333332e+00 -8.40333333333 -5.36825933333   
132 1584 0.609578068702 4.47331058552 -8.586666666666666 -8.5233333333333334e+00 -8.4 -5.46094333333   
133 1596 0.588184752422 4.53405781463 -8.586666666666666 -8.5600000000000005e+00 -8.47333333333 -8.21316666667   
134 1608 0.590743501312 4.48255380487 -8.586666666666666 -8.5333333333333332e+00 -8.39666666667 -8.0   
135 1620 0.597181551324 4.55802676898 -8.586666666666666 -8.5399999999999991e+00 -8.48666666667 -8.26983333333   
136 1632 0.610425482324 4.60560640813 -8.586666666666666 -8.5666666666666664e+00 -8.48333333333 -8.36333333333   
137 1644 0.601834299143 4.64084635498 -8.586666666666666 -8.5299999999999994e+00 -8.48 -8.03983333333   
138 1656 0.623401039309 4.66109072474 -8.586666666666666 -8.5800000000000001e+00 -8.48333333333 -8.36333333333   
139 1668 0.631227897472 4.6601525704 -8.586666666666666 -8.5733333333333341e+00 -8.48333333333 -8.24316666667   
140 1680 0.646750701613 4.66762674004 -8.586666666666666 -8.5633333333333326e+00 -8.46 -8.24316666667   
141 1692 0.65197887979 4.57592076405 -8.586666666666666 -8.5133333333333336e+00 -8.36666666667 0.329048   
142 1704 0.631781417112 4.63621173232 -8.586666666666666 -8.5533333333333328e+00 -8.44333333333 -1.68730466667   
143 1716 0.634662355456 4.62353539247 -8.586666666666666 -8.5433333333333330e+00 -8.48 -8.02983333333   
144 1728 0.642048135393 4.65385968474 -8.586666666666666 -8.5399999999999991e+00 -8.39333333333 -3.518456   
145 1740 0.64946534111 4.8045336084 -8.586666666666666 -8.5333333333333332e+00 -8.46 -8.1965   
146 1752 0.689134768226 5.0126845442 -8.586666666666666 -8.5600000000000005e+00 -8.45333333333 -8.36666666667   
147 1764 0.731174692293 5.11968882737 -8.586666666666666 -8.5366666666666671e+00 -8.44666666667 -8.12316666667   
148 1776 0.749654978559 5.13410944062 -8.586666666666666 -8.5666666666666664e+00 -8.50666666667 1.0   
149 1788 0.777463179088 5.19075229618 -8.586666666666666 -8.5199999999999996e+00 -8.44666666667 -8.28316666667   
150 1800 0.779395702726 5.25136242507 -8.586666666666666 -8.5500000000000007e+00 -8.48 -8.29   
151 1812 0.737465976069 5.24458024024 -8.586666666666666 -8.5500000000000007e+00 -8.43333333333 -5.77025933333   
152 1824 0.708059748326 5.36647365641 -8.586666666666666 -8.5533333333333328e+00 -8.42 -8.18316666667   
153 1836 0.69292407126 5.30911004073 -8.586666666666666 -8.5266666666666673e+00 -8.42 -8.13316666667   
154 1848 0.654378120362 5.28861881745 -8.586666666666666 -8.5399999999999991e+00 -8.45333333333 -8.16983333333   
155 1860 0.646026900417 5.23450614853 -8.586666666666666 -8.5666666666666664e+00 -8.43333333333 -8.2365   
156 1872 0.623543234425 5.21368400153 -8.586666666666666 -8.5600000000000005e+00 -8.10983333333 -1.47167133333   
157 1884 0.608240825159 5.27591238092 -8.586666666666666 -8.5533333333333328e+00 -8.48666666667 -8.24316666667   
158 1896 0.603554816947 5.34245995162 -8.586666666666666 -8.5566666666666666e+00 -8.46 -8.38666666667   
159 1908 0.582359330397 5.3776502578 -8.586666666666666 -8.5533333333333328e+00 -8.5 -8.42666666667   
160 1920 0.581756523891 5.37406819063 -8.586666666666666 -8.5466666666666669e+00 -8.48333333333 -8.11983333333   
161 1932 0.568529906702 5.47635046288 -8.586666666666666 -8.5533333333333328e+00 -8.40333333333 -3.0   
162 1944 0.577669873598 5.44860105043 -8.586666666666666 -8.5333333333333332e+00 -8.47 -8.12983333333   
163 1956 0.580127886534 5.41898962401 -8.586666666666666 -8.5333333333333332e+00 -8.45666666667 -5.17464   
164 1968 0.594333754539 5.50674391372 -8.586666666666666 -8.5466666666666669e+00 -8.48 -8.2865   
165 1980 0.590408698781 5.53591372217 -8.586666666666666 -8.5800000000000001e+00 -8.49666666667 -8.36   
166 1992 0.611873270454 5.69482302324 -8.586666666666666 -8.5566666666666666e+00 -8.47 0.561084   
167 2004 0.645085902979 5.77182332687 -8.586666666666666 -8.5299999999999994e+00 -5.18503333333 0.619944666667   
168 2016 0.655831014436 5.97744203943 -8.586666666666666 -8.5600000000000005e+00 -8.50333333333 -1.35415   
169 2028 0.647679253599 5.93385873553 -8.586666666666666 -8.5533333333333328e+00 -8.38333333333 0.639177333333   
170 2040 0.662432840875 5.91429209562 -8.586666666666666 -8.5633333333333326e+00 -8.38 0.751126666667   
171 2052 0.688349500527 5.89238806946 -8.586666666666666 -8.5299999999999994e+00 -8.40666666667 -5.686908   
172 2064 0.715636508171 5.86796978863 -8.593333333333334 -8.5933333333333337e+00 -8.45666666667 -5.61090066667   
173 2076 0.690219223957 5.94268369216 -8.593333333333334 -8.5433333333333330e+00 -8.48 -3.27273333333   
174 2088 0.643961279857 5.90911844657 -8.593333333333334 -8.5566666666666666e+00 -8.45333333333 0.099838   
175 2100 0.621040977607 5.97263427052 -8.593333333333334 -8.5466666666666669e+00 -8.44333333333 -8.0165   
176 2112 0.628019307961 6.12766321698 -8.593333333333334 -8.5199999999999996e+00 -8.49 -8.2365   
177 2124 0.621419412777 6.14120284364 -8.593333333333334 -8.5433333333333330e+00 -8.42 -3.76693733333   
178 2136 0.595630285159 6.14712093368 -8.593333333333334 -8.5733333333333341e+00 -8.43666666667 -8.1765   
179 2148 0.584264145906 6.16454623621 -8.593333333333334 -8.5366666666666671e+00 -8.45333333333 -8.15316666667   
180 2160 0.601417918611 6.1381245234 -8.593333333333334 -8.5199999999999996e+00 -8.44333333333 0.58805   
181 2172 0.588274817933 6.15697964548 -8.593333333333334 -8.4933333333333341e+00 -8.47333333333 -5.31531333333   
182 2184 0.556035371419 6.11632045429 -8.593333333333334 -8.5600000000000005e+00 -8.46666666667 -8.1365   
183 2196 0.502734405101 6.08283236482 -8.593333333333334 -8.5466666666666669e+00 -8.46 -5.17474666667   
184 2208 0.480017495462 6.16400468982 -8.593333333333334 -8.5266666666666673e+00 -8.46666666667 -8.35333333333   
185 2220 0.472343315571 6.19743219287 -8.593333333333334 -8.5566666666666666e+00 -8.49333333333 -8.33666666667   
186 2232 0.449077121149 6.13229864128 -8.593333333333334 -8.5600000000000005e+00 -8.48666666667 -8.11316666667   
187 2244 0.445933799224 6.24750797519 -8.593333333333334 -8.5566666666666666e+00 -8.47 -8.43333333333   
188 2256 0.440045040531 6.29565243651 -8.593333333333334 -8.5600000000000005e+00 -8.38666666667 0.117985333333   
189 2268 0.419417951704 6.26013562623 -8.593333333333334 -8.5433333333333330e+00 -8.48666666667 0.099088   
190 2280 0.403564499796 6.29887228291 -8.593333333333334 -8.5633333333333326e+00 -8.49666666667 -8.39333333333   
191 2292 0.379123126101 6.42883459067 -8.593333333333334 -8.5566666666666666e+00 -8.47333333333 0.278552   
192 2304 0.349779811442 6.47721388635 -8.593333333333334 -8.5666666666666664e+00 -8.51666666667 -8.43333333333   
193 2316 0.333205682647 6.55401111817 -8.593333333333334 -8.5633333333333326e+00 -8.47666666667 -1.69330933333   
194 2328 0.340601513467 6.75771651854 -8.593333333333334 -8.5366666666666671e+00 -8.46 -5.68585066667   
195 2340 0.323114567302 7.01706432993 -8.593333333333334 -8.5566666666666666e+00 -8.48 -8.42666666667   
196 2352 0.313661964263 7.03661358225 -8.593333333333334 -8.5533333333333328e+00 -8.49333333333 -8.45666666667   
197 2364 0.311939028261 7.11366420967 -8.593333333333334 -8.5800000000000001e+00 -8.48 -8.43333333333   
198 2376 0.313945936054 7.22270075354 -8.593333333333334 -8.5600000000000005e+00 -8.47666666667 -3.0   
199 2388 0.323155713083 7.32462507721 -8.593333333333334 -8.5666666666666664e+00 -8.49333333333 -1.35785933333   
200 2400 0.327126856926 7.33483183312 -8.593333333333334 -8.5500000000000007e+00 -8.47333333333 -8.31666666667   
201 2412 0.320467547472 7.29962481788 -8.593333333333334 -8.5533333333333328e+00 -8.47666666667 -8.38   
202 2424 0.315439739297 7.45580475444 -8.593333333333334 -8.5366666666666671e+00 -8.45666666667 -8.2665   
203 2436 0.301110498395 7.60060034265 -8.593333333333334 -8.5566666666666666e+00 -8.49666666667 -8.30333333333   
204 2448 0.302917917786 7.68635244768 -8.593333333333334 -8.5433333333333330e+00 -8.48 -1.43056666667   
205 2460 0.305754237712 7.60845862873 -8.593333333333334 -8.5766666666666662e+00 -8.5 -8.1165   
206 2472 0.307206992722 7.42723392551 -8.593333333333334 -8.5500000000000007e+00 -8.48333333333 -8.41   
207 2484 0.312118696323 7.58946221979 -8.593333333333334 -8.5733333333333341e+00 -8.49 -8.19983333333   
208 2496 0.313628207687 7.72268528395 -8.593333333333334 -8.5399999999999991e+00 -8.48 -1.54959   
209 2508 0.316578133183 7.67637149417 -8.593333333333334 -8.5366666666666671e+00 -8.49 -5.68194333333   
210 2520 0.31949329435 7.64916489479 -8.593333333333334 -8.5566666666666666e+00 -8.52333333333 -3.425708   
211 2532 0.323695541555 7.66201121386 -8.593333333333334 -8.5399999999999991e+00 -8.43666666667 0.13577   
212 2544 0.328155150872 7.48952876036 -8.593333333333334 -8.5500000000000007e+00 -8.46 -5.40352266667   
213 2556 0.332393021193 7.43774132944 -8.593333333333334 -8.5566666666666666e+00 -8.48 -1.91607933333   
214 2568 0.334176180419 7.50413691926 -8.593333333333334 -8.5533333333333328e+00 -8.49 -8.35666666667   
215 2580 0.341003537787 7.4604642124 -8.593333333333334 -8.5733333333333341e+00 -8.42333333333 -5.54263266667   
216 2592 0.347511847364 7.36871697536 -8.593333333333334 -8.5533333333333328e+00 -8.48333333333 -8.38333333333   
217 2604 0.348460700886 7.26234416127 -8.593333333333334 -8.5399999999999991e+00 -8.42666666667 0.337455333333   
218 2616 0.348267028611 7.2832374534 -8.593333333333334 -8.5600000000000005e+00 -8.48 -8.34   
219 2628 0.350961168065 7.37867277159 -8.593333333333334 -8.5733333333333341e+00 -8.5 -3.720938   
220 2640 0.350944965312 7.29515742647 -8.596666666666666 -8.5966666666666658e+00 -8.46 -8.16316666667   
221 2652 0.353247609524 7.21579018223 -8.596666666666666 -8.5666666666666664e+00 -8.44333333333 0.150156666667   
222 2664 0.354725911592 7.15891154215 -8.596666666666666 -8.5833333333333339e+00 -8.48333333333 -8.41333333333   
223 2676 0.354272645554 7.11035976514 -8.596666666666666 -8.5666666666666664e+00 -8.52 -8.38666666667   
224 2688 0.353381374048 7.08425009371 -8.596666666666666 -8.5566666666666666e+00 -8.46 -8.13316666667   
225 2700 0.354642115803 7.19346918538 -8.596666666666666 -8.5833333333333339e+00 -8.47333333333 -8.29   
226 2712 0.353121154265 7.23863117605 -8.596666666666666 -8.5533333333333328e+00 -8.48 -8.37666666667   
227 2724 0.357636440626 7.22458665374 -8.596666666666666 -8.5299999999999994e+00 -8.47333333333 -8.12316666667   
228 2736 0.361206727503 7.29273048727 -8.596666666666666 -8.5466666666666669e+00 -8.47 -8.13983333333   
229 2748 0.355662244732 7.25715382367 -8.596666666666666 -8.5333333333333332e+00 -8.50333333333 -8.35333333333   
230 2760 0.355925654407 7.33114404002 -8.596666666666666 -8.5633333333333326e+00 -8.48333333333 -8.19316666667   
231 2772 0.363949606902 7.41117144759 -8.596666666666666 -8.5600000000000005e+00 -8.45 -8.35333333333   
232 2784 0.371823140255 7.62909911148 -8.596666666666666 -8.5600000000000005e+00 -8.5 -8.39333333333   
233 2796 0.376546259615 7.67611874722 -8.596666666666666 -8.5766666666666662e+00 -8.47 -8.00316666667   
234 2808 0.381090826742 7.79381912848 -8.596666666666666 -8.5399999999999991e+00 -8.40333333333 -8.24983333333   
235 2820 0.384080236982 7.84835072355 -8.596666666666666 -8.5366666666666671e+00 -8.44 -5.05932666667   
236 2832 0.37485030285 7.74444662254 -8.596666666666666 -8.5600000000000005e+00 -8.48666666667 -8.39   
237 2844 0.37287816123 7.7785600368 -8.596666666666666 -8.5366666666666671e+00 -8.47333333333 -8.41   
238 2856 0.369576522983 7.86048791135 -8.596666666666666 -8.5733333333333341e+00 -8.47666666667 0.584359333333   
239 2868 0.370307949762 8.01209271414 -8.596666666666666 -8.5466666666666669e+00 -8.48 -8.33   
240 2880 0.361397159376 8.07741069113 -8.596666666666666 -8.5500000000000007e+00 -8.47666666667 -8.27316666667   
241 2892 0.360010868278 8.0371613811 -8.596666666666666 -8.5433333333333330e+00 -8.50333333333 -8.46666666667   
242 2904 0.359463826805 8.13408453323 -8.596666666666666 -8.5500000000000007e+00 -8.5 -5.804614   
243 2916 0.368049979938 8.17125853079 -8.596666666666666 -8.5466666666666669e+00 -8.49 -8.39666666667   
244 2928 0.369121223198 8.06570271452 -8.596666666666666 -8.5299999999999994e+00 -8.46666666667 -8.2265   
245 2940 0.368451485396 7.94488087993 -8.596666666666666 -8.5399999999999991e+00 -8.51333333333 -8.28316666667   
246 2952 0.366881599644 8.15401912404 -8.596666666666666 -8.5466666666666669e+00 -8.47666666667 -8.25983333333   
247 2964 0.366876851291 8.18703920114 -8.596666666666666 -8.5533333333333328e+00 -8.49 -8.47   
248 2976 0.366874462663 8.13674449963 -8.596666666666666 -8.5299999999999994e+00 -8.40666666667 -5.47303666667   
249 2988 0.377653587115 8.09277110407 -8.596666666666666 -8.5466666666666669e+00 -8.48666666667 -8.30333333333   
250 3000 0.37390216334 8.06421073415 -8.596666666666666 -8.5466666666666669e+00 -8.48666666667 -8.32   
251 3012 0.373212138677 8.07336900204 -8.596666666666666 -8.5566666666666666e+00 -8.48333333333 -8.31666666667   
252 3024 0.373386102897 8.2804885427 -8.596666666666666 -8.5466666666666669e+00 -8.47333333333 -8.39333333333   
253 3036 0.373829886634 8.23987664524 -8.596666666666666 -8.5633333333333326e+00 -8.48 -8.37333333333   
254 3048 0.374415559053 8.24181632407 -8.596666666666666 -8.5666666666666664e+00 -8.48333333333 -8.37333333333   
255 3060 0.378613371204 8.32353788118 -8.596666666666666 -8.5466666666666669e+00 -8.44666666667 -8.39   
256 3072 0.383958059064 8.28943466678 -8.596666666666666 -8.5366666666666671e+00 -8.45 -8.39333333333   
257 3084 0.385132312388 8.30823545538 -8.596666666666666 -8.5500000000000007e+00 -8.45666666667 -8.36   
258 3096 0.385736299369 8.18369514708 -8.596666666666666 -8.5633333333333326e+00 -8.47 -8.37333333333   
259 3108 0.395213000886 8.20748377397 -8.596666666666666 -8.5633333333333326e+00 -8.46333333333 0.565043333333   
260 3120 0.394879050305 8.3441614523 -8.596666666666666 -8.5666666666666664e+00 -8.49666666667 -8.4   
261 3132 0.39310339736 8.37806041327 -8.596666666666666 -8.5766666666666662e+00 -8.45333333333 -8.1665   
262 3144 0.397765148417 8.48733044246 -8.596666666666666 -8.5566666666666666e+00 -8.49666666667 -8.40666666667   
263 3156 0.40013363224 8.60416481336 -8.596666666666666 -8.5733333333333341e+00 -8.47666666667 -8.37333333333   
264 3168 0.405135076263 8.47336049371 -8.596666666666666 -8.5299999999999994e+00 -8.46666666667 -8.31   
265 3180 0.40813316613 8.63419215319 -8.596666666666666 -8.5866666666666660e+00 -8.52333333333 -8.41666666667   
266 3192 0.408219687638 8.67365784671 -8.596666666666666 -8.5733333333333341e+00 -8.5 -8.41   
267 3204 0.416852553931 8.5766754459 -8.596666666666666 -8.5466666666666669e+00 -8.48333333333 -8.40666666667   
268 3216 0.427035194362 8.56332033819 -8.596666666666666 -8.5466666666666669e+00 -8.48 -8.41   
269 3228 0.442996751394 8.4075382144 -8.596666666666666 -8.5533333333333328e+00 -8.5 -8.31   
270 3240 0.434532905141 8.23952760341 -8.596666666666666 -8.5600000000000005e+00 -8.45666666667 -8.29333333333   
271 3252 0.419174976094 8.22745877672 -8.596666666666666 -8.5500000000000007e+00 -8.5 -8.38666666667   
272 3264 0.433727233472 8.18810857412 -8.596666666666666 -8.5866666666666660e+00 -8.48 -8.36   
273 3276 0.434551245319 8.26580772878 -8.596666666666666 -8.5333333333333332e+00 -8.47 -8.26316666667   
274 3288 0.422657503663 8.37219115238 -8.596666666666666 -8.5800000000000001e+00 -8.50333333333 -8.45666666667   
275 3300 0.420023059953 8.43531956164 -8.596666666666666 -8.5666666666666664e+00 -8.43 -8.2665   
276 3312 0.419744128732 8.49306145179 -8.596666666666666 -8.5833333333333339e+00 -8.45666666667 -8.32666666667   
277 3324 0.421393435799 8.46230616081 -8.596666666666666 -8.5333333333333332e+00 -8.5 -8.45333333333   
278 3336 0.429099655159 8.53711312105 -8.596666666666666 -8.5466666666666669e+00 -8.5 0.359505333333   
279 3348 0.429580545151 8.51987039591 -8.596666666666666 -8.5633333333333326e+00 -8.43333333333 -8.33333333333   
280 3360 0.458345127837 8.61210293201 -8.596666666666666 -8.5633333333333326e+00 -8.47666666667 -8.2865   
281 3372 0.459716748971 8.70975675561 -8.596666666666666 -8.5566666666666666e+00 -8.49 -8.26983333333   
282 3384 0.456694541235 8.82454036381 -8.596666666666666 -8.5666666666666664e+00 -8.45333333333 -8.13983333333   
283 3396 0.457913310295 8.70474063992 -8.596666666666666 -8.5866666666666660e+00 -8.45333333333 -8.1965   
284 3408 0.433744959301 8.56771739814 -8.596666666666666 -8.5566666666666666e+00 -8.46333333333 -5.29798   
285 3420 0.436296946784 8.5131776778 -8.596666666666666 -8.5466666666666669e+00 -8.48333333333 -5.34543933333   
286 3432 0.439055957958 8.40287388103 -8.596666666666666 -8.5533333333333328e+00 -8.44333333333 -8.36   
287 3444 0.447483994852 8.38814236157 -8.596666666666666 -8.5766666666666662e+00 -8.45666666667 -8.15983333333   
288 3456 0.434890133916 8.41171084163 -8.596666666666666 -8.5399999999999991e+00 -8.45666666667 -8.29333333333   
289 3468 0.431187330921 8.44271113984 -8.596666666666666 -8.5500000000000007e+00 -8.45666666667 -8.20316666667   
290 3480 0.433945527915 8.53510420553 -8.596666666666666 -8.5800000000000001e+00 -8.47666666667 -8.40666666667   
291 3492 0.433702076823 8.48608212489 -8.596666666666666 -8.5733333333333341e+00 -8.46333333333 -8.21316666667   
292 3504 0.433923993475 8.50037892706 -8.596666666666666 -8.5633333333333326e+00 -8.48333333333 -5.391496   
293 3516 0.433766011226 8.51920566704 -8.596666666666666 -8.5600000000000005e+00 -8.47 -8.2865   
294 3528 0.440993993078 8.65927645909 -8.596666666666666 -8.5600000000000005e+00 -8.4 -8.0065   
295 3540 0.436632946117 8.75307240213 -8.596666666666666 -8.5466666666666669e+00 -8.48666666667 -8.1865   
296 3552 0.436772405546 8.7764833114 -8.596666666666666 -8.5500000000000007e+00 -8.50666666667 -8.34   
297 3564 0.455113151133 8.78514315712 -8.596666666666666 -8.5299999999999994e+00 -8.47666666667 -8.33666666667   
298 3576 0.471144370172 8.68156329907 -8.596666666666666 -8.5600000000000005e+00 -8.49333333333 -8.39666666667   
299 3588 0.467715531787 8.65538896847 -8.596666666666666 -8.5466666666666669e+00 -8.47333333333 -8.1865   
300 3600 0.463008399077 8.66366211611 -8.596666666666666 -8.5199999999999996e+00 -8.36333333333 -5.667544   
301 3612 0.446622663504 8.75991384238 -8.596666666666666 -8.5766666666666662e+00 -8.47333333333 -8.31333333333   
302 3624 0.447203761585 8.74814657972 -8.596666666666666 -8.5533333333333328e+00 -8.45666666667 -8.38666666667   
303 3636 0.447681868383 8.66957036759 -8.596666666666666 -8.5566666666666666e+00 -8.46 -5.725786   
304 3648 0.449007928212 8.62271864188 -8.596666666666666 -8.5566666666666666e+00 -8.46333333333 -8.0965   
305 3660 0.448279337704 8.70529377956 -8.596666666666666 -8.5533333333333328e+00 -8.5 -5.71753733333   
306 3672 0.448546500667 8.68863082689 -8.596666666666666 -8.5199999999999996e+00 -8.41333333333 -1.871174   
307 3684 0.470479099828 8.64252712674 -8.596666666666666 -8.4800000000000004e+00 -8.24316666667 0.99368   
308 3696 0.482599292959 8.79073469584 -8.596666666666666 -8.5833333333333339e+00 -8.22983333333 0.597179333333   
309 3708 0.497797483667 8.80971068673 -8.596666666666666 -8.5833333333333339e+00 -8.43 -5.56275266667   
310 3720 0.475833577917 8.94545361195 -8.596666666666666 -8.5466666666666669e+00 -8.33 -5.20751333333   
311 3732 0.452682884302 8.9735293307 -8.596666666666666 -8.5600000000000005e+00 -8.45333333333 -8.26983333333   
312 3744 0.440343393256 8.99031768739 -8.596666666666666 -8.5733333333333341e+00 -8.53333333333 -8.39   
313 3756 0.442301939323 9.06418318518 -8.596666666666666 -8.5500000000000007e+00 -8.47666666667 -8.42333333333   
314 3768 0.441960917584 9.0572299341 -8.596666666666666 -8.5566666666666666e+00 -8.48666666667 -8.43333333333   
315 3780 0.446343599733 9.16450878606 -8.596666666666666 -8.5800000000000001e+00 -8.46666666667 -8.1565   
316 3792 0.472069467483 9.30516726756 -8.596666666666666 -8.5866666666666660e+00 -8.45333333333 -8.17983333333   
317 3804 0.476880865285 9.19437925229 -8.596666666666666 -8.5566666666666666e+00 -8.46666666667 -8.2865   
318 3816 0.47580374637 9.17142517426 -8.596666666666666 -8.5933333333333337e+00 -8.47333333333 -8.38666666667   
319 3828 0.462285369408 9.20446926919 -8.596666666666666 -8.5566666666666666e+00 -8.48666666667 -8.2165   
320 3840 0.460190237661 9.18884034758 -8.596666666666666 -8.5533333333333328e+00 -8.46333333333 -8.43333333333   
321 3852 0.458156573328 9.12307354957 -8.596666666666666 -8.5566666666666666e+00 -8.49666666667 -8.23983333333   
322 3864 0.459202107983 9.15365106267 -8.596666666666666 -8.5533333333333328e+00 -8.45333333333 -8.41333333333   
323 3876 0.459912684053 9.18305996082 -8.596666666666666 -8.5366666666666671e+00 -8.43333333333 -8.1465   
324 3888 0.463272160552 9.27383505903 -8.596666666666666 -8.5766666666666662e+00 -8.52 -8.32666666667   
325 3900 0.461749986721 9.20679083853 -8.596666666666666 -8.5533333333333328e+00 -8.46333333333 -8.42333333333   
326 3912 0.459489107188 9.35255426471 -8.596666666666666 -8.5566666666666666e+00 -8.47666666667 -8.41   
327 3924 0.470158514509 9.39926821296 -8.596666666666666 -8.5566666666666666e+00 -8.44666666667 -8.0765   
328 3936 0.464921409569 9.41155595248 -8.596666666666666 -8.5666666666666664e+00 -8.33666666667 -5.0   
329 3948 0.465887474604 9.41884560171 -8.596666666666666 -8.5466666666666669e+00 -8.46666666667 -8.39333333333   
330 3960 0.470008311112 9.3664147249 -8.596666666666666 -8.5133333333333336e+00 -8.38666666667 -8.05316666667   
331 3972 0.475823095365 9.61285571631 -8.596666666666666 -8.5566666666666666e+00 -8.42 -5.39834666667   
332 3984 0.479551536167 9.8024252421 -8.6 -8.5999999999999996e+00 -8.42666666667 -8.04983333333   
333 3996 0.474820178219 9.87508660428 -8.6 -8.5500000000000007e+00 -8.42666666667 -5.83453666667   
334 4008 0.470486814846 9.91614792021 -8.6 -8.5766666666666662e+00 -8.51333333333 -3.09950666667   
335 4020 0.468955686646 9.90151941206 -8.6 -8.5433333333333330e+00 -8.45666666667 -5.25326   
336 4032 0.472630165436 9.86745719905 -8.6 -8.5666666666666664e+00 -8.47 -8.41   
337 4044 0.471869872691 10.0832914547 -8.6 -8.5700000000000003e+00 -8.45 -8.33666666667   
338 4056 0.472049424479 10.1417020476 -8.6 -8.5099999999999998e+00 -8.43333333333 -8.32   
339 4068 0.473373936359 10.0734119688 -8.6 -8.5600000000000005e+00 -8.52333333333 -8.43   
340 4080 0.474016803312 10.1132806265 -8.6 -8.5666666666666664e+00 -8.49666666667 -3.26265333333   
341 4092 0.471667367211 10.0732435786 -8.6 -8.5800000000000001e+00 -8.50666666667 -8.11316666667   
342 4104 0.470704007542 10.0622111714 -8.6 -8.5566666666666666e+00 -8.46333333333 -8.23316666667   
343 4116 0.475187032781 10.0375580491 -8.6 -8.5566666666666666e+00 -8.45333333333 -8.14316666667   
344 4128 0.475710706416 9.99298986269 -8.6 -8.5533333333333328e+00 -8.48333333333 -8.21316666667   
345 4140 0.47547583287 10.1000670545 -8.6 -8.5733333333333341e+00 -8.45666666667 -8.12316666667   
346 4152 0.490217475124 10.0999141945 -8.6 -8.5700000000000003e+00 -8.44333333333 -8.17316666667   
347 4164 0.512406137534 10.2552098634 -8.6 -8.5299999999999994e+00 -8.45333333333 -8.1165   
348 4176 0.501748445102 10.3879854654 -8.6 -8.5433333333333330e+00 -8.43 -8.17983333333   
349 4188 0.493388061581 10.4729124043 -8.6 -8.5500000000000007e+00 -8.46333333333 -8.23983333333   
350 4200 0.49880648603 10.4149328421 -8.6 -8.5333333333333332e+00 -8.42666666667 -8.0865   
351 4212 0.511838705277 10.2865961116 -8.6 -8.5366666666666671e+00 -8.45666666667 -8.17983333333   
352 4224 0.52205410421 10.3169545084 -8.6 -8.5333333333333332e+00 -8.48666666667 -8.31333333333   
353 4236 0.503142690505 10.3674691493 -8.6 -8.5399999999999991e+00 -8.47333333333 -8.35   
354 4248 0.492439600253 10.5266049258 -8.6 -8.5566666666666666e+00 -8.47333333333 -5.0   
355 4260 0.482847390806 10.8301748806 -8.6 -8.5266666666666673e+00 -8.47 -5.15644666667   
356 4272 0.47523879162 10.614168317 -8.6 -8.5633333333333326e+00 -8.42333333333 -8.15983333333   
357 4284 0.479109024803 10.5993976758 -8.6 -8.5666666666666664e+00 -8.49 -8.29   
358 4296 0.48327102736 10.7285566157 -8.6 -8.5399999999999991e+00 -8.44333333333 -8.38   
359 4308 0.493156824044 10.8263904676 -8.6 -8.5266666666666673e+00 -8.46333333333 -8.04983333333   
360 4320 0.496354013026 11.2634982349 -8.6 -8.5700000000000003e+00 -8.53 -8.02983333333   
361 4332 0.498365276753 11.5272943485 -8.6 -8.5299999999999994e+00 -8.46666666667 -8.41333333333   
362 4344 0.508303620146 11.3173800134 -8.6 -8.5433333333333330e+00 -8.49666666667 -8.36   
363 4356 0.478319843856 11.4223415291 -8.6 -8.5500000000000007e+00 -8.44333333333 -8.37333333333   
364 4368 0.462310052462 11.4057463077 -8.6 -8.5533333333333328e+00 -8.49333333333 -8.35666666667   
365 4380 0.45548257611 11.4257857994 -8.6 -8.5033333333333339e+00 -8.41333333333 -8.34333333333   
366 4392 0.462237679749 11.2783066602 -8.6 -8.5466666666666669e+00 -8.46666666667 -8.35333333333   
367 4404 0.444228544007 11.7300434718 -8.6 -8.5700000000000003e+00 -8.5 -8.45666666667   
368 4416 0.444849027226 11.699981088 -8.6 -8.5800000000000001e+00 -8.48 -8.23316666667   
369 4428 0.449851334026 11.7504752173 -8.6 -8.5666666666666664e+00 -8.40333333333 -3.666898   
370 4440 0.463330210894 12.3106121476 -8.6 -8.5333333333333332e+00 -8.45333333333 -8.12983333333   
371 4452 0.47626114823 12.4682648148 -8.6 -8.5800000000000001e+00 -8.44666666667 -5.51165333333   
372 4464 0.46084916587 12.5796967969 -8.6 -8.5333333333333332e+00 -8.52 -8.37333333333   
373 4476 0.463181583789 12.665027548 -8.6 -8.5433333333333330e+00 -8.48666666667 -8.37666666667   
374 4488 0.475651843351 12.4604238249 -8.6 -8.5500000000000007e+00 -8.47 -8.2065   
375 4500 0.45546822861 12.5073013559 -8.6 -8.5366666666666671e+00 -8.43666666667 -8.24983333333   
376 4512 0.449370305678 12.5922195216 -8.6 -8.5766666666666662e+00 -8.47666666667 -5.804772   
377 4524 0.433229139769 12.563802186 -8.6 -8.5666666666666664e+00 -8.5 -8.2865   
378 4536 0.443741818398 12.6309349979 -8.6 -8.5600000000000005e+00 -8.51666666667 -8.35333333333   
379 4548 0.447126624963 12.5647938226 -8.6 -8.5733333333333341e+00 -8.5 -8.34666666667   
380 4560 0.455926594377 12.5588313358 -8.6 -8.5566666666666666e+00 -8.47333333333 -8.04983333333   
381 4572 0.455760072577 12.7415689925 -8.6 -8.5533333333333328e+00 -8.46 -8.38333333333   
382 4584 0.479878533171 12.908384381 -8.6 -8.5833333333333339e+00 -8.43333333333 -8.2765   
383 4596 0.472127328869 12.7733336752 -8.6 -8.5366666666666671e+00 -8.46333333333 -8.23983333333   
384 4608 0.467635692927 12.8169010653 -8.6 -8.5099999999999998e+00 -8.43 -5.64639333333   
385 4620 0.463249324977 12.7191814678 -8.6 -8.5466666666666669e+00 -8.46666666667 -8.09316666667   
386 4632 0.442214395472 12.5879840946 -8.6 -8.5700000000000003e+00 -8.47 -8.1165   
387 4644 0.443972632905 12.4668554559 -8.6 -8.5466666666666669e+00 -8.46 -8.1165   
388 4656 0.442056979257 12.6155546603 -8.6 -8.5600000000000005e+00 -8.46 -8.39333333333   
389 4668 0.432235255253 12.5983169951 -8.6 -8.5066666666666659e+00 -8.40333333333 -5.33822   
390 4680 0.431248264561 12.6485833374 -8.6 -8.5433333333333330e+00 -8.42666666667 -8.33666666667   
391 4692 0.441315906963 12.6749045353 -8.6 -8.5366666666666671e+00 -8.47666666667 -5.386192   
392 4704 0.452125169484 12.6898602204 -8.6 -8.5566666666666666e+00 -8.43 -8.15983333333   
393 4716 0.449459594614 12.8785552582 -8.6 -8.5500000000000007e+00 -8.5 -8.29   
394 4728 0.451968020479 13.0893093506 -8.6 -8.5333333333333332e+00 -8.48 -8.1365   
395 4740 0.443132856604 13.4722316111 -8.6 -8.5666666666666664e+00 -8.40666666667 -8.1765   
396 4752 0.447229164637 13.4902025475 -8.6 -8.5433333333333330e+00 -8.45 -8.17316666667   
397 4764 0.447940008454 13.482686707 -8.6 -8.5833333333333339e+00 -8.50333333333 -8.39666666667   
398 4776 0.450917325004 13.6067926118 -8.6 -8.5500000000000007e+00 -8.45333333333 -8.39   
399 4788 0.454069241218 13.5012270862 -8.6 -8.5600000000000005e+00 -8.46666666667 -8.41   
400 4800 0.453940497611 13.459213051 -8.6 -8.5600000000000005e+00 -8.42333333333 -8.04983333333   
401 4812 0.453721262046 13.3649719394 -8.6 -8.5866666666666660e+00 -8.46666666667 -8.31   
402 4824 0.45766162977 13.5657888356 -8.6 -8.5266666666666673e+00 -8.29333333333 -1.69034   
403 4836 0.468236597923 13.6212304643 -8.6 -8.5700000000000003e+00 -8.44 -8.2865   
404 4848 0.480202522693 13.2669636885 -8.6 -8.5633333333333326e+00 -8.46 -8.07983333333   
405 4860 0.479888050397 13.3405209725 -8.6 -8.5533333333333328e+00 -8.33 -5.660084   
406 4872 0.467624668383 13.4178536347 -8.6 -8.5466666666666669e+00 -8.47 -5.83143466667   
407 4884 0.47106431473 13.3557648007 -8.6 -8.5500000000000007e+00 -8.43 -8.20316666667   
408 4896 0.484937200935 13.5678688962 -8.6 -8.5633333333333326e+00 -8.50333333333 -8.37666666667   
409 4908 0.482245379196 13.4124082471 -8.6 -8.5800000000000001e+00 -8.51333333333 -8.17316666667   
410 4920 0.482427379195 13.4688029333 -8.6 -8.5633333333333326e+00 -8.48333333333 -8.40333333333   
411 4932 0.486287950822 13.6109232341 -8.6 -8.5566666666666666e+00 -8.44666666667 -5.58537666667   
412 4944 0.486408670604 13.8564081301 -8.6 -8.5933333333333337e+00 -8.47666666667 -8.08983333333   
413 4956 0.47708475241 13.9699891005 -8.6 -8.5766666666666662e+00 -8.49333333333 -8.43333333333   
414 4968 0.476110001097 14.3186095404 -8.6 -8.5366666666666671e+00 -8.45666666667 -8.36666666667   
415 4980 0.467108930146 14.6557082811 -8.6 -8.5533333333333328e+00 -8.5 -8.00316666667   
416 4992 0.463522869613 14.5600880436 -8.6 -8.5733333333333341e+00 -8.47333333333 -8.37   
417 5004 0.456375620488 14.4959071679 -8.6 -8.5433333333333330e+00 -8.46333333333 -8.34333333333   
418 5016 0.444314722814 14.5125722833 -8.6 -8.5466666666666669e+00 -8.47333333333 -8.24983333333   
419 5028 0.428820355205 14.4448211723 -8.6 -8.5800000000000001e+00 -8.48333333333 -8.39333333333   
420 5040 0.434977432022 14.3338555532 -8.6 -8.5899999999999999e+00 -8.45 -8.33666666667   
421 5052 0.422976966876 14.2890392968 -8.6 -8.5566666666666666e+00 -8.48666666667 -8.32   
422 5064 0.417251545926 14.4768237585 -8.6 -8.5533333333333328e+00 -8.46 -8.41333333333   
423 5076 0.402807863525 14.4006799883 -8.6 -8.5333333333333332e+00 -8.47 -8.2165   
424 5088 0.413350524006 14.3309966764 -8.6 -8.5566666666666666e+00 -8.48666666667 -8.44   
425 5100 0.431864062681 14.5961415242 -8.6 -8.5533333333333328e+00 -8.46666666667 -8.39666666667   
426 5112 0.454065573609 14.8143710684 -8.603333333333333 -8.6033333333333335e+00 -8.49666666667 -8.44333333333   
427 5124 0.430547713666 14.7484954113 -8.603333333333333 -8.5533333333333328e+00 -8.47666666667 -8.44333333333   
428 5136 0.421533035899 14.8350744855 -8.603333333333333 -8.5666666666666664e+00 -8.49333333333 -8.42666666667   
429 5148 0.422703882834 14.7011149611 -8.603333333333333 -8.5566666666666666e+00 -8.48 -8.20316666667   
430 5160 0.423692293993 14.563337659 -8.603333333333333 -8.5566666666666666e+00 -8.48666666667 -8.33666666667   
431 5172 0.430238416121 14.2716593809 -8.603333333333333 -8.5833333333333339e+00 -8.50333333333 -8.35   
432 5184 0.432621604738 14.3215845611 -8.603333333333333 -8.5833333333333339e+00 -8.50666666667 -8.44666666667   
433 5196 0.436929019099 14.392565098 -8.603333333333333 -8.5733333333333341e+00 -8.52666666667 -8.31   
434 5208 0.433513648245 14.3045970234 -8.603333333333333 -8.5433333333333330e+00 -8.51333333333 -8.38666666667   
435 5220 0.431472570066 14.3083338126 -8.603333333333333 -8.5533333333333328e+00 -8.46 -8.35666666667   
436 5232 0.428721073878 14.3292580391 -8.603333333333333 -8.5733333333333341e+00 -8.52333333333 -8.38333333333   
437 5244 0.432624092888 14.2857594738 -8.603333333333333 -8.5566666666666666e+00 -8.41 -8.25316666667   
438 5256 0.442017437653 14.5499377766 -8.603333333333333 -8.5500000000000007e+00 -8.46666666667 -8.32   
439 5268 0.443878483835 14.9117629151 -8.603333333333333 -8.5566666666666666e+00 -8.47333333333 -5.684334   
440 5280 0.453061985126 15.1791271331 -8.603333333333333 -8.5766666666666662e+00 -8.34 -3.899016   
441 5292 0.468589078099 15.5012245676 -8.603333333333333 -8.5066666666666659e+00 -8.39 0.930613333333   
442 5304 0.447570923484 15.6374613018 -8.603333333333333 -8.5299999999999994e+00 -8.47666666667 -8.2465   
443 5316 0.428387737853 15.7713198176 -8.603333333333333 -8.5700000000000003e+00 -8.47333333333 -8.20983333333   
444 5328 0.426910770449 15.6850291075 -8.603333333333333 -8.5466666666666669e+00 -8.51 -8.21316666667   
445 5340 0.42699479517 15.5661662123 -8.603333333333333 -8.5700000000000003e+00 -8.49666666667 -8.22983333333   
446 5352 0.426469682151 15.8023021088 -8.603333333333333 -8.5766666666666662e+00 -8.49 -8.31333333333   
447 5364 0.436450615744 15.8214467888 -8.603333333333333 -8.5566666666666666e+00 -8.51333333333 -8.2265   
448 5376 0.439453089413 15.7331788605 -8.603333333333333 -8.5700000000000003e+00 -8.51333333333 -8.2565   
449 5388 0.444750659203 15.8969335946 -8.603333333333333 -8.5866666666666660e+00 -8.50666666667 -8.36666666667   
450 5400 0.449538103334 16.1333972788 -8.603333333333333 -8.5533333333333328e+00 -8.45333333333 -8.2065   
451 5412 0.448200847528 16.3234234717 -8.603333333333333 -8.5733333333333341e+00 -8.52 -8.45333333333   
452 5424 0.454635763486 16.5915877795 -8.603333333333333 -8.5700000000000003e+00 -8.49 -8.40666666667   
453 5436 0.455776681913 16.8702647597 -8.603333333333333 -8.5999999999999996e+00 -8.52333333333 -8.34333333333   
454 5448 0.462692973837 17.2076222571 -8.603333333333333 -8.5800000000000001e+00 -8.51333333333 0.423412   
455 5460 0.467832250303 17.147873577 -8.603333333333333 -8.5800000000000001e+00 -8.54 -8.23983333333   
456 5472 0.472499659634 16.7163709066 -8.603333333333333 -8.5733333333333341e+00 -8.46 -8.30333333333   
457 5484 0.484076573584 16.3664182362 -8.603333333333333 -8.5633333333333326e+00 -8.50666666667 -8.24983333333   
458 5496 0.515120552391 16.6246109103 -8.603333333333333 -8.5899999999999999e+00 -8.49666666667 -8.07983333333   
459 5508 0.51838008809 16.7943939671 -8.603333333333333 -8.5933333333333337e+00 -8.39666666667 -8.05316666667   
460 5520 0.509269799489 16.8957068686 -8.603333333333333 -8.5700000000000003e+00 -8.46333333333 0.206618   
461 5532 0.489324058857 17.3966185755 -8.603333333333333 -8.5566666666666666e+00 -8.47666666667 -8.27316666667   
462 5544 0.480837053048 17.5050638805 -8.606666666666667 -8.6066666666666674e+00 -8.53 -8.41   
463 5556 0.450604618242 17.0655321521 -8.606666666666667 -8.5600000000000005e+00 -8.45 -8.0665   
464 5568 0.446652545545 17.0684385365 -8.606666666666667 -8.5833333333333339e+00 -8.50333333333 -8.33666666667   
465 5580 0.448242966326 17.1914336747 -8.606666666666667 -8.5966666666666658e+00 -8.41 -5.83798133333   
466 5592 0.448222124008 17.3582759989 -8.606666666666667 -8.5966666666666658e+00 -8.53 -8.37   
467 5604 0.447114090645 17.088842681 -8.606666666666667 -8.5766666666666662e+00 -8.50333333333 -8.2865   
468 5616 0.448989302435 17.1068115135 -8.606666666666667 -8.6066666666666674e+00 -8.48 -8.22983333333   
469 5628 0.449014874287 17.1055489193 -8.606666666666667 -8.5600000000000005e+00 -8.49333333333 -8.28316666667   
470 5640 0.449980581444 17.1240511306 -8.606666666666667 -8.5733333333333341e+00 -8.46 -8.38666666667   
471 5652 0.473952811671 17.3208119613 -8.606666666666667 -8.5999999999999996e+00 -8.51333333333 -8.42666666667   
472 5664 0.500143696555 17.5237673142 -8.606666666666667 -8.5633333333333326e+00 -8.48666666667 -8.0765   
473 5676 0.516121508864 17.7991974572 -8.606666666666667 -8.5566666666666666e+00 -8.51 -8.39666666667   
474 5688 0.518392343295 17.6799000299 -8.606666666666667 -8.5733333333333341e+00 -8.48 -8.2165   
475 5700 0.49782267366 17.6132201553 -8.606666666666667 -8.5600000000000005e+00 -8.40666666667 -8.0365   
476 5712 0.487578923385 17.1819282174 -8.606666666666667 -8.5833333333333339e+00 -8.45666666667 -5.64970333333   
477 5724 0.472422039506 17.3764063331 -8.606666666666667 -8.5766666666666662e+00 -8.48 -8.39666666667   
478 5736 0.459565200454 17.4315237683 -8.606666666666667 -8.5566666666666666e+00 -8.48 -8.36666666667   
479 5748 0.440147967336 16.9766477769 -8.606666666666667 -8.5600000000000005e+00 -8.46 -8.03316666667   
480 5760 0.440870916596 16.9502175025 -8.606666666666667 -8.5666666666666664e+00 -8.50333333333 -8.1765   
481 5772 0.436426278115 16.945469894 -8.606666666666667 -8.5766666666666662e+00 -8.47333333333 -8.0865   
482 5784 0.436803200376 17.0984125776 -8.606666666666667 -8.5800000000000001e+00 -8.48 -8.2565   
483 5796 0.44610146861 17.1400808919 -8.606666666666667 -8.5833333333333339e+00 -8.48 -8.19983333333   
484 5808 0.44694665892 17.1942352337 -8.606666666666667 -8.5666666666666664e+00 -8.48666666667 -3.0   
485 5820 0.441390366136 17.5278160677 -8.606666666666667 -8.5766666666666662e+00 -8.48333333333 -8.16316666667   
486 5832 0.435879493617 17.4860123766 -8.606666666666667 -8.5733333333333341e+00 -8.52 -8.2765   
487 5844 0.429520576802 17.6714940794 -8.606666666666667 -8.5666666666666664e+00 -8.50333333333 -8.30333333333   
488 5856 0.42935711509 17.5624565004 -8.606666666666667 -8.5899999999999999e+00 -8.45333333333 -8.33333333333   
489 5868 0.437665492878 17.4380402742 -8.606666666666667 -8.5299999999999994e+00 -8.43333333333 -8.29333333333   
490 5880 0.448690953707 17.5525825563 -8.606666666666667 -8.5600000000000005e+00 -8.43333333333 -8.20983333333   
491 5892 0.454493000649 17.8888356396 -8.606666666666667 -8.5666666666666664e+00 -8.48 -8.35333333333   
492 5904 0.451153104274 17.9403862884 -8.606666666666667 -8.5899999999999999e+00 -8.52 -8.27316666667   
493 5916 0.439559768564 18.163144636 -8.606666666666667 -8.5800000000000001e+00 -8.44666666667 -8.4   
494 5928 0.430327022876 18.2433214176 -8.606666666666667 -8.5766666666666662e+00 -8.46666666667 -8.26983333333   
495 5940 0.432384477953 18.070978702 -8.606666666666667 -8.5833333333333339e+00 -8.53 -8.45   
496 5952 0.434730614003 18.2288736473 -8.606666666666667 -8.5866666666666660e+00 -8.53 -8.42666666667   
497 5964 0.432572997323 18.3087835248 -8.606666666666667 -8.5600000000000005e+00 -8.49 -8.30333333333   
498 5976 0.427916619512 18.6765780229 -8.606666666666667 -8.5600000000000005e+00 -8.54333333333 -8.45   
499 5988 0.436102217782 18.7243187655 -8.606666666666667 -8.5566666666666666e+00 -8.46666666667 -8.38666666667   
500 6000 0.427386919776 18.7185804321 -8.606666666666667 -8.5999999999999996e+00 -8.54333333333 -8.42   
501 6012 0.41623545757 18.5447205779 -8.606666666666667 -8.5733333333333341e+00 -8.51 -8.41333333333   
502 6024 0.413924836309 18.6590377283 -8.606666666666667 -8.5833333333333339e+00 -8.48666666667 -8.39333333333   
503 6036 0.422412161147 18.5957892734 -8.606666666666667 -8.5700000000000003e+00 -8.52666666667 -8.18316666667   
504 6048 0.406785002301 18.5874103062 -8.606666666666667 -8.5633333333333326e+00 -8.46333333333 -8.36333333333   
505 6060 0.411692709897 18.5053871671 -8.606666666666667 -8.5866666666666660e+00 -8.47 -8.37   
506 6072 0.41344185166 18.7745620779 -8.606666666666667 -8.5899999999999999e+00 -8.48666666667 -8.32333333333   
507 6084 0.420543160328 18.5851235973 -8.606666666666667 -8.5833333333333339e+00 -8.47666666667 -8.21316666667   
508 6096 0.411078167031 18.5736953724 -8.606666666666667 -8.5966666666666658e+00 -8.46 -8.34666666667   
509 6108 0.410558530298 18.6065502408 -8.606666666666667 -8.5566666666666666e+00 -8.46333333333 -8.38333333333   
510 6120 0.409901371294 18.6114315952 -8.606666666666667 -8.5600000000000005e+00 -8.48333333333 -8.27983333333   
511 6132 0.407660420573 18.8566852033 -8.606666666666667 -8.5899999999999999e+00 -8.52333333333 -5.813386   
512 6144 0.407873256405 18.9372859541 -8.606666666666667 -8.5800000000000001e+00 -8.54333333333 -8.1465   
513 6156 0.408009273371 18.9057987621 -8.606666666666667 -8.5933333333333337e+00 -8.49 -8.41333333333   
514 6168 0.410930679351 18.3420485883 -8.606666666666667 -8.5733333333333341e+00 -8.47 -8.41666666667   
515 6180 0.415569238151 18.372318646 -8.606666666666667 -8.5733333333333341e+00 -8.48666666667 -8.27983333333   
516 6192 0.420892789079 18.4057620775 -8.606666666666667 -8.5666666666666664e+00 -8.5 -8.2565   
517 6204 0.420647526664 18.450378582 -8.606666666666667 -8.5899999999999999e+00 -8.48333333333 -8.41   
518 6216 0.416650455301 18.4109038323 -8.606666666666667 -8.5666666666666664e+00 -8.46333333333 -8.43333333333   
519 6228 0.418937033252 18.8988311582 -8.606666666666667 -8.5433333333333330e+00 -8.47666666667 -8.38333333333   
520 6240 0.412257000656 19.1947608629 -8.606666666666667 -8.5466666666666669e+00 -8.45333333333 -8.31   
521 6252 0.41354597563 19.2344222883 -8.606666666666667 -8.5733333333333341e+00 -8.53333333333 -8.31333333333   
522 6264 0.413825360437 19.0577874773 -8.606666666666667 -8.5833333333333339e+00 -8.49333333333 -8.43333333333   
523 6276 0.429767723718 19.0867077257 -8.606666666666667 -8.5399999999999991e+00 -8.44666666667 -8.39666666667   
524 6288 0.431311831833 19.1804389876 -8.606666666666667 -8.5866666666666660e+00 -8.48666666667 -8.30333333333   
525 6300 0.413562222284 19.5639588491 -8.606666666666667 -8.5833333333333339e+00 -8.47333333333 -8.0965   
526 6312 0.416556698734 19.5189075697 -8.606666666666667 -8.5633333333333326e+00 -8.44666666667 -8.19316666667   
527 6324 0.417160506987 19.4114776921 -8.606666666666667 -8.5933333333333337e+00 -8.43 -8.1665   
528 6336 0.406260285019 19.3697387435 -8.606666666666667 -8.5966666666666658e+00 -8.5 -8.44   
529 6348 0.405286116357 19.3609677218 -8.606666666666667 -8.5899999999999999e+00 -8.46666666667 -8.1965   
530 6360 0.408770275371 19.3611003917 -8.606666666666667 -8.5566666666666666e+00 -8.53 -8.39666666667   
531 6372 0.413300338592 19.737312816 -8.606666666666667 -8.5766666666666662e+00 -8.44 -8.2365   
532 6384 0.420207137021 19.4434830548 -8.606666666666667 -8.5733333333333341e+00 -8.52333333333 -8.40333333333   
533 6396 0.423372509932 19.3728629888 -8.606666666666667 -8.5633333333333326e+00 -8.48333333333 -8.39333333333   
534 6408 0.422885252351 19.399617692 -8.606666666666667 -8.5833333333333339e+00 -8.49333333333 -8.42   
535 6420 0.438833640123 19.5510415275 -8.606666666666667 -8.5766666666666662e+00 -8.52666666667 -8.42666666667   
536 6432 0.447809973151 19.5109598195 -8.606666666666667 -8.5666666666666664e+00 -8.48 -8.44   
537 6444 0.449600963618 19.9182106929 -8.606666666666667 -8.5600000000000005e+00 -8.50666666667 -8.39666666667   
538 6456 0.453144382537 19.5296925368 -8.606666666666667 -8.5366666666666671e+00 -8.47666666667 -5.05782   
539 6468 0.466294638947 19.646700195 -8.606666666666667 -8.5899999999999999e+00 -8.5 -8.2565   
540 6480 0.473689315511 20.0818605454 -8.606666666666667 -8.5700000000000003e+00 -8.46333333333 -8.38666666667   
541 6492 0.491981447127 19.6716975335 -8.606666666666667 -8.5299999999999994e+00 -8.48333333333 -8.35666666667   
542 6504 0.513713752828 19.4324171254 -8.606666666666667 -8.5933333333333337e+00 -8.46 -8.3   
543 6516 0.506768049548 19.3522147583 -8.606666666666667 -8.5366666666666671e+00 -8.42333333333 -8.23316666667   
544 6528 0.526121693867 19.5841231862 -8.606666666666667 -8.5766666666666662e+00 -8.45666666667 -8.22316666667   
545 6540 0.525315989724 19.4367273629 -8.606666666666667 -8.5533333333333328e+00 -8.47666666667 -3.72883533333   
546 6552 0.556891133858 19.5089228304 -8.606666666666667 -8.5366666666666671e+00 -8.45 -8.0565   
547 6564 0.555263796209 20.1694169357 -8.606666666666667 -8.5733333333333341e+00 -8.44333333333 -8.1365   
548 6576 0.548754827836 20.0465650724 -8.606666666666667 -8.5766666666666662e+00 -8.48666666667 -8.31   
549 6588 0.556697625408 19.7628410304 -8.606666666666667 -8.5733333333333341e+00 -8.52 -8.35   
550 6600 0.571718214111 19.6129433116 -8.606666666666667 -8.5466666666666669e+00 -8.45666666667 -8.0465   
551 6612 0.566786577132 19.6923023443 -8.606666666666667 -8.5166666666666675e+00 -8.4 0.908286666667   
552 6624 0.568728095304 19.4885935324 -8.606666666666667 -8.5533333333333328e+00 -8.46666666667 -8.03983333333   
553 6636 0.563793174633 19.1580846809 -8.606666666666667 -8.5633333333333326e+00 -8.47333333333 -8.24316666667   
554 6648 0.556105775233 19.2578691711 -8.606666666666667 -8.5666666666666664e+00 -8.43 0.335869333333   
555 6660 0.556378564077 19.3134842414 -8.606666666666667 -8.5466666666666669e+00 -8.43333333333 -3.51024533333   
556 6672 0.570496835189 19.0208943891 -8.606666666666667 -8.5500000000000007e+00 -8.43 -8.22983333333   
557 6684 0.571597076584 18.7062342204 -8.606666666666667 -8.4966666666666661e+00 -8.43666666667 -8.10983333333   
558 6696 0.554462760102 18.9594666416 -8.606666666666667 -8.5533333333333328e+00 -8.4 -3.01345333333   
559 6708 0.533181926843 19.2900305141 -8.606666666666667 -8.5733333333333341e+00 -8.39666666667 -5.78779733333   
560 6720 0.525092090885 19.2968232974 -8.606666666666667 -8.5666666666666664e+00 -8.45666666667 -8.33   
561 6732 0.517113686495 19.4505111198 -8.606666666666667 -8.4966666666666661e+00 -8.40666666667 0.490053333333   
562 6744 0.529216345979 19.3859377501 -8.606666666666667 -8.5800000000000001e+00 -8.47333333333 -8.2865   
563 6756 0.550268895416 19.6059379621 -8.606666666666667 -8.5600000000000005e+00 -8.46 -8.39   
564 6768 0.58865810382 19.7082382534 -8.606666666666667 -8.5800000000000001e+00 -8.50666666667 0.523891333333   
565 6780 0.620778463095 19.3198218888 -8.606666666666667 -8.5433333333333330e+00 -8.29333333333 0.663298   
566 6792 0.632203702548 19.3268511735 -8.606666666666667 -8.5566666666666666e+00 -8.46666666667 0.575566666667   
567 6804 0.617720950318 19.2058611801 -8.606666666666667 -8.5066666666666659e+00 -8.39333333333 0.555445333333   
568 6816 0.615084274239 19.0487702993 -8.606666666666667 -8.5566666666666666e+00 -8.46 0.296958   
569 6828 0.596960293617 19.2023254969 -8.606666666666667 -8.5533333333333328e+00 -8.48 -8.19316666667   
570 6840 0.59172682268 19.1680536504 -8.606666666666667 -8.5733333333333341e+00 -8.43 -5.29799333333   
571 6852 0.595524801786 19.0969249845 -8.606666666666667 -8.5633333333333326e+00 -8.39666666667 -8.24316666667   
572 6864 0.604856591143 19.1105419311 -8.606666666666667 -8.5633333333333326e+00 -8.40333333333 0.48913   
573 6876 0.611615195937 19.3748540945 -8.606666666666667 -8.5600000000000005e+00 -8.46 -8.22983333333   
574 6888 0.631892109539 19.3074332871 -8.606666666666667 -8.5500000000000007e+00 -8.43666666667 0.519263333333   
575 6900 0.64530367714 19.2391851568 -8.606666666666667 -8.5700000000000003e+00 -8.45333333333 -8.31   
576 6912 0.606535061349 19.0489743635 -8.606666666666667 -8.5733333333333341e+00 -8.46 -8.23316666667   
577 6924 0.566137668577 19.2533365582 -8.606666666666667 -8.5466666666666669e+00 -8.43 -8.1365   
578 6936 0.561233551714 19.1317862755 -8.606666666666667 -8.5299999999999994e+00 -8.43 0.274854666667   
579 6948 0.560925781675 19.1161313407 -8.606666666666667 -8.5666666666666664e+00 -8.45666666667 -8.13316666667   
580 6960 0.539877945848 19.167285719 -8.606666666666667 -8.5600000000000005e+00 -8.48333333333 -8.33   
581 6972 0.499748357277 18.9579551157 -8.606666666666667 -8.5433333333333330e+00 -8.47666666667 -8.20316666667   
582 6984 0.494833992282 19.0491277733 -8.606666666666667 -8.5633333333333326e+00 -8.52 -8.33   
583 6996 0.506328689079 18.8455143581 -8.606666666666667 -8.5633333333333326e+00 -8.50333333333 0.544394666667   
584 7008 0.512547979597 18.7276944307 -8.606666666666667 -8.5299999999999994e+00 -8.42666666667 -8.27316666667   
585 7020 0.507452469107 18.142791697 -8.606666666666667 -8.5466666666666669e+00 -8.45666666667 0.625612666667   
586 7032 0.506346613873 17.9551645813 -8.606666666666667 -8.5733333333333341e+00 -8.44 -8.33   
587 7044 0.510697676078 17.9079931805 -8.606666666666667 -8.5566666666666666e+00 -8.42666666667 -8.22316666667   
588 7056 0.513668295158 17.8252760763 -8.606666666666667 -8.5800000000000001e+00 -8.5 -5.93747446667   
589 7068 0.513856094632 18.1689714679 -8.606666666666667 -8.5533333333333328e+00 -8.45666666667 0.342320666667   
590 7080 0.518464535292 18.1934526798 -8.606666666666667 -8.5633333333333326e+00 -8.47 0.632232   
591 7092 0.527138088647 18.0921483173 -8.606666666666667 -8.5633333333333326e+00 -8.48333333333 -8.42666666667   
592 7104 0.537108934188 18.1436830883 -8.606666666666667 -8.5666666666666664e+00 -8.49333333333 -8.27316666667   
593 7116 0.545016237354 17.9760080114 -8.606666666666667 -8.5666666666666664e+00 -8.37 0.457272   
594 7128 0.551079070268 17.8751908433 -8.606666666666667 -8.5733333333333341e+00 -8.49 0.561908   
595 7140 0.554679552393 17.7834057138 -8.606666666666667 -8.5666666666666664e+00 -8.49333333333 -8.32333333333   
596 7152 0.559029643711 17.474580187 -8.606666666666667 -8.5766666666666662e+00 -8.47333333333 -8.36333333333   
597 7164 0.558072062977 17.3705239732 -8.606666666666667 -8.5899999999999999e+00 -8.49333333333 -8.33666666667   
598 7176 0.560848540935 17.2020018001 -8.606666666666667 -8.5733333333333341e+00 -8.50333333333 0.736706666667   
599 7188 0.564440242556 17.3501992213 -8.606666666666667 -8.5666666666666664e+00 -8.48 0.640751333333   
600 7200 0.588059322731 17.2291996411 -8.606666666666667 -8.5099999999999998e+00 -8.44666666667 -8.4   
601 7212 0.601812460044 17.1143430045 -8.606666666666667 -8.5233333333333334e+00 -8.43333333333 -8.27316666667   
602 7224 0.598942088386 16.9590912039 -8.606666666666667 -8.5333333333333332e+00 -8.43333333333 0.471320666667   
603 7236 0.577056913577 16.9769784848 -8.606666666666667 -8.5533333333333328e+00 -8.47333333333 -8.12316666667   
604 7248 0.576929161378 16.9981591723 -8.606666666666667 -8.5633333333333326e+00 -8.47 -8.31   
605 7260 0.578988717835 16.9349638762 -8.606666666666667 -8.5500000000000007e+00 -8.41333333333 -8.31   
606 7272 0.589487782397 16.8378669591 -8.606666666666667 -8.5333333333333332e+00 -8.41333333333 -8.0865   
607 7284 0.604720548144 16.8940148881 -8.606666666666667 -8.5199999999999996e+00 -8.42333333333 0.937553333333   
608 7296 0.611038039221 16.9007680539 -8.606666666666667 -8.5533333333333328e+00 -8.48333333333 -8.38   
609 7308 0.61765205812 17.0548125876 -8.606666666666667 -8.5133333333333336e+00 -8.43333333333 -8.33666666667   
610 7320 0.643325672244 16.8987841706 -8.606666666666667 -8.5600000000000005e+00 -8.48666666667 -5.84764266667   
611 7332 0.664698191165 16.9783371103 -8.606666666666667 -8.5399999999999991e+00 -8.46333333333 -8.0565   
612 7344 0.666310111791 17.2241828302 -8.606666666666667 -8.5500000000000007e+00 -8.47 -1.90241133333   
613 7356 0.685597362214 17.4218309789 -8.606666666666667 -8.5700000000000003e+00 -8.48 -8.24983333333   
614 7368 0.678130658487 17.5657401446 -8.606666666666667 -8.5566666666666666e+00 -8.4 -8.16983333333   
615 7380 0.673682850939 17.6571561056 -8.606666666666667 -8.5533333333333328e+00 -8.49 -8.40333333333   
616 7392 0.651125242188 17.7742050333 -8.606666666666667 -8.5733333333333341e+00 -8.49 -8.29   
617 7404 0.628615028098 17.7672289861 -8.606666666666667 -8.5266666666666673e+00 -8.44333333333 -5.88502066667   
618 7416 0.602686906721 17.9524375903 -8.606666666666667 -8.5533333333333328e+00 -8.43666666667 0.415804   
619 7428 0.591346770851 18.3454734411 -8.606666666666667 -8.5666666666666664e+00 -8.47666666667 -8.2765   
620 7440 0.607210553126 18.2899146118 -8.606666666666667 -8.5833333333333339e+00 -8.48 -8.25983333333   
621 7452 0.614815835211 18.445185442 -8.606666666666667 -8.5833333333333339e+00 -8.48 -5.42729   
622 7464 0.62878581699 18.4032193422 -8.606666666666667 -8.5466666666666669e+00 -8.39666666667 -5.344932   
623 7476 0.645929064919 18.4102079996 -8.606666666666667 -8.5633333333333326e+00 -8.22983333333 -5.45217866667   
624 7488 0.674521665627 18.5013367005 -8.606666666666667 -8.5733333333333341e+00 -8.49 -5.50516266667   
625 7500 0.67730604853 18.5446615174 -8.606666666666667 -8.5700000000000003e+00 -8.47333333333 -8.19983333333   
626 7512 0.709517803911 18.3863892033 -8.606666666666667 -8.5566666666666666e+00 -8.45666666667 -3.13801333333   
627 7524 0.752327819348 18.8036709956 -8.606666666666667 -8.5766666666666662e+00 -8.45333333333 -8.15316666667   
628 7536 0.757875513488 18.9802995201 -8.606666666666667 -8.5233333333333334e+00 -8.44 -1.05946666667   
629 7548 0.736986292798 19.0599697265 -8.606666666666667 -8.5566666666666666e+00 -8.48 -8.4   
630 7560 0.728988826897 19.1077760485 -8.606666666666667 -8.5533333333333328e+00 -8.42333333333 1.0   
631 7572 0.733308430762 19.4504405238 -8.606666666666667 -8.5199999999999996e+00 -8.43333333333 -8.06316666667   
632 7584 0.759198980225 19.4314896146 -8.606666666666667 -8.5166666666666675e+00 -8.42666666667 1.0   
633 7596 0.746013459861 19.5321387411 -8.606666666666667 -8.5566666666666666e+00 -8.40666666667 -5.585656   
634 7608 0.753213460958 19.7042323824 -8.606666666666667 -8.5366666666666671e+00 -8.45666666667 -3.72882733333   
635 7620 0.77976655562 20.3634788754 -8.606666666666667 -8.5533333333333328e+00 -8.52666666667 0.189190666667   
636 7632 0.7997680555 20.6176186523 -8.606666666666667 -8.5500000000000007e+00 -8.49666666667 -8.34666666667   
637 7644 0.851312117532 21.0565035556 -8.606666666666667 -8.5366666666666671e+00 -8.5 -8.35666666667   
638 7656 0.839798222926 21.0317856993 -8.606666666666667 -8.5299999999999994e+00 -8.46 0.631327333333   
639 7668 0.813552162849 21.0539264114 -8.606666666666667 -8.5466666666666669e+00 -8.46666666667 0.809313333333   
640 7680 0.81100939341 21.5818442923 -8.606666666666667 -8.5500000000000007e+00 -8.47333333333 -8.36333333333   
641 7692 0.832452905156 21.4118655555 -8.606666666666667 -8.5666666666666664e+00 -8.49666666667 -8.06316666667   
642 7704 0.848990423449 22.2688012034 -8.606666666666667 -8.5600000000000005e+00 -8.45 -8.1765   
643 7716 0.890533522969 22.6452549238 -8.606666666666667 -8.5433333333333330e+00 -8.46 0.717233333333   
644 7728 0.903091496957 22.8294346314 -8.606666666666667 -8.5399999999999991e+00 -8.36333333333 0.75634   
645 7740 0.891899033307 22.7388042401 -8.606666666666667 -8.5466666666666669e+00 -8.36 0.512123333333   
646 7752 0.911602903553 22.7603535557 -8.606666666666667 -8.5266666666666673e+00 -8.48 -8.33666666667   
647 7764 0.911661096456 22.7057502546 -8.606666666666667 -8.5466666666666669e+00 -8.45333333333 -8.2365   
648 7776 0.910998205229 22.5127097298 -8.606666666666667 -8.5633333333333326e+00 -8.44333333333 -8.23983333333   
649 7788 0.897105878465 22.4971336937 -8.606666666666667 -8.5666666666666664e+00 -8.46 0.588411333333   
650 7800 0.854872475075 22.4062231755 -8.606666666666667 -8.5833333333333339e+00 -8.41 0.543594   
651 7812 0.812119615561 22.5774614166 -8.606666666666667 -8.5733333333333341e+00 -8.49666666667 -8.02316666667   
652 7824 0.793457503036 22.7018592174 -8.606666666666667 -8.5800000000000001e+00 -8.38666666667 0.474547333333   
653 7836 0.795290963111 22.9328137641 -8.606666666666667 -8.5733333333333341e+00 -8.29 0.261992666667   
654 7848 0.796515345171 23.0554308926 -8.606666666666667 -8.5700000000000003e+00 -8.47333333333 -8.33   
655 7860 0.800439071362 22.7501182182 -8.606666666666667 -8.4833333333333325e+00 -5.0 0.556641333333   
656 7872 0.807602206852 22.6746510289 -8.606666666666667 -8.5633333333333326e+00 -8.48 0.0636062   
657 7884 0.832713629187 22.3362487215 -8.606666666666667 -8.5899999999999999e+00 -8.47666666667 0.509942666667   
658 7896 0.83519494132 22.4301317003 -8.606666666666667 -8.5633333333333326e+00 -8.46666666667 -8.3   
659 7908 0.847241647343 22.4323379139 -8.606666666666667 -8.5600000000000005e+00 -8.48 -5.84120866667   
660 7920 0.843971165355 22.25263087 -8.606666666666667 -8.5333333333333332e+00 -8.40333333333 0.635368666667   
661 7932 0.841645373786 22.1368665591 -8.606666666666667 -8.5566666666666666e+00 -8.49333333333 -8.31   
662 7944 0.845406281493 22.1921684374 -8.606666666666667 -8.5000000000000000e+00 -8.46333333333 -8.38333333333   
663 7956 0.840452741477 22.2118688432 -8.606666666666667 -8.5600000000000005e+00 -8.45 -8.29333333333   
664 7968 0.835616207153 22.4327516237 -8.606666666666667 -8.5666666666666664e+00 -8.50333333333 -8.15316666667   
665 7980 0.883054824799 23.0303930794 -8.606666666666667 -8.5466666666666669e+00 -8.43666666667 -8.35666666667   
666 7992 0.967847241102 22.9983120942 -8.606666666666667 -8.6066666666666674e+00 -8.51666666667 0.283763333333   
667 8004 0.959873972405 23.2604110558 -8.606666666666667 -8.5666666666666664e+00 -8.46 -8.12316666667   
668 8016 0.905147259669 23.1695731905 -8.606666666666667 -8.5866666666666660e+00 -8.51666666667 -8.29666666667   
669 8028 0.863593520045 22.8544568143 -8.606666666666667 -8.5999999999999996e+00 -8.49333333333 -8.33   
670 8040 0.859691351326 22.6350769274 -8.606666666666667 -8.5299999999999994e+00 -8.47333333333 -8.0465   
671 8052 0.863801659037 22.5651031252 -8.606666666666667 -8.5733333333333341e+00 -8.54 -8.48   
672 8064 0.860449146332 22.4366332662 -8.606666666666667 -8.5500000000000007e+00 -8.48 -8.20983333333   
673 8076 0.858112870115 22.7012593617 -8.606666666666667 -8.5500000000000007e+00 -8.45 -8.01983333333   
674 8088 0.855601049283 22.4932718371 -8.606666666666667 -8.5333333333333332e+00 -8.49 -8.06983333333   
675 8100 0.853233469684 22.3669424607 -8.606666666666667 -8.5666666666666664e+00 -8.50333333333 -8.31666666667   
676 8112 0.859138824349 22.6232277572 -8.606666666666667 -8.5833333333333339e+00 -8.5 -8.36666666667   
677 8124 0.876778022727 22.9191903376 -8.606666666666667 -8.5600000000000005e+00 -8.50333333333 -5.84667533333   
678 8136 0.883253394071 22.8813868702 -8.606666666666667 -8.5866666666666660e+00 -8.52 -8.37666666667   
679 8148 0.89687408719 23.314496955 -8.606666666666667 -8.5800000000000001e+00 -8.47 -8.33666666667   
680 8160 0.887030711721 23.353388163 -8.606666666666667 -8.5666666666666664e+00 -8.48666666667 -8.40666666667   
681 8172 0.880488665235 23.1281583957 -8.606666666666667 -8.5566666666666666e+00 -8.49 -8.33666666667   
682 8184 0.87055751199 23.0745989844 -8.606666666666667 -8.5733333333333341e+00 -8.5 -8.33666666667   
683 8196 0.877685463795 23.2467939148 -8.606666666666667 -8.5566666666666666e+00 -8.50333333333 -8.35333333333   
684 8208 0.883278776056 23.1536148121 -8.606666666666667 -8.5433333333333330e+00 -8.50333333333 -8.39666666667   
685 8220 0.884389894584 23.570559539 -8.606666666666667 -8.5800000000000001e+00 -8.46666666667 -8.43   
686 8232 0.897786880683 23.9564364703 -8.606666666666667 -8.5500000000000007e+00 -8.43333333333 -8.00316666667   
687 8244 0.900101986584 23.8424544625 -8.606666666666667 -8.5933333333333337e+00 -8.50333333333 -8.40666666667   
688 8256 0.889826060346 23.7589563722 -8.606666666666667 -8.5766666666666662e+00 -8.51 -8.46   
689 8268 0.893010132825 23.8486075239 -8.606666666666667 -8.5466666666666669e+00 -8.44666666667 -8.30333333333   
690 8280 0.893780811961 23.6778473633 -8.606666666666667 -8.5166666666666675e+00 -8.45333333333 -8.33333333333   
691 8292 0.908210070916 23.2061752451 -8.606666666666667 -8.5533333333333328e+00 -8.48 0.0719033333333   
692 8304 0.915789397283 23.0914029397 -8.606666666666667 -8.5533333333333328e+00 -8.5 -5.47105666667   
693 8316 0.919335795023 22.8812633728 -8.606666666666667 -8.5466666666666669e+00 -8.49333333333 -8.32666666667   
694 8328 0.915593879278 23.1305684687 -8.606666666666667 -8.5533333333333328e+00 -8.48333333333 -8.0565   
695 8340 0.925480204122 23.030993499 -8.606666666666667 -8.5666666666666664e+00 -8.48333333333 -8.31666666667   
696 8352 0.928792302673 23.0111655633 -8.606666666666667 -8.5399999999999991e+00 -8.48 -8.21316666667   
697 8364 0.936580317461 22.4102807984 -8.606666666666667 -8.5099999999999998e+00 -8.43666666667 -8.1965   
698 8376 0.928969378215 22.4798381894 -8.606666666666667 -8.5800000000000001e+00 -8.49 -8.34333333333   
699 8388 0.921042496094 22.2333974255 -8.606666666666667 -8.5566666666666666e+00 -8.53333333333 -8.25316666667   
700 8400 0.915232456951 22.3621377892 -8.606666666666667 -8.5700000000000003e+00 -8.50666666667 -8.36666666667   
701 8412 0.922401900411 22.9804965736 -8.606666666666667 -8.5666666666666664e+00 -8.48333333333 -8.20983333333   
702 8424 0.924211748876 22.9071383104 -8.606666666666667 -8.5566666666666666e+00 -8.53666666667 -8.28316666667   
703 8436 0.922239431633 22.7035801626 -8.606666666666667 -8.5899999999999999e+00 -8.51333333333 -8.2665   
704 8448 0.929113324704 22.8756498308 -8.606666666666667 -8.5666666666666664e+00 -8.48333333333 -8.2565   
705 8460 0.927671678742 22.6792730435 -8.606666666666667 -8.5533333333333328e+00 -8.45666666667 -8.43333333333   
706 8472 0.932345015496 23.1384869943 -8.606666666666667 -8.5399999999999991e+00 -8.47666666667 -8.20983333333   
707 8484 0.937226199412 23.2816711307 -8.606666666666667 -8.5133333333333336e+00 -8.44 -8.10316666667   
708 8496 0.935060596326 22.9177696546 -8.606666666666667 -8.5500000000000007e+00 -8.49 -8.2765   
709 8508 0.937938252422 22.9961083773 -8.606666666666667 -8.5566666666666666e+00 -8.52333333333 -8.38666666667   
710 8520 0.936910102091 22.9488885251 -8.606666666666667 -8.5500000000000007e+00 -8.46 -5.47829933333   
711 8532 0.949020295679 23.2945219696 -8.606666666666667 -8.5600000000000005e+00 -8.53333333333 -8.43333333333   
712 8544 0.965707568323 23.2516620698 -8.606666666666667 -8.5166666666666675e+00 -8.48666666667 0.148157333333   
713 8556 0.968631365177 23.3291765322 -8.606666666666667 -8.5633333333333326e+00 -8.49333333333 -8.41   
714 8568 0.986651964747 23.356018244 -8.606666666666667 -8.5600000000000005e+00 -8.47333333333 -8.39333333333   
715 8580 0.985227080618 23.3313458585 -8.606666666666667 -8.5766666666666662e+00 -8.47666666667 -8.2065   
716 8592 1.00891737508 22.8230261069 -8.606666666666667 -8.5399999999999991e+00 -8.50333333333 -8.18983333333   
717 8604 1.00532768649 22.4431400828 -8.606666666666667 -8.5733333333333341e+00 -8.49666666667 -8.38   
718 8616 1.01234415588 22.1925498527 -8.606666666666667 -8.5833333333333339e+00 -8.53 -8.38666666667   
719 8628 1.01501163667 22.1740709494 -8.606666666666667 -8.5566666666666666e+00 -8.46666666667 -5.21655333333   
720 8640 1.00926272255 22.0729036677 -8.606666666666667 -8.5966666666666658e+00 -8.52333333333 -8.41333333333   
721 8652 1.00283621211 22.5154506245 -8.606666666666667 -8.5500000000000007e+00 -8.49333333333 -8.04316666667   
722 8664 0.9986511271 22.4461440962 -8.606666666666667 -8.5733333333333341e+00 -8.53333333333 -8.41   
723 8676 0.99657608183 22.5256121662 -8.606666666666667 -8.5866666666666660e+00 -8.50333333333 -8.23316666667   
724 8688 1.01030625606 22.4375341243 -8.606666666666667 -8.5600000000000005e+00 -8.49666666667 -8.27316666667   
725 8700 1.00971442811 22.2894737366 -8.606666666666667 -8.5899999999999999e+00 -8.45 -8.10983333333   
726 8712 1.00458371717 21.9755737831 -8.606666666666667 -8.5666666666666664e+00 -8.49666666667 -8.15983333333   
727 8724 0.99744719954 21.8468588531 -8.606666666666667 -8.5333333333333332e+00 -8.41 -8.2465   
728 8736 0.991463268164 21.7986557058 -8.606666666666667 -8.5700000000000003e+00 -8.51333333333 -8.36666666667   
729 8748 1.00885535858 21.7987460573 -8.606666666666667 -8.5566666666666666e+00 -8.46 0.621593333333   
730 8760 1.03287516118 21.7639790681 -8.606666666666667 -8.5366666666666671e+00 -8.46666666667 -8.35666666667   
731 8772 1.00590147285 21.6957982551 -8.606666666666667 -8.5666666666666664e+00 -8.46 -5.24962666667   
732 8784 1.0219174411 21.2471639873 -8.606666666666667 -8.5899999999999999e+00 -8.48666666667 -8.18316666667   
733 8796 1.03556684342 21.1481249829 -8.606666666666667 -8.5899999999999999e+00 -8.51333333333 -8.2365   
734 8808 1.02928937189 21.276056037 -8.606666666666667 -8.5800000000000001e+00 -8.49 -8.37666666667   
735 8820 1.03702138877 20.988608151 -8.606666666666667 -8.5533333333333328e+00 -8.37 0.337673333333   
736 8832 1.04324056291 20.8924119132 -8.606666666666667 -8.5933333333333337e+00 -8.45 -8.0165   
737 8844 1.06152733351 20.667678358 -8.606666666666667 -8.5766666666666662e+00 -8.5 -8.29333333333   
738 8856 1.07052310399 20.6212591498 -8.606666666666667 -8.5999999999999996e+00 -8.37 -5.76982066667   
739 8868 1.05071311139 20.7691107735 -8.606666666666667 -8.5666666666666664e+00 -8.48666666667 -8.05983333333   
740 8880 1.03940779527 20.6085329716 -8.606666666666667 -8.5933333333333337e+00 -8.49666666667 -8.0265   
741 8892 1.03515492935 20.6927180244 -8.606666666666667 -8.5633333333333326e+00 -8.38 -1.67667533333   
742 8904 1.03191991246 20.669796569 -8.606666666666667 -8.5600000000000005e+00 -8.50333333333 -8.11983333333   
743 8916 1.05234562535 21.0846138032 -8.606666666666667 -8.5800000000000001e+00 -8.48 -8.37   
744 8928 1.03057663234 21.2897301469 -8.606666666666667 -8.5566666666666666e+00 -8.47333333333 -8.12316666667   
745 8940 1.04893018594 21.4720270016 -8.606666666666667 -8.5700000000000003e+00 -8.5 -5.51657866667   
746 8952 1.08193097535 21.5556934597 -8.606666666666667 -8.5666666666666664e+00 -8.40666666667 -8.27983333333   
747 8964 1.05868964787 21.7119457853 -8.606666666666667 -8.5766666666666662e+00 -8.36333333333 0.495932666667   
748 8976 1.07004703575 21.9027800687 -8.606666666666667 -8.5766666666666662e+00 -8.49333333333 -8.29666666667   
749 8988 1.05585424725 21.8899347512 -8.606666666666667 -8.5233333333333334e+00 -8.37666666667 -3.15846   
750 9000 1.05646079304 21.6519739465 -8.606666666666667 -8.5333333333333332e+00 -8.44333333333 -5.732524   
751 9012 1.117460818 21.7722730037 -8.606666666666667 -8.5833333333333339e+00 -8.48666666667 -8.04983333333   
752 9024 1.18085786278 21.7613621363 -8.606666666666667 -8.5933333333333337e+00 -8.51 -8.32333333333   
753 9036 1.21781278183 21.4748143135 -8.606666666666667 -8.5866666666666660e+00 -8.48333333333 -8.0265   
754 9048 1.20570707393 21.6224270113 -8.606666666666667 -8.5633333333333326e+00 -8.52333333333 -5.86116733333   
755 9060 1.17037290533 21.7519371696 -8.606666666666667 -8.5533333333333328e+00 -8.48333333333 -5.82468333333   
756 9072 1.12885209199 21.30189568 -8.606666666666667 -8.5166666666666675e+00 -8.43 -3.0   
757 9084 1.0854674101 21.3605627191 -8.606666666666667 -8.5500000000000007e+00 -8.47333333333 -8.30333333333   
758 9096 1.05905143715 21.3545535975 -8.606666666666667 -8.5600000000000005e+00 -8.45666666667 -5.08066666667   
759 9108 1.06251078459 20.7566730511 -8.606666666666667 -8.5600000000000005e+00 -8.25316666667 -3.04376   
760 9120 1.0640580802 20.8933755458 -8.606666666666667 -8.6033333333333335e+00 -8.49 -5.69776333333   
761 9132 1.07060138784 20.8702109949 -8.606666666666667 -8.5466666666666669e+00 -8.48 -8.30666666667   
762 9144 1.08526558038 20.7089576647 -8.606666666666667 -8.5800000000000001e+00 -8.49333333333 -8.14983333333   
763 9156 1.10270446414 20.4796216817 -8.606666666666667 -8.5533333333333328e+00 -8.45333333333 -8.24983333333   
764 9168 1.10054954454 20.3624690565 -8.606666666666667 -8.5500000000000007e+00 -8.39 0.245232666667   
765 9180 1.09687984688 20.5622212449 -8.606666666666667 -8.5466666666666669e+00 -8.48666666667 -8.11316666667   
766 9192 1.09790975628 20.6389009318 -8.606666666666667 -8.5666666666666664e+00 -8.38 -8.23983333333   
767 9204 1.09768113638 20.6915009728 -8.606666666666667 -8.5800000000000001e+00 -8.51 -8.44666666667   
768 9216 1.10986834151 20.5454608706 -8.606666666666667 -8.5833333333333339e+00 -8.46 -8.2765   
769 9228 1.13137696182 20.5908882441 -8.606666666666667 -8.5700000000000003e+00 -8.46666666667 -8.32666666667   
770 9240 1.13210185316 20.7698121586 -8.606666666666667 -8.5766666666666662e+00 -8.47 -8.10316666667   
771 9252 1.11111362328 20.6249621217 -8.606666666666667 -8.5466666666666669e+00 -8.5 -8.0865   
772 9264 1.12277313228 20.8983712223 -8.606666666666667 -8.5700000000000003e+00 -8.48666666667 -5.70933933333   
773 9276 1.13612397998 21.1283876327 -8.606666666666667 -8.5333333333333332e+00 -8.45333333333 -8.2065   
774 9288 1.14508758603 20.9021847884 -8.606666666666667 -8.5633333333333326e+00 -8.47 -8.36   
775 9300 1.16470997597 21.1049366759 -8.606666666666667 -8.5766666666666662e+00 -8.51666666667 -8.40666666667   
776 9312 1.18002368493 21.1675422212 -8.606666666666667 -8.5566666666666666e+00 -8.47666666667 -8.44333333333   
777 9324 1.19605234887 20.8614056025 -8.606666666666667 -8.5566666666666666e+00 -8.47333333333 -8.41666666667   
778 9336 1.16256583036 21.0530915387 -8.606666666666667 -8.5533333333333328e+00 -8.48666666667 1.0   
779 9348 1.15956846992 21.019797707 -8.606666666666667 -8.5600000000000005e+00 -8.48666666667 -8.43   
780 9360 1.13594175888 21.420025488 -8.606666666666667 -8.5733333333333341e+00 -8.48666666667 -8.18316666667   
781 9372 1.09904596686 21.5238188921 -8.606666666666667 -8.5666666666666664e+00 -8.49 -8.31333333333   
782 9384 1.06556678284 21.7647285399 -8.606666666666667 -8.5566666666666666e+00 -8.51333333333 -8.22983333333   
783 9396 1.04228138961 22.0205831363 -8.606666666666667 -8.5566666666666666e+00 -8.48666666667 -8.00316666667   
784 9408 1.05365690044 21.9968550185 -8.606666666666667 -8.5333333333333332e+00 -8.46333333333 -8.31666666667   
785 9420 1.04644460578 21.8227860203 -8.606666666666667 -8.5433333333333330e+00 -8.47333333333 -8.35666666667   
786 9432 1.03171395999 22.1541365229 -8.606666666666667 -8.5633333333333326e+00 -8.51333333333 -8.40333333333   
787 9444 1.02968735389 22.5192202817 -8.606666666666667 -8.5533333333333328e+00 -8.49666666667 -8.40333333333   
788 9456 1.01783903861 22.7916003848 -8.606666666666667 -8.5733333333333341e+00 -8.5 -8.41666666667   
789 9468 1.00616555608 22.5777298789 -8.606666666666667 -8.5500000000000007e+00 -8.51333333333 -8.42666666667   
790 9480 1.00456590038 22.7043649799 -8.606666666666667 -8.5600000000000005e+00 -8.5 -8.41333333333   
791 9492 1.00334689197 22.6779581373 -8.606666666666667 -8.5833333333333339e+00 -8.50333333333 -8.35666666667   
792 9504 0.993949330813 22.9767581821 -8.606666666666667 -8.5766666666666662e+00 -8.48 -8.28316666667   
793 9516 0.991096713673 23.2460197347 -8.606666666666667 -8.5566666666666666e+00 -8.50666666667 -8.44666666667   
794 9528 0.989965100803 23.2842314086 -8.606666666666667 -8.5800000000000001e+00 -8.48 -8.43666666667   
795 9540 0.996635495075 23.5150134318 -8.606666666666667 -8.5233333333333334e+00 -8.49 -8.42   
796 9552 1.01875737709 23.3449717884 -8.606666666666667 -8.5866666666666660e+00 -8.47666666667 -8.41666666667   
797 9564 1.01758035578 23.2482764476 -8.606666666666667 -8.5433333333333330e+00 -8.51333333333 -8.38333333333   
798 9576 1.04824839817 23.262209908 -8.606666666666667 -8.5533333333333328e+00 -8.50333333333 -8.42   
799 9588 1.05947820973 23.3783724063 -8.606666666666667 -8.5600000000000005e+00 -8.45333333333 -5.57286933333   
800 9600 1.10466192169 23.2002028697 -8.606666666666667 -8.5433333333333330e+00 -8.51 -8.0865   
801 9612 1.13686734292 23.1018327777 -8.606666666666667 -8.5633333333333326e+00 -8.48333333333 -8.37333333333   
802 9624 1.15206332586 23.4017928442 -8.606666666666667 -8.5566666666666666e+00 -8.40333333333 -8.14983333333   
803 9636 1.12210357633 23.1498562805 -8.606666666666667 -8.5266666666666673e+00 -8.48 -8.19983333333   
804 9648 1.163014745 23.5332684553 -8.606666666666667 -8.5466666666666669e+00 -8.52333333333 -8.47333333333   
805 9660 1.17953911654 23.6132166701 -8.606666666666667 -8.5366666666666671e+00 -8.46666666667 -8.24983333333   
806 9672 1.14556081277 23.4010017224 -8.606666666666667 -8.5833333333333339e+00 -8.51666666667 -8.47333333333   
807 9684 1.14542876032 23.4472383134 -8.606666666666667 -8.5633333333333326e+00 -8.50666666667 -5.436272   
808 9696 1.15620518355 23.4830281553 -8.606666666666667 -8.5833333333333339e+00 -8.5 -8.19983333333   
809 9708 1.1509310235 23.5380177273 -8.606666666666667 -8.5666666666666664e+00 -8.50333333333 -8.44   
810 9720 1.16053140507 23.9698789253 -8.606666666666667 -8.5533333333333328e+00 -8.53333333333 -8.39333333333   
811 9732 1.15463159847 24.021019703 -8.606666666666667 -8.5800000000000001e+00 -8.52 -8.41   
812 9744 1.17846999843 23.8190254076 -8.606666666666667 -8.5733333333333341e+00 -8.49 -3.18160666667   
813 9756 1.1396617719 23.5968214728 -8.606666666666667 -8.5800000000000001e+00 -8.5 -8.32   
814 9768 1.09847429035 23.7934217899 -8.606666666666667 -8.5666666666666664e+00 -8.42 -8.02316666667   
815 9780 1.09119966875 23.3947768439 -8.606666666666667 -8.5500000000000007e+00 -8.5 -8.41666666667   
816 9792 1.12964379352 23.3220367093 -8.606666666666667 -8.5700000000000003e+00 -8.49666666667 -3.06704   
817 9804 1.20467768331 23.1377062039 -8.606666666666667 -8.5466666666666669e+00 -8.37666666667 -8.10316666667   
818 9816 1.22650297741 22.9141764364 -8.606666666666667 -8.5433333333333330e+00 -8.35 -5.57683066667   
819 9828 1.30604939724 22.9065473796 -8.606666666666667 -8.5600000000000005e+00 -8.40666666667 -1.663496   
820 9840 1.35555204122 23.1272923027 -8.606666666666667 -8.5099999999999998e+00 -8.40333333333 -8.11316666667   
821 9852 1.37158764608 23.1689299628 -8.606666666666667 -8.5266666666666673e+00 -8.38666666667 -5.835514   
822 9864 1.34234272252 23.0403115121 -8.606666666666667 -8.5433333333333330e+00 -8.36333333333 -8.00316666667   
823 9876 1.32691352235 22.7934487666 -8.606666666666667 -8.5633333333333326e+00 -8.33333333333 -8.25983333333   
824 9888 1.3160637832 22.2799038436 -8.606666666666667 -8.5533333333333328e+00 -8.32666666667 -5.0   
825 9900 1.26377523183 22.2337893278 -8.606666666666667 -8.5533333333333328e+00 -8.43333333333 -5.69649066667   
826 9912 1.19642414205 22.3420657251 -8.606666666666667 -8.5666666666666664e+00 -8.37666666667 -8.01316666667   
827 9924 1.19938576175 22.0999741789 -8.606666666666667 -8.5600000000000005e+00 -8.36 0.464366666667   
828 9936 1.18671924412 22.5768701367 -8.606666666666667 -8.5700000000000003e+00 -8.45333333333 -3.96643146667   
829 9948 1.2589449881 22.8359067048 -8.606666666666667 -8.5700000000000003e+00 -8.51666666667 -8.2765   
830 9960 1.30489879276 22.9239665444 -8.606666666666667 -8.5833333333333339e+00 -8.47333333333 -8.31333333333   
831 9972 1.34228083343 23.257331374 -8.606666666666667 -8.5466666666666669e+00 -8.46333333333 -8.35666666667   
832 9984 1.33223922758 23.9493045721 -8.606666666666667 -8.5666666666666664e+00 -8.46666666667 -8.2265   
833 9996 1.30267039564 24.8816731609 -8.606666666666667 -8.5533333333333328e+00 -8.46 -5.46946533333   
834 10008 1.23828035473 25.008273233 -8.606666666666667 -8.5800000000000001e+00 -8.47333333333 -8.38666666667   
835 10020 1.23527457703 25.1688012546 -8.606666666666667 -8.5266666666666673e+00 -8.47 -8.10316666667   
836 10032 1.20527901711 24.9791833711 -8.606666666666667 -8.5733333333333341e+00 -8.49333333333 -8.33666666667   
837 10044 1.19750486745 25.262832875 -8.606666666666667 -8.5199999999999996e+00 -8.41 -8.25983333333   
838 10056 1.13542290654 25.131407203 -8.606666666666667 -8.5433333333333330e+00 -8.46 0.770866666667   
839 10068 1.16137546275 25.1493648674 -8.606666666666667 -8.5633333333333326e+00 -8.50666666667 -8.35   
840 10080 1.18038480547 25.0894411499 -8.606666666666667 -8.5533333333333328e+00 -8.48 -8.23983333333   
841 10092 1.19489000173 24.4717709462 -8.606666666666667 -8.5633333333333326e+00 -8.52 -8.2265   
842 10104 1.23964283886 23.9711999771 -8.606666666666667 -8.5566666666666666e+00 -8.48 -8.10316666667   
843 10116 1.27820824224 23.6622176775 -8.606666666666667 -8.5633333333333326e+00 -8.45 0.368485333333   
844 10128 1.29537140783 23.5859127117 -8.606666666666667 -8.5899999999999999e+00 -8.33 -8.25983333333   
845 10140 1.30200322774 23.5317287526 -8.606666666666667 -8.5666666666666664e+00 -8.53 -8.14316666667   
846 10152 1.26089186239 23.871612734 -8.606666666666667 -8.5399999999999991e+00 -8.48666666667 -5.70253933333   
847 10164 1.24290096732 23.5480392144 -8.606666666666667 -8.5500000000000007e+00 -8.48666666667 -8.29333333333   
848 10176 1.18535160544 23.4861839522 -8.606666666666667 -8.5733333333333341e+00 -8.46 -8.1565   
849 10188 1.16181773621 23.3379938892 -8.606666666666667 -8.5533333333333328e+00 -8.45666666667 -5.53000133333   
850 10200 1.15059465489 23.2759996227 -8.606666666666667 -8.5866666666666660e+00 -8.46666666667 -8.19983333333   
851 10212 1.12530033543 23.3995731799 -8.606666666666667 -8.5600000000000005e+00 -8.40666666667 -5.67330666667   
852 10224 1.09587648947 23.6636002442 -8.606666666666667 -8.5666666666666664e+00 -8.40666666667 -8.16983333333   
853 10236 1.11304974901 23.9477977222 -8.606666666666667 -8.5666666666666664e+00 -8.43 0.364308   
854 10248 1.10276935844 23.9952347497 -8.606666666666667 -8.5766666666666662e+00 -8.50333333333 -5.731464   
855 10260 1.10208392482 23.8892734863 -8.606666666666667 -8.5666666666666664e+00 -8.38666666667 -3.18006666667   
856 10272 1.1096454147 23.8809483617 -8.606666666666667 -8.5733333333333341e+00 -8.1265 0.643265333333   
857 10284 1.1229561949 24.01789293 -8.606666666666667 -8.5333333333333332e+00 -8.19316666667 0.615732666667   
858 10296 1.1542980773 24.167568104 -8.606666666666667 -8.5600000000000005e+00 -8.44666666667 0.449014666667   
859 10308 1.1579805552 23.8825479863 -8.606666666666667 -8.5566666666666666e+00 -8.32333333333 0.66994   
860 10320 1.16288696294 23.7213951688 -8.606666666666667 -8.5733333333333341e+00 -8.38 0.556284   
861 10332 1.14009895682 23.6698262295 -8.606666666666667 -8.5899999999999999e+00 -8.44333333333 0.868553333333   
862 10344 1.14246316133 23.5148755399 -8.606666666666667 -8.5600000000000005e+00 -8.38666666667 0.559714666667   
863 10356 1.14616685113 23.3230736877 -8.606666666666667 -8.5800000000000001e+00 -8.47666666667 -8.12983333333   
864 10368 1.17223030737 23.1756495299 -8.606666666666667 -8.5666666666666664e+00 -8.35 0.531088   
865 10380 1.17263848863 23.2407242216 -8.606666666666667 -8.5633333333333326e+00 -8.37333333333 0.650786   
866 10392 1.17137517364 23.0828406256 -8.606666666666667 -8.5399999999999991e+00 -8.48 -8.08316666667   
867 10404 1.16948584782 22.7906500986 -8.606666666666667 -8.5966666666666658e+00 -8.46333333333 -8.18316666667   
868 10416 1.19132425919 22.3576793246 -8.606666666666667 -8.5399999999999991e+00 -8.49666666667 -1.74455533333   
869 10428 1.18243250627 22.236171346 -8.606666666666667 -8.5633333333333326e+00 -8.45333333333 -8.29   
870 10440 1.16132293691 22.3882835039 -8.606666666666667 -8.5833333333333339e+00 -8.44 -8.2165   
