% # columns="iteration, evaluation, sigma, max axis length,  min axis length, all principle axes lengths  (sorted square roots of eigenvalues of C)", seed=9, Tue Aug 14 12:33:46 2018
1 12 1.90807433336 1.00004705993 1.0 1.0 1.00000294118 1.00000588237 1.00000882357 1.00001176478 1.00001470599 1.00001764721 1.00002058845 1.00002352969 1.00002647094 1.0000294122 1.00003235346 1.00003529474 1.00003823603 1.00004117732 1.00004411862 1.00004705993
2 24 1.8461449426 1.06743247284 0.92824644972 0.92824644972 0.973203492499 0.981748666591 0.984692181869 0.993495630598 0.99684680702 1.00001105576 1.00001710532 1.00002447108 1.00002848442 1.00003401437 1.00048145213 1.00171125868 1.00593004826 1.01040988881 1.02412366578 1.06743247284
3 36 1.75307966333 1.07756327379 0.919715890591 0.919715890591 0.947970893459 0.968106542292 0.971324750036 0.979768128165 0.982173293906 0.992727430958 0.995449779566 0.99873445819 0.999785965626 1.00335408359 1.00954357573 1.01040126475 1.01597893911 1.02043249584 1.04789085072 1.07756327379
4 48 1.74413187558 1.09375575748 0.907004818586 0.907004818586 0.937006814032 0.948635348602 0.95730169477 0.97107972891 0.980113917384 0.984865541751 0.990619508891 0.994551520275 0.997550939801 1.00371284184 1.01123337732 1.01609062516 1.02032594831 1.02580770926 1.06172118126 1.09375575748
5 60 1.67418342994 1.13759736695 0.89178814406 0.89178814406 0.919020933411 0.946047324439 0.952284511423 0.970432767071 0.975881028917 0.983885080995 0.989587637796 0.994663155464 0.998901961402 1.00269625779 1.00948759557 1.01153314875 1.02452532272 1.03293571214 1.06283220462 1.13759736695
6 72 1.6817690344 1.15554003813 0.878408009397 0.878408009397 0.903709139454 0.934912671132 0.948063872589 0.957086579313 0.970430216807 0.98734138611 0.991378202323 0.993694373808 1.00339523875 1.00860154637 1.01222031267 1.01825672636 1.02042362817 1.03653395278 1.06497998606 1.15554003813
7 84 1.61985724407 1.15817038954 0.881820911555 0.881820911555 0.899244637107 0.922488661598 0.945199114694 0.955861169083 0.959807926102 0.981706193099 0.98541011472 0.991979964578 1.00223776101 1.00666883625 1.00900638274 1.02079312724 1.02629277871 1.03677804903 1.08134358518 1.15817038954
8 96 1.59835474986 1.1617885683 0.887709549047 0.887709549047 0.897060012038 0.909990424244 0.932025576068 0.950399938915 0.958423008319 0.96942741564 0.984150198744 0.991668109387 0.997922516657 1.00854512092 1.01559792202 1.01827693124 1.02889451877 1.03820790315 1.07133637062 1.1617885683
9 108 1.51958908501 1.17732235251 0.877041499975 0.877041499975 0.892589768724 0.900389801135 0.918628395623 0.938374787516 0.951089726033 0.962779086387 0.980748378718 0.986061593225 0.99610772416 1.00902690143 1.02158869667 1.02504773063 1.03397299517 1.04857988231 1.08201968764 1.17732235251
10 120 1.48590096388 1.19098994963 0.855676126583 0.855676126583 0.891478444914 0.900018410518 0.912755997152 0.932752078442 0.944411332404 0.964597377454 0.976031414916 0.986424644132 0.994924561707 1.00263138344 1.01808169736 1.02547415126 1.0313119923 1.04691970239 1.08606667587 1.19098994963
11 132 1.46492468126 1.19868730931 0.839684483977 0.839684483977 0.890169966561 0.896941040295 0.903065682369 0.925211857665 0.942871479074 0.959177520305 0.969896268262 0.978179733092 0.991550493064 0.999586706181 1.02658346156 1.03361433276 1.03892142383 1.06577530074 1.08561358075 1.19868730931
12 144 1.52393074934 1.21590466869 0.845462274512 0.845462274512 0.882862102809 0.890526876025 0.898409402139 0.924601366211 0.939346732628 0.950637052163 0.965588323565 0.971476519358 0.98320346286 0.998969826462 1.02597504191 1.0313832819 1.0471140088 1.07160316519 1.08641096164 1.21590466869
13 156 1.54679675505 1.24102375068 0.829699716301 0.829699716301 0.874039913202 0.892207972748 0.899291603877 0.91586922859 0.923417581417 0.944107428063 0.967717175605 0.973180784315 0.989702977342 1.00649728639 1.02254371328 1.03874573648 1.05377369281 1.06966425348 1.10227345944 1.24102375068
14 168 1.5977953172 1.2597919522 0.827491920352 0.827491920352 0.852565034893 0.881662595866 0.893135767821 0.910561139988 0.926210286753 0.945496905755 0.959985518891 0.971712393862 0.986641660106 1.00335370916 1.02444284979 1.04259233343 1.05812418642 1.07633791678 1.11258807917 1.2597919522
15 180 1.65868738858 1.27175293645 0.830211857932 0.830211857932 0.843445434451 0.876687541586 0.885874993169 0.912207306958 0.932311383958 0.936758761004 0.949980081413 0.966730293524 0.985791745211 0.989136336048 1.02594472891 1.03582244552 1.06826867788 1.07517742148 1.14058098335 1.27175293645
16 192 1.77498880359 1.27683717189 0.825597640632 0.825597640632 0.839433325857 0.859850666872 0.886201153156 0.907476412746 0.929375974155 0.94439114536 0.957708751738 0.970715104849 0.976597282839 0.991508581549 1.01325887614 1.03972093248 1.07202585093 1.09438496037 1.13655573967 1.27683717189
17 204 1.75037352453 1.30317143115 0.81814154757 0.81814154757 0.825166522768 0.863134591982 0.885063082368 0.90406078811 0.915740839276 0.935411471286 0.960196552959 0.968678269489 0.98576980477 0.992655433038 1.01361090534 1.04311458893 1.07458991827 1.0923171697 1.17193355948 1.30317143115
18 216 1.72205611732 1.30564908126 0.803554367618 0.803554367618 0.818976187814 0.858713667913 0.879812618972 0.897526315849 0.924663843444 0.929285252044 0.955059273452 0.966300797848 0.986965206177 0.991064410936 1.01138134444 1.03844708764 1.07221037666 1.10288139649 1.1827878868 1.30564908126
19 228 1.69855298003 1.32661761591 0.780962437615 0.780962437615 0.824417933148 0.850661681773 0.879990753967 0.893418043581 0.917291335914 0.923277932545 0.958060672557 0.974427829045 0.984718903807 0.994734384972 1.00696972659 1.04100554719 1.07543793477 1.09844448096 1.17880779842 1.32661761591
20 240 1.71814932017 1.32082593112 0.778717237989 0.778717237989 0.819735734305 0.851033161974 0.881102062503 0.89485751748 0.910361113469 0.917597854106 0.954334509224 0.987990886185 0.990759203461 1.00234513057 1.01727432784 1.03417703981 1.07579446554 1.09953983145 1.19048796923 1.32082593112
21 252 1.69721433718 1.313879606 0.769151817169 0.769151817169 0.82259450517 0.842185495776 0.860752095969 0.888774246777 0.905403459488 0.912466318083 0.954535264926 0.972567029287 0.995256111005 1.00154401658 1.02851031563 1.04846744348 1.08215406403 1.10535755588 1.19307190949 1.313879606
22 264 1.54217919532 1.29429115988 0.771459703156 0.771459703156 0.824841530292 0.831595969781 0.85728264081 0.875248764061 0.895822926286 0.910184160451 0.941845626586 0.971085146312 0.991790143668 1.00356329436 1.03477426839 1.04708007571 1.1011205749 1.11603336411 1.1999173384 1.29429115988
23 276 1.50341302618 1.28784150393 0.756396450699 0.756396450699 0.826691045271 0.828743956078 0.853805626827 0.870832858914 0.891814800465 0.910714200247 0.945031177829 0.950571068752 0.98614221214 0.993640776784 1.02667191821 1.04437428307 1.10956702249 1.12030366952 1.1970383875 1.28784150393
24 288 1.47906970866 1.27920995385 0.759425112072 0.759425112072 0.81934920307 0.82765835095 0.854144042392 0.858920453865 0.894549299534 0.906202749507 0.943634878862 0.963488205514 0.971548690761 0.993974904947 1.03180402027 1.05742584815 1.08683416808 1.13547439597 1.19235334161 1.27920995385
25 300 1.42072903585 1.2591909644 0.760630723523 0.760630723523 0.824637701204 0.840868462696 0.845696536693 0.85163654323 0.899784950116 0.903361824593 0.935309934433 0.961854593023 0.976152128556 0.998577814079 1.02474988954 1.06199651661 1.08553408334 1.13938570719 1.17961730794 1.2591909644
26 312 1.43630157202 1.26032638834 0.754626616997 0.754626616997 0.813228555815 0.835774974725 0.84443194564 0.856762512552 0.897599660772 0.904907308811 0.929939499693 0.957239304203 0.964281127031 0.992517605362 1.0251583405 1.06686725238 1.08932709101 1.13967389366 1.18351714855 1.26032638834
27 324 1.40913411083 1.25891889659 0.763798645022 0.763798645022 0.808152341344 0.824711598933 0.84997796404 0.858126659175 0.887922616572 0.906859518424 0.920394606901 0.950671638421 0.969554241725 0.98677848085 1.02239692412 1.07492683528 1.08917297225 1.14841089637 1.18659478114 1.25891889659
28 336 1.38994296137 1.26129744128 0.761685256208 0.761685256208 0.805538584019 0.835819854932 0.842783893169 0.857414048123 0.88099630332 0.906317146695 0.915065046247 0.946021839087 0.956302837506 0.993862237435 1.01677811406 1.06976786259 1.09420165867 1.14059210315 1.18262035517 1.26129744128
29 348 1.29033487204 1.25560973648 0.762446133247 0.762446133247 0.798372201594 0.832101262137 0.842191434404 0.85182176623 0.883081427783 0.8940934372 0.919521671858 0.929935028646 0.948771325946 1.00483742129 1.02198941095 1.06526880603 1.09605243347 1.15268878606 1.16824891405 1.25560973648
30 360 1.28978061714 1.26174037295 0.757591286178 0.757591286178 0.78649065614 0.824086168851 0.830069343638 0.852425232368 0.873945937985 0.893340022807 0.90889768605 0.920658169389 0.9543589763 1.00409069896 1.01616665752 1.07157923407 1.09108396287 1.15120062047 1.16517320474 1.26174037295
31 372 1.25773975219 1.27952670937 0.754399296246 0.754399296246 0.780963111724 0.824975539542 0.82943109459 0.849241347927 0.867571530934 0.887802619544 0.90717980409 0.911955393303 0.982581126687 1.0017303643 1.01098864043 1.07226482653 1.09919601824 1.1370187082 1.16931850854 1.27952670937
32 384 1.24475501111 1.29446755339 0.74383045665 0.74383045665 0.778556651881 0.818609865952 0.829635769155 0.842692224853 0.866732423213 0.868318726656 0.901678269739 0.92135165215 0.988207279792 0.996719633229 1.01320821875 1.07507591382 1.10416899248 1.13941591242 1.15281611017 1.29446755339
33 396 1.23035413903 1.29370475242 0.732320778569 0.732320778569 0.783613621428 0.812012263899 0.82452492812 0.833404164572 0.86138825071 0.866962738158 0.886204333588 0.920188878357 0.994881339515 1.00705878404 1.01854871008 1.06905291979 1.10101033478 1.13289025179 1.15214575932 1.29370475242
34 408 1.14462848824 1.32002804905 0.730524549353 0.730524549353 0.782254265049 0.806481535013 0.819139764212 0.835543939736 0.843462139899 0.866412136565 0.888844604198 0.916635212088 0.985176407583 1.00382503868 1.03530607273 1.06586507862 1.09962899001 1.13911982428 1.14193214097 1.32002804905
35 420 1.15224826261 1.32218636709 0.722379780222 0.722379780222 0.776885376641 0.798428848364 0.811531193854 0.833633933093 0.847778097261 0.860557816712 0.886900148146 0.907051320043 0.983364850179 0.996993851436 1.04327648773 1.06879690192 1.0964270745 1.1339161809 1.16677551891 1.32218636709
36 432 1.13295727033 1.33533770828 0.723657305326 0.723657305326 0.764708381586 0.795405631269 0.802416577674 0.830002824244 0.858076912869 0.864346260655 0.90100463804 0.904445730658 0.979216817613 0.991965744887 1.04080832222 1.06775594529 1.09757038221 1.15354462752 1.16009645434 1.33533770828
37 444 1.07198503819 1.33958078273 0.71680017541 0.71680017541 0.759507135822 0.790100445145 0.794556758172 0.825238259683 0.850797529008 0.868197077791 0.900249292331 0.915334617224 0.975119571875 0.992176833855 1.01708221443 1.06573706059 1.09627817663 1.15092682461 1.17091377779 1.33958078273
38 456 1.0384685587 1.34866022866 0.712897247045 0.712897247045 0.755621291244 0.786962048999 0.790093300214 0.826669640973 0.847828405749 0.861748782878 0.898415294046 0.915527821471 0.9718583136 0.977743347818 1.0086160872 1.06575561322 1.10396958786 1.1377337486 1.17931048061 1.34866022866
39 468 0.996127827962 1.35491960323 0.707745812464 0.707745812464 0.756878032572 0.78231369165 0.787564079585 0.823178967984 0.832582032851 0.852871233317 0.893729797382 0.91376434258 0.966052823766 0.978581517901 1.00423485949 1.06021227473 1.11076125103 1.13322692361 1.1718500541 1.35491960323
40 480 0.974656029671 1.34443793954 0.699875927829 0.699875927829 0.7571438482 0.781874238205 0.793833150233 0.813959780147 0.825598736902 0.86058531473 0.895097949505 0.911976635241 0.96532308353 0.979758322391 1.00494499833 1.0451554911 1.11567509371 1.12656554658 1.17192038213 1.34443793954
41 492 0.971730067734 1.34270184231 0.701810218858 0.701810218858 0.764115987632 0.780105681116 0.79505700483 0.817244408779 0.838999710852 0.854122650356 0.88112976424 0.90273822205 0.958065541097 0.968518799261 1.0024693467 1.04207845247 1.10679197422 1.12262631816 1.16763768496 1.34270184231
42 504 0.924465385795 1.34287031691 0.696657327843 0.696657327843 0.760990052433 0.774509665828 0.791488085299 0.811921577521 0.845710857877 0.849401516504 0.880464025997 0.891135574761 0.94833665799 0.966271840558 1.00276545517 1.0496672168 1.12099890738 1.14304139518 1.1638483583 1.34287031691
43 516 0.868686829542 1.34866906511 0.69175339787 0.69175339787 0.757705648649 0.765597077053 0.795253512282 0.807438301983 0.847558332488 0.855435751422 0.873036832971 0.888984317161 0.945168978427 0.960488392041 1.00653266855 1.0578252009 1.09450817303 1.13996751658 1.15971155386 1.34866906511
44 528 0.822975758459 1.36684773478 0.691921012354 0.691921012354 0.759827223327 0.760753200554 0.79232448214 0.808312821939 0.839133376087 0.844675785431 0.870352665322 0.885526663253 0.943223788539 0.962755108305 0.997419725705 1.0515998444 1.09188808835 1.13632534898 1.16091338335 1.36684773478
45 540 0.776988347479 1.36860869565 0.68741580941 0.68741580941 0.741079991416 0.757382816826 0.789554426024 0.813751508836 0.83402363745 0.843117558569 0.869146157294 0.887708094926 0.93755459032 0.96097703625 0.995216209312 1.05460560884 1.08491083916 1.13768130417 1.16171366843 1.36860869565
46 552 0.746321387226 1.36824938989 0.679722439264 0.679722439264 0.740014459497 0.756435756926 0.784008929861 0.808979418845 0.835094664637 0.845552446393 0.871144266291 0.891511101347 0.930525373527 0.967349418233 0.996685569032 1.02246009004 1.08026986499 1.13602457827 1.17410512284 1.36824938989
47 564 0.73194591752 1.36569305874 0.68766695934 0.68766695934 0.744801289662 0.751120772817 0.778268352715 0.808974790817 0.832305831537 0.845200323231 0.870167193454 0.886989829738 0.922536516135 0.957462319631 0.991398948765 1.01577717205 1.07700822708 1.14076632465 1.17339019953 1.36569305874
48 576 0.739620348544 1.37708077028 0.682306284322 0.682306284322 0.742874721763 0.749860806477 0.782226907421 0.799435982641 0.821729221237 0.840555749442 0.865458101069 0.894208516625 0.917065295289 0.960016768729 0.992961149994 1.00832527424 1.07407807826 1.13882062405 1.1733467951 1.37708077028
49 588 0.745809972915 1.38592816675 0.676249767028 0.676249767028 0.729709500125 0.741836579046 0.77767700961 0.793683805995 0.823787713519 0.836065215591 0.854996860241 0.907155008629 0.913612878296 0.969412359264 0.991660090729 1.01277619545 1.08092348109 1.14775803696 1.17344284536 1.38592816675
50 600 0.794933065831 1.39012389518 0.67075437038 0.67075437038 0.722775112989 0.732164503917 0.779864131111 0.791752110495 0.822536874465 0.835350794002 0.852966983308 0.908953036636 0.909979440459 0.965268202377 0.975969895662 1.02307575863 1.10554421658 1.15016888293 1.16875736779 1.39012389518
51 612 0.837291582189 1.39826097454 0.663020629234 0.663020629234 0.708147723171 0.734476978907 0.779786378362 0.790799224245 0.808063424429 0.844409159217 0.851999044172 0.901899257224 0.904293131406 0.964604930643 0.976216253573 1.05562907165 1.12234182822 1.15272439957 1.17944060006 1.39826097454
52 624 0.875307740588 1.41831070048 0.65078788771 0.65078788771 0.703886184091 0.724874801271 0.777940554774 0.78774648714 0.810084959359 0.839945445052 0.854837224524 0.897967120168 0.901033266509 0.966556139346 0.973073756436 1.05926112404 1.12485633896 1.15094449997 1.21608695402 1.41831070048
53 636 0.933911461637 1.43152524916 0.645378316808 0.645378316808 0.6958398599 0.723064078023 0.767605846258 0.791415766351 0.803712750436 0.839262218207 0.849473931729 0.888394275757 0.904291151282 0.957227776742 0.978077355778 1.07521784747 1.12776713237 1.15011188561 1.24735771146 1.43152524916
54 648 1.00570562024 1.43724137968 0.643423291971 0.643423291971 0.684064410794 0.717772897298 0.759848476998 0.791385077299 0.812827041315 0.835145362507 0.85307344514 0.884264944016 0.904263854405 0.956256935963 0.974535688264 1.10096334855 1.11387421661 1.14889825593 1.30150899664 1.43724137968
55 660 1.02334561474 1.44702738366 0.640110903452 0.640110903452 0.672396121675 0.712401979571 0.763588693121 0.783202730874 0.806160898385 0.835743602015 0.839034202455 0.886516304028 0.896745940867 0.96849790475 1.00444917167 1.10631993864 1.11322495987 1.14887952812 1.33659549741 1.44702738366
56 672 1.02769227399 1.46096830164 0.64101956258 0.64101956258 0.661587262784 0.711219838342 0.773282577181 0.778228478974 0.795563296664 0.835039907688 0.839854724084 0.878203877341 0.891971324024 0.954228909459 1.00401302087 1.11144362159 1.12232231478 1.15349397687 1.34457326707 1.46096830164
57 684 1.01341702114 1.4611494506 0.640445839384 0.640445839384 0.659535728442 0.703643481992 0.764375965442 0.775623468443 0.791767974344 0.833357498512 0.843135245074 0.872109745247 0.89224474117 0.960685545468 1.00501161258 1.10153670633 1.1232880518 1.16578900386 1.38294703037 1.4611494506
58 696 1.02614575068 1.48826822473 0.630893792358 0.630893792358 0.661303161711 0.698198884057 0.765136208037 0.771974978656 0.789552936831 0.827867065304 0.834306375324 0.872061656432 0.883002105561 0.954401796944 1.00573145682 1.09618679029 1.12596534699 1.16323199189 1.40730459438 1.48826822473
59 708 1.00445646096 1.50438830217 0.620742246945 0.620742246945 0.663277306509 0.69902677744 0.761587011513 0.765129989504 0.790144289802 0.828497907594 0.834988559923 0.874318532998 0.884322026561 0.945675011182 0.989189951449 1.08174697516 1.12739142328 1.16142719222 1.43450435006 1.50438830217
60 720 0.967579492876 1.51817096687 0.624848592686 0.624848592686 0.652064364046 0.692892006154 0.753465778084 0.76066894755 0.783388389813 0.822049260233 0.836179523 0.873404493566 0.882862541266 0.948954810764 0.988660607535 1.08737703273 1.12593154027 1.15225548169 1.43903291818 1.51817096687
61 732 0.952606041714 1.52917290801 0.622638021255 0.622638021255 0.654965968137 0.692482349053 0.748758234316 0.750033327014 0.779278007913 0.822782872994 0.838929620408 0.872193603961 0.87918255015 0.943198320071 0.996004959249 1.08759635358 1.12845471728 1.14525019312 1.42108365286 1.52917290801
62 744 0.922557040144 1.52616556065 0.626664145078 0.626664145078 0.655871232907 0.686118936821 0.724926806651 0.751075300863 0.77921960022 0.82367533403 0.8424778955 0.864251045945 0.877927969168 0.946855169306 0.99457427871 1.07901308549 1.12845507867 1.14416996969 1.4172093407 1.52616556065
63 756 0.924245368438 1.51710707506 0.616921694433 0.616921694433 0.648273721226 0.688877925118 0.729741887185 0.746476865307 0.781478629549 0.819785355277 0.84406692318 0.882336956276 0.888599785983 0.94496053513 0.988117833884 1.07421066414 1.12468186367 1.15346132134 1.42409713809 1.51710707506
64 768 0.904774195169 1.52345147368 0.617131454264 0.617131454264 0.646539651783 0.682164568007 0.730239278234 0.742648068269 0.776774069443 0.821352655294 0.84536327707 0.8720429424 0.886824317906 0.948036278078 0.985008635806 1.07832500683 1.12215894355 1.1707036915 1.42234541409 1.52345147368
65 780 0.874007870436 1.52357432534 0.613492633134 0.613492633134 0.640281018314 0.675336973509 0.729059486635 0.739884569416 0.782496755128 0.812650497775 0.8396038292 0.87341252315 0.885959100096 0.947398864145 0.98213865213 1.09341241842 1.13015864423 1.17235858898 1.42655030493 1.52357432534
66 792 0.841132491157 1.52692004122 0.601450649055 0.601450649055 0.639210410374 0.674066196283 0.727325286488 0.739726507122 0.774033177535 0.81446941083 0.840330722822 0.872235689416 0.889566239229 0.946139104481 0.977810179622 1.07745384595 1.13496775883 1.17126747897 1.42252214771 1.52692004122
67 804 0.857603842478 1.51579159336 0.597300244186 0.597300244186 0.639814306594 0.676499722978 0.719673867206 0.745583778721 0.76935150462 0.803588718166 0.842461283323 0.872656834372 0.893150108603 0.935840839782 0.971523942344 1.07285210856 1.1330017702 1.1648827543 1.42799114446 1.51579159336
68 816 0.876858621126 1.53508147366 0.582579663699 0.582579663699 0.640957955821 0.677122739902 0.718949011291 0.748362412997 0.780657986317 0.800689983173 0.843931208528 0.867336596119 0.887881003135 0.936616298069 0.978765402783 1.06624661324 1.13747769159 1.16616544417 1.4349516146 1.53508147366
69 828 0.91772146604 1.53336530381 0.58517158233 0.58517158233 0.631868349971 0.677505102706 0.711843658645 0.747828962994 0.777391916518 0.797985509189 0.843057732812 0.873013451229 0.89723573127 0.938748638208 0.974034749541 1.06575789034 1.12814484558 1.16435599607 1.44557393731 1.53336530381
70 840 0.954483902602 1.52895992436 0.589505400228 0.589505400228 0.627149272608 0.670706821414 0.708919048532 0.753742029548 0.775784609779 0.794222607233 0.840373883051 0.871244810089 0.898244300525 0.944720741314 0.968551655747 1.05907756275 1.13065205101 1.16944278911 1.46351084443 1.52895992436
71 852 1.00249416837 1.52654549053 0.586755982405 0.586755982405 0.621600688258 0.667950721778 0.700439940842 0.742458432821 0.780039727303 0.791641068777 0.840613232952 0.871355546614 0.904233188754 0.946443655271 0.958611140214 1.05778805221 1.12920196277 1.17404676482 1.49068738832 1.52654549053
72 864 1.01134055482 1.52899417251 0.589058315479 0.589058315479 0.618047107096 0.670640872706 0.691894680276 0.738625078725 0.772695151815 0.780606699395 0.837737939531 0.871095230914 0.90836612153 0.955988963655 0.965156757473 1.0649214601 1.13580406039 1.19552973931 1.49287075663 1.52899417251
73 876 1.0206940576 1.52775785346 0.581674064087 0.581674064087 0.618486956557 0.666472676535 0.685658717057 0.738302409136 0.769064368345 0.778337283783 0.829706903368 0.872419920312 0.909818311982 0.958008072656 0.96298617038 1.06358154478 1.13070111156 1.20107343027 1.49494839118 1.52775785346
74 888 1.01455357292 1.53772626855 0.579566252827 0.579566252827 0.597848304754 0.663039983569 0.703866141772 0.744521143394 0.760275426545 0.779541588576 0.826909070537 0.870274432125 0.905238857256 0.957894361129 0.963168719095 1.06673147127 1.13067222282 1.19783863514 1.49436029679 1.53772626855
75 900 1.03719090793 1.55306084657 0.577235827692 0.577235827692 0.594561492728 0.668649665373 0.705548051499 0.738131424058 0.752838851699 0.775867312722 0.829289554186 0.865211692769 0.908499223509 0.954941644529 0.971277153667 1.06315633308 1.13779118081 1.20942141274 1.48308534749 1.55306084657
76 912 1.07491913899 1.60337082127 0.573556788583 0.573556788583 0.594387753805 0.668441980129 0.692404898559 0.741159055072 0.755237407436 0.763918462706 0.828865016522 0.866146818771 0.90774954779 0.962612214297 0.970847927432 1.06190797453 1.12991955427 1.21523888955 1.47558884965 1.60337082127
77 924 1.0640810557 1.62555866136 0.574045662186 0.574045662186 0.595205490921 0.653507474198 0.687377607783 0.737659524402 0.754446207305 0.766423313424 0.829188781281 0.86252871473 0.915590500691 0.960645152961 0.972120603688 1.06614514943 1.13431546299 1.2294929041 1.480962228 1.62555866136
78 936 1.05119749313 1.65286764731 0.571555221574 0.571555221574 0.593618405563 0.645394140826 0.686832453272 0.743346225131 0.750625041751 0.767434792391 0.815247253517 0.871678171027 0.8935064718 0.957177705611 0.971232947733 1.06300077297 1.13102821458 1.22546229597 1.48483580434 1.65286764731
79 948 1.00127503433 1.67496481842 0.56699495935 0.56699495935 0.59700667333 0.643311947949 0.691830398785 0.737799207455 0.749406720049 0.763178291062 0.812510930453 0.863134195049 0.877495073928 0.957788582236 0.967554133992 1.06343106841 1.12625074548 1.21951679995 1.48194712101 1.67496481842
80 960 0.948661055164 1.66768836772 0.569531885372 0.569531885372 0.588075396864 0.63656605707 0.692608553101 0.738259704239 0.755190776486 0.763293058833 0.813210121888 0.854386486233 0.873530715294 0.953201253029 0.969213691227 1.06214295636 1.11237702773 1.22851971126 1.46651262708 1.66768836772
81 972 0.908419370508 1.67687034452 0.564496146649 0.564496146649 0.583161470546 0.631623599 0.692507786235 0.749340237344 0.755543405961 0.768265235102 0.808249240655 0.854473588623 0.872573900567 0.943155673595 0.957350615303 1.05229746744 1.12984729481 1.22513607322 1.46859060797 1.67687034452
82 984 0.86791075719 1.66767588549 0.555955910562 0.555955910562 0.582816053644 0.631115730419 0.69336426394 0.745105216615 0.758856374975 0.775039539286 0.811585677624 0.846106528024 0.871509490411 0.932692287448 0.973924066581 1.05258301435 1.12545820768 1.21503588274 1.47792561422 1.66767588549
83 996 0.842684611998 1.66584653992 0.550866481361 0.550866481361 0.583321360495 0.624580633251 0.684536551195 0.73261710936 0.751292446775 0.779009209991 0.813305722645 0.842666227219 0.872399906454 0.929142707393 0.968571610035 1.05600999095 1.1249278444 1.2061846796 1.47580108758 1.66584653992
84 1008 0.819392336459 1.65246806749 0.54099523109 0.54099523109 0.582849217153 0.614302376958 0.681667508463 0.724078224629 0.753240085594 0.789387173227 0.817138487817 0.838877644252 0.875067588018 0.939676313757 0.966022217195 1.0504004703 1.13771905411 1.20723363821 1.46686606503 1.65246806749
85 1020 0.794783468102 1.66964305243 0.536779541271 0.536779541271 0.580308053869 0.626742700898 0.673847774037 0.721008083809 0.75433118757 0.792829603571 0.818030010752 0.826008541213 0.875202885146 0.944637717649 0.979655767192 1.04803413017 1.12361227684 1.18330708585 1.46698838194 1.66964305243
86 1032 0.756211100894 1.68068153731 0.531102446804 0.531102446804 0.580316060102 0.628993597378 0.669360210904 0.724624539578 0.756166440391 0.781753097957 0.821855628753 0.828422597578 0.876440029301 0.932971230549 0.976734728878 1.0468604563 1.12802913865 1.17927400389 1.46054852288 1.68068153731
87 1044 0.736383952232 1.68604745864 0.531545612589 0.531545612589 0.580523811942 0.630497589763 0.661472988271 0.713342970292 0.750843373485 0.779133349436 0.815845835345 0.82929297893 0.866178505897 0.930288807852 0.972656934716 1.05042426904 1.1244438289 1.17943809457 1.4767207558 1.68604745864
88 1056 0.739710836324 1.69266375701 0.528054391145 0.528054391145 0.580903895237 0.632767113993 0.659965225572 0.707446560163 0.750404535208 0.778635354477 0.816449197474 0.84702741026 0.864451432436 0.924292437717 0.969915589376 1.05764645124 1.13769047633 1.18010548726 1.44530318104 1.69266375701
89 1068 0.743760220498 1.69483340786 0.516982464302 0.516982464302 0.578890921184 0.633560841986 0.656497809213 0.714085818205 0.749137620935 0.782574202674 0.812096031246 0.831066777502 0.865186626131 0.923789611712 0.969675640705 1.05513253629 1.16353019353 1.17527415468 1.45265630233 1.69483340786
90 1080 0.751903304247 1.68891596119 0.509185528032 0.509185528032 0.579550242138 0.632675099695 0.653710163483 0.703762550732 0.747025740394 0.797678618825 0.807914510464 0.824444983534 0.870086937116 0.922028313985 0.975468996844 1.05535889085 1.15511075588 1.18891800179 1.44741290234 1.68891596119
91 1092 0.754306600946 1.67258725557 0.506762705599 0.506762705599 0.571187463051 0.630317059119 0.652259647653 0.705903293713 0.745140660144 0.801430045366 0.808194558219 0.815101489205 0.87916450785 0.927004533825 0.969829373589 1.05618201288 1.16214298415 1.2061086125 1.44181249201 1.67258725557
92 1104 0.751898443616 1.66427531847 0.500022802184 0.500022802184 0.571393802817 0.633050419123 0.651241622797 0.701886298205 0.749798340277 0.796656094488 0.803989017126 0.82233005523 0.873926769998 0.930808231757 0.981828838097 1.05090831569 1.15229705789 1.23046818076 1.4466966627 1.66427531847
93 1116 0.707382437546 1.66269546751 0.498297017804 0.498297017804 0.55690850038 0.636265623005 0.656340286862 0.698924559486 0.750329459245 0.792513050701 0.801643305316 0.819615043957 0.873044841882 0.927182650784 0.978267884973 1.04801485417 1.16145479676 1.23539004782 1.46474091852 1.66269546751
94 1128 0.676213908518 1.68794087004 0.48517566294 0.48517566294 0.558818941459 0.629879238755 0.65494893403 0.698971346159 0.744465375627 0.789509429797 0.795027456273 0.822777201769 0.857968801165 0.932605582335 0.982074089832 1.04216578208 1.16740000947 1.22976375889 1.46515414593 1.68794087004
95 1140 0.659760143317 1.69323551734 0.472973410703 0.472973410703 0.554357516862 0.628890058209 0.655583598551 0.693071131215 0.743093163953 0.781664076278 0.79529954616 0.814034528929 0.856542304679 0.950118226275 0.98607631217 1.04352922268 1.15959858345 1.24036592438 1.44554170283 1.69323551734
96 1152 0.648792040204 1.69745687024 0.464796734174 0.464796734174 0.552838968668 0.628155729259 0.640704137339 0.696802779597 0.743584107508 0.78081234499 0.793036354095 0.816441581842 0.854408192969 0.94969285413 0.970582060828 1.05386002477 1.16000224836 1.24090929543 1.45030302669 1.69745687024
97 1164 0.613280468199 1.6985293771 0.458132001033 0.458132001033 0.553426018683 0.62457798969 0.637015646555 0.699179210279 0.735783646866 0.768211813884 0.79560751903 0.81591034025 0.86577937612 0.947014516357 0.972303635341 1.04944301275 1.16729342791 1.24398687164 1.45493652907 1.6985293771
98 1176 0.585097551607 1.70367993107 0.452276837721 0.452276837721 0.552339536209 0.624172874975 0.635552994066 0.707910904019 0.726961330196 0.759903714426 0.791697885401 0.813631361793 0.858610615307 0.943259271694 0.974464626681 1.04937302473 1.16743028735 1.25195374223 1.45509920559 1.70367993107
99 1188 0.569364627463 1.71392208924 0.437538058738 0.437538058738 0.549289104112 0.619647483006 0.638739375079 0.707395369068 0.716210782156 0.758797264378 0.791484114988 0.811382691472 0.861857860639 0.945601090849 0.973236435524 1.05082009581 1.16326720342 1.25258097739 1.45468150345 1.71392208924
100 1200 0.564667475172 1.70128175982 0.426479929772 0.426479929772 0.552925862533 0.615579489246 0.638659010915 0.703635300626 0.717062656354 0.757509716329 0.790593874037 0.807049085837 0.855561264832 0.943704529918 0.972745691751 1.06679015653 1.15586339338 1.24426197796 1.45654919625 1.70128175982
101 1212 0.540444768616 1.717324011 0.42575010756 0.42575010756 0.551490459724 0.615976482972 0.635807623949 0.698935223192 0.720072864678 0.748632755582 0.786905099908 0.809752041944 0.855163452964 0.918021476755 0.966365176828 1.07963007978 1.14134165265 1.24418361407 1.46453605339 1.717324011
102 1224 0.505119723978 1.69933622 0.419732208209 0.419732208209 0.54937452459 0.615973960244 0.637566480416 0.696124340116 0.718655970951 0.751918765685 0.79054749612 0.810738536066 0.861165741445 0.907207138142 0.960832940086 1.07283285275 1.14125442389 1.24539029059 1.47268716962 1.69933622
103 1236 0.48260516038 1.71467132627 0.415292019017 0.415292019017 0.543831849342 0.61686533887 0.641581002388 0.694518540104 0.711108471128 0.749126883543 0.787388329668 0.816746301364 0.865371643955 0.914442573345 0.954837463649 1.085436246 1.13628193845 1.22805474799 1.45713054694 1.71467132627
104 1248 0.479505580175 1.68520737029 0.412567419065 0.412567419065 0.542676588719 0.611305487946 0.641823551984 0.692914599402 0.709506416192 0.749129706249 0.78396392026 0.82489645808 0.855200020203 0.914678262387 0.961983800356 1.08658500339 1.13562052836 1.21986447413 1.46414433143 1.68520737029
105 1260 0.48076790099 1.69097273458 0.410713082312 0.410713082312 0.54259138723 0.607272505004 0.647228867809 0.686368928397 0.710130638183 0.741194848584 0.780281707546 0.824307973917 0.862948815271 0.919258123896 0.957489895553 1.06750334093 1.13241863504 1.21717057663 1.47049581873 1.69097273458
106 1272 0.503460948338 1.68291871411 0.406616710746 0.406616710746 0.539625970469 0.613320733716 0.63732432512 0.67848013873 0.71073757553 0.73904846412 0.76988492121 0.834637299422 0.868931538377 0.921429472471 0.951145286303 1.06228065389 1.14225912641 1.22102422802 1.485250563 1.68291871411
107 1284 0.506239393591 1.68549421088 0.40569000294 0.40569000294 0.533293095334 0.612604038506 0.639170096618 0.674203024954 0.712237293256 0.740911014994 0.77666691426 0.831652657459 0.882752625811 0.924880892475 0.949429945207 1.06024334118 1.14361154062 1.23068733509 1.4804128489 1.68549421088
108 1296 0.496047948039 1.6854385937 0.406262410205 0.406262410205 0.522997283722 0.608215678076 0.644281528722 0.671990643404 0.714820362776 0.736621357613 0.773850134243 0.823014122538 0.878923901704 0.930745043504 0.951603695443 1.05848341038 1.16132008019 1.21806808976 1.49266841525 1.6854385937
109 1308 0.50256077432 1.67267819737 0.406776773061 0.406776773061 0.518651496812 0.595640506869 0.641628825445 0.675068531257 0.713734631765 0.736376866645 0.779414662165 0.828679803986 0.884078287356 0.928952273505 0.949052845836 1.05549453249 1.16280110193 1.22162763541 1.51059912378 1.67267819737
110 1320 0.512253919212 1.66280055609 0.403173672994 0.403173672994 0.516094719466 0.591561402992 0.64234693106 0.676011561701 0.710308016317 0.736417934452 0.780776562939 0.812682065185 0.883059044059 0.932057856534 0.966471081307 1.07061291912 1.16854657277 1.22280638091 1.51515320044 1.66280055609
111 1332 0.525699528256 1.6656224387 0.399554508548 0.399554508548 0.51375307656 0.582226766958 0.648461996958 0.670225086243 0.701031456823 0.737461473945 0.774739389409 0.808546713883 0.885116846642 0.935381888772 0.998771225586 1.06042246088 1.16514718715 1.22623151363 1.52363876406 1.6656224387
112 1344 0.543537482673 1.68784853892 0.394941470671 0.394941470671 0.510047376353 0.578201339867 0.647494851749 0.671066862193 0.6971093222 0.733482715219 0.783257279173 0.817979319358 0.874884317359 0.932757980907 1.02917480893 1.05824246157 1.16810365921 1.22376841247 1.51462821281 1.68784853892
113 1356 0.550707126935 1.68036157059 0.391641699354 0.391641699354 0.509224529405 0.581296149981 0.645280201746 0.66962523574 0.695817821756 0.736768381246 0.77838338254 0.821167166405 0.893143587642 0.935423197294 1.03602057043 1.05087195082 1.17401104201 1.22355774466 1.50652307979 1.68036157059
114 1368 0.57174396712 1.69388447104 0.380235191353 0.380235191353 0.508748950264 0.583800013222 0.644949527761 0.664184144099 0.698734979778 0.74605167621 0.781837931723 0.827652878297 0.888203676463 0.924042134199 1.04147291816 1.04785741747 1.1789734619 1.21161168942 1.49030279123 1.69388447104
115 1380 0.59340615522 1.69277538781 0.379396221881 0.379396221881 0.508444301576 0.585750905844 0.637145316073 0.661623196574 0.69861097636 0.748972372544 0.787786132171 0.835565025919 0.886977502654 0.923635568062 1.03464504195 1.04806511805 1.16706452383 1.2174236451 1.47439619574 1.69277538781
116 1392 0.619123115796 1.66711398969 0.377552213943 0.377552213943 0.507538566633 0.584897756708 0.633480533868 0.655430548658 0.700621015978 0.750962556595 0.790024663974 0.836878631391 0.889720990469 0.91927643507 1.03284704355 1.063442835 1.16098462794 1.22663204114 1.49082436184 1.66711398969
117 1404 0.617428027286 1.66196873588 0.36847223756 0.36847223756 0.502388327055 0.581257679926 0.635829923577 0.656209566662 0.700199889284 0.75163561446 0.791508346435 0.835783831515 0.887388895278 0.942099572469 1.03648240183 1.07414408559 1.1625474753 1.23754103996 1.49657981546 1.66196873588
118 1416 0.599611982742 1.65684806176 0.368757567502 0.368757567502 0.50013821317 0.571629815892 0.627274925747 0.653363258815 0.696604893374 0.751211937597 0.79654082368 0.821065802375 0.889787733372 0.948871399367 1.0266151785 1.05855912074 1.16588131006 1.23863713895 1.50532567048 1.65684806176
119 1428 0.586603512852 1.66554625434 0.369852258818 0.369852258818 0.497102167608 0.566283971088 0.617843409514 0.641681319221 0.693905631288 0.748408451951 0.789182762021 0.829347356535 0.89937745084 0.946108505865 1.02292253417 1.05351053382 1.15415517379 1.2515093325 1.51053098617 1.66554625434
120 1440 0.56083174456 1.6692062712 0.367108314792 0.367108314792 0.496922207922 0.573853308633 0.614557314941 0.633031939007 0.687696387618 0.74400559078 0.790181468244 0.836621534227 0.899517943057 0.949601458499 1.00590077934 1.05396779925 1.13942855032 1.25741865724 1.53494961777 1.6692062712
121 1452 0.562606724088 1.68717518598 0.360016138878 0.360016138878 0.494486270905 0.577798193885 0.608518809002 0.632183704295 0.677917723086 0.741027434474 0.786910403432 0.833446100456 0.896721671932 0.944651487278 0.99412551892 1.0459251671 1.13575337779 1.25728671053 1.54406030222 1.68717518598
122 1464 0.54881977965 1.68894415217 0.356740563077 0.356740563077 0.495208801011 0.579089176352 0.610423734916 0.633616341206 0.674938535469 0.734287368829 0.78871843963 0.830880865171 0.914365200637 0.930483856854 1.0015696965 1.05097687394 1.13202521842 1.26311023749 1.53791925163 1.68894415217
123 1476 0.553776115404 1.69613389287 0.355395768774 0.355395768774 0.496432079731 0.58325208019 0.608711799275 0.631361811819 0.667635065239 0.731586944734 0.787179643262 0.842427727689 0.909454478079 0.917183117096 0.995937797803 1.03558341171 1.11834062926 1.27083795427 1.53613196781 1.69613389287
124 1488 0.528420520471 1.69441716892 0.349003718515 0.349003718515 0.49620806436 0.579992742028 0.604670988243 0.632391121857 0.666473906613 0.718337366473 0.78206178007 0.842856590666 0.90870779667 0.92038449462 1.00871644958 1.03410343001 1.12361872323 1.28729190115 1.54330576056 1.69441716892
125 1500 0.505312765632 1.68798096727 0.346205727641 0.346205727641 0.493150110021 0.57651775425 0.597683827086 0.633286448033 0.671320346575 0.713483199851 0.77575635226 0.843650119347 0.900274683571 0.918178719255 0.998372591957 1.0319217446 1.11633326277 1.29751091062 1.55784698275 1.68798096727
126 1512 0.470296995044 1.67231522306 0.347089098083 0.347089098083 0.491930291266 0.577129803504 0.592605707239 0.631886450845 0.673007908829 0.714252856795 0.775900112525 0.834684796213 0.894088499096 0.912989134393 0.993508946776 1.03344139287 1.11669141438 1.28480523393 1.5527558693 1.67231522306
127 1524 0.4497702842 1.66674015626 0.342937655897 0.342937655897 0.491642429643 0.582457471327 0.591503479948 0.628585894245 0.671976090912 0.712734565444 0.770372450889 0.834497842628 0.895288712498 0.909484722868 0.995275983041 1.03948552425 1.10445280401 1.27512641612 1.54043869463 1.66674015626
128 1536 0.426123642714 1.65404367181 0.341259769654 0.341259769654 0.483050163625 0.578869563047 0.595136280213 0.628578430702 0.66575082709 0.714179780627 0.770311630442 0.834260084088 0.875450634773 0.9031707609 0.999780249087 1.05094049042 1.09894964446 1.27824412533 1.55409271527 1.65404367181
129 1548 0.412570863445 1.65689991892 0.341123689868 0.341123689868 0.477179528637 0.578567807992 0.594795860002 0.626288628477 0.662279213891 0.718170942479 0.769024531142 0.832480261609 0.872142061642 0.913371700243 1.00260743314 1.04597542349 1.10311518033 1.27011265073 1.54360050424 1.65689991892
130 1560 0.400382708335 1.65154402792 0.33672061873 0.33672061873 0.476931956267 0.571304767167 0.59575683794 0.623947036073 0.656571060005 0.7177844732 0.760484699016 0.832690188425 0.872398206271 0.916925213421 1.00716517589 1.04025175378 1.12156703574 1.26791969462 1.54525605544 1.65154402792
131 1572 0.383194113437 1.62681146235 0.334069611542 0.334069611542 0.472464614356 0.566192974749 0.608786379239 0.619983150748 0.654596624697 0.721429865273 0.773551944958 0.829344524027 0.869821957298 0.915274575815 1.00058507201 1.04024850289 1.1228021688 1.26790007379 1.55303963058 1.62681146235
