% # columns="iteration, evaluation, min max(neg(.)) min(pos(.)) max correlation, correlation matrix principle axes lengths  (sorted square roots of eigenvalues of correlation matrix)", seed=9, Tue Jan 30 08:46:03 2018
1 12 -0.0571402481542 -0.00030043200467 0.000338801233989 0.0602068224846 1 1 1 1 1 1 1 1 1 1 1 1 1 1 1
2 24 -0.0463356652118 -0.000325455762719 0.000560765267365 0.0671859241908 1 1 1 1 1 1 1 1 1 1 1 1 1 1 1
3 36 -0.0845929948974 -0.00020418376041 0.000159543546431 0.0853159700205 1 1 1 1 1 1 1 1 1 1 1 1 1 1 1
4 48 -0.0668555837253 -7.34258601705e-05 0.000448077730663 0.0898485383589 1 1 1 1 1 1 1 1 1 1 1 1 1 1 1
5 60 -0.0856615969326 -0.00112888016812 0.000279483631608 0.0727488590112 1 1 1 1 1 1 1 1 1 1 1 1 1 1 1
6 72 -0.0884843057476 -0.000359336503937 0.000326833113308 0.0816367839115 1 1 1 1 1 1 1 1 1 1 1 1 1 1 1
7 84 -0.0790514624212 -0.000751928076204 0.00158232383328 0.0957386875928 1 1 1 1 1 1 1 1 1 1 1 1 1 1 1
8 96 -0.100654232166 -0.00123350111843 8.59636567341e-05 0.100433486228 1 1 1 1 1 1 1 1 1 1 1 1 1 1 1
9 108 -0.11907816516 -0.00080184197082 0.00118415228857 0.0985733979537 1 1 1 1 1 1 1 1 1 1 1 1 1 1 1
10 120 -0.109157933284 -0.000592687229386 0.00104362255616 0.105681967637 1 1 1 1 1 1 1 1 1 1 1 1 1 1 1
11 132 -0.127115325536 -0.00233839318025 0.000807279418368 0.117769695282 1 1 1 1 1 1 1 1 1 1 1 1 1 1 1
12 144 -0.122335137626 -0.000293391017444 0.00140769338614 0.144572476243 1 1 1 1 1 1 1 1 1 1 1 1 1 1 1
13 156 -0.106771171355 -0.00107606806282 0.0018810148489 0.146426874053 1 1 1 1 1 1 1 1 1 1 1 1 1 1 1
14 168 -0.133261675392 -0.00399270985977 0.000676324704281 0.143274405827 1 1 1 1 1 1 1 1 1 1 1 1 1 1 1
15 180 -0.12522448647 -0.0029909895637 0.00106162111917 0.151848978315 1 1 1 1 1 1 1 1 1 1 1 1 1 1 1
16 192 -0.148915977206 -0.00039643894889 0.00198114032634 0.141011714835 1 1 1 1 1 1 1 1 1 1 1 1 1 1 1
17 204 -0.14351694643 -0.00567121686906 0.00109905283515 0.142148409906 1 1 1 1 1 1 1 1 1 1 1 1 1 1 1
18 216 -0.150794827981 -0.00255563879528 0.000270617818655 0.132251320384 1 1 1 1 1 1 1 1 1 1 1 1 1 1 1
19 228 -0.146037406278 -0.00521982711696 0.00206899097573 0.136990362745 1 1 1 1 1 1 1 1 1 1 1 1 1 1 1
20 240 -0.153703974167 -0.00213294469984 0.00713313516739 0.150370063933 1 1 1 1 1 1 1 1 1 1 1 1 1 1 1
21 252 -0.16219477019 -0.00685512146024 0.00258253635486 0.173805478486 1 1 1 1 1 1 1 1 1 1 1 1 1 1 1
22 264 -0.162519740253 -0.000688535038912 0.00204959039478 0.147238043661 1 1 1 1 1 1 1 1 1 1 1 1 1 1 1
23 276 -0.19044448456 -0.00274091227628 0.000163654247944 0.155587017945 1 1 1 1 1 1 1 1 1 1 1 1 1 1 1
24 288 -0.20058368256 -0.000677782293683 0.000447907505507 0.152703054127 1 1 1 1 1 1 1 1 1 1 1 1 1 1 1
25 300 -0.22705652378 -0.00241990744616 0.00586607526136 0.15255880546 1 1 1 1 1 1 1 1 1 1 1 1 1 1 1
26 312 -0.225036731083 -0.00542838996096 0.00117667847136 0.171552243125 1 1 1 1 1 1 1 1 1 1 1 1 1 1 1
27 324 -0.229648932021 -0.000277461525553 0.00736565057205 0.204133652773 1 1 1 1 1 1 1 1 1 1 1 1 1 1 1
28 336 -0.22908215572 -2.74918561896e-05 0.00189047685258 0.197346723258 1 1 1 1 1 1 1 1 1 1 1 1 1 1 1
29 348 -0.217602601432 -0.00351897563671 0.000571650890532 0.202585731158 1 1 1 1 1 1 1 1 1 1 1 1 1 1 1
30 360 -0.208274200207 -0.00275664135256 0.00083837141215 0.219493206717 1 1 1 1 1 1 1 1 1 1 1 1 1 1 1
31 372 -0.207591010304 -0.00399200091509 0.00219663766069 0.227753234916 1 1 1 1 1 1 1 1 1 1 1 1 1 1 1
32 384 -0.197422937659 -0.00137470422783 0.000493137763504 0.243748840296 1 1 1 1 1 1 1 1 1 1 1 1 1 1 1
33 396 -0.198185485782 -0.00137655951927 0.000125763149133 0.253398658343 1 1 1 1 1 1 1 1 1 1 1 1 1 1 1
34 408 -0.187468691432 -0.00472459816353 0.00163820164327 0.241966439779 1 1 1 1 1 1 1 1 1 1 1 1 1 1 1
35 420 -0.2053756149 -0.000584615710484 0.000536900007 0.249180553514 1 1 1 1 1 1 1 1 1 1 1 1 1 1 1
36 432 -0.204284550461 -0.000160856743901 0.00604328403571 0.261248251184 1 1 1 1 1 1 1 1 1 1 1 1 1 1 1
37 444 -0.21184666715 -0.00168096479143 0.000875593687487 0.271289742254 1 1 1 1 1 1 1 1 1 1 1 1 1 1 1
38 456 -0.221190751453 -0.000219874697914 0.000706984152369 0.279960891807 1 1 1 1 1 1 1 1 1 1 1 1 1 1 1
39 468 -0.238181347331 -0.000360237857833 0.00198682316454 0.295934112993 1 1 1 1 1 1 1 1 1 1 1 1 1 1 1
40 480 -0.240206866403 -0.000134968707066 0.00472947647332 0.308208841738 1 1 1 1 1 1 1 1 1 1 1 1 1 1 1
41 492 -0.241475521116 -0.000681897026372 9.06731266319e-05 0.324445449163 1 1 1 1 1 1 1 1 1 1 1 1 1 1 1
42 504 -0.241514192089 -0.000231518684131 0.00280798672575 0.341415340442 1 1 1 1 1 1 1 1 1 1 1 1 1 1 1
43 516 -0.236218334866 -0.00614201437783 0.000960203184158 0.343801798736 1 1 1 1 1 1 1 1 1 1 1 1 1 1 1
44 528 -0.247474736961 -0.000664934199795 0.00159067964732 0.351808237714 1 1 1 1 1 1 1 1 1 1 1 1 1 1 1
45 540 -0.267612633161 -0.000844233369315 0.0131525278887 0.372255607467 1 1 1 1 1 1 1 1 1 1 1 1 1 1 1
46 552 -0.277216432806 -0.00209846374973 0.00147645170778 0.378964743198 1 1 1 1 1 1 1 1 1 1 1 1 1 1 1
47 564 -0.287335553784 -0.0027104963074 0.000320711104137 0.381493268037 1 1 1 1 1 1 1 1 1 1 1 1 1 1 1
48 576 -0.298348277829 -0.000604169357069 0.0115733514822 0.382834878717 1 1 1 1 1 1 1 1 1 1 1 1 1 1 1
49 588 -0.317427719286 -0.000754093748048 0.00837142635751 0.393572832764 1 1 1 1 1 1 1 1 1 1 1 1 1 1 1
50 600 -0.33177022779 -0.000124000932752 0.00362439900794 0.399956803552 1 1 1 1 1 1 1 1 1 1 1 1 1 1 1
51 612 -0.336660784055 -0.001953042176 0.00260987025855 0.397023222357 1 1 1 1 1 1 1 1 1 1 1 1 1 1 1
52 624 -0.332282575778 -0.00222821240248 0.00109212784119 0.418130686319 1 1 1 1 1 1 1 1 1 1 1 1 1 1 1
53 636 -0.336265456895 -0.00465160192826 0.00286511769657 0.43357036664 1 1 1 1 1 1 1 1 1 1 1 1 1 1 1
54 648 -0.343333027074 -0.00679160159587 0.00863017419184 0.45010500056 1 1 1 1 1 1 1 1 1 1 1 1 1 1 1
55 660 -0.347882479272 -0.00149511331539 0.00162797807339 0.459297322918 1 1 1 1 1 1 1 1 1 1 1 1 1 1 1
56 672 -0.355780987204 -0.00145329533772 0.000627280338961 0.461146139123 1 1 1 1 1 1 1 1 1 1 1 1 1 1 1
57 684 -0.354127632966 -0.00477211075639 0.00481675867273 0.462322231496 1 1 1 1 1 1 1 1 1 1 1 1 1 1 1
58 696 -0.356432743333 -0.00551968568804 1.00642691321e-05 0.469242956085 1 1 1 1 1 1 1 1 1 1 1 1 1 1 1
59 708 -0.359589566263 -0.00080774621606 0.00179982295339 0.471867234222 1 1 1 1 1 1 1 1 1 1 1 1 1 1 1
60 720 -0.374674116784 -0.00185154936258 0.00147722817682 0.474690441368 1 1 1 1 1 1 1 1 1 1 1 1 1 1 1
61 732 -0.38705898983 -0.00107299486979 0.00127658422868 0.489114503491 1 1 1 1 1 1 1 1 1 1 1 1 1 1 1
62 744 -0.374390243439 -0.000156299167764 0.00263678305616 0.501624606841 1 1 1 1 1 1 1 1 1 1 1 1 1 1 1
63 756 -0.345513520605 -0.00516104941411 0.0101839721901 0.506689759423 1 1 1 1 1 1 1 1 1 1 1 1 1 1 1
64 768 -0.347036881008 -0.00507832499643 0.00477197661155 0.502324939839 1 1 1 1 1 1 1 1 1 1 1 1 1 1 1
65 780 -0.340242528703 -0.00320338822616 0.00318648480697 0.503020479507 1 1 1 1 1 1 1 1 1 1 1 1 1 1 1
66 792 -0.349288318149 -0.00946722567757 0.00343413787312 0.509740167053 1 1 1 1 1 1 1 1 1 1 1 1 1 1 1
67 804 -0.363297775768 -0.00075964628651 5.89527229724e-05 0.519418460162 1 1 1 1 1 1 1 1 1 1 1 1 1 1 1
68 816 -0.339819950894 -0.00037449208634 1.43890916143e-05 0.522085188312 1 1 1 1 1 1 1 1 1 1 1 1 1 1 1
69 828 -0.351769704845 -0.000543633588081 0.00224154234034 0.514021401562 1 1 1 1 1 1 1 1 1 1 1 1 1 1 1
70 840 -0.344575183689 -0.00201436422365 0.00176181478377 0.51696303024 1 1 1 1 1 1 1 1 1 1 1 1 1 1 1
71 852 -0.350735629603 -0.00500534678803 0.000202394797061 0.523790382811 1 1 1 1 1 1 1 1 1 1 1 1 1 1 1
72 864 -0.337434707432 -0.00185557339869 0.012167172999 0.518892475625 1 1 1 1 1 1 1 1 1 1 1 1 1 1 1
73 876 -0.326425405126 -0.000726560032719 0.00560805283532 0.521028225603 1 1 1 1 1 1 1 1 1 1 1 1 1 1 1
74 888 -0.325933199301 -0.0129548596649 0.000950119583709 0.509683109588 1 1 1 1 1 1 1 1 1 1 1 1 1 1 1
75 900 -0.338053389394 -0.000330985931996 0.0113992375848 0.507994951956 1 1 1 1 1 1 1 1 1 1 1 1 1 1 1
76 912 -0.335511106536 -0.000246241035774 0.00126172115724 0.519062885122 1 1 1 1 1 1 1 1 1 1 1 1 1 1 1
77 924 -0.349148181604 -0.00302797111923 0.00334645468283 0.518647884072 1 1 1 1 1 1 1 1 1 1 1 1 1 1 1
78 936 -0.325008709866 -0.00268099258748 0.00309544710837 0.512252190391 1 1 1 1 1 1 1 1 1 1 1 1 1 1 1
79 948 -0.310799744547 -0.00141741127185 0.00258338590087 0.509632880991 1 1 1 1 1 1 1 1 1 1 1 1 1 1 1
80 960 -0.317964359072 -0.00117753792633 0.00179023146884 0.50440421326 1 1 1 1 1 1 1 1 1 1 1 1 1 1 1
81 972 -0.311639208733 -0.00366938682694 0.00240295777496 0.505936617039 1 1 1 1 1 1 1 1 1 1 1 1 1 1 1
82 984 -0.316797069984 -0.00014436909025 0.00427103088056 0.512504034695 1 1 1 1 1 1 1 1 1 1 1 1 1 1 1
83 996 -0.326780810988 -0.00792778846107 0.0153931878851 0.526292019331 1 1 1 1 1 1 1 1 1 1 1 1 1 1 1
84 1008 -0.3243235731 -0.000216244370748 0.00774260479473 0.535658720302 1 1 1 1 1 1 1 1 1 1 1 1 1 1 1
85 1020 -0.334587522629 -0.00215523266061 0.00150233197342 0.526858546462 1 1 1 1 1 1 1 1 1 1 1 1 1 1 1
86 1032 -0.361169218345 -0.0019593965314 0.0071830770433 0.526957822403 1 1 1 1 1 1 1 1 1 1 1 1 1 1 1
87 1044 -0.380097008339 -0.00199517014107 0.0015468769459 0.509417646783 1 1 1 1 1 1 1 1 1 1 1 1 1 1 1
88 1056 -0.415339043035 -0.00138966103474 0.00932877385012 0.520700923892 1 1 1 1 1 1 1 1 1 1 1 1 1 1 1
89 1068 -0.415571993666 -0.00633916926442 0.0062897498742 0.521627948867 1 1 1 1 1 1 1 1 1 1 1 1 1 1 1
90 1080 -0.427582489461 -0.00699216946905 0.0113568331203 0.557270968406 1 1 1 1 1 1 1 1 1 1 1 1 1 1 1
91 1092 -0.440019676989 -0.00931881930702 0.00294288237812 0.54852464573 1 1 1 1 1 1 1 1 1 1 1 1 1 1 1
92 1104 -0.446192938845 -0.01494026192 0.000591510045339 0.551369334405 1 1 1 1 1 1 1 1 1 1 1 1 1 1 1
93 1116 -0.447765430299 -0.00194426220444 0.0070965664975 0.519934054419 1 1 1 1 1 1 1 1 1 1 1 1 1 1 1
94 1128 -0.458165059509 -0.00290698895504 0.00119849870198 0.476360103521 1 1 1 1 1 1 1 1 1 1 1 1 1 1 1
95 1140 -0.457295182167 -0.00017428332705 0.00661460770714 0.439823652414 1 1 1 1 1 1 1 1 1 1 1 1 1 1 1
96 1152 -0.47464608075 -0.0104960463393 0.0070113972326 0.454608665772 1 1 1 1 1 1 1 1 1 1 1 1 1 1 1
97 1164 -0.480830782463 -0.0131696446973 0.0076873553699 0.454466737965 1 1 1 1 1 1 1 1 1 1 1 1 1 1 1
98 1176 -0.49823785028 -0.0181862858652 0.00110917669864 0.454807054042 1 1 1 1 1 1 1 1 1 1 1 1 1 1 1
99 1188 -0.506739220282 -0.00618569369049 0.00444495851974 0.454168470961 1 1 1 1 1 1 1 1 1 1 1 1 1 1 1
100 1200 -0.503984172953 -0.00187768450738 0.00985148643522 0.453036191357 1 1 1 1 1 1 1 1 1 1 1 1 1 1 1
101 1212 -0.506106071567 -0.00331783848915 0.0130008205417 0.444843615111 1 1 1 1 1 1 1 1 1 1 1 1 1 1 1
102 1224 -0.473724729373 -0.0127160082608 0.0144609914521 0.434504846649 1 1 1 1 1 1 1 1 1 1 1 1 1 1 1
103 1236 -0.479421225292 -0.00948179328696 0.00261973787669 0.446130016717 1 1 1 1 1 1 1 1 1 1 1 1 1 1 1
104 1248 -0.512563499649 -0.00261370283145 0.00255362260371 0.438691377168 1 1 1 1 1 1 1 1 1 1 1 1 1 1 1
105 1260 -0.545753081414 -0.00373946004881 0.00223182183474 0.463800227434 1 1 1 1 1 1 1 1 1 1 1 1 1 1 1
106 1272 -0.559346461445 -0.00131940989018 0.00279225029831 0.472724505628 1 1 1 1 1 1 1 1 1 1 1 1 1 1 1
107 1284 -0.577865774943 -0.00131911953893 0.000219937919511 0.467363766405 1 1 1 1 1 1 1 1 1 1 1 1 1 1 1
108 1296 -0.583551187853 -0.000446330337011 0.00182951193787 0.464551470747 1 1 1 1 1 1 1 1 1 1 1 1 1 1 1
109 1308 -0.578471873195 -0.00588546962713 0.00040334107891 0.47728297046 1 1 1 1 1 1 1 1 1 1 1 1 1 1 1
110 1320 -0.600717703728 -0.00287997408566 0.00119705945559 0.495578674201 1 1 1 1 1 1 1 1 1 1 1 1 1 1 1
111 1332 -0.591022528147 -0.00452157028515 0.00592246711156 0.486869442501 1 1 1 1 1 1 1 1 1 1 1 1 1 1 1
112 1344 -0.591833073999 -0.00476086943764 0.00396433978076 0.481689730919 1 1 1 1 1 1 1 1 1 1 1 1 1 1 1
113 1356 -0.594527667254 -0.00201898924709 0.0011948052021 0.488378541859 1 1 1 1 1 1 1 1 1 1 1 1 1 1 1
114 1368 -0.606754474577 -0.00377821556911 0.00123101895004 0.505258749974 1 1 1 1 1 1 1 1 1 1 1 1 1 1 1
115 1380 -0.59214421399 -0.0163737728472 0.000342799815727 0.476871312608 1 1 1 1 1 1 1 1 1 1 1 1 1 1 1
116 1392 -0.590106868647 -0.00236406611654 0.000522256443417 0.475509836898 1 1 1 1 1 1 1 1 1 1 1 1 1 1 1
117 1404 -0.570158718637 -0.00364143982329 0.00071599821998 0.481644472717 1 1 1 1 1 1 1 1 1 1 1 1 1 1 1
118 1416 -0.548643934214 -0.000157870530157 0.00861616531136 0.502600352269 1 1 1 1 1 1 1 1 1 1 1 1 1 1 1
119 1428 -0.549839889872 -0.0001680030123 0.00649124960567 0.507165043769 1 1 1 1 1 1 1 1 1 1 1 1 1 1 1
120 1440 -0.558145420614 -0.000265094761859 0.00162104056969 0.507222036923 1 1 1 1 1 1 1 1 1 1 1 1 1 1 1
121 1452 -0.556345441912 -0.0125411342832 0.00354728105103 0.511341354262 1 1 1 1 1 1 1 1 1 1 1 1 1 1 1
122 1464 -0.539572944076 -0.0149572322089 0.0113129870823 0.510246635467 1 1 1 1 1 1 1 1 1 1 1 1 1 1 1
123 1476 -0.524915810905 -0.00393247703705 0.00588613726658 0.510399288626 1 1 1 1 1 1 1 1 1 1 1 1 1 1 1
124 1488 -0.525447535964 -0.00447937610347 0.000873120157797 0.516967592 1 1 1 1 1 1 1 1 1 1 1 1 1 1 1
125 1500 -0.519945034246 -0.00291856450893 0.00534694874954 0.542037013499 1 1 1 1 1 1 1 1 1 1 1 1 1 1 1
126 1512 -0.520020393423 -0.00503603080025 0.00597238013462 0.53500802894 1 1 1 1 1 1 1 1 1 1 1 1 1 1 1
127 1524 -0.524489220112 -0.00149846713419 0.0039064138572 0.533947675333 1 1 1 1 1 1 1 1 1 1 1 1 1 1 1
128 1536 -0.536847794463 -0.000480859373518 0.00133039696798 0.554073974099 1 1 1 1 1 1 1 1 1 1 1 1 1 1 1
129 1548 -0.536025378959 -0.002023857283 0.00319654225616 0.552711821027 1 1 1 1 1 1 1 1 1 1 1 1 1 1 1
130 1560 -0.5460183917 -0.00183948468572 0.00275241042127 0.556177626118 1 1 1 1 1 1 1 1 1 1 1 1 1 1 1
131 1572 -0.550808969431 -0.0185934763293 0.00413013625309 0.543226620722 1 1 1 1 1 1 1 1 1 1 1 1 1 1 1
132 1584 -0.540502675773 -0.00783176613934 0.00408653281876 0.534980310914 1 1 1 1 1 1 1 1 1 1 1 1 1 1 1
133 1596 -0.548604914261 -0.0212146769299 0.00581821477799 0.53694333651 1 1 1 1 1 1 1 1 1 1 1 1 1 1 1
134 1608 -0.543878126214 -0.000851282794392 0.0155769954574 0.549799338991 1 1 1 1 1 1 1 1 1 1 1 1 1 1 1
135 1620 -0.538101125393 -0.00779862099716 0.00976154118511 0.545409615165 1 1 1 1 1 1 1 1 1 1 1 1 1 1 1
136 1632 -0.536793648499 -0.0109804234559 0.00728443748893 0.540080823896 1 1 1 1 1 1 1 1 1 1 1 1 1 1 1
137 1644 -0.538787245994 -0.0123576886248 0.000226016334074 0.527217466465 1 1 1 1 1 1 1 1 1 1 1 1 1 1 1
138 1656 -0.540269221391 -0.00035008317226 0.00111748407587 0.516721098365 1 1 1 1 1 1 1 1 1 1 1 1 1 1 1
139 1668 -0.550205638455 -0.0200895838506 0.00124980731326 0.512212109023 1 1 1 1 1 1 1 1 1 1 1 1 1 1 1
140 1680 -0.558214141831 -0.0175805294021 0.000375425288845 0.501601978615 1 1 1 1 1 1 1 1 1 1 1 1 1 1 1
141 1692 -0.557209820754 -0.00421358171719 0.00443339664263 0.506781311855 1 1 1 1 1 1 1 1 1 1 1 1 1 1 1
142 1704 -0.558461402227 -0.0123477765627 0.00200978266698 0.499625879539 1 1 1 1 1 1 1 1 1 1 1 1 1 1 1
143 1716 -0.559038786597 -0.00162195403599 0.000832185260095 0.504843663513 1 1 1 1 1 1 1 1 1 1 1 1 1 1 1
144 1728 -0.560052340018 -0.00609889244889 0.00374393283806 0.506811849432 1 1 1 1 1 1 1 1 1 1 1 1 1 1 1
145 1740 -0.546249153064 -0.00280056632879 0.0112461965067 0.496030234544 1 1 1 1 1 1 1 1 1 1 1 1 1 1 1
146 1752 -0.557177937927 -0.0104035275982 0.00161306896108 0.498249228879 1 1 1 1 1 1 1 1 1 1 1 1 1 1 1
147 1764 -0.547804804113 -0.00414323600278 0.000245290361444 0.511577125489 1 1 1 1 1 1 1 1 1 1 1 1 1 1 1
148 1776 -0.538588294455 -0.00892573131616 0.00286142815673 0.501289404734 1 1 1 1 1 1 1 1 1 1 1 1 1 1 1
149 1788 -0.567309501928 -0.00396225094334 0.00691914116728 0.506847656032 1 1 1 1 1 1 1 1 1 1 1 1 1 1 1
150 1800 -0.573045681287 -0.0122296316017 0.00578231094354 0.512983860293 1 1 1 1 1 1 1 1 1 1 1 1 1 1 1
151 1812 -0.572659801127 -0.0147747579396 0.00255478789573 0.516547490976 1 1 1 1 1 1 1 1 1 1 1 1 1 1 1
152 1824 -0.585292631941 -0.00194962670461 0.00835976861107 0.513712218562 1 1 1 1 1 1 1 1 1 1 1 1 1 1 1
153 1836 -0.580951490221 -0.00138185968982 0.000951137443487 0.508562815417 1 1 1 1 1 1 1 1 1 1 1 1 1 1 1
154 1848 -0.581400598275 -0.00179771425662 0.000423103505763 0.5072753531 1 1 1 1 1 1 1 1 1 1 1 1 1 1 1
155 1860 -0.606110038941 -0.00272953313682 0.00144838602881 0.503675245304 1 1 1 1 1 1 1 1 1 1 1 1 1 1 1
156 1872 -0.600730441497 -0.00207023715827 0.00550506142662 0.516237904342 1 1 1 1 1 1 1 1 1 1 1 1 1 1 1
157 1884 -0.609565950084 -0.00106559384765 0.00518019197212 0.512566700756 1 1 1 1 1 1 1 1 1 1 1 1 1 1 1
158 1896 -0.598900817246 -0.00284781343926 0.00361230064645 0.517942885943 1 1 1 1 1 1 1 1 1 1 1 1 1 1 1
159 1908 -0.598065258517 -0.00122535406694 0.000874718327256 0.517952080138 1 1 1 1 1 1 1 1 1 1 1 1 1 1 1
160 1920 -0.605703294449 -0.0113221874716 0.0072474912661 0.520778720992 1 1 1 1 1 1 1 1 1 1 1 1 1 1 1
161 1932 -0.597352240025 -0.0149239684974 0.0129887733359 0.502958724743 1 1 1 1 1 1 1 1 1 1 1 1 1 1 1
162 1944 -0.604302674163 -0.00402085331885 0.00257697688867 0.521950127716 1 1 1 1 1 1 1 1 1 1 1 1 1 1 1
163 1956 -0.594249571612 -0.00200864403266 0.00406337993489 0.555265564806 1 1 1 1 1 1 1 1 1 1 1 1 1 1 1
164 1968 -0.580561225204 -0.0096726368013 0.000437430259706 0.565062360728 1 1 1 1 1 1 1 1 1 1 1 1 1 1 1
165 1980 -0.581828370328 -0.00367321540126 0.000695447662834 0.56104199409 1 1 1 1 1 1 1 1 1 1 1 1 1 1 1
166 1992 -0.577048579318 -0.00433797756146 0.0114525887497 0.562553725698 1 1 1 1 1 1 1 1 1 1 1 1 1 1 1
167 2004 -0.592276453557 -0.00251579923407 0.0129939147798 0.560264864638 1 1 1 1 1 1 1 1 1 1 1 1 1 1 1
168 2016 -0.6062977944 -0.0191462672062 0.0054243676547 0.558393556362 1 1 1 1 1 1 1 1 1 1 1 1 1 1 1
169 2028 -0.608835838506 -0.0272205244788 0.000299970020933 0.549985974111 1 1 1 1 1 1 1 1 1 1 1 1 1 1 1
170 2040 -0.621119416062 -0.000197153595843 0.0152554594888 0.544832334191 1 1 1 1 1 1 1 1 1 1 1 1 1 1 1
171 2052 -0.616154968691 -0.00209248438107 0.00351072911588 0.540850094344 1 1 1 1 1 1 1 1 1 1 1 1 1 1 1
172 2064 -0.615497342598 -0.00711203409842 0.00246646638955 0.543504148408 1 1 1 1 1 1 1 1 1 1 1 1 1 1 1
173 2076 -0.611282177663 -0.000790088612816 0.0164883474885 0.541311136632 1 1 1 1 1 1 1 1 1 1 1 1 1 1 1
174 2088 -0.604608762055 -0.00440498739747 0.0120815394409 0.572371290305 1 1 1 1 1 1 1 1 1 1 1 1 1 1 1
175 2100 -0.611657208571 -0.00891116929834 0.00537822814277 0.580975287694 1 1 1 1 1 1 1 1 1 1 1 1 1 1 1
176 2112 -0.609854132884 -0.00517625028216 0.00992884253216 0.581871184149 1 1 1 1 1 1 1 1 1 1 1 1 1 1 1
177 2124 -0.613259806219 -0.0174467270188 0.000507877726505 0.581846887566 1 1 1 1 1 1 1 1 1 1 1 1 1 1 1
178 2136 -0.618560862125 -0.00908027167584 0.0122827033275 0.579763103729 1 1 1 1 1 1 1 1 1 1 1 1 1 1 1
179 2148 -0.617674420834 -0.00638829799887 0.00289772568879 0.578006154327 1 1 1 1 1 1 1 1 1 1 1 1 1 1 1
180 2160 -0.627249534512 -0.0111642799939 0.00120832554671 0.553524938877 1 1 1 1 1 1 1 1 1 1 1 1 1 1 1
181 2172 -0.628407416351 -0.00662242144997 0.0246431043514 0.536335259181 1 1 1 1 1 1 1 1 1 1 1 1 1 1 1
182 2184 -0.630321759153 -3.32160791769e-06 0.000440269725362 0.529247806972 1 1 1 1 1 1 1 1 1 1 1 1 1 1 1
183 2196 -0.635881114236 -0.00155208769185 0.000365243098392 0.5342412401 1 1 1 1 1 1 1 1 1 1 1 1 1 1 1
184 2208 -0.627614399221 -0.0073224083327 0.00231374576368 0.543005693337 1 1 1 1 1 1 1 1 1 1 1 1 1 1 1
185 2220 -0.623580030034 -0.00139135343275 0.00307878628599 0.545210154544 1 1 1 1 1 1 1 1 1 1 1 1 1 1 1
186 2232 -0.627868213805 -0.00337298201519 0.0126675977706 0.54141303591 1 1 1 1 1 1 1 1 1 1 1 1 1 1 1
187 2244 -0.618245936028 -0.0251195765035 0.00883449935915 0.540445737495 1 1 1 1 1 1 1 1 1 1 1 1 1 1 1
188 2256 -0.615925457296 -0.00259818659619 0.0353488577351 0.536883861373 1 1 1 1 1 1 1 1 1 1 1 1 1 1 1
189 2268 -0.593348331994 -0.0254901325713 0.00256098245646 0.535258882959 1 1 1 1 1 1 1 1 1 1 1 1 1 1 1
190 2280 -0.607889470774 -0.00820790462512 0.000986753050757 0.548006017932 1 1 1 1 1 1 1 1 1 1 1 1 1 1 1
191 2292 -0.606205417037 -0.00176646806564 0.00314079238772 0.544518707714 1 1 1 1 1 1 1 1 1 1 1 1 1 1 1
192 2304 -0.587196533252 -0.000737928299239 0.0025406727408 0.548550377609 1 1 1 1 1 1 1 1 1 1 1 1 1 1 1
193 2316 -0.586679325699 -2.33205055231e-06 0.0160513002868 0.54615783561 1 1 1 1 1 1 1 1 1 1 1 1 1 1 1
194 2328 -0.578270842854 -0.00275032308221 0.00021165641499 0.533664866547 1 1 1 1 1 1 1 1 1 1 1 1 1 1 1
195 2340 -0.582902574536 -0.0030117633238 0.000357718000834 0.530518029888 1 1 1 1 1 1 1 1 1 1 1 1 1 1 1
196 2352 -0.585037479519 -0.0117599778078 0.00401688209003 0.532167183901 1 1 1 1 1 1 1 1 1 1 1 1 1 1 1
197 2364 -0.577037200607 -0.00181008558781 0.00226005930429 0.534702116568 1 1 1 1 1 1 1 1 1 1 1 1 1 1 1
198 2376 -0.578667833285 -0.00223072690503 0.00275546763236 0.535277363383 1 1 1 1 1 1 1 1 1 1 1 1 1 1 1
199 2388 -0.575598139479 -0.0122121053803 2.62725154168e-05 0.537137342337 1 1 1 1 1 1 1 1 1 1 1 1 1 1 1
200 2400 -0.585900169824 -0.00160222081459 0.0124322681852 0.543615051061 1 1 1 1 1 1 1 1 1 1 1 1 1 1 1
201 2412 -0.603197296093 -0.00173502879701 0.00672317836444 0.546530506163 1 1 1 1 1 1 1 1 1 1 1 1 1 1 1
202 2424 -0.606598643092 -0.00202464661792 0.0085766681362 0.555280524157 1 1 1 1 1 1 1 1 1 1 1 1 1 1 1
203 2436 -0.600046571771 -0.0127548180405 0.00355831276361 0.551389983916 1 1 1 1 1 1 1 1 1 1 1 1 1 1 1
204 2448 -0.594478645954 -0.0249314719793 0.00225809263544 0.543698955332 1 1 1 1 1 1 1 1 1 1 1 1 1 1 1
205 2460 -0.591069991074 -0.000848207744674 0.00618798038926 0.539041902557 1 1 1 1 1 1 1 1 1 1 1 1 1 1 1
206 2472 -0.591100036564 -0.0101298176927 0.00207629131866 0.537503658511 1 1 1 1 1 1 1 1 1 1 1 1 1 1 1
207 2484 -0.594373576289 -0.0101908334901 0.00101645187764 0.526269166923 1 1 1 1 1 1 1 1 1 1 1 1 1 1 1
208 2496 -0.6112387507 -0.000591999221164 0.0109059342133 0.531992845918 1 1 1 1 1 1 1 1 1 1 1 1 1 1 1
209 2508 -0.612633258871 -0.00564798039064 0.00425942692592 0.537875376953 1 1 1 1 1 1 1 1 1 1 1 1 1 1 1
210 2520 -0.61656422508 -0.00400426380857 0.00582977691169 0.545770364649 1 1 1 1 1 1 1 1 1 1 1 1 1 1 1
211 2532 -0.610868935115 -0.00765700166457 0.00300991188093 0.547823011151 1 1 1 1 1 1 1 1 1 1 1 1 1 1 1
212 2544 -0.596514879634 -0.0237888543503 0.000477833031113 0.54870916682 1 1 1 1 1 1 1 1 1 1 1 1 1 1 1
213 2556 -0.587507159997 -0.00704235958309 0.0107294480977 0.544647878826 1 1 1 1 1 1 1 1 1 1 1 1 1 1 1
214 2568 -0.577445665368 -0.00259669659458 0.0178837031815 0.531457144699 1 1 1 1 1 1 1 1 1 1 1 1 1 1 1
215 2580 -0.581758966978 -0.0126158374105 0.00108750590143 0.529215196225 1 1 1 1 1 1 1 1 1 1 1 1 1 1 1
216 2592 -0.58132042773 -0.000485828868925 0.00405446483916 0.546420468319 1 1 1 1 1 1 1 1 1 1 1 1 1 1 1
217 2604 -0.591130660823 -0.0013075392272 0.00664155859993 0.54391960501 1 1 1 1 1 1 1 1 1 1 1 1 1 1 1
218 2616 -0.568503347852 -0.0101121949389 0.0106525035629 0.546012566698 1 1 1 1 1 1 1 1 1 1 1 1 1 1 1
219 2628 -0.580923658819 -0.00115038910162 0.00687078527134 0.522790855126 1 1 1 1 1 1 1 1 1 1 1 1 1 1 1
220 2640 -0.582617344739 -0.0100973201215 0.0210196588781 0.494631878295 1 1 1 1 1 1 1 1 1 1 1 1 1 1 1
221 2652 -0.605332439905 -0.00107583171569 0.0162132766569 0.503709551167 1 1 1 1 1 1 1 1 1 1 1 1 1 1 1
222 2664 -0.619081903958 -0.000801601414112 0.00415458056035 0.507549506269 1 1 1 1 1 1 1 1 1 1 1 1 1 1 1
223 2676 -0.632425409817 -0.00908618660957 0.00346982018277 0.536060936081 1 1 1 1 1 1 1 1 1 1 1 1 1 1 1
224 2688 -0.658158269894 -0.00298206722418 0.00379840495033 0.540845287463 1 1 1 1 1 1 1 1 1 1 1 1 1 1 1
225 2700 -0.664264839533 -0.0157356743554 0.00111146163363 0.55058443083 1 1 1 1 1 1 1 1 1 1 1 1 1 1 1
226 2712 -0.664179348385 -0.0110062722581 0.0207050281131 0.545178935063 1 1 1 1 1 1 1 1 1 1 1 1 1 1 1
227 2724 -0.666159461072 -0.00814229292249 0.0147953397824 0.542388022141 1 1 1 1 1 1 1 1 1 1 1 1 1 1 1
228 2736 -0.660012661831 -0.000508742592652 0.0198135905806 0.543196317291 1 1 1 1 1 1 1 1 1 1 1 1 1 1 1
229 2748 -0.661857329669 -0.00794152107116 0.00325755779857 0.554506218786 1 1 1 1 1 1 1 1 1 1 1 1 1 1 1
230 2760 -0.678281600268 -0.00969411607463 0.0119138592274 0.562430974979 1 1 1 1 1 1 1 1 1 1 1 1 1 1 1
231 2772 -0.674221902465 -0.0196547833672 0.000129174686072 0.571533333464 1 1 1 1 1 1 1 1 1 1 1 1 1 1 1
232 2784 -0.670941100467 -0.0127584426896 0.00172850240291 0.575233535664 1 1 1 1 1 1 1 1 1 1 1 1 1 1 1
233 2796 -0.669566496015 -7.76366047863e-05 0.000357406782305 0.577821016164 1 1 1 1 1 1 1 1 1 1 1 1 1 1 1
234 2808 -0.681101584327 -0.0124087225644 0.00192551841626 0.602142437723 1 1 1 1 1 1 1 1 1 1 1 1 1 1 1
235 2820 -0.656040496715 -0.00153990000354 0.00580324544263 0.607946104564 1 1 1 1 1 1 1 1 1 1 1 1 1 1 1
236 2832 -0.655553916704 -0.00776380118773 0.0017380633406 0.608056925151 1 1 1 1 1 1 1 1 1 1 1 1 1 1 1
237 2844 -0.650241262475 -0.030165494758 0.00900823136324 0.600617973881 1 1 1 1 1 1 1 1 1 1 1 1 1 1 1
238 2856 -0.648819640833 -0.004375851826 0.0106470879842 0.608438681585 1 1 1 1 1 1 1 1 1 1 1 1 1 1 1
239 2868 -0.649463075329 -0.000900817703848 0.00272394076353 0.61541699044 1 1 1 1 1 1 1 1 1 1 1 1 1 1 1
240 2880 -0.657984572232 -0.00142879083791 0.00805078926162 0.629706384642 1 1 1 1 1 1 1 1 1 1 1 1 1 1 1
241 2892 -0.663510386424 -0.00147713250511 0.000591154699419 0.630486363355 1 1 1 1 1 1 1 1 1 1 1 1 1 1 1
242 2904 -0.67039144369 -0.00616985017445 0.00497096891423 0.639958785861 1 1 1 1 1 1 1 1 1 1 1 1 1 1 1
243 2916 -0.659491419667 -0.00831080314484 0.00435455590544 0.627160334812 1 1 1 1 1 1 1 1 1 1 1 1 1 1 1
244 2928 -0.653697490021 -0.00821663388563 0.00172344763125 0.614571401918 1 1 1 1 1 1 1 1 1 1 1 1 1 1 1
245 2940 -0.653927894099 -0.0188330536832 0.00417281384948 0.60722111269 1 1 1 1 1 1 1 1 1 1 1 1 1 1 1
246 2952 -0.647759760794 -0.00429278581212 0.00560213939636 0.600357658035 1 1 1 1 1 1 1 1 1 1 1 1 1 1 1
247 2964 -0.645892343261 -0.00362581353076 0.00541706934355 0.598036146494 1 1 1 1 1 1 1 1 1 1 1 1 1 1 1
248 2976 -0.651607455251 -0.00964749808897 0.00360046974254 0.603515165102 1 1 1 1 1 1 1 1 1 1 1 1 1 1 1
249 2988 -0.65358776606 -0.00278244438838 0.00516503661178 0.607562281237 1 1 1 1 1 1 1 1 1 1 1 1 1 1 1
250 3000 -0.658138170912 -0.0208780026674 0.00371687546306 0.589532270747 1 1 1 1 1 1 1 1 1 1 1 1 1 1 1
251 3012 -0.668605003019 -0.00405226398634 0.00935327510041 0.58672388506 1 1 1 1 1 1 1 1 1 1 1 1 1 1 1
252 3024 -0.665771876461 -0.00546167127292 0.0114420790043 0.592045934989 1 1 1 1 1 1 1 1 1 1 1 1 1 1 1
253 3036 -0.664891160869 -0.00553696435608 0.0176127296079 0.587671783087 1 1 1 1 1 1 1 1 1 1 1 1 1 1 1
254 3048 -0.664396311217 -0.00144046871808 0.0205761382202 0.587980520402 1 1 1 1 1 1 1 1 1 1 1 1 1 1 1
255 3060 -0.666888135986 -0.00153465715516 0.00404960050569 0.588498869357 1 1 1 1 1 1 1 1 1 1 1 1 1 1 1
256 3072 -0.661010960003 -0.00165400791441 0.00498080716342 0.590026998407 1 1 1 1 1 1 1 1 1 1 1 1 1 1 1
257 3084 -0.656842432545 -0.00816203389214 0.00712907850932 0.595214692786 1 1 1 1 1 1 1 1 1 1 1 1 1 1 1
258 3096 -0.661951326752 -0.00440179319666 0.00684501141479 0.594251379416 1 1 1 1 1 1 1 1 1 1 1 1 1 1 1
259 3108 -0.653566439186 -0.00628162561684 0.0144372980849 0.600535585038 1 1 1 1 1 1 1 1 1 1 1 1 1 1 1
260 3120 -0.656485648569 -0.00203715356601 0.0178405511201 0.599800871455 1 1 1 1 1 1 1 1 1 1 1 1 1 1 1
261 3132 -0.665281495393 -2.10044011066e-05 0.00481052969009 0.604456950854 1 1 1 1 1 1 1 1 1 1 1 1 1 1 1
262 3144 -0.667946176897 -0.0346313067662 0.00860310962374 0.604919898199 1 1 1 1 1 1 1 1 1 1 1 1 1 1 1
263 3156 -0.666339716837 -0.00153334024112 0.0118955606521 0.598456588461 1 1 1 1 1 1 1 1 1 1 1 1 1 1 1
264 3168 -0.666759216372 -0.0467542119268 0.0127346294886 0.588233636442 1 1 1 1 1 1 1 1 1 1 1 1 1 1 1
265 3180 -0.67203532507 -0.022597387042 0.0288656870653 0.581980201828 1 1 1 1 1 1 1 1 1 1 1 1 1 1 1
266 3192 -0.672593571663 -0.0261992905469 0.00343846919066 0.571131718743 1 1 1 1 1 1 1 1 1 1 1 1 1 1 1
267 3204 -0.672230917626 -0.0217782393497 0.0236092569367 0.57172785677 1 1 1 1 1 1 1 1 1 1 1 1 1 1 1
268 3216 -0.673044819908 -0.00209145013106 0.00890517763123 0.580335964753 1 1 1 1 1 1 1 1 1 1 1 1 1 1 1
269 3228 -0.668789438648 -0.00283149652574 0.0157612097882 0.580059120179 1 1 1 1 1 1 1 1 1 1 1 1 1 1 1
270 3240 -0.672910324476 -0.00857368352562 0.00152791950971 0.594289051844 1 1 1 1 1 1 1 1 1 1 1 1 1 1 1
271 3252 -0.681696757682 -0.000667917099002 0.0132207975065 0.595246605587 1 1 1 1 1 1 1 1 1 1 1 1 1 1 1
272 3264 -0.675811636466 -0.0038527401837 0.00776095963807 0.604267448151 1 1 1 1 1 1 1 1 1 1 1 1 1 1 1
273 3276 -0.656782352405 -0.00815228341422 0.00430577321284 0.594707394783 1 1 1 1 1 1 1 1 1 1 1 1 1 1 1
274 3288 -0.654055346792 -0.0137711159646 0.00503175919262 0.598202792885 1 1 1 1 1 1 1 1 1 1 1 1 1 1 1
275 3300 -0.650442704097 -0.00398097592078 0.00493553488674 0.59567292828 1 1 1 1 1 1 1 1 1 1 1 1 1 1 1
276 3312 -0.639751021068 -0.014671133842 0.000943414603421 0.579411860656 1 1 1 1 1 1 1 1 1 1 1 1 1 1 1
277 3324 -0.629982534933 -0.00024565836594 0.00266373719676 0.58332659585 1 1 1 1 1 1 1 1 1 1 1 1 1 1 1
278 3336 -0.613743002084 -0.000225141102835 0.00422307704034 0.581416266132 1 1 1 1 1 1 1 1 1 1 1 1 1 1 1
279 3348 -0.608945754726 -0.000541582133142 0.00948281312134 0.571408706653 1 1 1 1 1 1 1 1 1 1 1 1 1 1 1
280 3360 -0.613313376487 -0.0121761916016 0.000720352254111 0.579902578339 1 1 1 1 1 1 1 1 1 1 1 1 1 1 1
281 3372 -0.614775793803 -0.00514832824234 1.54121768631e-05 0.59487908834 1 1 1 1 1 1 1 1 1 1 1 1 1 1 1
282 3384 -0.627521948255 -0.00714763839937 0.00917228517293 0.590285091694 1 1 1 1 1 1 1 1 1 1 1 1 1 1 1
283 3396 -0.631056779458 -0.00099570389111 0.0146717254153 0.602628208392 1 1 1 1 1 1 1 1 1 1 1 1 1 1 1
284 3408 -0.627053584262 -0.00917279063127 0.00737420548844 0.608736620158 1 1 1 1 1 1 1 1 1 1 1 1 1 1 1
285 3420 -0.632774332239 -0.0137303556598 0.00560813787392 0.611193653957 1 1 1 1 1 1 1 1 1 1 1 1 1 1 1
286 3432 -0.605406761899 -0.00563010995077 0.000596011962404 0.611447079352 1 1 1 1 1 1 1 1 1 1 1 1 1 1 1
287 3444 -0.601673562144 -0.00962048658229 0.00892254314768 0.619919398308 1 1 1 1 1 1 1 1 1 1 1 1 1 1 1
288 3456 -0.602542758735 -0.00841921572863 0.00234434429076 0.622073390723 1 1 1 1 1 1 1 1 1 1 1 1 1 1 1
289 3468 -0.603154672215 -0.0012946479015 0.0194616541439 0.622897523844 1 1 1 1 1 1 1 1 1 1 1 1 1 1 1
290 3480 -0.600639242712 -0.00084385697099 0.00417811979955 0.62036493662 1 1 1 1 1 1 1 1 1 1 1 1 1 1 1
291 3492 -0.609152234244 -0.00109066570437 0.0078310067164 0.616204011771 1 1 1 1 1 1 1 1 1 1 1 1 1 1 1
292 3504 -0.592802573351 -0.00254862648473 0.000113303858007 0.612508110018 1 1 1 1 1 1 1 1 1 1 1 1 1 1 1
293 3516 -0.594561008958 -0.00710911755613 0.012888864533 0.598766982496 1 1 1 1 1 1 1 1 1 1 1 1 1 1 1
294 3528 -0.598281329322 -0.0180056573294 0.00191700561919 0.606526790007 1 1 1 1 1 1 1 1 1 1 1 1 1 1 1
295 3540 -0.598060825825 -0.0185990975848 0.005960739786 0.616157833077 1 1 1 1 1 1 1 1 1 1 1 1 1 1 1
296 3552 -0.598424719657 -0.0229968951558 0.000499084135976 0.625434225816 1 1 1 1 1 1 1 1 1 1 1 1 1 1 1
297 3564 -0.593509734535 -0.00256342032659 0.00184574707379 0.628926052743 1 1 1 1 1 1 1 1 1 1 1 1 1 1 1
298 3576 -0.604357614437 -0.00535315883044 0.016050174672 0.640265189721 1 1 1 1 1 1 1 1 1 1 1 1 1 1 1
299 3588 -0.609390628078 -0.0156377766615 0.0104571316525 0.64990354071 1 1 1 1 1 1 1 1 1 1 1 1 1 1 1
300 3600 -0.604063843124 -0.0105489947482 0.0128260700633 0.675025988606 1 1 1 1 1 1 1 1 1 1 1 1 1 1 1
301 3612 -0.60711723276 -0.016843927446 0.0119701682458 0.666202100605 1 1 1 1 1 1 1 1 1 1 1 1 1 1 1
302 3624 -0.596239535848 -0.000501946078425 0.0010523745613 0.66197072183 1 1 1 1 1 1 1 1 1 1 1 1 1 1 1
303 3636 -0.585420433052 -0.00974804833314 0.0275462527301 0.654127523551 1 1 1 1 1 1 1 1 1 1 1 1 1 1 1
304 3648 -0.582412239057 -0.00537655824195 0.00740816721111 0.661265130453 1 1 1 1 1 1 1 1 1 1 1 1 1 1 1
305 3660 -0.596603273715 -0.0299574308412 0.000561739941842 0.663199122589 1 1 1 1 1 1 1 1 1 1 1 1 1 1 1
306 3672 -0.593462171794 -0.0226591542374 0.00898291776619 0.663572555728 1 1 1 1 1 1 1 1 1 1 1 1 1 1 1
307 3684 -0.611601338506 -0.0110835142772 0.00668730957109 0.663742803542 1 1 1 1 1 1 1 1 1 1 1 1 1 1 1
308 3696 -0.620692409093 -0.00604285756599 0.00911863994452 0.655576817766 1 1 1 1 1 1 1 1 1 1 1 1 1 1 1
309 3708 -0.618119123055 -0.0106145302294 0.00226548887765 0.649766572643 1 1 1 1 1 1 1 1 1 1 1 1 1 1 1
310 3720 -0.62137043274 -0.000494186185849 0.00477839017537 0.656325621838 1 1 1 1 1 1 1 1 1 1 1 1 1 1 1
311 3732 -0.625681213021 -0.00146580960005 0.0166842192698 0.655236391123 1 1 1 1 1 1 1 1 1 1 1 1 1 1 1
312 3744 -0.62680518636 -0.00271737513832 0.0110202613976 0.650945669973 1 1 1 1 1 1 1 1 1 1 1 1 1 1 1
313 3756 -0.630774249896 -0.0120296071038 0.00572339839806 0.654694877432 1 1 1 1 1 1 1 1 1 1 1 1 1 1 1
314 3768 -0.628915635427 -0.00257080396121 0.0039896515888 0.646562718113 1 1 1 1 1 1 1 1 1 1 1 1 1 1 1
315 3780 -0.62692596606 -0.00860247421951 0.00888640324398 0.633130370532 1 1 1 1 1 1 1 1 1 1 1 1 1 1 1
316 3792 -0.621886335244 -0.00459566102848 0.011376046107 0.620785812981 1 1 1 1 1 1 1 1 1 1 1 1 1 1 1
317 3804 -0.612030435794 -0.0126410897237 0.00808595862865 0.624646480288 1 1 1 1 1 1 1 1 1 1 1 1 1 1 1
318 3816 -0.608159029349 -0.00632114986448 0.0136827515383 0.616498792406 1 1 1 1 1 1 1 1 1 1 1 1 1 1 1
319 3828 -0.616757242332 -0.00251319408322 0.0025320775011 0.591914609021 1 1 1 1 1 1 1 1 1 1 1 1 1 1 1
320 3840 -0.621703062009 -0.0104777208345 0.003713009583 0.596613075012 1 1 1 1 1 1 1 1 1 1 1 1 1 1 1
321 3852 -0.629440232329 -0.00175610377718 0.0366728460286 0.609270314948 1 1 1 1 1 1 1 1 1 1 1 1 1 1 1
322 3864 -0.635031395754 -0.00134534956701 0.00127842980258 0.612460668015 1 1 1 1 1 1 1 1 1 1 1 1 1 1 1
323 3876 -0.654909170478 -0.015017174572 0.0038575780063 0.620087697271 1 1 1 1 1 1 1 1 1 1 1 1 1 1 1
