% # columns="iteration, evaluation, sigma, axis ratio, bestever, best, median, worst objective function value, further objective values of best", seed=12, Wed Jan 31 21:19:57 2018, <python>{}</python>
1 12 1.83882447347 1.00004705993 0.06857866666666666 6.8578666666666663e-02 1.0 1.0   
2 24 1.81941026008 1.11052925821 -3.0 -3.0000000000000000e+00 0.529913333333 1.0   
3 36 1.89027169349 1.18441880705 -3.2015266666666666 -3.2015266666666666e+00 1.0 1.0   
4 48 1.86490063023 1.26511578397 -5.3735393333333334 -5.3735393333333334e+00 0.469694 1.0   
5 60 1.9157206386 1.28951772936 -5.3735393333333334 -1.7461373333333334e+00 0.437354666667 1.0   
6 72 1.98096546412 1.32193116239 -5.3735393333333334 -1.8792346666666666e+00 0.360795333333 1.0   
7 84 1.94455571172 1.34732885159 -5.3735393333333334 -3.7403560000000002e+00 0.131233333333 1.0   
8 96 1.82764544091 1.34089062552 -5.3735393333333334 -1.8257413333333332e+00 0.18556 1.0   
9 108 1.84030609585 1.3481800298 -5.3735393333333334 -3.8304786666666666e+00 -1.48224 1.0   
10 120 1.76618000799 1.40151901619 -5.3735393333333334 -3.8293080000000002e+00 -1.43143533333 1.0   
11 132 1.7252724518 1.42072430793 -5.3735393333333334 -3.6100393333333334e+00 0.238524666667 1.0   
12 144 1.72249900707 1.43752410803 -8.033166666666666 -8.0331666666666663e+00 0.270019333333 1.0   
13 156 1.73628500059 1.50013846431 -8.033166666666666 -3.2641266666666668e+00 0.386792666667 1.0   
14 168 1.7013198287 1.53273191374 -8.033166666666666 -3.8331640000000000e+00 -1.47019866667 0.395856   
15 180 1.72016173621 1.56708661237 -8.033166666666666 -3.7154880000000001e+00 0.0848233333333 0.595110666667   
16 192 1.70817499321 1.58632213999 -8.033166666666666 -3.6806619999999999e+00 -1.74875733333 0.525458   
17 204 1.66963899063 1.60987571987 -8.033166666666666 -5.4364793333333337e+00 0.189312666667 1.0   
18 216 1.61755242489 1.60498058247 -8.033166666666666 -3.8245133333333334e+00 -1.61563533333 0.397551333333   
19 228 1.59315735769 1.5989440886 -8.033166666666666 -5.5638920000000001e+00 0.125416666667 0.501787333333   
20 240 1.53918624915 1.63443632292 -8.033166666666666 -3.7837026666666667e+00 -1.72042466667 1.0   
21 252 1.50865937597 1.66071964424 -8.033166666666666 -3.8931646666666668e+00 0.317804 0.597952   
22 264 1.49487572326 1.6784587897 -8.033166666666666 -5.3881259999999997e+00 0.0565154666667 1.0   
23 276 1.4862889632 1.68696089962 -8.033166666666666 -5.4434133333333330e+00 0.088368 1.0   
24 288 1.39458199351 1.71121718943 -8.033166666666666 -8.0031666666666670e+00 0.208245333333 1.0   
25 300 1.40155430152 1.71085251545 -8.406666666666666 -8.4066666666666663e+00 0.396423333333 0.64775   
26 312 1.38526870192 1.73730812184 -8.423333333333334 -8.4233333333333338e+00 0.229032 1.0   
27 324 1.40524390151 1.7555469659 -8.423333333333334 -5.4547806666666663e+00 0.196426 0.494088666667   
28 336 1.37135362907 1.8316467419 -8.423333333333334 -8.0131666666666668e+00 -3.11940666667 1.0   
29 348 1.34057615059 1.84805030264 -8.423333333333334 -8.3366666666666660e+00 -1.570284 1.0   
30 360 1.30500683493 1.87408051692 -8.423333333333334 -3.8936913333333334e+00 -1.0 0.572824   
31 372 1.23110040864 1.88610902055 -8.423333333333334 -8.2464999999999993e+00 0.0603541333333 1.0   
32 384 1.16507593561 1.89768166374 -8.423333333333334 -5.4567766666666664e+00 0.121572666667 0.508574   
33 396 1.09809328299 1.95290665039 -8.423333333333334 -5.6779520000000003e+00 -1.87450533333 0.436863333333   
34 408 1.06548764257 1.97908342715 -8.423333333333334 -5.3903160000000003e+00 0.236785333333 0.471614666667   
35 420 1.00643312146 1.96864301976 -8.423333333333334 -5.4491519999999998e+00 -3.28926 0.229241333333   
36 432 0.92411989421 1.9830965963 -8.423333333333334 -5.9546185333333330e+00 -1.71301133333 0.266548666667   
37 444 0.935688336167 1.99853606702 -8.423333333333334 -8.1065000000000005e+00 -3.57101666667 0.134558   
38 456 0.965770020975 2.03855530326 -8.44 -8.4399999999999995e+00 -3.21114666667 0.277208666667   
39 468 0.999614257266 2.05529773478 -8.44 -8.3566666666666674e+00 -3.35861866667 0.188112666667   
40 480 1.02246317299 2.06519083123 -8.44 -8.0598333333333336e+00 -3.46169733333 0.617702   
41 492 1.07015918864 2.06225787204 -8.46 -8.4600000000000009e+00 0.116284666667 1.0   
42 504 1.10930505759 2.08010852114 -8.46 -8.2798333333333325e+00 -3.11582666667 0.464487333333   
43 516 1.12028319787 2.13422234383 -8.46 -3.9082586666666668e+00 0.157456666667 1.0   
44 528 1.09522387209 2.17302331694 -8.46 -3.7394020000000001e+00 -1.46824933333 1.0   
45 540 1.07301037072 2.21756613732 -8.46 -8.3733333333333331e+00 -1.675246 0.489566666667   
46 552 1.03693413868 2.29221442783 -8.46 -8.4166666666666661e+00 -1.64648133333 1.0   
47 564 1.0091208566 2.3779879294 -8.46 -8.4100000000000001e+00 -3.87627066667 0.738173333333   
48 576 1.02808287665 2.40951465464 -8.46 -8.3833333333333329e+00 -5.54109533333 0.11879   
49 588 1.03320431926 2.49222844458 -8.46 -8.3533333333333335e+00 -1.58384266667 1.0   
50 600 1.02236074034 2.55961216603 -8.46 -8.2765000000000004e+00 0.189758 0.503865333333   
51 612 1.01350820706 2.61460098052 -8.46 -8.3266666666666662e+00 -3.87223333333 1.0   
52 624 1.00087895658 2.65328967445 -8.53 -8.5299999999999994e+00 0.184110666667 1.0   
53 636 0.973841355791 2.7149427519 -8.53 -8.4566666666666670e+00 -3.66173266667 1.0   
54 648 0.938912676045 2.71805177834 -8.543333333333333 -8.5433333333333330e+00 -3.356476 0.489157333333   
55 660 0.912767867001 2.78253602142 -8.543333333333333 -8.3533333333333335e+00 -5.748166 1.0   
56 672 0.898153134105 2.87423521709 -8.543333333333333 -8.4133333333333340e+00 -3.92676866667 1.0   
57 684 0.893862304952 2.82652226512 -8.543333333333333 -8.2665000000000006e+00 -3.481568 1.0   
58 696 0.901039270345 2.85736439187 -8.543333333333333 -8.4900000000000002e+00 -3.67076466667 0.47877   
59 708 0.908655644024 2.94710300564 -8.543333333333333 -8.4366666666666674e+00 -8.1965 -3.38642133333   
60 720 0.919194050598 2.9419740404 -8.543333333333333 -8.4333333333333336e+00 -5.731238 0.157536666667   
61 732 0.938454535908 3.0365098679 -8.543333333333333 -8.4933333333333341e+00 0.0671466666667 0.456796666667   
62 744 0.924782890654 3.13761547457 -8.543333333333333 -8.4533333333333331e+00 -3.51494133333 0.81078   
63 756 0.943699963466 3.14170160266 -8.553333333333333 -8.5533333333333328e+00 -5.93213466667 0.0822546666667   
64 768 0.942754485712 3.15229808585 -8.553333333333333 -8.4900000000000002e+00 -3.88904866667 0.363658666667   
65 780 0.910716070085 3.18909404037 -8.553333333333333 -8.5233333333333334e+00 -5.47951333333 1.0   
66 792 0.914124523099 3.20328225101 -8.553333333333333 -8.2899999999999991e+00 0.157179333333 1.0   
67 804 0.906575237503 3.21779964305 -8.573333333333334 -8.5733333333333341e+00 -1.47058733333 1.0   
68 816 0.876929516183 3.24044938326 -8.573333333333334 -8.4499999999999993e+00 0.15348 1.0   
69 828 0.884732086509 3.25464447219 -8.573333333333334 -8.5299999999999994e+00 -5.928054 0.487836666667   
70 840 0.877695091427 3.34675400791 -8.573333333333334 -8.4133333333333340e+00 -5.695486 1.0   
71 852 0.860441473708 3.38232551871 -8.573333333333334 -8.5233333333333334e+00 -5.33558333333 1.0   
72 864 0.811610026641 3.43163405204 -8.573333333333334 -8.4833333333333325e+00 -5.712558 0.0631632   
73 876 0.758642353276 3.51133029822 -8.59 -8.5899999999999999e+00 -5.76893666667 0.290743333333   
74 888 0.736665621056 3.64995207646 -8.59 -8.4933333333333341e+00 -3.30846666667 1.0   
75 900 0.705105242041 3.77794172188 -8.59 -8.5333333333333332e+00 -8.32333333333 0.137449333333   
76 912 0.69644133127 3.85774733918 -8.59 -8.4399999999999995e+00 -8.09983333333 -1.84095666667   
77 924 0.670342360125 3.90054913106 -8.59 -8.5099999999999998e+00 -8.1465 -1.68683933333   
78 936 0.67894421753 3.95496396559 -8.59 -8.5800000000000001e+00 -8.45333333333 -5.684942   
79 948 0.673713278891 3.89183268225 -8.59 -8.4266666666666659e+00 -8.29 0.21483   
80 960 0.67063040746 3.91390947158 -8.59 -8.5199999999999996e+00 -5.687832 0.153842666667   
81 972 0.6726656131 3.94137633015 -8.59 -8.4866666666666664e+00 -8.17983333333 -1.53792733333   
82 984 0.653225115417 4.02540448528 -8.59 -8.3599999999999994e+00 -8.1465 0.490098666667   
83 996 0.644647131062 4.03053454336 -8.59 -8.4866666666666664e+00 -5.87998133333 0.225599333333   
84 1008 0.648671254922 4.02251520245 -8.59 -8.4233333333333338e+00 -8.1565 0.161082   
85 1020 0.666305973793 4.05776876511 -8.59 -8.5033333333333339e+00 -3.89891866667 0.078658   
86 1032 0.694081688006 4.09902409778 -8.59 -8.5633333333333326e+00 -8.41666666667 -1.53031666667   
87 1044 0.720388949915 4.12167157163 -8.61 -8.6099999999999994e+00 -8.34666666667 0.153255333333   
88 1056 0.734921354408 4.23917602389 -8.61 -8.5333333333333332e+00 -8.12983333333 0.477566   
89 1068 0.749567378203 4.3200077165 -8.61 -8.5999999999999996e+00 -8.24316666667 -3.13030666667   
90 1080 0.730304946443 4.39147894463 -8.61 -8.5466666666666669e+00 -8.1965 -1.63935066667   
91 1092 0.723978315153 4.45872540095 -8.61 -8.4000000000000004e+00 -8.21316666667 0.441079333333   
92 1104 0.718010330475 4.59027396129 -8.61 -8.4466666666666672e+00 -8.0 0.0949833333333   
93 1116 0.709256959246 4.62384807271 -8.61 -8.4666666666666668e+00 -5.92608533333 0.0697053333333   
94 1128 0.697929551078 4.72284224057 -8.61 -8.4766666666666666e+00 -8.21316666667 0.78384   
95 1140 0.671679505028 4.80243928905 -8.61 -8.5199999999999996e+00 -8.47 0.121409333333   
96 1152 0.677054973131 4.90045776856 -8.61 -8.5700000000000003e+00 -8.34 0.167292666667   
97 1164 0.664330762326 5.06102772502 -8.61 -8.5399999999999991e+00 -8.17316666667 -3.37100066667   
98 1176 0.68923647645 5.14445693533 -8.61 -8.5333333333333332e+00 -8.25983333333 0.158668   
99 1188 0.691591795623 5.33615438541 -8.61 -8.4766666666666666e+00 -8.16316666667 -3.815718   
100 1200 0.69864599396 5.43817274348 -8.61 -8.5266666666666673e+00 -8.30666666667 -3.356124   
101 1212 0.697608844774 5.43568731049 -8.61 -8.5199999999999996e+00 -8.20983333333 0.0660802   
102 1224 0.659770055905 5.53940328492 -8.61 -8.5899999999999999e+00 -8.39666666667 -3.48161266667   
103 1236 0.652525524107 5.57875854938 -8.61 -8.5666666666666664e+00 -8.45666666667 -5.608606   
104 1248 0.679107982835 5.67759689597 -8.61 -8.4833333333333325e+00 -8.2465 0.2803   
105 1260 0.708571932334 5.69029010509 -8.61 -8.3866666666666667e+00 -5.91782333333 0.530950666667   
106 1272 0.691010921176 5.83865807144 -8.61 -8.5000000000000000e+00 -8.44666666667 0.0695106666667   
107 1284 0.68562668704 5.75426444756 -8.61 -8.5633333333333326e+00 -8.40333333333 0.122327333333   
108 1296 0.709632910325 5.91995932822 -8.61 -8.5800000000000001e+00 -8.38 -8.00316666667   
109 1308 0.705336957646 6.08557689869 -8.61 -8.5033333333333339e+00 -8.31 -1.43855933333   
110 1320 0.691022803261 6.26882417449 -8.61 -8.5166666666666675e+00 -5.61875733333 -1.77559866667   
111 1332 0.693227938337 6.33178536573 -8.61 -8.5633333333333326e+00 -8.35 -1.93633913333   
112 1344 0.670479506112 6.46664846226 -8.61 -8.5166666666666675e+00 -5.88507266667 0.181100666667   
113 1356 0.650156683237 6.74396853676 -8.61 -8.5533333333333328e+00 -8.41666666667 -3.86107333333   
114 1368 0.626308084296 6.88665288512 -8.61 -8.5833333333333339e+00 -8.43 -1.589634   
115 1380 0.609745375996 6.98390010671 -8.61 -8.5566666666666666e+00 -8.43666666667 -5.69436533333   
116 1392 0.58850100481 7.10871480969 -8.61 -8.5666666666666664e+00 -8.31 -8.17316666667   
117 1404 0.5787409121 7.1039409242 -8.61 -8.5199999999999996e+00 -8.39 0.067588   
118 1416 0.591774706925 7.21283631178 -8.61 -8.5299999999999994e+00 -8.43333333333 -8.2065   
119 1428 0.590389540767 7.29753650101 -8.61 -8.5766666666666662e+00 -8.42 -5.68725   
120 1440 0.564829956125 7.3237634066 -8.61 -8.5933333333333337e+00 -8.44666666667 -1.93560373333   
121 1452 0.545820720686 7.38777450997 -8.61 -8.5333333333333332e+00 -8.44666666667 -8.2165   
122 1464 0.531243050412 7.49938932136 -8.61 -8.5966666666666658e+00 -8.45 -8.20316666667   
123 1476 0.510463308406 7.56769185897 -8.61 -8.5766666666666662e+00 -8.46333333333 -8.2565   
124 1488 0.498822624251 7.65280468835 -8.61 -8.5666666666666664e+00 -8.43666666667 -8.2665   
125 1500 0.495964903505 7.76410552046 -8.61 -8.5999999999999996e+00 -8.47 -8.36666666667   
126 1512 0.479070003121 7.71118721465 -8.61 -8.6066666666666674e+00 -8.47 -8.39333333333   
127 1524 0.473133485058 7.84186480781 -8.61 -8.5500000000000007e+00 -8.46666666667 -8.37333333333   
128 1536 0.450278382903 7.95314159394 -8.61 -8.5733333333333341e+00 -8.41666666667 -8.21983333333   
129 1548 0.443362519089 8.09482470765 -8.61 -8.5999999999999996e+00 -8.51666666667 -8.24983333333   
130 1560 0.455529809057 8.40844821105 -8.61 -8.5999999999999996e+00 -8.46 -8.11983333333   
131 1572 0.45661709114 8.55897308047 -8.613333333333333 -8.6133333333333333e+00 -8.55 -8.43666666667   
132 1584 0.464316109307 8.58071785642 -8.613333333333333 -8.5533333333333328e+00 -8.50333333333 -8.35333333333   
133 1596 0.438979615154 8.59161510443 -8.613333333333333 -8.5966666666666658e+00 -8.47666666667 -8.11316666667   
134 1608 0.424679763382 8.65282602192 -8.613333333333333 -8.5933333333333337e+00 -8.48666666667 -8.33   
135 1620 0.419944953953 8.85677901315 -8.613333333333333 -8.5766666666666662e+00 -8.53333333333 -8.47666666667   
136 1632 0.421895591089 9.16082977122 -8.613333333333333 -8.5566666666666666e+00 -8.49333333333 -8.26983333333   
137 1644 0.4316852203 9.51874715969 -8.613333333333333 -8.5866666666666660e+00 -8.52333333333 -8.44   
138 1656 0.438121432343 9.41484691847 -8.613333333333333 -8.5833333333333339e+00 -8.50333333333 -8.31666666667   
139 1668 0.429986194507 9.56091364896 -8.613333333333333 -8.5899999999999999e+00 -8.51666666667 -8.32333333333   
140 1680 0.42783764249 9.71648624288 -8.613333333333333 -8.5666666666666664e+00 -8.51 -8.36333333333   
141 1692 0.418755399605 9.76979262523 -8.613333333333333 -8.5633333333333326e+00 -8.52 -8.31333333333   
142 1704 0.417635907548 9.64620658935 -8.613333333333333 -8.5999999999999996e+00 -8.53666666667 -8.38666666667   
143 1716 0.402564513192 9.74482407682 -8.613333333333333 -8.6133333333333333e+00 -8.53333333333 -8.38666666667   
144 1728 0.390928083051 9.83741176124 -8.613333333333333 -8.5966666666666658e+00 -8.54666666667 -8.2465   
145 1740 0.387420619687 10.0346203759 -8.613333333333333 -8.5800000000000001e+00 -8.53 -8.31666666667   
146 1752 0.400789148696 10.186866763 -8.613333333333333 -8.5800000000000001e+00 -8.52333333333 -8.35666666667   
147 1764 0.404794917001 10.2560688803 -8.623333333333333 -8.6233333333333331e+00 -8.53333333333 -8.26983333333   
148 1776 0.397127750182 10.3659144544 -8.623333333333333 -8.5833333333333339e+00 -8.42666666667 -8.0665   
149 1788 0.377343263822 10.4650840536 -8.623333333333333 -8.6099999999999994e+00 -8.50666666667 -8.26983333333   
150 1800 0.367853391688 10.4717866912 -8.623333333333333 -8.5966666666666658e+00 -8.51333333333 -8.40666666667   
151 1812 0.355665805006 10.7329251441 -8.623333333333333 -8.6099999999999994e+00 -8.51 -8.43   
152 1824 0.345307094577 10.8123605715 -8.623333333333333 -8.5899999999999999e+00 -8.51333333333 -8.33666666667   
153 1836 0.34574145512 11.0360848147 -8.623333333333333 -8.5899999999999999e+00 -8.49 -8.35333333333   
154 1848 0.330061423802 11.1181032244 -8.623333333333333 -8.5999999999999996e+00 -8.53 -8.46333333333   
155 1860 0.306591238192 11.2060146389 -8.623333333333333 -8.6033333333333335e+00 -8.55 -8.46333333333   
156 1872 0.291734952699 11.2846479003 -8.623333333333333 -8.5933333333333337e+00 -8.56 -8.46333333333   
157 1884 0.28820791584 11.3619535901 -8.623333333333333 -8.6033333333333335e+00 -8.55 -8.43666666667   
158 1896 0.286281181203 11.4361812111 -8.623333333333333 -8.5966666666666658e+00 -8.56666666667 -8.46666666667   
159 1908 0.283703672963 11.6513047142 -8.623333333333333 -8.6233333333333331e+00 -8.55 -8.46   
160 1920 0.286903706828 11.750679516 -8.623333333333333 -8.6066666666666674e+00 -8.55333333333 -8.39666666667   
161 1932 0.295817328638 11.7545833113 -8.623333333333333 -8.5866666666666660e+00 -8.51333333333 -8.32333333333   
162 1944 0.292403004445 11.7403054134 -8.623333333333333 -8.6133333333333333e+00 -8.55666666667 -8.51   
163 1956 0.292755284994 11.8944041334 -8.623333333333333 -8.6033333333333335e+00 -8.53333333333 -8.45   
164 1968 0.291690231808 11.8874309091 -8.623333333333333 -8.6033333333333335e+00 -8.57 -8.49   
165 1980 0.303989211016 12.0683102419 -8.623333333333333 -8.6099999999999994e+00 -8.54 -8.4   
166 1992 0.311240388216 12.1139677686 -8.623333333333333 -8.6099999999999994e+00 -8.54333333333 -8.33666666667   
167 2004 0.3265860903 12.34830719 -8.623333333333333 -8.5999999999999996e+00 -8.55666666667 -8.51666666667   
168 2016 0.33745605812 12.401244091 -8.623333333333333 -8.6099999999999994e+00 -8.57666666667 -8.46   
169 2028 0.354980863759 12.4783866048 -8.623333333333333 -8.6099999999999994e+00 -8.52666666667 -8.42666666667   
170 2040 0.375334692811 12.4373885096 -8.623333333333333 -8.5999999999999996e+00 -8.55666666667 -8.27983333333   
171 2052 0.387599597935 12.525451775 -8.623333333333333 -8.5899999999999999e+00 -8.50666666667 -8.39333333333   
172 2064 0.406779718673 12.4966388065 -8.623333333333333 -8.5999999999999996e+00 -8.55 -8.14316666667   
173 2076 0.39619974098 12.7557406089 -8.623333333333333 -8.5966666666666658e+00 -8.53333333333 -8.35333333333   
174 2088 0.371928505148 12.6537760604 -8.623333333333333 -8.5833333333333339e+00 -8.51666666667 -8.38666666667   
175 2100 0.36055101691 12.5400387538 -8.623333333333333 -8.5999999999999996e+00 -8.55666666667 -8.45666666667   
176 2112 0.332117714712 12.5370620387 -8.623333333333333 -8.6099999999999994e+00 -8.55 -8.46333333333   
177 2124 0.327504452406 12.5695867009 -8.623333333333333 -8.6166666666666671e+00 -8.57666666667 -8.44   
178 2136 0.329070725881 12.6803413464 -8.623333333333333 -8.5999999999999996e+00 -8.56 -8.49666666667   
179 2148 0.326714948556 12.7158697965 -8.623333333333333 -8.6099999999999994e+00 -8.55666666667 -8.49333333333   
180 2160 0.315848024194 12.7896728125 -8.633333333333333 -8.6333333333333329e+00 -8.56333333333 -8.47   
181 2172 0.303318289098 12.9816973889 -8.633333333333333 -8.6199999999999992e+00 -8.57666666667 -8.18316666667   
182 2184 0.297182803128 12.9639538422 -8.633333333333333 -8.6066666666666674e+00 -8.58 -8.54333333333   
183 2196 0.28746098505 13.0816620343 -8.64 -8.6400000000000006e+00 -8.54666666667 -8.30666666667   
184 2208 0.280800489148 13.3165744845 -8.64 -8.6233333333333331e+00 -8.56333333333 -8.37   
185 2220 0.274525259911 13.4189841667 -8.64 -8.6066666666666674e+00 -8.55333333333 -8.48666666667   
186 2232 0.276078992866 13.4385767224 -8.64 -8.6199999999999992e+00 -8.58333333333 -8.51666666667   
187 2244 0.273923040497 13.5009000181 -8.64 -8.6233333333333331e+00 -8.58 -8.35666666667   
188 2256 0.275169622773 13.5605427036 -8.64 -8.6099999999999994e+00 -8.54 -8.22316666667   
189 2268 0.282954644638 13.5774605848 -8.64 -8.6199999999999992e+00 -8.55 -8.37   
190 2280 0.274188206392 13.5943279293 -8.64 -8.6066666666666674e+00 -8.56333333333 -8.43333333333   
191 2292 0.25619576826 13.66909203 -8.64 -8.6266666666666669e+00 -8.60333333333 -8.45666666667   
192 2304 0.234873154047 13.7074895487 -8.64 -8.6266666666666669e+00 -8.58333333333 -8.43333333333   
193 2316 0.229547063763 13.7285979548 -8.64 -8.6133333333333333e+00 -8.58 -8.43666666667   
194 2328 0.236074275148 13.8094958305 -8.64 -8.6099999999999994e+00 -8.57333333333 -8.54   
195 2340 0.239294160884 13.7962446187 -8.64 -8.5999999999999996e+00 -8.56666666667 -8.41333333333   
196 2352 0.238333223573 13.9439377529 -8.64 -8.6300000000000008e+00 -8.58666666667 -8.51   
197 2364 0.230947438964 14.0427546334 -8.64 -8.6300000000000008e+00 -8.57666666667 -8.46333333333   
198 2376 0.21763356604 14.0390942276 -8.64 -8.6233333333333331e+00 -8.55333333333 -8.45   
199 2388 0.21632164412 13.8184535913 -8.64 -8.6333333333333329e+00 -8.59333333333 -8.56666666667   
200 2400 0.218291002954 13.7207498812 -8.64 -8.6233333333333331e+00 -8.55666666667 -8.47   
201 2412 0.220505034545 13.6262720042 -8.64 -8.6133333333333333e+00 -8.58 -8.51666666667   
202 2424 0.22100775321 13.6542020234 -8.64 -8.6233333333333331e+00 -8.57 -8.42   
203 2436 0.225000276338 13.6030459317 -8.64 -8.6133333333333333e+00 -8.56 -8.49333333333   
204 2448 0.222115777901 13.7708217359 -8.64 -8.6266666666666669e+00 -8.55 -8.43   
205 2460 0.223210405749 13.6951725443 -8.64 -8.6166666666666671e+00 -8.57 -8.52   
206 2472 0.224090582809 13.6616906542 -8.64 -8.6233333333333331e+00 -8.56 -8.5   
207 2484 0.22352074928 13.5638415244 -8.64 -8.6266666666666669e+00 -8.57666666667 -8.50666666667   
208 2496 0.228108490303 13.7107207678 -8.64 -8.6199999999999992e+00 -8.57 -8.49666666667   
209 2508 0.23158870263 14.1293999188 -8.64 -8.6166666666666671e+00 -8.58333333333 -8.55333333333   
210 2520 0.232655066551 14.2559172729 -8.64 -8.6099999999999994e+00 -8.58 -8.49   
211 2532 0.233375891366 14.3484072261 -8.64 -8.6099999999999994e+00 -8.56333333333 -8.51333333333   
212 2544 0.231396853673 14.360862899 -8.64 -8.6300000000000008e+00 -8.59 -8.51333333333   
213 2556 0.230016829364 14.4365181368 -8.64 -8.6333333333333329e+00 -8.58 -8.4   
214 2568 0.236100665027 14.5080538546 -8.64 -8.6166666666666671e+00 -8.57333333333 -8.51333333333   
215 2580 0.239928400389 14.5214196099 -8.64 -8.6400000000000006e+00 -8.54666666667 -8.34333333333   
216 2592 0.237798118869 14.4232694334 -8.64 -8.6099999999999994e+00 -8.52 -8.00316666667   
217 2604 0.233700678603 14.2944262458 -8.64 -8.6266666666666669e+00 -8.53666666667 -8.06983333333   
218 2616 0.238611676996 14.2914569508 -8.64 -8.6233333333333331e+00 -8.58333333333 -8.44333333333   
219 2628 0.233886359702 14.4212878693 -8.64 -8.6333333333333329e+00 -8.59333333333 -8.45   
220 2640 0.231915860593 14.5107010559 -8.64 -8.6033333333333335e+00 -8.56666666667 -8.46666666667   
221 2652 0.233818801738 14.7444192854 -8.64 -8.6199999999999992e+00 -8.6 -8.44   
222 2664 0.234875286079 14.8288675075 -8.64 -8.6300000000000008e+00 -8.56666666667 -8.52333333333   
223 2676 0.232812270378 14.8616672218 -8.64 -8.6300000000000008e+00 -8.56333333333 -8.51666666667   
224 2688 0.233622689192 15.2637841048 -8.64 -8.6166666666666671e+00 -8.59 -8.49333333333   
225 2700 0.23224305959 15.3543625326 -8.64 -8.6233333333333331e+00 -8.55333333333 -8.51   
226 2712 0.227595289345 15.5105183323 -8.64 -8.6233333333333331e+00 -8.59666666667 -8.54333333333   
227 2724 0.227287593915 15.6182043071 -8.64 -8.6233333333333331e+00 -8.59666666667 -8.48   
228 2736 0.23392891726 15.6395965638 -8.64 -8.5999999999999996e+00 -8.55333333333 -8.42333333333   
229 2748 0.241815285074 15.9803447778 -8.64 -8.6333333333333329e+00 -8.58666666667 -8.50666666667   
230 2760 0.249959589998 15.9544729019 -8.64 -8.6333333333333329e+00 -8.59 -8.47666666667   
231 2772 0.24928251528 16.1977095521 -8.64 -8.6199999999999992e+00 -8.59 -8.47333333333   
232 2784 0.249183898913 16.4456742005 -8.64 -8.6166666666666671e+00 -8.6 -8.55   
233 2796 0.239477379361 16.76336522 -8.64 -8.6266666666666669e+00 -8.57 -8.42666666667   
234 2808 0.232249815931 16.9955590434 -8.64 -8.6199999999999992e+00 -8.57666666667 -8.54666666667   
235 2820 0.230910526312 17.2984706848 -8.64 -8.6099999999999994e+00 -8.58 -8.46666666667   
236 2832 0.235637614755 17.5557857036 -8.64 -8.6166666666666671e+00 -8.56333333333 -8.51666666667   
237 2844 0.234465958085 17.7888467642 -8.64 -8.6233333333333331e+00 -8.58333333333 -8.52666666667   
238 2856 0.233759768804 18.0365404177 -8.64 -8.6266666666666669e+00 -8.57666666667 -8.56   
239 2868 0.233788131518 18.1863241508 -8.64 -8.6300000000000008e+00 -8.59333333333 -8.50333333333   
240 2880 0.22864946971 18.3096548986 -8.64 -8.6199999999999992e+00 -8.56 -8.51666666667   
241 2892 0.22936714428 18.6376647802 -8.64 -8.6233333333333331e+00 -8.58666666667 -8.53333333333   
242 2904 0.232521143464 18.7313302668 -8.64 -8.6266666666666669e+00 -8.59666666667 -8.47333333333   
243 2916 0.247670176633 18.844884049 -8.64 -8.6266666666666669e+00 -8.59333333333 -8.48   
244 2928 0.254375371658 18.5329401769 -8.64 -8.6199999999999992e+00 -8.56 -8.49666666667   
245 2940 0.266974269227 18.7313083418 -8.64 -8.6266666666666669e+00 -8.57666666667 -8.54666666667   
246 2952 0.266962341152 18.9084705746 -8.64 -8.6199999999999992e+00 -8.57 -8.52   
247 2964 0.270900452838 19.2649047105 -8.64 -8.6300000000000008e+00 -8.59333333333 -8.55666666667   
248 2976 0.266477622891 19.2604257948 -8.643333333333333 -8.6433333333333326e+00 -8.58333333333 -8.53666666667   
249 2988 0.282111319469 19.2899513205 -8.643333333333333 -8.6233333333333331e+00 -8.59333333333 -8.49   
250 3000 0.293512129501 19.6437513426 -8.653333333333334 -8.6533333333333342e+00 -8.59666666667 -8.54666666667   
251 3012 0.306421153666 19.6556684705 -8.653333333333334 -8.6333333333333329e+00 -8.59 -8.50333333333   
252 3024 0.311917298818 19.7450952086 -8.653333333333334 -8.6466666666666665e+00 -8.59666666667 -8.43   
253 3036 0.321129410267 19.9513371754 -8.653333333333334 -8.6233333333333331e+00 -8.56333333333 -8.43666666667   
254 3048 0.331411376463 20.7816925499 -8.653333333333334 -8.6333333333333329e+00 -8.57333333333 -8.52333333333   
255 3060 0.302812717025 21.0445994866 -8.653333333333334 -8.6199999999999992e+00 -8.57666666667 -8.50666666667   
256 3072 0.283307546005 21.2801887138 -8.653333333333334 -8.6333333333333329e+00 -8.57666666667 -8.52666666667   
257 3084 0.276838546166 21.379945709 -8.653333333333334 -8.6366666666666667e+00 -8.59666666667 -8.46666666667   
258 3096 0.282871356414 21.0729471135 -8.653333333333334 -8.6300000000000008e+00 -8.57666666667 -8.45666666667   
259 3108 0.284453615615 21.444499655 -8.653333333333334 -8.6366666666666667e+00 -8.57 -8.49   
260 3120 0.269162490665 21.487163652 -8.653333333333334 -8.6166666666666671e+00 -8.59333333333 -8.49666666667   
261 3132 0.262942922655 21.5660288112 -8.653333333333334 -8.6366666666666667e+00 -8.58666666667 -8.53666666667   
262 3144 0.258628460499 21.6427440522 -8.653333333333334 -8.6199999999999992e+00 -8.57 -8.54   
263 3156 0.262691821957 21.4479160072 -8.653333333333334 -8.6366666666666667e+00 -8.56666666667 -8.45666666667   
264 3168 0.264060755451 21.2669622713 -8.653333333333334 -8.6300000000000008e+00 -8.6 -8.54666666667   
265 3180 0.252886412187 21.0662293584 -8.653333333333334 -8.6500000000000004e+00 -8.60333333333 -8.53333333333   
266 3192 0.25053981204 20.9156610361 -8.653333333333334 -8.6233333333333331e+00 -8.57666666667 -8.43333333333   
267 3204 0.252418223772 21.0432656032 -8.653333333333334 -8.6433333333333326e+00 -8.59333333333 -8.53666666667   
268 3216 0.249787567983 20.8536534361 -8.653333333333334 -8.6033333333333335e+00 -8.55666666667 -8.48333333333   
269 3228 0.236903703788 20.7185779713 -8.653333333333334 -8.6333333333333329e+00 -8.55666666667 -8.42333333333   
270 3240 0.219535078303 21.0180676016 -8.653333333333334 -8.6199999999999992e+00 -8.56333333333 -8.37   
271 3252 0.217659226107 20.9690931595 -8.653333333333334 -8.6300000000000008e+00 -8.59 -8.48333333333   
272 3264 0.218677675698 20.6501065833 -8.653333333333334 -8.6233333333333331e+00 -8.57666666667 -8.52   
273 3276 0.220285095363 20.6492460316 -8.653333333333334 -8.6300000000000008e+00 -8.59 -8.52666666667   
274 3288 0.220096171305 20.5446819218 -8.653333333333334 -8.6400000000000006e+00 -8.57666666667 -8.52666666667   
275 3300 0.219964057226 20.5021590502 -8.653333333333334 -8.6433333333333326e+00 -8.56 -8.51   
276 3312 0.218897780049 20.6291823622 -8.653333333333334 -8.6433333333333326e+00 -8.59333333333 -8.49   
277 3324 0.217154944707 20.8101375864 -8.653333333333334 -8.6033333333333335e+00 -8.56 -8.47666666667   
278 3336 0.217285643736 20.9634839525 -8.653333333333334 -8.6433333333333326e+00 -8.59666666667 -8.53   
279 3348 0.214414069612 21.1055916776 -8.653333333333334 -8.6333333333333329e+00 -8.59333333333 -8.55333333333   
280 3360 0.221900265673 20.8516924061 -8.653333333333334 -8.6400000000000006e+00 -8.59333333333 -8.47333333333   
281 3372 0.218749553647 20.9830000719 -8.653333333333334 -8.6333333333333329e+00 -8.59333333333 -8.54333333333   
282 3384 0.21719143642 20.9509708297 -8.653333333333334 -8.6433333333333326e+00 -8.59 -8.37333333333   
283 3396 0.21936039632 21.3218895377 -8.653333333333334 -8.6233333333333331e+00 -8.59333333333 -8.52333333333   
284 3408 0.220635232083 21.7328765431 -8.653333333333334 -8.6300000000000008e+00 -8.57333333333 -8.51333333333   
285 3420 0.212050914036 21.7672675296 -8.653333333333334 -8.6366666666666667e+00 -8.58666666667 -8.53333333333   
286 3432 0.209533350228 22.0419338257 -8.653333333333334 -8.6366666666666667e+00 -8.59333333333 -8.51   
287 3444 0.208510358221 21.9911816555 -8.653333333333334 -8.6233333333333331e+00 -8.57333333333 -8.48   
288 3456 0.208712627974 21.7976709171 -8.653333333333334 -8.6133333333333333e+00 -8.57 -8.42666666667   
289 3468 0.212578255438 22.0957032858 -8.653333333333334 -8.6300000000000008e+00 -8.60333333333 -8.48333333333   
290 3480 0.209025058511 22.3711310994 -8.653333333333334 -8.6400000000000006e+00 -8.58666666667 -8.45666666667   
291 3492 0.211262421483 22.4631998565 -8.653333333333334 -8.6433333333333326e+00 -8.62 -8.55666666667   
292 3504 0.21319019129 22.9645778667 -8.653333333333334 -8.6500000000000004e+00 -8.58666666667 -8.45   
293 3516 0.212466515779 23.2733940336 -8.653333333333334 -8.6500000000000004e+00 -8.59 -8.46333333333   
294 3528 0.21198787426 23.4619056126 -8.653333333333334 -8.6400000000000006e+00 -8.58333333333 -8.37   
295 3540 0.212200929329 23.5420125078 -8.66 -8.6600000000000001e+00 -8.59333333333 -8.48333333333   
296 3552 0.213293034204 24.1697778843 -8.66 -8.6433333333333326e+00 -8.59 -8.18316666667   
297 3564 0.219175114419 24.3192326719 -8.666666666666666 -8.6666666666666661e+00 -8.59666666667 -8.50666666667   
298 3576 0.219626196957 24.2952060645 -8.666666666666666 -8.6500000000000004e+00 -8.62 -8.55   
299 3588 0.222124643735 24.6051110704 -8.666666666666666 -8.6433333333333326e+00 -8.55333333333 -8.49333333333   
300 3600 0.225209299305 24.6878892805 -8.666666666666666 -8.6433333333333326e+00 -8.59 -8.51333333333   
301 3612 0.225275893866 25.4456161415 -8.666666666666666 -8.6433333333333326e+00 -8.61666666667 -8.56   
302 3624 0.221988721772 25.4218729055 -8.666666666666666 -8.6366666666666667e+00 -8.57666666667 -8.51   
303 3636 0.223679085959 25.5841646155 -8.666666666666666 -8.6466666666666665e+00 -8.59666666667 -8.41   
304 3648 0.226053766312 24.8109327662 -8.666666666666666 -8.6433333333333326e+00 -8.57333333333 -8.47333333333   
305 3660 0.220966029277 25.1796570326 -8.666666666666666 -8.6400000000000006e+00 -8.57333333333 -8.5   
306 3672 0.220695721577 25.5076108298 -8.666666666666666 -8.6433333333333326e+00 -8.58 -8.48   
307 3684 0.222462431187 25.3518643924 -8.666666666666666 -8.6466666666666665e+00 -8.61 -8.47   
308 3696 0.22380274925 25.0383862643 -8.666666666666666 -8.6466666666666665e+00 -8.58666666667 -8.41666666667   
309 3708 0.223766228218 24.9325721389 -8.666666666666666 -8.6533333333333342e+00 -8.59666666667 -8.49333333333   
310 3720 0.222441189485 25.3948547896 -8.666666666666666 -8.6333333333333329e+00 -8.60333333333 -8.57333333333   
311 3732 0.221499179761 25.5930848675 -8.666666666666666 -8.6366666666666667e+00 -8.56333333333 -8.52   
312 3744 0.221351110571 25.6198279021 -8.666666666666666 -8.6433333333333326e+00 -8.58333333333 -8.50666666667   
313 3756 0.224671299511 25.7205572276 -8.666666666666666 -8.6500000000000004e+00 -8.55333333333 -8.42333333333   
314 3768 0.223710979727 25.7596496401 -8.666666666666666 -8.6566666666666663e+00 -8.62 -8.50333333333   
315 3780 0.224118310514 25.7349713316 -8.666666666666666 -8.6366666666666667e+00 -8.60666666667 -8.51   
316 3792 0.225776798337 26.3622089771 -8.666666666666666 -8.6333333333333329e+00 -8.59666666667 -8.45333333333   
317 3804 0.226606048624 26.4914475828 -8.666666666666666 -8.6533333333333342e+00 -8.62333333333 -8.57   
318 3816 0.228042116832 26.4952613426 -8.666666666666666 -8.6400000000000006e+00 -8.59666666667 -8.54333333333   
319 3828 0.228483187459 26.6238710307 -8.666666666666666 -8.6300000000000008e+00 -8.60333333333 -8.45333333333   
320 3840 0.230865730863 26.4329118191 -8.666666666666666 -8.6433333333333326e+00 -8.57666666667 -8.47333333333   
321 3852 0.239056813408 26.4283281145 -8.666666666666666 -8.6500000000000004e+00 -8.61 -8.42333333333   
322 3864 0.243621993698 26.5854385668 -8.666666666666666 -8.6400000000000006e+00 -8.56333333333 -8.45666666667   
323 3876 0.245932473635 27.1258878934 -8.666666666666666 -8.6366666666666667e+00 -8.55666666667 -8.43   
324 3888 0.242682193804 27.1905486302 -8.666666666666666 -8.6466666666666665e+00 -8.58333333333 -8.44   
325 3900 0.234723493337 27.3378521924 -8.666666666666666 -8.6600000000000001e+00 -8.61 -8.44333333333   
326 3912 0.231556332882 27.614456413 -8.666666666666666 -8.6533333333333342e+00 -8.6 -8.5   
327 3924 0.233365393872 27.9580121586 -8.666666666666666 -8.6566666666666663e+00 -8.62 -8.47333333333   
328 3936 0.233455243689 27.692511208 -8.666666666666666 -8.6533333333333342e+00 -8.61333333333 -8.2665   
329 3948 0.23465079149 27.98212521 -8.666666666666666 -8.6466666666666665e+00 -8.60333333333 -8.50333333333   
330 3960 0.233046230754 27.8578926678 -8.666666666666666 -8.6533333333333342e+00 -8.60666666667 -8.5   
331 3972 0.244415588108 28.0304291444 -8.666666666666666 -8.6533333333333342e+00 -8.60666666667 -8.28316666667   
332 3984 0.254231821151 27.7117198038 -8.666666666666666 -8.6133333333333333e+00 -8.57666666667 -8.37666666667   
333 3996 0.260857781573 27.8914789997 -8.666666666666666 -8.6566666666666663e+00 -8.61666666667 -8.49333333333   
334 4008 0.257261043212 28.2539053954 -8.666666666666666 -8.6366666666666667e+00 -8.61333333333 -8.40666666667   
335 4020 0.247802349401 27.9937497357 -8.666666666666666 -8.6666666666666661e+00 -8.6 -8.44333333333   
336 4032 0.234390826171 28.0364631945 -8.666666666666666 -8.6466666666666665e+00 -8.61 -8.41666666667   
337 4044 0.23501670459 28.2020837759 -8.666666666666666 -8.6533333333333342e+00 -8.62333333333 -8.57333333333   
338 4056 0.237016939896 27.8348746718 -8.666666666666666 -8.6533333333333342e+00 -8.61 -8.56333333333   
339 4068 0.240544872903 27.914088586 -8.666666666666666 -8.6633333333333340e+00 -8.6 -8.53666666667   
340 4080 0.245770696515 28.3550217238 -8.666666666666666 -8.6333333333333329e+00 -8.58 -8.53   
341 4092 0.245280611809 28.5396346532 -8.666666666666666 -8.6566666666666663e+00 -8.63 -8.51   
342 4104 0.241225302159 28.64756421 -8.666666666666666 -8.6500000000000004e+00 -8.61666666667 -8.37333333333   
343 4116 0.238699337264 28.9037067774 -8.666666666666666 -8.6366666666666667e+00 -8.6 -8.46333333333   
344 4128 0.23645898141 29.1492087869 -8.666666666666666 -8.6566666666666663e+00 -8.59666666667 -8.51   
345 4140 0.236745916023 29.4987859571 -8.666666666666666 -8.6600000000000001e+00 -8.59333333333 -8.56333333333   
346 4152 0.233968444416 29.6643899956 -8.666666666666666 -8.6566666666666663e+00 -8.6 -8.47   
347 4164 0.233190977337 29.5291305855 -8.666666666666666 -8.6433333333333326e+00 -8.60333333333 -8.54   
348 4176 0.232515879492 29.214166289 -8.666666666666666 -8.6233333333333331e+00 -8.57666666667 -8.42666666667   
349 4188 0.230249669343 29.8706133063 -8.666666666666666 -8.6600000000000001e+00 -8.62333333333 -8.57   
350 4200 0.236341863342 30.1926835814 -8.666666666666666 -8.6500000000000004e+00 -8.60666666667 -8.56666666667   
351 4212 0.236530698374 29.9032338454 -8.666666666666666 -8.6533333333333342e+00 -8.61 -8.57   
352 4224 0.235746352846 30.1702587877 -8.666666666666666 -8.6400000000000006e+00 -8.60666666667 -8.57333333333   
353 4236 0.239068874623 30.0633308812 -8.666666666666666 -8.6533333333333342e+00 -8.62333333333 -8.59666666667   
354 4248 0.240454750842 30.1050260781 -8.666666666666666 -8.6600000000000001e+00 -8.61333333333 -8.56666666667   
355 4260 0.248331136176 30.3892213603 -8.666666666666666 -8.6433333333333326e+00 -8.62 -8.59333333333   
356 4272 0.245104989444 30.6452712519 -8.666666666666666 -8.6466666666666665e+00 -8.60666666667 -8.59   
357 4284 0.243212343386 30.6389572908 -8.666666666666666 -8.6533333333333342e+00 -8.60666666667 -8.52   
358 4296 0.243118883674 31.028872801 -8.666666666666666 -8.6466666666666665e+00 -8.60666666667 -8.56   
359 4308 0.243632206539 31.3874437107 -8.666666666666666 -8.6600000000000001e+00 -8.61666666667 -8.56666666667   
360 4320 0.247286362995 31.961019448 -8.666666666666666 -8.6566666666666663e+00 -8.61333333333 -8.55666666667   
361 4332 0.24820828841 31.4068452366 -8.666666666666666 -8.6633333333333340e+00 -8.58666666667 -8.53   
362 4344 0.247608932324 30.8391262724 -8.666666666666666 -8.6666666666666661e+00 -8.6 -8.44666666667   
363 4356 0.245297161862 30.5929756112 -8.666666666666666 -8.6533333333333342e+00 -8.57333333333 -8.50333333333   
364 4368 0.248539000231 30.9954376146 -8.666666666666666 -8.6466666666666665e+00 -8.6 -8.55   
365 4380 0.248170706327 31.5944410743 -8.666666666666666 -8.6500000000000004e+00 -8.60333333333 -8.51666666667   
366 4392 0.248583408857 31.37821747 -8.666666666666666 -8.6566666666666663e+00 -8.6 -8.50333333333   
367 4404 0.24890442602 31.1456411643 -8.666666666666666 -8.6566666666666663e+00 -8.59666666667 -8.49666666667   
368 4416 0.247006696408 31.4318984044 -8.666666666666666 -8.6600000000000001e+00 -8.61666666667 -8.53666666667   
369 4428 0.247622345417 31.485948412 -8.666666666666666 -8.6566666666666663e+00 -8.63666666667 -8.52666666667   
370 4440 0.249668687914 31.6295723486 -8.666666666666666 -8.6533333333333342e+00 -8.59 -8.45666666667   
371 4452 0.249716111044 31.7027442615 -8.666666666666666 -8.6199999999999992e+00 -8.59333333333 -8.49   
372 4464 0.250136570085 31.347644171 -8.666666666666666 -8.6500000000000004e+00 -8.62333333333 -8.57   
373 4476 0.250071453491 30.6557094117 -8.666666666666666 -8.6533333333333342e+00 -8.62 -8.55666666667   
374 4488 0.261482797912 30.8989474046 -8.666666666666666 -8.6333333333333329e+00 -8.59 -8.55666666667   
375 4500 0.266096281395 30.5697422486 -8.666666666666666 -8.6533333333333342e+00 -8.61666666667 -8.54333333333   
376 4512 0.277056588495 30.356319998 -8.666666666666666 -8.6400000000000006e+00 -8.61333333333 -8.58   
377 4524 0.279104413245 30.4700419284 -8.666666666666666 -8.6500000000000004e+00 -8.60333333333 -8.53333333333   
378 4536 0.276537114848 30.4954985651 -8.666666666666666 -8.6466666666666665e+00 -8.61666666667 -8.56   
379 4548 0.276505937843 30.8894367139 -8.666666666666666 -8.6533333333333342e+00 -8.60333333333 -8.53   
380 4560 0.281517103497 31.0122431757 -8.666666666666666 -8.6533333333333342e+00 -8.61 -8.56333333333   
381 4572 0.27347370682 31.1904837167 -8.666666666666666 -8.6533333333333342e+00 -8.60666666667 -8.53   
382 4584 0.266201538682 31.59268875 -8.666666666666666 -8.6500000000000004e+00 -8.62333333333 -8.53   
383 4596 0.259082460709 31.9716983994 -8.67 -8.6699999999999999e+00 -8.63666666667 -8.58   
384 4608 0.260585889881 32.0689227234 -8.67 -8.6533333333333342e+00 -8.56 -8.52666666667   
385 4620 0.264013134586 32.4873625969 -8.67 -8.6566666666666663e+00 -8.62666666667 -8.55   
386 4632 0.260226107913 32.507181506 -8.67 -8.6566666666666663e+00 -8.60666666667 -8.55   
387 4644 0.257136780968 32.388759999 -8.67 -8.6633333333333340e+00 -8.57 -8.30333333333   
388 4656 0.249956669405 32.5163497756 -8.67 -8.6666666666666661e+00 -8.56666666667 -8.37666666667   
389 4668 0.251269084424 33.2953707115 -8.67 -8.6466666666666665e+00 -8.62 -8.59333333333   
390 4680 0.251849077076 33.4064266349 -8.67 -8.6433333333333326e+00 -8.62 -8.56   
391 4692 0.25131771442 33.2889936874 -8.67 -8.6433333333333326e+00 -8.59666666667 -8.56666666667   
392 4704 0.248477018823 32.6430630479 -8.67 -8.6366666666666667e+00 -8.60333333333 -8.47333333333   
393 4716 0.244253673125 32.1865501643 -8.67 -8.6500000000000004e+00 -8.58666666667 -8.49   
394 4728 0.240430495437 32.2920717143 -8.67 -8.6300000000000008e+00 -8.59 -8.53666666667   
395 4740 0.23932408715 32.4596618391 -8.67 -8.6400000000000006e+00 -8.61666666667 -8.55666666667   
396 4752 0.241202135913 31.8512915787 -8.67 -8.6366666666666667e+00 -8.58666666667 -8.48   
397 4764 0.245012717912 31.8881505516 -8.67 -8.6533333333333342e+00 -8.6 -8.53333333333   
398 4776 0.24974872009 32.5320866038 -8.67 -8.6233333333333331e+00 -8.58333333333 -8.51333333333   
399 4788 0.251383531294 32.5466126721 -8.67 -8.6366666666666667e+00 -8.6 -8.50666666667   
400 4800 0.243453976907 32.7255154096 -8.67 -8.6500000000000004e+00 -8.59333333333 -8.52333333333   
401 4812 0.235318998769 33.3519431911 -8.67 -8.6500000000000004e+00 -8.58 -8.47   
402 4824 0.238040884727 33.86885964 -8.67 -8.6366666666666667e+00 -8.6 -8.50333333333   
403 4836 0.236430836966 33.6495053024 -8.67 -8.6566666666666663e+00 -8.57666666667 -8.47   
404 4848 0.23862152078 34.1166355088 -8.67 -8.6400000000000006e+00 -8.59666666667 -8.51666666667   
405 4860 0.236890286098 33.9341491393 -8.67 -8.6500000000000004e+00 -8.61 -8.54666666667   
406 4872 0.239387545803 34.0245412158 -8.67 -8.6333333333333329e+00 -8.58666666667 -8.52333333333   
407 4884 0.231164906321 33.7022883159 -8.67 -8.6533333333333342e+00 -8.62666666667 -8.55   
408 4896 0.230422674756 33.9111157504 -8.67 -8.6366666666666667e+00 -8.61666666667 -8.53   
409 4908 0.22843381945 34.4021777909 -8.67 -8.6433333333333326e+00 -8.58666666667 -8.54666666667   
410 4920 0.233568064442 34.7593281038 -8.67 -8.6466666666666665e+00 -8.57333333333 -8.47666666667   
411 4932 0.238138782028 34.0343806231 -8.67 -8.6533333333333342e+00 -8.61333333333 -8.47666666667   
412 4944 0.23902115819 33.3718354627 -8.67 -8.6300000000000008e+00 -8.57 -8.51333333333   
413 4956 0.240222078676 33.404816649 -8.67 -8.6566666666666663e+00 -8.62 -8.47333333333   
414 4968 0.239392805787 33.1790285503 -8.67 -8.6600000000000001e+00 -8.58333333333 -8.50333333333   
415 4980 0.23391531817 33.0674789705 -8.67 -8.6500000000000004e+00 -8.58 -8.37333333333   
416 4992 0.237768282202 32.6698026496 -8.67 -8.6566666666666663e+00 -8.57333333333 -8.37333333333   
417 5004 0.238914311349 32.9430125667 -8.673333333333334 -8.6733333333333338e+00 -8.59333333333 -8.45333333333   
418 5016 0.244610953701 32.8756561753 -8.673333333333334 -8.6500000000000004e+00 -8.57 -8.26316666667   
419 5028 0.245291250604 33.1638538906 -8.673333333333334 -8.6366666666666667e+00 -8.59333333333 -8.50666666667   
420 5040 0.245494061653 33.3815836397 -8.673333333333334 -8.6500000000000004e+00 -8.60666666667 -8.33333333333   
421 5052 0.245245508352 33.7398896994 -8.673333333333334 -8.6533333333333342e+00 -8.58333333333 -8.52   
422 5064 0.249352707676 33.9612127708 -8.673333333333334 -8.6300000000000008e+00 -8.54333333333 -8.42333333333   
423 5076 0.250380487313 33.5467874674 -8.673333333333334 -8.6400000000000006e+00 -8.55666666667 -8.44666666667   
424 5088 0.246390189242 33.9532564519 -8.673333333333334 -8.6500000000000004e+00 -8.58 -8.48666666667   
425 5100 0.247816846951 35.0721482201 -8.673333333333334 -8.6566666666666663e+00 -8.58 -8.2865   
426 5112 0.24982611968 35.5885095679 -8.673333333333334 -8.6466666666666665e+00 -8.59666666667 -8.42333333333   
427 5124 0.254676031646 36.0224447149 -8.673333333333334 -8.6600000000000001e+00 -8.60666666667 -8.55333333333   
428 5136 0.249823116962 36.3648763026 -8.673333333333334 -8.6533333333333342e+00 -8.61 -8.57666666667   
429 5148 0.249719049312 36.2761500615 -8.673333333333334 -8.6533333333333342e+00 -8.61 -8.53666666667   
430 5160 0.24909458846 36.4188495439 -8.673333333333334 -8.6500000000000004e+00 -8.61333333333 -8.46666666667   
431 5172 0.250912367805 36.3222935499 -8.673333333333334 -8.6666666666666661e+00 -8.62 -8.5   
432 5184 0.251784472226 36.9025911397 -8.673333333333334 -8.6533333333333342e+00 -8.61333333333 -8.55   
433 5196 0.25214168721 36.9617210767 -8.673333333333334 -8.6433333333333326e+00 -8.58333333333 -8.48   
434 5208 0.253072181905 36.8514786105 -8.673333333333334 -8.6333333333333329e+00 -8.61666666667 -8.46333333333   
435 5220 0.258619983905 37.4036776403 -8.673333333333334 -8.6466666666666665e+00 -8.56333333333 -8.20983333333   
436 5232 0.257332738195 37.8264449505 -8.673333333333334 -8.6433333333333326e+00 -8.59666666667 -8.56   
437 5244 0.258895055837 37.8070410739 -8.673333333333334 -8.6566666666666663e+00 -8.60333333333 -8.5   
438 5256 0.262408978948 38.0723656305 -8.673333333333334 -8.6500000000000004e+00 -8.6 -8.46666666667   
439 5268 0.260924515365 37.7260931474 -8.673333333333334 -8.6366666666666667e+00 -8.59 -8.33333333333   
440 5280 0.261883550655 37.8218559222 -8.673333333333334 -8.6533333333333342e+00 -8.61666666667 -8.49333333333   
441 5292 0.269567579184 37.4422683705 -8.673333333333334 -8.6600000000000001e+00 -8.62 -8.57   
442 5304 0.272237981761 37.4582478378 -8.673333333333334 -8.6400000000000006e+00 -8.59 -8.54   
443 5316 0.268015727732 37.6652385106 -8.673333333333334 -8.6433333333333326e+00 -8.59666666667 -8.43333333333   
444 5328 0.256706353111 37.3469692357 -8.673333333333334 -8.6500000000000004e+00 -8.62333333333 -8.49   
445 5340 0.255297557045 37.0616056711 -8.673333333333334 -8.6566666666666663e+00 -8.61333333333 -8.55333333333   
446 5352 0.256290932071 37.0287014194 -8.673333333333334 -8.6500000000000004e+00 -8.62 -8.51333333333   
447 5364 0.255102437436 37.2766771291 -8.673333333333334 -8.6500000000000004e+00 -8.59333333333 -8.49333333333   
448 5376 0.260390492273 37.8108377457 -8.673333333333334 -8.6566666666666663e+00 -8.61333333333 -8.49333333333   
449 5388 0.267645449294 38.1535718674 -8.673333333333334 -8.6433333333333326e+00 -8.56666666667 -8.25316666667   
450 5400 0.268639431734 38.1929770104 -8.673333333333334 -8.6633333333333340e+00 -8.59666666667 -8.44   
451 5412 0.272086491106 38.2052507922 -8.673333333333334 -8.6500000000000004e+00 -8.55666666667 -8.47333333333   
452 5424 0.273229464373 37.8193493334 -8.673333333333334 -8.6533333333333342e+00 -8.60666666667 -8.43333333333   
453 5436 0.28014284355 37.9054430674 -8.673333333333334 -8.6600000000000001e+00 -8.61666666667 -8.54333333333   
454 5448 0.282181103159 37.9120907575 -8.673333333333334 -8.6600000000000001e+00 -8.61 -8.51333333333   
455 5460 0.298622498071 38.2738374859 -8.673333333333334 -8.6600000000000001e+00 -8.58666666667 -8.51666666667   
456 5472 0.311823909438 38.0625864885 -8.673333333333334 -8.6566666666666663e+00 -8.62333333333 -8.50666666667   
457 5484 0.329777560469 38.5991835745 -8.673333333333334 -8.6500000000000004e+00 -8.61666666667 -8.56   
458 5496 0.335365669806 38.3137712105 -8.673333333333334 -8.6500000000000004e+00 -8.63 -8.55   
459 5508 0.348938833019 38.3034016005 -8.673333333333334 -8.6466666666666665e+00 -8.61333333333 -8.47   
460 5520 0.343692862124 38.1954258909 -8.673333333333334 -8.6366666666666667e+00 -8.62333333333 -8.50333333333   
461 5532 0.335953373023 38.417434943 -8.673333333333334 -8.6500000000000004e+00 -8.59333333333 -8.46333333333   
462 5544 0.34243275311 38.4166428142 -8.673333333333334 -8.6633333333333340e+00 -8.6 -8.48666666667   
463 5556 0.33956076643 38.367981518 -8.673333333333334 -8.6400000000000006e+00 -8.59333333333 -8.44333333333   
464 5568 0.339124830109 39.131441627 -8.673333333333334 -8.6666666666666661e+00 -8.61333333333 -8.52   
465 5580 0.334170016875 39.6498397364 -8.673333333333334 -8.6400000000000006e+00 -8.60666666667 -8.5   
466 5592 0.327830275437 41.0829242727 -8.673333333333334 -8.6433333333333326e+00 -8.62333333333 -8.54666666667   
467 5604 0.334091977642 41.9202564132 -8.673333333333334 -8.6566666666666663e+00 -8.58666666667 -8.53   
468 5616 0.321260713517 42.6312045171 -8.673333333333334 -8.6666666666666661e+00 -8.61 -8.46666666667   
469 5628 0.30909883123 43.3153933265 -8.673333333333334 -8.6400000000000006e+00 -8.60333333333 -8.54   
470 5640 0.298294769512 43.4725110065 -8.673333333333334 -8.6600000000000001e+00 -8.60666666667 -8.54666666667   
471 5652 0.306328825828 44.0228569092 -8.673333333333334 -8.6633333333333340e+00 -8.62333333333 -8.49333333333   
472 5664 0.296880268723 43.7872417736 -8.673333333333334 -8.6633333333333340e+00 -8.59666666667 -8.52333333333   
473 5676 0.292487758229 44.6977257668 -8.673333333333334 -8.6500000000000004e+00 -8.57333333333 -8.42   
474 5688 0.284505708137 43.4917418519 -8.673333333333334 -8.6600000000000001e+00 -8.61333333333 -8.5   
475 5700 0.278763503653 44.0816622818 -8.673333333333334 -8.6500000000000004e+00 -8.57666666667 -8.50666666667   
476 5712 0.267119161894 44.726826906 -8.673333333333334 -8.6433333333333326e+00 -8.60666666667 -8.52666666667   
477 5724 0.263123875496 44.3530462249 -8.673333333333334 -8.6566666666666663e+00 -8.63333333333 -8.48333333333   
478 5736 0.264192855771 44.4058918298 -8.673333333333334 -8.6600000000000001e+00 -8.59333333333 -8.54666666667   
479 5748 0.277987729508 44.8297128163 -8.673333333333334 -8.6600000000000001e+00 -8.61333333333 -8.52333333333   
480 5760 0.280032678449 45.4039791435 -8.673333333333334 -8.6666666666666661e+00 -8.57666666667 -8.44   
481 5772 0.277460613168 45.0197779321 -8.673333333333334 -8.6600000000000001e+00 -8.61333333333 -8.41333333333   
482 5784 0.271236676333 45.9463214544 -8.673333333333334 -8.6466666666666665e+00 -8.59666666667 -8.53333333333   
483 5796 0.260900108382 46.2315611962 -8.673333333333334 -8.6533333333333342e+00 -8.59333333333 -8.39   
484 5808 0.25743051948 46.3589103677 -8.673333333333334 -8.6433333333333326e+00 -8.62666666667 -8.46666666667   
485 5820 0.258866263669 46.2007136194 -8.673333333333334 -8.6566666666666663e+00 -8.61666666667 -8.53   
486 5832 0.265709398215 46.5666540342 -8.673333333333334 -8.6566666666666663e+00 -8.62333333333 -8.57666666667   
487 5844 0.271849568456 47.3257972972 -8.673333333333334 -8.6500000000000004e+00 -8.60666666667 -8.44   
488 5856 0.268417165304 48.1513531032 -8.673333333333334 -8.6533333333333342e+00 -8.60333333333 -8.54333333333   
489 5868 0.259294594979 47.9382908089 -8.673333333333334 -8.6633333333333340e+00 -8.59666666667 -8.51333333333   
490 5880 0.248805120539 48.3756674073 -8.673333333333334 -8.6533333333333342e+00 -8.62666666667 -8.50666666667   
491 5892 0.247191904962 48.2535439629 -8.673333333333334 -8.6600000000000001e+00 -8.62333333333 -8.56666666667   
492 5904 0.248683893335 48.8441889814 -8.673333333333334 -8.6699999999999999e+00 -8.63333333333 -8.53666666667   
493 5916 0.249885677624 48.8608798355 -8.673333333333334 -8.6333333333333329e+00 -8.6 -8.52   
494 5928 0.251484868237 48.3813528028 -8.673333333333334 -8.6300000000000008e+00 -8.58333333333 -8.46   
495 5940 0.262412610295 48.443650867 -8.673333333333334 -8.6566666666666663e+00 -8.58333333333 -8.55333333333   
496 5952 0.272913999982 48.3063667245 -8.673333333333334 -8.6600000000000001e+00 -8.58333333333 -8.45666666667   
497 5964 0.297244764568 48.2239220968 -8.673333333333334 -8.6500000000000004e+00 -8.61 -8.53333333333   
498 5976 0.31238117964 48.7636260197 -8.673333333333334 -8.6600000000000001e+00 -8.57666666667 -8.36   
499 5988 0.307238730898 48.554684519 -8.673333333333334 -8.6600000000000001e+00 -8.59333333333 -8.54   
500 6000 0.314029032882 48.0117110277 -8.673333333333334 -8.6533333333333342e+00 -8.61666666667 -8.40333333333   
501 6012 0.318045810387 48.0831631486 -8.673333333333334 -8.6433333333333326e+00 -8.58 -8.48   
502 6024 0.319388566781 48.9191135562 -8.673333333333334 -8.6533333333333342e+00 -8.58333333333 -8.47333333333   
503 6036 0.317673728308 49.3379155359 -8.673333333333334 -8.6466666666666665e+00 -8.62666666667 -8.50333333333   
504 6048 0.322864714159 48.8850499129 -8.673333333333334 -8.6199999999999992e+00 -8.58333333333 -8.54   
505 6060 0.322657728299 50.2656102912 -8.673333333333334 -8.6633333333333340e+00 -8.61 -8.51   
506 6072 0.321460908282 50.8423768091 -8.673333333333334 -8.6466666666666665e+00 -8.59333333333 -8.57333333333   
507 6084 0.313067847061 51.5196593332 -8.673333333333334 -8.6433333333333326e+00 -8.61 -8.42333333333   
508 6096 0.301758025841 51.7374543787 -8.673333333333334 -8.6500000000000004e+00 -8.61333333333 -8.44333333333   
509 6108 0.306022684805 51.5801660483 -8.673333333333334 -8.6533333333333342e+00 -8.61 -8.51666666667   
510 6120 0.313718533537 51.4999104681 -8.673333333333334 -8.6600000000000001e+00 -8.60666666667 -8.39666666667   
511 6132 0.348799566565 52.9295051716 -8.673333333333334 -8.6533333333333342e+00 -8.59666666667 -8.55666666667   
512 6144 0.359931594888 52.5182817665 -8.673333333333334 -8.6433333333333326e+00 -8.60666666667 -8.45   
513 6156 0.36985837055 53.0658155603 -8.673333333333334 -8.6533333333333342e+00 -8.61 -8.49333333333   
514 6168 0.378118733852 53.7903713413 -8.673333333333334 -8.6199999999999992e+00 -8.59666666667 -8.53   
515 6180 0.37659652477 54.8188215116 -8.673333333333334 -8.6533333333333342e+00 -8.60666666667 -8.54   
516 6192 0.37365183328 54.1456719841 -8.673333333333334 -8.6533333333333342e+00 -8.59666666667 -8.41333333333   
517 6204 0.393139196322 54.3191357023 -8.673333333333334 -8.6533333333333342e+00 -8.60666666667 -8.38   
518 6216 0.415436205896 54.0138532882 -8.673333333333334 -8.6466666666666665e+00 -8.60666666667 -8.50333333333   
519 6228 0.424625529855 54.0440776414 -8.673333333333334 -8.6433333333333326e+00 -8.55333333333 -8.1565   
520 6240 0.404804453969 54.0758778598 -8.673333333333334 -8.6533333333333342e+00 -8.59666666667 -8.32333333333   
521 6252 0.390937414428 54.0456522635 -8.673333333333334 -8.6466666666666665e+00 -8.58666666667 -8.44666666667   
522 6264 0.376908221738 53.5194772304 -8.673333333333334 -8.6333333333333329e+00 -8.60333333333 -8.50666666667   
523 6276 0.369390859076 53.0088267094 -8.673333333333334 -8.6500000000000004e+00 -8.6 -8.41666666667   
524 6288 0.376511844734 53.3533225915 -8.673333333333334 -8.6366666666666667e+00 -8.59333333333 -8.55   
525 6300 0.36361947113 53.420676638 -8.673333333333334 -8.6433333333333326e+00 -8.60333333333 -8.54666666667   
526 6312 0.356889047271 54.0377737825 -8.673333333333334 -8.6433333333333326e+00 -8.61 -8.54666666667   
527 6324 0.346931075699 53.64684112 -8.673333333333334 -8.6533333333333342e+00 -8.61 -8.5   
528 6336 0.359998035554 55.1354228053 -8.673333333333334 -8.6400000000000006e+00 -8.60666666667 -8.54333333333   
529 6348 0.368396951128 55.2852138458 -8.673333333333334 -8.6366666666666667e+00 -8.59333333333 -8.48666666667   
530 6360 0.370656804609 56.2220448815 -8.673333333333334 -8.6466666666666665e+00 -8.62333333333 -8.55   
531 6372 0.360541316167 56.8177595088 -8.673333333333334 -8.6433333333333326e+00 -8.59 -8.37333333333   
532 6384 0.339955762055 57.7057720068 -8.673333333333334 -8.6166666666666671e+00 -8.56 -8.50333333333   
533 6396 0.34279656382 57.6760358625 -8.673333333333334 -8.6400000000000006e+00 -8.61666666667 -8.57333333333   
534 6408 0.325357200247 58.8894899595 -8.673333333333334 -8.6500000000000004e+00 -8.61666666667 -8.52333333333   
535 6420 0.318335542244 59.1661015689 -8.673333333333334 -8.6500000000000004e+00 -8.61333333333 -8.56   
536 6432 0.299350492526 59.1935028486 -8.673333333333334 -8.6366666666666667e+00 -8.60333333333 -8.57333333333   
537 6444 0.290185515254 58.8629593503 -8.673333333333334 -8.6466666666666665e+00 -8.61 -8.53666666667   
538 6456 0.288165667793 58.9976773526 -8.673333333333334 -8.6433333333333326e+00 -8.6 -8.48666666667   
539 6468 0.295801535217 59.3355200151 -8.673333333333334 -8.6433333333333326e+00 -8.6 -8.51666666667   
540 6480 0.312583069485 59.8889786096 -8.673333333333334 -8.6366666666666667e+00 -8.60333333333 -8.51666666667   
541 6492 0.312794507866 60.4113776585 -8.673333333333334 -8.6366666666666667e+00 -8.58333333333 -8.38666666667   
542 6504 0.322137625567 61.141358839 -8.673333333333334 -8.6466666666666665e+00 -8.61 -8.53   
543 6516 0.310935925232 61.4736787433 -8.673333333333334 -8.6366666666666667e+00 -8.57666666667 -8.47   
544 6528 0.306659114959 62.7631970285 -8.673333333333334 -8.6433333333333326e+00 -8.59666666667 -8.53666666667   
545 6540 0.29358654913 62.9266296819 -8.673333333333334 -8.6300000000000008e+00 -8.57333333333 -8.48333333333   
546 6552 0.282378156642 61.5195677609 -8.673333333333334 -8.6466666666666665e+00 -8.61666666667 -8.56666666667   
547 6564 0.28554008465 61.3972462337 -8.673333333333334 -8.6366666666666667e+00 -8.60333333333 -8.49   
548 6576 0.287398280178 60.0339651758 -8.673333333333334 -8.6600000000000001e+00 -8.6 -8.57333333333   
549 6588 0.300962465195 59.7208920308 -8.673333333333334 -8.6366666666666667e+00 -8.60666666667 -8.46666666667   
550 6600 0.307097927796 61.2851395921 -8.673333333333334 -8.6433333333333326e+00 -8.59666666667 -8.56333333333   
551 6612 0.315899851689 63.8116083999 -8.673333333333334 -8.6533333333333342e+00 -8.60666666667 -8.55666666667   
552 6624 0.32196945429 64.7748603826 -8.673333333333334 -8.6400000000000006e+00 -8.6 -8.54333333333   
553 6636 0.338801294836 64.3138265399 -8.673333333333334 -8.6500000000000004e+00 -8.63666666667 -8.52666666667   
554 6648 0.345995865398 64.5696029099 -8.673333333333334 -8.6433333333333326e+00 -8.57666666667 -8.52666666667   
555 6660 0.347327443486 64.9583080362 -8.673333333333334 -8.6633333333333340e+00 -8.56333333333 -8.47   
556 6672 0.339262503894 65.7719720264 -8.673333333333334 -8.6600000000000001e+00 -8.61666666667 -8.52   
557 6684 0.326476087112 66.3424534427 -8.673333333333334 -8.6433333333333326e+00 -8.61 -8.56333333333   
558 6696 0.315589503194 67.5370845434 -8.673333333333334 -8.6533333333333342e+00 -8.62 -8.53333333333   
559 6708 0.320760138636 68.6391781739 -8.673333333333334 -8.6566666666666663e+00 -8.59666666667 -8.48333333333   
560 6720 0.312246748728 69.0412335059 -8.673333333333334 -8.6600000000000001e+00 -8.58 -8.51333333333   
561 6732 0.303880241832 69.6856123329 -8.673333333333334 -8.6566666666666663e+00 -8.61666666667 -8.53333333333   
562 6744 0.298599998576 70.2376767578 -8.673333333333334 -8.6500000000000004e+00 -8.61333333333 -8.59   
563 6756 0.298975775015 70.4622700081 -8.673333333333334 -8.6533333333333342e+00 -8.55333333333 -8.46333333333   
564 6768 0.304995715574 70.9699419165 -8.673333333333334 -8.6533333333333342e+00 -8.61333333333 -8.46   
565 6780 0.310179988663 71.2478000385 -8.673333333333334 -8.6366666666666667e+00 -8.54 -8.40333333333   
566 6792 0.299427340261 71.938836477 -8.673333333333334 -8.6600000000000001e+00 -8.60666666667 -8.37333333333   
567 6804 0.299371358622 70.8466922253 -8.673333333333334 -8.6433333333333326e+00 -8.60333333333 -8.57666666667   
568 6816 0.297948461054 71.9155805403 -8.673333333333334 -8.6600000000000001e+00 -8.59666666667 -8.49   
569 6828 0.306649323784 74.0020947717 -8.673333333333334 -8.6566666666666663e+00 -8.63333333333 -8.56666666667   
570 6840 0.31478967456 72.3098561538 -8.673333333333334 -8.6333333333333329e+00 -8.62 -8.53   
571 6852 0.31990728316 73.9412287049 -8.673333333333334 -8.6566666666666663e+00 -8.61 -8.52333333333   
572 6864 0.314984385855 74.1547247291 -8.673333333333334 -8.6366666666666667e+00 -8.62333333333 -8.59666666667   
573 6876 0.306761431723 73.8787879551 -8.673333333333334 -8.6433333333333326e+00 -8.62666666667 -8.59   
574 6888 0.312047362973 72.5562418667 -8.673333333333334 -8.6533333333333342e+00 -8.59666666667 -8.55666666667   
575 6900 0.315188912998 72.8745229254 -8.673333333333334 -8.6433333333333326e+00 -8.58333333333 -8.49   
576 6912 0.311321828176 72.2984366369 -8.673333333333334 -8.6466666666666665e+00 -8.62 -8.54333333333   
577 6924 0.300626074734 72.9117620734 -8.673333333333334 -8.6466666666666665e+00 -8.61 -8.59   
578 6936 0.28315194875 72.2492735459 -8.673333333333334 -8.6533333333333342e+00 -8.63333333333 -8.58   
579 6948 0.269327661289 72.8881534567 -8.673333333333334 -8.6466666666666665e+00 -8.6 -8.49666666667   
580 6960 0.259035504958 74.1408891651 -8.673333333333334 -8.6500000000000004e+00 -8.60666666667 -8.56666666667   
581 6972 0.258922915175 74.1273958945 -8.673333333333334 -8.6400000000000006e+00 -8.59333333333 -8.53   
582 6984 0.259611556167 74.0644365975 -8.673333333333334 -8.6533333333333342e+00 -8.60333333333 -8.54   
583 6996 0.262638443551 74.739507701 -8.673333333333334 -8.6500000000000004e+00 -8.59666666667 -8.56666666667   
584 7008 0.262878196728 73.8207385369 -8.673333333333334 -8.6466666666666665e+00 -8.60666666667 -8.55333333333   
585 7020 0.263658338633 73.4011578575 -8.673333333333334 -8.6500000000000004e+00 -8.61 -8.55   
586 7032 0.285763233242 71.8463639268 -8.673333333333334 -8.6466666666666665e+00 -8.60333333333 -8.51666666667   
587 7044 0.287296879862 70.7093258675 -8.673333333333334 -8.6566666666666663e+00 -8.61666666667 -8.55   
588 7056 0.283011816452 70.3825436985 -8.673333333333334 -8.6633333333333340e+00 -8.61 -8.56   
589 7068 0.276741132423 69.72234187 -8.673333333333334 -8.6566666666666663e+00 -8.61 -8.53   
590 7080 0.27185366792 68.9264475824 -8.673333333333334 -8.6466666666666665e+00 -8.58666666667 -8.51666666667   
591 7092 0.272052364778 68.7086310281 -8.673333333333334 -8.6533333333333342e+00 -8.60666666667 -8.46   
592 7104 0.267546818496 68.2121489895 -8.673333333333334 -8.6400000000000006e+00 -8.6 -8.48666666667   
593 7116 0.277183455026 67.958127871 -8.673333333333334 -8.6400000000000006e+00 -8.61 -8.59333333333   
594 7128 0.278345199369 69.487664357 -8.673333333333334 -8.6566666666666663e+00 -8.60333333333 -8.48   
595 7140 0.2729061099 69.147357508 -8.673333333333334 -8.6500000000000004e+00 -8.62333333333 -8.41666666667   
596 7152 0.263942994838 69.4864100812 -8.673333333333334 -8.6566666666666663e+00 -8.6 -8.53   
597 7164 0.264460037737 69.2792008278 -8.673333333333334 -8.6500000000000004e+00 -8.62 -8.58666666667   
598 7176 0.263417439964 69.9420721225 -8.673333333333334 -8.6566666666666663e+00 -8.60666666667 -8.41   
599 7188 0.264837137342 69.8547734558 -8.673333333333334 -8.6500000000000004e+00 -8.6 -8.54666666667   
600 7200 0.260749024431 71.6121600863 -8.673333333333334 -8.6400000000000006e+00 -8.58 -8.55666666667   
601 7212 0.261228450602 72.9917449433 -8.673333333333334 -8.6400000000000006e+00 -8.59 -8.53333333333   
602 7224 0.259180364617 72.608188781 -8.673333333333334 -8.6533333333333342e+00 -8.58666666667 -8.55333333333   
603 7236 0.25768087248 73.1474196233 -8.673333333333334 -8.6400000000000006e+00 -8.61666666667 -8.46666666667   
604 7248 0.257260189014 74.0464289399 -8.673333333333334 -8.6500000000000004e+00 -8.61333333333 -8.56333333333   
605 7260 0.259533804179 74.0152674602 -8.673333333333334 -8.6466666666666665e+00 -8.57 -8.48666666667   
606 7272 0.261429808459 72.4444462906 -8.673333333333334 -8.6600000000000001e+00 -8.61666666667 -8.53666666667   
607 7284 0.260301419872 72.7099724809 -8.673333333333334 -8.6433333333333326e+00 -8.58666666667 -8.50333333333   
608 7296 0.264496261857 72.9653385252 -8.673333333333334 -8.6533333333333342e+00 -8.58 -8.48333333333   
609 7308 0.26607106405 73.0570547285 -8.673333333333334 -8.6566666666666663e+00 -8.59666666667 -8.45666666667   
610 7320 0.264436551723 72.6749649926 -8.673333333333334 -8.6500000000000004e+00 -8.62 -8.53333333333   
611 7332 0.268898451387 72.8328136147 -8.673333333333334 -8.6600000000000001e+00 -8.59 -8.5   
612 7344 0.278055649055 72.0827162948 -8.673333333333334 -8.6433333333333326e+00 -8.61333333333 -8.44333333333   
613 7356 0.279867022833 71.509451235 -8.673333333333334 -8.6466666666666665e+00 -8.58333333333 -8.43666666667   
614 7368 0.284760208812 70.9099743833 -8.673333333333334 -8.6533333333333342e+00 -8.58 -8.47333333333   
615 7380 0.268939463253 70.3696738633 -8.673333333333334 -8.6433333333333326e+00 -8.58666666667 -8.1165   
616 7392 0.263816771898 71.1834441392 -8.673333333333334 -8.6566666666666663e+00 -8.6 -8.45666666667   
617 7404 0.259552920955 70.7657184046 -8.673333333333334 -8.6400000000000006e+00 -8.6 -8.51   
618 7416 0.260576607436 69.9267787109 -8.673333333333334 -8.6300000000000008e+00 -8.56666666667 -8.48666666667   
619 7428 0.261856939816 70.2465101465 -8.673333333333334 -8.6500000000000004e+00 -8.59666666667 -8.55   
620 7440 0.265307727345 69.9145137436 -8.673333333333334 -8.6533333333333342e+00 -8.61666666667 -8.54333333333   
621 7452 0.269032252367 68.9971364887 -8.673333333333334 -8.6633333333333340e+00 -8.59 -8.48666666667   
622 7464 0.260848969226 69.0467072054 -8.673333333333334 -8.6433333333333326e+00 -8.59333333333 -8.3   
623 7476 0.260425198941 69.0819819733 -8.673333333333334 -8.6633333333333340e+00 -8.61 -8.47   
624 7488 0.262514366856 69.8278851346 -8.673333333333334 -8.6566666666666663e+00 -8.57 -8.46333333333   
625 7500 0.26323964662 70.7227310053 -8.673333333333334 -8.6400000000000006e+00 -8.55333333333 -8.48   
626 7512 0.264892039313 71.6596867325 -8.673333333333334 -8.6400000000000006e+00 -8.59666666667 -8.53333333333   
627 7524 0.266420056137 71.9681759138 -8.673333333333334 -8.6433333333333326e+00 -8.58 -8.47   
628 7536 0.267163889451 71.7591584424 -8.673333333333334 -8.6533333333333342e+00 -8.64 -8.53666666667   
629 7548 0.271009998214 71.7039017925 -8.673333333333334 -8.6600000000000001e+00 -8.6 -8.52   
630 7560 0.270015953582 71.245681338 -8.673333333333334 -8.6533333333333342e+00 -8.58666666667 -8.54   
631 7572 0.274061215532 71.1379775109 -8.673333333333334 -8.6400000000000006e+00 -8.6 -8.52666666667   
632 7584 0.276845706391 71.3524570608 -8.673333333333334 -8.6500000000000004e+00 -8.61 -8.53666666667   
633 7596 0.273679975506 70.8248267208 -8.673333333333334 -8.6600000000000001e+00 -8.6 -8.43333333333   
634 7608 0.273344096179 70.7629950253 -8.673333333333334 -8.6600000000000001e+00 -8.6 -8.52333333333   
635 7620 0.275561627538 70.488326821 -8.673333333333334 -8.6533333333333342e+00 -8.6 -8.49   
636 7632 0.27615952661 68.8572733341 -8.673333333333334 -8.6533333333333342e+00 -8.60333333333 -8.56333333333   
637 7644 0.27785996699 69.3437712257 -8.673333333333334 -8.6666666666666661e+00 -8.60666666667 -8.56333333333   
638 7656 0.278261841375 69.7542746203 -8.673333333333334 -8.6533333333333342e+00 -8.61 -8.56333333333   
639 7668 0.277537057444 70.1555587981 -8.673333333333334 -8.6533333333333342e+00 -8.58666666667 -8.53666666667   
640 7680 0.280149022163 70.2931041408 -8.673333333333334 -8.6600000000000001e+00 -8.62666666667 -8.53333333333   
641 7692 0.284411102236 68.7830815755 -8.673333333333334 -8.6400000000000006e+00 -8.6 -8.57333333333   
642 7704 0.282698264238 68.6587402542 -8.673333333333334 -8.6533333333333342e+00 -8.60666666667 -8.47333333333   
643 7716 0.283593030172 68.1860086752 -8.673333333333334 -8.6600000000000001e+00 -8.61333333333 -8.56   
644 7728 0.288050910983 68.3542700711 -8.673333333333334 -8.6433333333333326e+00 -8.60666666667 -8.50333333333   
645 7740 0.282979429019 68.3537541282 -8.673333333333334 -8.6566666666666663e+00 -8.61 -8.56666666667   
646 7752 0.284687495713 69.3974516601 -8.673333333333334 -8.6533333333333342e+00 -8.60333333333 -8.54   
647 7764 0.290702587468 69.8804850621 -8.673333333333334 -8.6500000000000004e+00 -8.61666666667 -8.55333333333   
648 7776 0.296435893055 73.8708206797 -8.673333333333334 -8.6566666666666663e+00 -8.60333333333 -8.45666666667   
649 7788 0.303537114997 73.7634540346 -8.673333333333334 -8.6533333333333342e+00 -8.57666666667 -8.52   
650 7800 0.308325643609 73.5038320992 -8.673333333333334 -8.6500000000000004e+00 -8.56666666667 -8.49   
651 7812 0.304390812723 73.7611571883 -8.673333333333334 -8.6466666666666665e+00 -8.56333333333 -8.40333333333   
652 7824 0.297274855114 73.8376974949 -8.673333333333334 -8.6466666666666665e+00 -8.59 -8.46666666667   
653 7836 0.293084056042 73.1494154182 -8.673333333333334 -8.6533333333333342e+00 -8.59666666667 -8.42   
654 7848 0.30309660628 74.5224733045 -8.673333333333334 -8.6433333333333326e+00 -8.58 -8.49   
655 7860 0.303997967974 74.713961881 -8.673333333333334 -8.6466666666666665e+00 -8.57333333333 -8.52   
656 7872 0.305088104561 75.5928314588 -8.673333333333334 -8.6666666666666661e+00 -8.61333333333 -8.52666666667   
657 7884 0.308379581877 75.2191915909 -8.673333333333334 -8.6600000000000001e+00 -8.60333333333 -8.49666666667   
658 7896 0.307717567226 74.3860687091 -8.673333333333334 -8.6600000000000001e+00 -8.61333333333 -8.49666666667   
659 7908 0.307496362197 75.0952642454 -8.673333333333334 -8.6533333333333342e+00 -8.60666666667 -8.48   
660 7920 0.284005815659 74.5936846173 -8.673333333333334 -8.6633333333333340e+00 -8.59666666667 -8.53333333333   
661 7932 0.264057525728 75.546643963 -8.673333333333334 -8.6666666666666661e+00 -8.59 -8.52666666667   
662 7944 0.261384120668 75.8780114851 -8.673333333333334 -8.6666666666666661e+00 -8.59 -8.49333333333   
663 7956 0.26317514562 74.8834495756 -8.673333333333334 -8.6733333333333338e+00 -8.63666666667 -8.46   
664 7968 0.260102347228 74.16487844 -8.673333333333334 -8.6533333333333342e+00 -8.61 -8.46   
665 7980 0.260014821741 74.3757046508 -8.673333333333334 -8.6533333333333342e+00 -8.62333333333 -8.55   
666 7992 0.257402183045 75.474612569 -8.673333333333334 -8.6533333333333342e+00 -8.58666666667 -8.51333333333   
667 8004 0.261550715093 75.9647508886 -8.673333333333334 -8.6600000000000001e+00 -8.60666666667 -8.53   
668 8016 0.253314029126 76.7621503213 -8.673333333333334 -8.6533333333333342e+00 -8.6 -8.47333333333   
669 8028 0.249772003375 75.0814673729 -8.673333333333334 -8.6633333333333340e+00 -8.63 -8.59666666667   
670 8040 0.252907164378 76.6378572892 -8.673333333333334 -8.6666666666666661e+00 -8.62333333333 -8.52   
671 8052 0.250335745034 76.9013597146 -8.673333333333334 -8.6600000000000001e+00 -8.59666666667 -8.49333333333   
672 8064 0.251341861426 76.2425056357 -8.673333333333334 -8.6533333333333342e+00 -8.63 -8.57666666667   
673 8076 0.252039767303 75.6315826012 -8.673333333333334 -8.6633333333333340e+00 -8.60666666667 -8.49   
674 8088 0.253518573039 76.6169447222 -8.673333333333334 -8.6433333333333326e+00 -8.6 -8.50666666667   
675 8100 0.253831598871 76.2855812719 -8.673333333333334 -8.6566666666666663e+00 -8.61 -8.53   
676 8112 0.25742317713 77.5602940534 -8.673333333333334 -8.6699999999999999e+00 -8.61 -8.58333333333   
677 8124 0.258161727994 77.3089481199 -8.673333333333334 -8.6366666666666667e+00 -8.60333333333 -8.47333333333   
678 8136 0.260292613021 80.9055976769 -8.673333333333334 -8.6533333333333342e+00 -8.63333333333 -8.49666666667   
679 8148 0.266991648399 81.4721284892 -8.673333333333334 -8.6466666666666665e+00 -8.63 -8.51666666667   
680 8160 0.263332680143 82.2520936434 -8.673333333333334 -8.6466666666666665e+00 -8.58666666667 -8.53666666667   
681 8172 0.25139973181 81.8651258894 -8.673333333333334 -8.6566666666666663e+00 -8.57666666667 -8.46666666667   
682 8184 0.246479723958 81.994057619 -8.673333333333334 -8.6566666666666663e+00 -8.61 -8.58   
683 8196 0.237827967526 82.4021539926 -8.673333333333334 -8.6666666666666661e+00 -8.60333333333 -8.53   
684 8208 0.238137332443 83.6038191555 -8.673333333333334 -8.6433333333333326e+00 -8.59333333333 -8.46333333333   
685 8220 0.236006609206 82.673103932 -8.673333333333334 -8.6699999999999999e+00 -8.62666666667 -8.52   
686 8232 0.230714918462 83.0971510793 -8.673333333333334 -8.6600000000000001e+00 -8.60666666667 -8.53   
687 8244 0.231792034246 83.5005492158 -8.673333333333334 -8.6533333333333342e+00 -8.58666666667 -8.51333333333   
688 8256 0.233252210493 85.4126182831 -8.673333333333334 -8.6500000000000004e+00 -8.59333333333 -8.53   
689 8268 0.232762527767 86.2432217637 -8.673333333333334 -8.6400000000000006e+00 -8.53 -8.42   
690 8280 0.232192087598 87.4495918555 -8.673333333333334 -8.6500000000000004e+00 -8.59333333333 -8.51666666667   
691 8292 0.236969957912 88.370535369 -8.673333333333334 -8.6500000000000004e+00 -8.61 -8.56666666667   
692 8304 0.240112091431 89.2674466305 -8.673333333333334 -8.6466666666666665e+00 -8.63333333333 -8.54333333333   
693 8316 0.242067719841 89.1659253182 -8.673333333333334 -8.6533333333333342e+00 -8.58666666667 -8.49   
694 8328 0.244877934561 90.2146796653 -8.673333333333334 -8.6466666666666665e+00 -8.58666666667 -8.44333333333   
695 8340 0.252960537812 89.9850895808 -8.673333333333334 -8.6566666666666663e+00 -8.61 -8.52666666667   
696 8352 0.259500966245 90.0601069774 -8.673333333333334 -8.6433333333333326e+00 -8.59666666667 -8.53   
697 8364 0.261411303841 88.3565419701 -8.673333333333334 -8.6533333333333342e+00 -8.58333333333 -8.48   
698 8376 0.271774593403 87.6035066664 -8.673333333333334 -8.6533333333333342e+00 -8.59 -8.52   
699 8388 0.281284695067 87.9224211957 -8.673333333333334 -8.6600000000000001e+00 -8.59 -8.39333333333   
700 8400 0.276755375162 87.7064883229 -8.673333333333334 -8.6500000000000004e+00 -8.59 -8.49333333333   
701 8412 0.281411513401 88.2436594275 -8.673333333333334 -8.6466666666666665e+00 -8.57333333333 -8.4   
702 8424 0.286018897485 88.5788767132 -8.673333333333334 -8.6600000000000001e+00 -8.63333333333 -8.56   
703 8436 0.294134942017 88.6564536044 -8.673333333333334 -8.6466666666666665e+00 -8.61 -8.51   
704 8448 0.298594418955 89.3260935717 -8.673333333333334 -8.6366666666666667e+00 -8.59333333333 -8.37666666667   
705 8460 0.313444751609 88.8113652849 -8.673333333333334 -8.6300000000000008e+00 -8.55 -8.40333333333   
706 8472 0.32683320369 90.0834506324 -8.673333333333334 -8.6199999999999992e+00 -8.56666666667 -8.41333333333   
707 8484 0.332828250425 88.1140324999 -8.673333333333334 -8.6433333333333326e+00 -8.61 -8.44666666667   
708 8496 0.32903869013 86.2385486373 -8.673333333333334 -8.6333333333333329e+00 -8.56666666667 -8.34666666667   
709 8508 0.331049097818 85.0199260975 -8.673333333333334 -8.6433333333333326e+00 -8.59666666667 -8.53333333333   
710 8520 0.31414742379 84.0651634363 -8.673333333333334 -8.6500000000000004e+00 -8.61 -8.42333333333   
711 8532 0.307780147326 83.826769753 -8.673333333333334 -8.6366666666666667e+00 -8.58 -8.37333333333   
712 8544 0.306308631413 84.6864722665 -8.673333333333334 -8.6400000000000006e+00 -8.6 -8.52666666667   
713 8556 0.299545888208 84.0934940354 -8.673333333333334 -8.6400000000000006e+00 -8.62333333333 -8.58   
714 8568 0.289586262768 84.3793764033 -8.673333333333334 -8.6466666666666665e+00 -8.57 -8.45666666667   
715 8580 0.278368204825 83.9746754347 -8.673333333333334 -8.6466666666666665e+00 -8.58 -8.54666666667   
716 8592 0.272717196012 84.0439452008 -8.673333333333334 -8.6266666666666669e+00 -8.6 -8.47666666667   
717 8604 0.279611338986 83.0760234606 -8.673333333333334 -8.6433333333333326e+00 -8.59333333333 -8.51333333333   
718 8616 0.282236134097 83.0347080704 -8.673333333333334 -8.6533333333333342e+00 -8.57 -8.50333333333   
719 8628 0.274029473963 82.7974501766 -8.673333333333334 -8.6433333333333326e+00 -8.57666666667 -8.52666666667   
720 8640 0.273705010061 83.5161527823 -8.673333333333334 -8.6566666666666663e+00 -8.60666666667 -8.41666666667   
721 8652 0.270756174906 83.903068282 -8.673333333333334 -8.6533333333333342e+00 -8.58333333333 -8.50666666667   
722 8664 0.267780685352 83.8170101936 -8.673333333333334 -8.6466666666666665e+00 -8.6 -8.48333333333   
723 8676 0.259312168272 82.9263476024 -8.673333333333334 -8.6500000000000004e+00 -8.63 -8.56   
724 8688 0.254232494086 83.0775445812 -8.673333333333334 -8.6633333333333340e+00 -8.63666666667 -8.56   
725 8700 0.246618779369 84.1021338022 -8.673333333333334 -8.6533333333333342e+00 -8.59666666667 -8.56333333333   
726 8712 0.24799633441 83.9928811289 -8.673333333333334 -8.6466666666666665e+00 -8.58666666667 -8.49333333333   
727 8724 0.249643830582 82.973928644 -8.673333333333334 -8.6366666666666667e+00 -8.60333333333 -8.48666666667   
728 8736 0.251770892235 82.9426415727 -8.673333333333334 -8.6500000000000004e+00 -8.59333333333 -8.54333333333   
729 8748 0.251615768301 82.4897198488 -8.673333333333334 -8.6433333333333326e+00 -8.59666666667 -8.54666666667   
730 8760 0.251708792488 83.422041669 -8.673333333333334 -8.6500000000000004e+00 -8.63 -8.57333333333   
731 8772 0.253586576569 84.5660735646 -8.673333333333334 -8.6466666666666665e+00 -8.63666666667 -8.45333333333   
732 8784 0.25361269401 84.6034621621 -8.673333333333334 -8.6533333333333342e+00 -8.62666666667 -8.52666666667   
733 8796 0.256258324261 85.1523667862 -8.673333333333334 -8.6533333333333342e+00 -8.63333333333 -8.50333333333   
734 8808 0.265797975292 83.8423609309 -8.673333333333334 -8.6566666666666663e+00 -8.59666666667 -8.47333333333   
735 8820 0.268890230746 84.4308176279 -8.673333333333334 -8.6500000000000004e+00 -8.58 -8.49333333333   
736 8832 0.276637100913 84.6339906869 -8.673333333333334 -8.6433333333333326e+00 -8.59 -8.32666666667   
737 8844 0.274261286519 85.6440277191 -8.673333333333334 -8.6566666666666663e+00 -8.58333333333 -8.48333333333   
738 8856 0.266194153101 84.1472284818 -8.673333333333334 -8.6533333333333342e+00 -8.59333333333 -8.58333333333   
739 8868 0.262452229886 84.1081705322 -8.673333333333334 -8.6466666666666665e+00 -8.53666666667 -8.52333333333   
740 8880 0.2622260433 83.9012805543 -8.673333333333334 -8.6433333333333326e+00 -8.59333333333 -8.47666666667   
741 8892 0.26242641589 84.4027380975 -8.673333333333334 -8.6466666666666665e+00 -8.61333333333 -8.49666666667   
742 8904 0.262692475641 84.1309987445 -8.673333333333334 -8.6500000000000004e+00 -8.61666666667 -8.58333333333   
743 8916 0.266787545488 83.8897618586 -8.673333333333334 -8.6500000000000004e+00 -8.59 -8.45666666667   
744 8928 0.266603153648 84.1346556745 -8.673333333333334 -8.6500000000000004e+00 -8.54333333333 -8.5   
745 8940 0.268668057233 85.8710677668 -8.673333333333334 -8.6533333333333342e+00 -8.57 -8.54666666667   
746 8952 0.273070616884 84.9157574522 -8.673333333333334 -8.6366666666666667e+00 -8.56333333333 -8.49333333333   
747 8964 0.276072005293 85.8280761195 -8.673333333333334 -8.6500000000000004e+00 -8.58333333333 -8.43666666667   
748 8976 0.290791697474 86.9763283058 -8.673333333333334 -8.6366666666666667e+00 -8.59333333333 -8.4   
749 8988 0.302967815246 86.3244914643 -8.673333333333334 -8.6400000000000006e+00 -8.56666666667 -8.46   
750 9000 0.31331889773 86.4730644864 -8.673333333333334 -8.6333333333333329e+00 -8.57666666667 -8.46666666667   
751 9012 0.310930525953 85.3018044867 -8.673333333333334 -8.6566666666666663e+00 -8.61333333333 -8.53333333333   
752 9024 0.305340863143 85.013367669 -8.673333333333334 -8.6566666666666663e+00 -8.59 -8.48666666667   
753 9036 0.308855369059 85.7525138715 -8.673333333333334 -8.6466666666666665e+00 -8.59666666667 -8.46666666667   
754 9048 0.302286951125 84.0900599309 -8.673333333333334 -8.6566666666666663e+00 -8.56666666667 -8.41   
755 9060 0.291334225373 83.3803832814 -8.673333333333334 -8.6433333333333326e+00 -8.57666666667 -8.43333333333   
756 9072 0.290743769948 82.5166497009 -8.673333333333334 -8.6500000000000004e+00 -8.56333333333 -8.42   
757 9084 0.283921785866 81.0478080222 -8.673333333333334 -8.6533333333333342e+00 -8.60333333333 -8.45666666667   
758 9096 0.282413990164 81.5063635354 -8.673333333333334 -8.6533333333333342e+00 -8.57 -8.50333333333   
759 9108 0.285525397424 82.6889527384 -8.673333333333334 -8.6433333333333326e+00 -8.60333333333 -8.56333333333   
760 9120 0.29382524038 82.0406700984 -8.673333333333334 -8.6400000000000006e+00 -8.59666666667 -8.52   
761 9132 0.291659243396 82.1060018106 -8.673333333333334 -8.6366666666666667e+00 -8.56333333333 -8.46333333333   
762 9144 0.293157513768 81.1859672489 -8.673333333333334 -8.6400000000000006e+00 -8.55666666667 -8.46666666667   
763 9156 0.294324666377 79.5423177938 -8.673333333333334 -8.6466666666666665e+00 -8.58333333333 -8.51333333333   
764 9168 0.294738891882 81.2881959483 -8.673333333333334 -8.6500000000000004e+00 -8.59666666667 -8.53   
765 9180 0.29520040838 81.0962718619 -8.673333333333334 -8.6400000000000006e+00 -8.56 -8.49   
766 9192 0.297594628332 81.1238157102 -8.673333333333334 -8.6400000000000006e+00 -8.58 -8.51333333333   
767 9204 0.299754501827 80.9473508382 -8.673333333333334 -8.6433333333333326e+00 -8.58 -8.45333333333   
768 9216 0.301936041349 81.837040357 -8.673333333333334 -8.6333333333333329e+00 -8.57333333333 -8.52   
769 9228 0.304089381909 81.3350956787 -8.673333333333334 -8.6433333333333326e+00 -8.60666666667 -8.57666666667   
770 9240 0.302808912593 80.4256899384 -8.673333333333334 -8.6600000000000001e+00 -8.59333333333 -8.54666666667   
771 9252 0.301194841908 80.6094182907 -8.673333333333334 -8.6500000000000004e+00 -8.6 -8.51333333333   
772 9264 0.308595556233 81.2544659691 -8.673333333333334 -8.6466666666666665e+00 -8.58666666667 -8.5   
773 9276 0.325786002124 81.9231965071 -8.673333333333334 -8.6500000000000004e+00 -8.59333333333 -8.44333333333   
774 9288 0.328590129326 82.9954773386 -8.673333333333334 -8.6500000000000004e+00 -8.59666666667 -8.56333333333   
775 9300 0.32411084509 82.7731915439 -8.673333333333334 -8.6400000000000006e+00 -8.59666666667 -8.49333333333   
776 9312 0.313536448918 84.633093984 -8.673333333333334 -8.6533333333333342e+00 -8.60333333333 -8.33333333333   
777 9324 0.303992696108 84.4079921175 -8.673333333333334 -8.6500000000000004e+00 -8.56333333333 -8.46666666667   
778 9336 0.303822912895 84.8040853851 -8.673333333333334 -8.6433333333333326e+00 -8.59 -8.52666666667   
779 9348 0.308858115923 86.1502782921 -8.673333333333334 -8.6400000000000006e+00 -8.60333333333 -8.47333333333   
780 9360 0.31943164807 85.5236842659 -8.673333333333334 -8.6466666666666665e+00 -8.61 -8.56   
781 9372 0.330701812297 84.0787115551 -8.673333333333334 -8.6466666666666665e+00 -8.62666666667 -8.56   
782 9384 0.32571397 84.3271513915 -8.673333333333334 -8.6433333333333326e+00 -8.59666666667 -8.52333333333   
783 9396 0.32336895716 84.5821450909 -8.673333333333334 -8.6466666666666665e+00 -8.61666666667 -8.54333333333   
784 9408 0.341134663391 85.6174387222 -8.673333333333334 -8.6500000000000004e+00 -8.62666666667 -8.53333333333   
785 9420 0.352093782699 87.5859209977 -8.673333333333334 -8.6633333333333340e+00 -8.6 -8.56666666667   
786 9432 0.359531648766 87.4873108883 -8.673333333333334 -8.6500000000000004e+00 -8.62333333333 -8.56333333333   
787 9444 0.366257622584 86.3645455004 -8.673333333333334 -8.6533333333333342e+00 -8.63 -8.54333333333   
788 9456 0.37400189216 88.7658428841 -8.673333333333334 -8.6633333333333340e+00 -8.59 -8.52333333333   
789 9468 0.371131748127 89.0872942236 -8.673333333333334 -8.6400000000000006e+00 -8.6 -8.54333333333   
790 9480 0.380005296293 90.8512018952 -8.673333333333334 -8.6600000000000001e+00 -8.61333333333 -8.57   
791 9492 0.391871980666 91.2011933202 -8.673333333333334 -8.6500000000000004e+00 -8.61333333333 -8.51   
792 9504 0.404503478429 93.8854142884 -8.673333333333334 -8.6400000000000006e+00 -8.60666666667 -8.48333333333   
793 9516 0.39328817438 96.6881122884 -8.673333333333334 -8.6533333333333342e+00 -8.57 -8.45333333333   
794 9528 0.390909142068 96.8542580579 -8.673333333333334 -8.6500000000000004e+00 -8.60333333333 -8.52   
795 9540 0.381488687644 95.5710926602 -8.673333333333334 -8.6500000000000004e+00 -8.62 -8.54333333333   
796 9552 0.389718084647 95.7809698494 -8.673333333333334 -8.6466666666666665e+00 -8.58666666667 -8.51333333333   
797 9564 0.402832064426 97.075275635 -8.673333333333334 -8.6533333333333342e+00 -8.6 -8.46   
798 9576 0.406939308677 98.2862710854 -8.673333333333334 -8.6566666666666663e+00 -8.61666666667 -8.57333333333   
799 9588 0.398159088543 99.4773019636 -8.673333333333334 -8.6266666666666669e+00 -8.58333333333 -8.53666666667   
800 9600 0.385497312187 102.143914761 -8.673333333333334 -8.6533333333333342e+00 -8.63666666667 -8.5   
801 9612 0.38118300012 103.26311978 -8.673333333333334 -8.6400000000000006e+00 -8.60666666667 -8.57333333333   
802 9624 0.391656527422 104.555157843 -8.673333333333334 -8.6433333333333326e+00 -8.6 -8.53333333333   
803 9636 0.381513187932 107.155377852 -8.673333333333334 -8.6366666666666667e+00 -8.58333333333 -8.54333333333   
804 9648 0.376863111451 107.67285103 -8.673333333333334 -8.6466666666666665e+00 -8.63 -8.50333333333   
805 9660 0.374675370079 106.58642652 -8.673333333333334 -8.6566666666666663e+00 -8.60666666667 -8.56333333333   
806 9672 0.360826578122 107.933741753 -8.673333333333334 -8.6533333333333342e+00 -8.61666666667 -8.49666666667   
807 9684 0.362892984094 108.750555875 -8.673333333333334 -8.6400000000000006e+00 -8.59333333333 -8.55666666667   
808 9696 0.36626160991 108.658179548 -8.673333333333334 -8.6433333333333326e+00 -8.61 -8.49   
809 9708 0.388299172968 108.359442194 -8.673333333333334 -8.6466666666666665e+00 -8.60333333333 -8.53333333333   
810 9720 0.390081651891 109.02699041 -8.673333333333334 -8.6566666666666663e+00 -8.60333333333 -8.54   
811 9732 0.375291699005 110.608938951 -8.673333333333334 -8.6500000000000004e+00 -8.60333333333 -8.55   
812 9744 0.362875728707 110.198561133 -8.673333333333334 -8.6600000000000001e+00 -8.62666666667 -8.49333333333   
813 9756 0.352408122835 110.957765206 -8.673333333333334 -8.6533333333333342e+00 -8.59666666667 -8.54   
814 9768 0.346910539849 112.92139483 -8.673333333333334 -8.6566666666666663e+00 -8.63333333333 -8.51333333333   
815 9780 0.33755964775 110.458376842 -8.673333333333334 -8.6466666666666665e+00 -8.60666666667 -8.55   
816 9792 0.334386173039 109.59224123 -8.673333333333334 -8.6500000000000004e+00 -8.61666666667 -8.57   
817 9804 0.338639940161 109.760077417 -8.673333333333334 -8.6500000000000004e+00 -8.59333333333 -8.49333333333   
818 9816 0.324740832408 110.681687056 -8.673333333333334 -8.6600000000000001e+00 -8.59333333333 -8.57333333333   
819 9828 0.318693056288 110.80571137 -8.673333333333334 -8.6666666666666661e+00 -8.64 -8.54333333333   
820 9840 0.315533213537 112.496595914 -8.673333333333334 -8.6633333333333340e+00 -8.59666666667 -8.55333333333   
821 9852 0.310187974256 112.690225289 -8.673333333333334 -8.6533333333333342e+00 -8.62666666667 -8.55666666667   
822 9864 0.331587178935 114.302164779 -8.673333333333334 -8.6433333333333326e+00 -8.59666666667 -8.54666666667   
823 9876 0.331359666176 114.201496859 -8.673333333333334 -8.6566666666666663e+00 -8.63 -8.52   
824 9888 0.341044955596 113.76268045 -8.673333333333334 -8.6600000000000001e+00 -8.63 -8.49   
825 9900 0.359309837272 113.294177129 -8.673333333333334 -8.6466666666666665e+00 -8.6 -8.45333333333   
826 9912 0.355328983639 110.544206216 -8.673333333333334 -8.6633333333333340e+00 -8.61666666667 -8.45333333333   
827 9924 0.35064703779 108.297855316 -8.673333333333334 -8.6400000000000006e+00 -8.59 -8.57   
828 9936 0.358728677707 109.480111229 -8.673333333333334 -8.6733333333333338e+00 -8.61 -8.51   
829 9948 0.361610555351 111.246341912 -8.673333333333334 -8.6433333333333326e+00 -8.63 -8.56666666667   
830 9960 0.349741809311 111.717729426 -8.673333333333334 -8.6600000000000001e+00 -8.62333333333 -8.57   
831 9972 0.354697747593 113.170176208 -8.673333333333334 -8.6533333333333342e+00 -8.62 -8.57333333333   
832 9984 0.346558137293 109.979238454 -8.673333333333334 -8.6633333333333340e+00 -8.63 -8.48333333333   
833 9996 0.349865085343 109.059504299 -8.673333333333334 -8.6600000000000001e+00 -8.59 -8.50333333333   
834 10008 0.350730638747 109.433783218 -8.673333333333334 -8.6500000000000004e+00 -8.62666666667 -8.51333333333   
835 10020 0.352153197244 109.677605013 -8.673333333333334 -8.6400000000000006e+00 -8.58666666667 -8.52333333333   
836 10032 0.339935674146 109.264868629 -8.673333333333334 -8.6566666666666663e+00 -8.59333333333 -8.52333333333   
837 10044 0.3210196033 111.843551203 -8.673333333333334 -8.6566666666666663e+00 -8.62 -8.54333333333   
838 10056 0.305958438939 110.611777921 -8.673333333333334 -8.6666666666666661e+00 -8.59666666667 -8.45333333333   
839 10068 0.303702709569 110.534641022 -8.673333333333334 -8.6666666666666661e+00 -8.59666666667 -8.51333333333   
840 10080 0.307804519393 110.273848676 -8.673333333333334 -8.6633333333333340e+00 -8.6 -8.46333333333   
841 10092 0.311601967723 111.36808382 -8.673333333333334 -8.6666666666666661e+00 -8.62333333333 -8.49   
842 10104 0.310760984862 113.350105047 -8.673333333333334 -8.6400000000000006e+00 -8.58333333333 -8.49   
843 10116 0.328848890257 114.091790533 -8.673333333333334 -8.6466666666666665e+00 -8.62666666667 -8.53333333333   
844 10128 0.343092344353 112.439002586 -8.673333333333334 -8.6500000000000004e+00 -8.61666666667 -8.52666666667   
845 10140 0.344032632436 110.935302949 -8.673333333333334 -8.6566666666666663e+00 -8.61666666667 -8.54333333333   
846 10152 0.347201944684 111.038760087 -8.673333333333334 -8.6466666666666665e+00 -8.61666666667 -8.58666666667   
847 10164 0.346577576101 110.078290766 -8.673333333333334 -8.6566666666666663e+00 -8.60666666667 -8.49333333333   
848 10176 0.337411107747 111.843883735 -8.673333333333334 -8.6600000000000001e+00 -8.58 -8.53333333333   
849 10188 0.33850700601 109.751368133 -8.673333333333334 -8.6433333333333326e+00 -8.59333333333 -8.52   
850 10200 0.327226166845 108.879214179 -8.673333333333334 -8.6633333333333340e+00 -8.60666666667 -8.52   
851 10212 0.307649793708 109.834145744 -8.673333333333334 -8.6666666666666661e+00 -8.58666666667 -8.53   
852 10224 0.310322872189 109.287606171 -8.673333333333334 -8.6566666666666663e+00 -8.6 -8.57   
853 10236 0.31138772643 108.806151541 -8.673333333333334 -8.6633333333333340e+00 -8.60666666667 -8.55   
854 10248 0.312443877846 107.928240987 -8.673333333333334 -8.6533333333333342e+00 -8.60333333333 -8.56666666667   
855 10260 0.327061415056 108.237701346 -8.673333333333334 -8.6500000000000004e+00 -8.60333333333 -8.54666666667   
856 10272 0.337584945315 109.064323471 -8.673333333333334 -8.6533333333333342e+00 -8.61 -8.55333333333   
857 10284 0.341073254758 106.875543416 -8.673333333333334 -8.6533333333333342e+00 -8.61333333333 -8.38666666667   
858 10296 0.371828591148 106.144252931 -8.673333333333334 -8.6566666666666663e+00 -8.59666666667 -8.48666666667   
859 10308 0.377660466529 106.820948957 -8.673333333333334 -8.6433333333333326e+00 -8.59666666667 -8.50333333333   
860 10320 0.375471418934 106.035273986 -8.673333333333334 -8.6533333333333342e+00 -8.60333333333 -8.56   
861 10332 0.373576799424 104.54708546 -8.673333333333334 -8.6600000000000001e+00 -8.6 -8.53333333333   
862 10344 0.366799471788 105.239769888 -8.673333333333334 -8.6466666666666665e+00 -8.61333333333 -8.56666666667   
863 10356 0.361997312272 104.971634083 -8.673333333333334 -8.6433333333333326e+00 -8.61666666667 -8.58   
864 10368 0.355090367616 105.347363883 -8.673333333333334 -8.6633333333333340e+00 -8.60333333333 -8.56333333333   
865 10380 0.335739872502 104.854927403 -8.673333333333334 -8.6600000000000001e+00 -8.58 -8.50333333333   
866 10392 0.331013672569 105.450389628 -8.673333333333334 -8.6566666666666663e+00 -8.57666666667 -8.54666666667   
867 10404 0.32691365765 105.001907579 -8.673333333333334 -8.6533333333333342e+00 -8.60666666667 -8.51   
868 10416 0.329244109683 106.242355373 -8.673333333333334 -8.6466666666666665e+00 -8.58333333333 -8.52666666667   
869 10428 0.335759897087 105.776657371 -8.673333333333334 -8.6466666666666665e+00 -8.59 -8.56   
870 10440 0.348839437693 107.752414355 -8.673333333333334 -8.6600000000000001e+00 -8.62333333333 -8.55333333333   
871 10452 0.364316964095 109.938878472 -8.673333333333334 -8.6433333333333326e+00 -8.60333333333 -8.53666666667   
872 10464 0.372902427328 112.046978277 -8.673333333333334 -8.6466666666666665e+00 -8.61666666667 -8.55   
873 10476 0.354401580359 112.273744129 -8.673333333333334 -8.6600000000000001e+00 -8.61666666667 -8.57666666667   
874 10488 0.352184436694 111.785444147 -8.673333333333334 -8.6733333333333338e+00 -8.60666666667 -8.58   
875 10500 0.356928412426 112.099170789 -8.673333333333334 -8.6433333333333326e+00 -8.61666666667 -8.57666666667   
