% # columns="iter, evals, sigma, 0, fitness, xbest" seed=20, Fri Feb  2 22:38:32 2018, <python>{}</python>
1 12 1.9168216191 0 -0.20775 1.75692600078 1.90967221199 2.83297275063 4.29236256514 0.808118167632 9.31700815079 6.70300816883 7.04677120411 6.50012372571 4.32957564956 4.29079289179 8.66606287433 5.76623517306 2.03942532477 5.86512900367 9.94729087917 3.43299043199
2 24 1.94208261921 0 -1.55613333333 0.865873938169 3.61091088788 4.46594267419 0.816346587686 0.693795227926 7.71835315327 3.99093966226 0.161856411843 4.24521117715 9.24432135005 2.808417162 9.46518278753 2.88468759478 3.63388193979 6.19261689689 9.76372889871 6.92506297321
3 36 1.94721093867 0 -1.76141166667 0.0499651011729 0.837336087705 3.91703153036 1.08243807767 2.58142330012 9.40313741259 2.03873161004 5.11127784822 7.4432436967 9.28089720391 4.38612878743 9.97033573553 1.63082420948 8.824261608 5.88394281589 8.62132893553 7.23137668794
4 48 1.99068945024 0 -1.63769966667 6.44180009169 4.09959682882 5.24426895831 3.67534689919 0.697997900027 8.86954472673 7.68739020115 4.57057774472 8.61730742209 8.62007162174 7.36980307304 6.37148428128 2.1688108053 8.18359231416 7.33421597534 7.46553445232 4.34686610624
5 60 2.07427623293 0 -1.791816 3.39585349799 3.89619735112 4.74420642024 3.59296789899 3.67190804812 9.62178047899 3.18140454566 3.13071553928 8.07359435031 9.98248068876 5.6752420294 8.51231059804 1.22752018656 8.96170844852 9.46830332311 5.06748377414 5.78944652701
6 72 2.18214226464 0 -1.85141266667 2.91239875198 0.0171179406899 2.82678663729 4.91057375029 2.48607756157 9.99938062089 1.48473159005 3.81263831178 5.83304049106 7.91098814112 1.00964520089 9.00224979772 3.84500273784 9.02604891266 9.31528924141 6.86384199778 5.26726634107
7 84 2.17916617564 0 -1.78979133333 0.196911711892 1.48551341786 7.97526684419 5.64644069545 0.650352656629 9.03681972059 2.74550148454 1.65560248563 5.29917570765 9.34496391346 2.39141238397 9.83979800676 2.5939156432 7.368267565 8.54975773766 7.00776848018 5.36480459998
8 96 2.22015082481 0 -1.868721 0.665039102894 3.85638927003 7.6192569537 4.26679604152 0.390212173185 9.15283749275 5.78980054034 2.42670631358 5.87232514696 8.38745724306 2.11990998217 9.45523360161 2.83890525412 7.32869258984 7.68902106423 7.34146290859 4.32749948393
9 108 2.14483669661 0 -1.64510566667 0.312690936983 3.90810558633 8.75947731205 3.64180447698 1.43524099162 4.59416437158 3.12578024689 5.77890317268 6.45775277309 8.62338063873 7.31392714592 7.02380142808 2.12364188203 8.3247122268 7.59217790054 7.73575006482 5.42003352399
10 120 2.18308484255 0 -1.54744766667 3.76349636437 4.67410751634 9.07095805065 3.3103438088 3.36220198757 4.50579992146 3.79345112186 2.64034748044 7.15231635234 7.86122067703 3.05335045277 9.19550591261 4.25364090484 9.95834100304 7.88262295663 2.05838055912 1.86210789726
11 132 2.12782009454 0 -1.749577 2.37252889766 3.58795109457 8.3974565557 4.05580411783 0.963403204083 7.657549911 8.14172416936 4.28618205186 6.62084356735 7.77969597597 3.1359344474 7.46911055244 4.13953633353 7.23048741705 9.91579252149 5.52793818946 2.56586261156
12 144 2.07573149354 0 -2.52703833333 0.513931217901 7.02987431841 9.1311251948 2.64023408668 0.0101127626085 6.94538530274 9.2533723332 5.54547958168 9.41137293394 9.91111103604 5.17291495228 9.20892808627 2.87987914292 7.56315305209 9.99956729551 4.61158380867 7.75825422427
13 156 2.03723475619 0 -2.42541166667 0.814087638758 3.22039835038 6.02928365396 1.37653567939 4.01801907757 6.13920143889 8.86505675463 4.59742338021 9.85291108188 8.33824730711 7.23348766242 9.98451637122 2.95207721874 6.49653888471 7.60107969352 4.80800038402 6.22926723731
14 168 1.94681787274 0 -2.39382566667 0.0242081302642 5.4013905501 7.05257420149 3.41777494232 2.87898207197 8.03549772323 9.01448462174 3.35044025613 9.86346218543 7.77235108068 7.75490816389 9.67939675877 3.31140814258 5.80847615298 6.80046944594 7.14627140364 5.59105883137
15 180 1.92432069683 0 -1.820373 0.797585986028 3.09311411575 5.88323667253 3.69609883288 1.57519899506 9.62661748529 9.20577358092 9.96688373431 7.99397938319 9.85730637978 6.09509102082 9.91333158015 1.24393197761 8.08705232089 6.80701540295 5.71182351953 6.91981420031
16 192 1.97437157266 0 -2.10890666667 1.51129109403 2.59107486363 6.89487515714 6.50177349007 3.28407919381 8.41770403312 8.98372578528 5.96723450007 4.7187951887 7.07129073144 9.31300341611 5.03726987261 4.46877420861 7.48415774211 9.16072188643 4.46636123162 4.90986548757
17 204 2.02640695217 0 -3.34866333333 3.14322124307 3.94309467645 7.97181085909 7.46316068949 1.35897115713 9.13889875572 8.26650471447 6.18536473838 8.01879240055 9.11042573527 9.05903134874 7.52618239971 2.51046015049 8.19862621635 6.09282239845 8.47102274467 5.63725516408
18 216 2.06336901878 0 -4.22604533333 3.72534240815 4.08893942297 9.99974215228 5.35572400609 1.05058937253 6.99110906417 7.99370437612 2.75484851177 6.11863629709 9.47888786153 5.93267905127 7.54162285899 2.26239076533 7.70521050885 6.42914720793 3.25514748025 7.22343401443
19 228 1.96274536237 0 -3.14536333333 0.795715984975 2.83659566026 9.49278115626 4.52094077762 1.67313219026 8.19641541493 8.17749815769 4.65722379936 8.85818284974 9.98863792238 7.41470075978 6.87818228592 1.73949172558 7.63164103337 5.24450383348 2.78825194114 9.99634967864
20 240 1.85782560991 0 -3.06562333333 0.732132245767 2.40071233136 7.13780161299 7.1715523837 2.82112458468 4.9150661606 9.96213634111 6.41275920002 7.09731096792 7.7352210606 7.187221222 6.34003963719 3.41689841597 8.88681624098 4.29329000176 1.41740329567 6.81500856549
21 252 1.75269807872 0 -3.46888366667 1.39478363443 5.37798514083 8.60751373498 6.75420343487 0.876056411983 7.89632090876 6.75810027132 5.34336213915 9.89053968926 9.35105816868 8.41688249164 7.14974018466 1.98292165797 8.28384158429 2.68660393672 5.49708682191 9.36118382487
22 264 1.61358899605 0 -3.43024533333 3.02102229646 5.27472639881 9.66693808728 4.93614226225 4.03320417301 5.88641668103 9.99998148783 5.40854845664 8.88697669039 8.83989864773 9.95206111022 4.99777921375 3.20514666588 9.41053504173 5.88703230886 1.59218804983 7.77720705157
23 276 1.53074021473 0 -2.43622433333 0.635118749151 2.85148890346 7.8368733162 6.95089476633 3.09800091405 6.8510482537 8.87930347657 4.06753058293 9.89184590414 9.62459302705 7.92671944114 7.35291924595 2.36441920788 9.5602002124 4.29211569361 4.39116722721 7.79483272075
24 288 1.51261143873 0 -4.34385133333 1.52773906712 3.0507399104 9.10041417822 9.8461072275 0.417274707806 6.06871345087 7.46648170806 2.27623119008 8.40967266475 8.09260737992 6.05828388867 6.21404677596 2.64467959224 6.52990409321 4.84543496125 3.48166915491 8.38192693192
25 300 1.45842601372 0 -3.71949666667 0.59816041746 4.59588097774 8.85036642898 7.84979059807 2.34086650358 6.81740969498 7.864021733 3.69314440118 9.03837749826 8.40229832086 9.7519585597 8.20754840333 3.12872183246 9.30959407241 5.19283572542 4.33414055954 8.62583033102
26 312 1.52178194156 0 -3.06616333333 0.261103302284 4.02163422059 6.87492815624 9.10559872737 0.767532946275 6.23154616567 6.40168099518 3.78644200312 7.52863954836 8.01124622318 7.91841252808 4.71670722766 3.21867709037 9.03460567821 3.641050592 7.83054293816 9.9449715745
27 324 1.43338001304 0 -3.32508033333 1.0735148644 3.67102537159 8.68041351175 9.7190872029 0.0941295676024 8.38099839369 9.98966525531 3.46925134814 9.12607197876 9.79777604368 6.68772189656 6.44054979973 1.5652158127 8.82013237757 4.32833264053 6.00170016299 9.12146986737
28 336 1.3691533672 0 -3.41027666667 0.360699573987 6.01855896781 6.62052708723 8.77656383307 1.53279145197 7.20996927883 9.56150639564 4.25236346394 9.63026357527 9.70482743822 9.90922133664 6.92585374104 0.933381074399 9.88995452497 4.72931978843 6.50952395387 9.41062506881
29 348 1.36221285657 0 -3.38243966667 0.822185446178 4.00987707405 9.66421002445 9.70021637198 0.999801881592 5.63810310426 8.35702600556 2.58131368094 9.49499727917 9.99062148029 9.3063330713 7.65530531707 2.13355134043 7.35744904499 3.89474210983 4.65584970505 7.46267197901
30 360 1.37000552068 0 -4.20380333333 1.84387337263 4.19092212788 8.46725443266 8.97520954749 0.254392260851 7.37593344693 9.99979986729 2.97206337851 8.24192163863 8.29926238745 8.19056287418 6.04315719548 2.72612541598 8.07548809867 4.48753528969 4.95601163907 8.57400921396
31 372 1.33500779747 0 -4.50094933333 1.6151779036 4.10517867113 9.99606019347 8.79202396878 1.95321543668 6.41058529866 9.83883854517 3.57597341505 9.57966580762 9.96164829646 9.84771516848 6.27362970469 1.85937891574 8.87459981846 5.97119732321 2.3791115153 9.57054156348
32 384 1.30630800009 0 -4.52253166667 2.07711598647 4.82854837415 8.29857943798 8.85209972899 0.962914157507 8.09854244788 9.26530681117 3.87700344846 9.89651047489 9.79165415997 9.36877665796 6.39730077751 1.69394392154 9.60024444001 4.21625393809 2.83200682436 9.97065888366
33 396 1.22355233495 0 -3.46671466667 1.85190845382 3.85822782558 9.77043474591 7.66317540341 1.15749639237 7.7050481115 9.77515501006 3.36310104849 8.76181366784 9.5974158811 9.95609226782 6.82733099415 2.07884318639 9.24663521657 5.08978795669 2.98655487204 9.506857228
34 408 1.19209618749 0 -3.342847 1.88177536773 5.49376553482 8.43291614244 8.25628040206 0.0960216764479 6.45817755841 9.95352761228 4.68796850903 9.9780718303 9.98725107287 9.82130027544 5.9806547362 1.32815469639 7.32566927186 2.43917826924 1.19028394889 9.00786752778
35 420 1.15574144029 0 -3.54181633333 1.86981395121 5.3041930892 9.95646383606 6.88470960056 1.44402960956 7.2423889598 9.5587594763 4.49991891967 9.53616399033 9.51796992852 9.65803398215 7.73497720796 1.92674947339 6.92327714715 4.29138246398 2.30062367 8.83905123189
36 432 1.14723068082 0 -3.52057856667 1.96890481385 4.79139593551 9.20520787358 6.47379976368 1.84439021801 6.85841543191 9.94774003124 3.73983577383 8.21392356655 9.85001882421 9.72403128178 7.07593608862 2.31388812543 7.89645915475 4.17156149336 1.8263154019 7.40000423626
37 444 1.09333443229 0 -3.381337 2.9744185896 4.00096522121 9.93835636615 9.49543383197 0.315329029533 6.70081426488 9.63544425419 6.55127035816 7.16276789621 9.42457295108 9.97955148454 5.63859996491 1.65722404555 6.74322069109 4.55162946804 4.17515430399 8.1992511
38 456 1.04107847591 0 -4.54729466667 2.17396750152 4.46267047128 9.9460656902 8.46725137183 1.15802605509 8.81334520281 9.62045949445 4.30910097867 7.0010978611 9.72391087971 9.92754842713 5.5230396072 1.93638008823 7.12073958928 3.73644319669 4.82427633642 7.45229693398
39 468 0.993521706394 0 -3.579181 2.43356167064 4.54132189993 9.82636175023 8.26860638881 0.845584834182 6.84727063666 9.00874644704 3.25165699588 8.44282724346 9.71145632795 9.82470157481 5.82278245822 1.46848646322 5.50884886475 5.69697108626 2.05554095285 7.12366618412
40 480 0.998381486037 0 -4.54787766667 2.9175520649 5.23679076317 9.88976071274 8.51428466318 1.1138934248 8.33960147093 8.29096433925 4.94561373812 7.48111654214 9.99963361399 8.18280171946 4.70952537487 1.56718578815 6.2456562292 4.921616973 6.1612101923 7.14154945221
41 492 1.02916455514 0 -3.15025 2.37181604792 2.83528638851 7.87252175029 9.52010930517 0.148567472624 7.69633133959 9.99818443347 3.36083168618 7.1442377195 9.00225364955 9.81219108812 6.43842427294 2.41692492584 8.49147830869 7.61660195469 6.0280885035 7.7001457742
42 504 1.04547176275 0 -3.71332733333 1.91446325106 4.59303202172 9.53924507988 8.9229669078 1.71099545145 6.1763563878 9.30320384963 4.20398413165 5.85719501976 9.83352715704 9.96632690729 5.52278479631 2.05326360239 8.95031751317 6.28194977733 3.82143706686 8.67811261239
43 516 1.04627398041 0 -3.72054466667 1.89614767414 4.97869584617 9.9540676138 9.19583493638 1.61958089434 7.57199547876 9.28989096288 3.882322107 5.42999424096 9.76078601602 9.05752494993 3.75414465566 1.86058989611 7.08781854105 7.24709892755 5.34007235086 6.00413794271
44 528 1.06428676395 0 -4.280398 2.46125930091 5.97360025334 8.94076569281 9.93110982885 0.404713110472 8.57329841219 9.80176344796 5.36212186788 5.66531378444 9.78661511967 9.89734715512 6.67734999996 2.02827532408 6.8640428052 6.26833902081 4.74606366567 6.51609308387
45 540 1.04254596751 0 -4.62223266667 0.656718052292 4.87038105973 9.02018700325 8.75933565071 1.09679732535 8.79114489691 9.89764872507 4.33354770046 6.87500594549 8.54107353886 9.92141293861 5.60419534526 2.84627627471 6.04757809384 6.91126813882 5.57557978245 6.91165651837
46 552 1.00820422429 0 -4.572068 2.90381709038 4.35115761537 9.30970200631 9.18412612769 1.21894955981 9.48105847678 8.92802212544 3.92964030167 6.37881799196 9.18284428282 9.85589531478 5.23232998392 1.93735566591 6.34542738726 5.11308082808 4.47853766108 7.43440484387
47 564 1.01197039377 0 -4.71528933333 3.01346476532 4.28041512124 9.55940004926 9.85324597978 0.22178817175 9.83821644855 7.60843278244 5.57981356787 5.11404944985 8.76328094886 8.97909823766 5.03798916001 2.16612185939 5.26766435902 6.0022409636 7.15731216922 8.23960366177
48 576 0.953727491996 0 -4.287732 2.33070416349 5.19619788835 9.65901745488 9.99665476522 0.379011291039 8.81031762016 8.96438439694 3.97752349871 7.87800599477 9.90907853607 9.93071606395 5.03467105335 1.88533810597 6.98623133624 5.85245186862 6.6826867663 8.29126244764
49 588 0.935413973444 0 -3.813978 2.32461858633 5.37760420637 9.26040208451 9.79581792324 0.511234587337 9.61880223504 7.97767708399 4.1203943191 7.51587151525 9.8202291049 9.33009763355 6.28608715002 1.59765316157 5.87195878252 5.44440643312 8.14831527815 7.64261677086
50 600 0.890055861443 0 -3.465637 2.68541912926 3.93970667996 9.86801578772 9.50260207341 1.68830752138 8.68644091424 7.98110868867 5.06374953818 8.16837909042 9.84541889671 9.56871383988 5.93635499557 2.07986332219 8.35929704407 6.58043358374 6.93142900307 7.68807695998
51 612 0.8279040134 0 -4.71816833333 1.42967765663 5.34242995768 8.75762287659 9.73549845183 1.29166346274 8.33250236629 8.6860231435 5.15839330199 6.20016703512 9.45866851315 9.54115017836 4.94575850271 2.14249836046 6.69940213356 3.4905516598 4.54815823512 7.065464692
52 624 0.812313716907 0 -3.47438566667 3.0897947166 3.13178045266 8.93864604027 9.93165694907 1.52750673949 9.24861897612 7.36408328225 3.04085826495 6.65753841293 8.72831491618 9.71686748724 5.40010780579 2.42269741205 6.9897399166 6.14628068186 6.35867355211 6.30490308072
53 636 0.81008373427 0 -3.62372566667 2.33924573701 2.98575632196 9.1550598765 9.40920492276 2.49761572289 8.36894918434 7.52900120096 1.94087518502 6.71328430256 8.75349551487 8.92317459398 3.30567696709 2.45540348425 6.96465547123 5.27006003427 5.8337737777 6.98394052674
54 648 0.728020756931 0 -3.41652633333 2.96566155077 4.68966090614 9.83923302727 9.99741929097 1.22816727218 9.07607884593 7.95589574285 4.23413397525 7.03344918122 9.18798942068 9.91360231095 5.73027424574 2.0095761194 8.32128115939 5.55981811076 6.47390026561 7.44425263864
55 660 0.698113689648 0 -4.763526 3.82443845002 5.14391814111 9.94410084225 9.9854557211 0.381615700748 9.89025029631 8.74149307645 2.87688193394 7.07996959474 9.99601190773 9.09456715811 4.50006410037 1.69605640236 6.46493054611 5.26100603176 6.61729982766 7.10469714038
56 672 0.664129032834 0 -4.713737 3.43844673275 4.51881722828 9.29210573644 9.99921526678 1.60019846511 9.95690117377 9.39044601862 3.12577141329 5.67115637104 9.97559573217 9.58298080253 5.08163319812 2.02475123479 6.59601373041 4.10630364567 7.41789665264 6.90102898857
57 684 0.647585076597 0 -4.46458066667 3.0945982154 4.99785752298 9.99341158592 9.95660170171 0.36114328237 9.86042235647 8.61237889822 2.87458823732 6.32151870345 9.80464609029 9.34494755336 5.77526114814 1.8164216746 6.56265190736 4.31111930605 6.27191389661 7.25013069774
58 696 0.638155969665 0 -4.371968 4.14291645954 5.30051406517 9.97598332559 9.32211495089 0.971400526926 9.41724554729 7.71983201708 3.54235727874 6.12892471068 9.64903644571 8.74475239213 6.51470833731 1.97071578903 5.85933581024 3.861139103 6.90247315068 6.88730827868
59 708 0.640079193711 0 -4.832029 3.09467974703 4.67415093662 9.91457297557 9.93063216208 0.825037157728 9.96759985626 7.32749055757 3.01347960229 5.48458345677 9.70100539816 9.08373486266 5.98702193412 2.01554816664 6.06039178157 4.02248766202 5.92690963383 6.21350959877
60 720 0.605041583077 0 -5.30875266667 3.90779975565 4.78366755704 9.99515580381 9.87836539641 1.31814617164 9.98989682843 7.97922360421 3.24389522366 5.81812478373 9.45350749117 9.74892170781 6.58150356366 1.88474194384 5.40894682801 3.83734670725 5.63760743044 7.1032638748
61 732 0.569825141887 0 -4.702296 3.53704692073 3.7336868781 9.87348647098 9.9445285757 1.46417965571 9.81316958791 8.80806318112 3.37998347492 6.38628073193 9.66682444277 8.96217003449 5.96114170956 2.21790388969 6.85305012439 4.27365113411 5.95395093014 6.55709830924
62 744 0.566571481627 0 -3.652331 3.64891619074 4.53579454722 9.89822834845 9.83365203027 0.283817038254 8.94122404158 6.86254403951 2.95364189009 5.69958029836 9.47352713878 9.16275334828 6.25563756197 1.87493747779 5.4054370968 3.0867114238 5.60980974117 6.65349490787
63 756 0.568353231695 0 -4.43781733333 3.26122360153 4.65572475954 9.88048814403 9.78487647009 1.47779826442 9.95072870837 8.18140796214 3.52603530204 4.47310500183 9.99689804854 9.30953149369 5.43969618587 1.56336274838 5.87924729222 2.26445813805 5.56046619692 6.20316274155
64 768 0.581064722413 0 -4.59776566667 3.07070689927 5.63678152378 9.97150180468 9.48831475968 0.531123624921 9.9803180148 6.59390616761 4.36262047079 5.74441343791 9.86447438678 9.26521878753 6.55277161235 2.05370790499 6.12206996804 3.79572582951 5.44395339162 6.72137239846
65 780 0.576974773744 0 -4.845688 2.142553617 5.19388525241 9.8063555565 9.87667382327 0.393426090744 9.83668865002 6.76644927176 3.86545530617 5.269461457 9.2532767409 9.17542448717 5.66406881489 1.92015506125 5.51526930177 3.19223874013 4.91055690698 6.77444588703
66 792 0.568716209526 0 -4.520651 2.4481258596 5.9011785125 9.99458163817 8.86784061279 0.5907062853 9.96853201527 7.00882674866 3.56637214483 5.25720305369 9.9985380917 9.92895540702 5.75855785754 1.44308060413 6.6719259847 3.8656608632 5.51437915878 7.25350205149
