% # columns="iteration, evaluation, void, void, void, xmean", seed=4, Mon Jan 29 21:20:00 2018, <python>{}</python> # scaling_of_variables: 1, typical_x: 0
1 12 0 0 0 -0.709097132289 5.52078473486 -1.40981620336 3.81285606477 3.69331268731 4.83095057795 10.30507296 2.91342742807 9.81298287484 0.206713696216 11.0159943615 2.02535274968 10.532354758 0.260139367655 7.96815302614
2 24 0 0 0 0.371069981832 4.60105698248 -1.36683584203 4.08447038248 5.31960654928 5.29128541484 10.5540693296 2.95997606599 8.79096012144 2.13052272154 10.73299239 2.52252513362 9.68020017682 -1.01806876638 8.03593138395
3 36 0 0 0 1.44551358131 4.51560349811 -2.28873093225 3.92032890522 4.13228779331 4.86170033344 10.0004096835 4.79987186726 9.10482938545 3.05101539906 9.7737457096 1.71161239076 9.76459274071 -2.26854202585 8.50220314684
4 48 0 0 0 1.83830870243 3.92948577341 -4.0842457104 3.99856087374 5.48865182096 5.9352250132 10.8793860725 5.92457481735 8.33366401674 2.94386239406 10.0087636105 1.29654572062 10.3562366698 -3.88233023096 7.33748936815
5 60 0 0 0 2.50359722839 4.38348691949 -3.97517273135 3.41133116657 5.42631493475 5.34749342534 11.0766002276 7.48977003862 9.26431629422 3.29257452904 10.4035590928 1.67309409158 9.30996447276 -2.41253500269 6.02599341896
6 72 0 0 0 2.03293055219 3.38032742925 -3.00194794473 4.24434949678 5.37693480778 4.80757325196 11.6254293533 6.40434944105 8.54713698084 3.40263420202 10.0175737355 0.505158875945 9.18412180685 -2.81657007825 7.90647020857
7 84 0 0 0 1.81632997178 3.85425987873 -5.0636241518 3.52338632791 4.89205226794 5.02724007507 10.9780323664 4.58246206232 9.91708564141 3.3588140297 11.2997694613 -0.223773693677 9.28559623337 -1.99936146068 6.62324080588
8 96 0 0 0 2.86322899447 3.97269441893 -5.60492669432 4.110592315 4.84155545883 4.31097077377 9.76409781363 5.78323494586 10.1880522496 2.82248486665 10.4587992123 0.444262718087 9.46875534249 -2.2264717148 6.42045874837
9 108 0 0 0 2.68194815103 4.39923098055 -4.87806772367 3.20729609429 5.33576171348 4.12368742882 8.82941064506 7.2270320733 10.9023329995 3.20180067272 10.3069927799 1.60190771622 10.8848315767 -1.27129375568 5.39882773646
10 120 0 0 0 4.14510718337 5.03307508469 -4.25013928921 3.66472340117 5.10108218652 5.32374661206 7.90133224501 6.84086452456 11.384702232 3.44263146332 9.48084066932 0.734827287337 10.1638278666 -2.32260127033 5.76183424344
11 132 0 0 0 3.12525580373 4.01615902538 -4.77482243429 4.76929677072 5.5651816535 4.21847051732 7.7857454933 6.4144758084 10.8504189113 4.64106168848 10.2355063923 -0.97476929366 9.84941486722 -2.54580686324 5.76021569006
12 144 0 0 0 4.53742357222 3.42594488286 -5.30595030796 5.45329554812 6.10935509461 4.08108870869 7.33115399391 6.74158674631 10.8352141304 4.29667687499 9.24890568608 -1.58289657467 10.0842440941 -1.85271188563 5.58838266153
13 156 0 0 0 3.75934519446 2.26955867314 -5.84592650819 6.28680290421 4.74014118114 4.20491027904 8.24339470246 6.4074849602 10.8733502551 3.77622226433 8.99636000376 -2.42040423236 10.4803150165 -1.56989734624 4.61836779489
14 168 0 0 0 3.80080721775 1.52949101301 -4.83370670638 7.06750243244 5.11018193142 4.3878111582 8.65859178896 7.68241331018 11.5876888852 3.20337366098 10.0483203294 -3.02035515379 10.8055324871 -0.453773917098 4.22009918442
15 180 0 0 0 2.87775218406 2.98578859565 -4.80761779448 6.50388064495 5.05392852527 3.99415395414 9.43983536812 7.94621043087 11.337897565 2.61133930697 10.0032342019 -2.25837809224 10.6701908799 -0.918166728242 3.79601156739
16 192 0 0 0 2.34784291309 2.92787364407 -5.61601348023 8.38915751229 4.77184521896 3.18372405451 9.4254980609 7.63974545567 9.12499821091 3.21314865767 10.203341401 -3.05228799896 10.4703247581 -1.32046275684 4.31980569435
17 204 0 0 0 3.07015261024 2.61702672312 -4.84977637115 9.61638571718 3.73854748529 2.81990357863 9.424189189 6.01667262041 8.7192592373 3.11938247169 10.9868749982 -4.87058491637 10.6789216658 -0.545906447047 3.7164858715
18 216 0 0 0 2.9496447741 1.08188109798 -4.6060097492 8.84445642241 2.91500957209 4.05534984252 8.5744762509 6.75575696011 9.17127252656 1.94284785373 10.849197476 -4.12495678137 10.8096413686 1.84417304443 3.33553158298
19 228 0 0 0 2.2532152327 1.60084289965 -4.36471521695 8.31180715117 2.51744564478 5.18436754766 9.30103842709 6.02626891837 7.86164519283 2.16363738724 11.0860057584 -4.81026870079 10.8616318582 0.804883133864 3.54578000843
20 240 0 0 0 1.50999148487 1.13505175299 -4.557122054 8.87724688482 2.0328537558 4.97971421562 9.03123583993 5.91044066194 6.56260248842 3.71914831836 10.1494824986 -4.75927012713 10.8206202924 1.95150034223 2.83080166183
21 252 0 0 0 0.758122270365 0.958747469422 -5.15471686143 9.93611463529 1.12048294732 4.76149786305 9.59714402671 5.83515298866 6.924288527 2.98078427502 9.32531365806 -4.7503982101 11.0493097158 1.75177965751 2.42730981735
22 264 0 0 0 0.936233357618 2.13029642039 -4.4715029545 9.72187594183 1.06790393683 5.04788497763 11.1096345865 5.91233324585 7.22340787168 3.57861873499 10.1912342572 -4.17786886756 11.0660027035 0.333482963389 3.07188431633
23 276 0 0 0 1.21562311085 2.11367084531 -6.01879920455 10.4586791512 1.9013967167 4.06732623718 10.5316094083 5.07600476184 6.61512809818 2.65454676527 10.5259710045 -3.67936245485 10.909871475 -1.21731549836 3.34362312633
24 288 0 0 0 1.17131735479 1.77574172284 -5.56811857761 9.94675073343 2.48936026039 4.25670180259 10.1073612945 4.96661838927 6.22192711915 3.75105519464 10.4606764843 -2.48817754086 10.7524119083 -1.24908110203 3.37782712471
25 300 0 0 0 1.30775320494 1.31866418579 -4.54970358235 9.74246635531 3.30410376682 3.90551617334 10.4481179196 5.77489613622 6.46356388915 4.55605601498 10.0487771324 -0.62644395823 11.1267526933 -2.11653675626 2.80178724678
26 312 0 0 0 -0.175756017695 1.01417249696 -4.29506111858 9.56220878329 3.32967692884 4.4329410595 10.4036748716 6.38011840693 5.79292830579 4.77142226946 9.80561413961 -0.358642149452 10.5312539039 -2.66184181853 4.01607210266
27 324 0 0 0 0.396299096206 0.477924010724 -4.45729452315 10.2660003678 2.48652631929 4.81308488613 10.8520831662 7.10021545028 6.21458665366 3.56783673404 8.66328540761 -1.91246392445 10.9928275166 -2.30089794958 3.88978835535
28 336 0 0 0 0.460656982832 -0.583787269365 -4.95585623668 10.4550497834 3.12568089175 4.56000503825 10.5246200004 8.29639193858 7.54477515149 3.69627741994 8.02714852082 -1.14641648756 10.5317557107 -3.0221202092 3.77906310558
29 348 0 0 0 0.611356752509 0.410507859863 -4.15739164165 11.8783271433 3.6849135877 4.13511531539 10.4255630433 7.92643195996 7.02890420895 2.84469551303 8.08744467865 -0.9884548204 11.3654588453 -2.99253431505 4.00471271154
30 360 0 0 0 0.149168634705 0.541340937613 -3.8305857367 12.1339045216 2.59530133898 4.42805534903 10.5339008721 8.51745044735 6.65693862008 2.28125746045 6.41895368152 -1.34230310093 12.0993843222 -3.27483640657 4.391118418
31 372 0 0 0 -0.344583281881 0.109656695993 -3.45509573588 12.134553717 1.98941155538 4.07570442405 10.9747832041 8.76834896092 6.48187739794 2.11125031728 6.5947405648 -1.93450186388 12.3331530547 -1.86928975258 4.76906627942
32 384 0 0 0 0.677919323282 0.290374666224 -4.0068949739 11.931202466 2.51924810142 4.32167389302 10.0994696745 8.00102961207 7.83997915138 1.96506306431 6.7713348392 -0.607470394853 11.7994669381 -2.83436402211 6.01363255169
33 396 0 0 0 1.52533276385 1.51466878645 -3.01436539633 10.8792833681 1.77590032109 4.4908695871 10.4832211175 6.68805416704 7.72623209221 2.57763495422 7.5724769726 -0.542082588188 12.870329252 -2.37005744537 6.52645283916
34 408 0 0 0 1.81527084788 0.274387500637 -3.84362182357 10.355991242 1.0616526979 4.32376934503 11.5337918173 7.41298135947 8.19178374631 1.6663616257 7.046011079 -0.577700152334 12.1847241629 -2.73555189018 6.24736858161
35 420 0 0 0 0.485149086056 0.886737617085 -3.08443494692 9.89604574608 0.203277523628 4.26697684275 10.8635214154 6.43572487558 7.45449677751 1.17192783016 7.36627179962 -1.29913261219 12.8591447823 -3.57259176879 5.9207856175
36 432 0 0 0 0.610741034662 0.158497466961 -3.34656536312 10.2704356064 0.545081626212 4.82883921865 11.3464609477 6.77991112679 6.8491610676 1.44657141567 7.74382915243 -1.46774790864 12.5206133205 -2.65996118697 6.69616949113
37 444 0 0 0 0.803602144062 0.842554453936 -2.75411717342 11.3623177528 0.928086449056 4.85202795543 11.2800215113 6.19064177256 5.98181652284 1.97571521596 7.57726910479 -2.17027234415 13.2835032008 -2.51656715977 6.08937093826
38 456 0 0 0 1.15766213605 0.97094061295 -3.84368232198 10.917355011 1.82812957279 5.47247302737 11.3670235435 6.22273900497 5.15995649286 1.43527170583 7.15219593486 -2.05502847412 13.468041552 -1.68772565113 5.85446370725
39 468 0 0 0 0.977754176027 -0.0664858860338 -3.99894678094 11.3093441869 2.00389150931 5.67731551329 10.8279854604 5.66429327519 4.45269137433 1.91916292601 7.61708485846 -2.5021986443 13.400102246 -1.7977659529 5.92168567017
40 480 0 0 0 0.563195722026 0.0317863074263 -3.57594347965 10.6882986527 1.57536474749 5.61262800337 11.4580874177 5.95037528203 4.37058767924 1.23011673516 7.83109379863 -2.23609381618 12.8963889121 -1.77145373718 6.30487580186
41 492 0 0 0 0.708732173448 -0.0643559997766 -3.17240489382 10.4644500696 0.587935770249 5.92214250051 11.9238450978 6.86383156709 4.74822413048 1.03725820314 7.53758483576 -1.21382933417 12.3782156505 -2.80739097775 6.99074442733
42 504 0 0 0 1.51976570254 -1.64412407987 -3.55233375242 10.7680121435 0.80867690519 6.11247010736 11.5777560054 7.37557274584 4.54095058964 0.931321289293 6.70037208126 -0.834378348753 12.2184716205 -2.50323802188 6.94507374449
43 516 0 0 0 1.86767506465 -1.90199481579 -3.88476551453 11.193483919 1.07744884613 6.19791232336 11.1158547201 7.40628930917 4.33823367596 0.938395043545 6.97347540986 -0.979135222669 11.7674627857 -2.19741108135 5.68388297945
44 528 0 0 0 2.85788706742 -1.94925302608 -4.59718383541 10.6602620391 0.764733772765 5.89214385695 11.2464713746 7.79077438946 4.30310080441 0.589577947332 6.76226492434 -0.443395798487 11.0617908276 -2.55686895669 5.79004123062
45 540 0 0 0 3.93992372511 -1.33165767042 -5.19643640633 10.9862355067 1.97822792789 5.82867328955 11.1855052792 7.24651094413 6.18804065752 -0.385514669832 6.26687920043 -0.218657900911 11.6685174106 -2.45295897119 6.40334733439
46 552 0 0 0 4.27735632405 -0.664332493031 -4.68455248801 11.0583677714 1.62920936092 6.21964653377 10.7403171037 6.76615825624 5.84502107048 -0.784023210365 5.37958513438 -0.0331935834186 11.6981963973 -1.88985134503 7.28260636618
47 564 0 0 0 4.35261719061 -1.24545249892 -5.61320628086 10.3244532955 2.1194505 6.17961829762 10.4174347044 6.82140076526 5.65129641477 -1.11777716927 4.54626202189 -0.848202482655 12.1434891861 -1.65105778808 6.77131235703
48 576 0 0 0 2.95933285363 -0.841998318245 -4.55839760464 10.6661536214 2.46097469666 5.33969113327 10.4473828551 6.10199333333 4.79715098152 -1.23451654328 5.57170076202 -1.91383372891 11.8631850201 -2.33924551873 7.16999809577
49 588 0 0 0 2.90431209003 -0.303886743077 -4.21407030088 10.1664497731 3.00720933333 5.37581641348 9.29910820353 6.63359165123 6.24320355644 -1.20507762494 5.14172945278 -0.871981677515 11.6785605318 -3.00784737494 7.47797952704
50 600 0 0 0 2.64739070671 -0.0840237704829 -4.31294217839 9.95544230584 3.18257381339 5.35437059812 8.94952123797 6.28962910736 6.3080398973 -1.77129112623 5.53364851115 -0.562537530061 11.6388276495 -2.92901535771 7.07074199755
51 612 0 0 0 1.31271784054 0.207539756055 -4.37036163627 10.9873551335 2.7734913871 4.72997333737 9.2479264853 6.4120963349 5.38846227581 -2.25014611023 5.75799631596 -0.79555911488 10.7423151047 -3.38881304788 6.85489354748
52 624 0 0 0 0.491438676827 0.974407932008 -5.07174928371 10.8182571162 2.97238626193 5.01944610465 9.31123265563 6.65085690018 5.60852600754 -1.75011915244 6.70521437016 -1.08276612158 10.2593313754 -3.89145964647 6.33380474584
53 636 0 0 0 0.0041138689392 0.721737352705 -5.17312026736 10.8312989951 2.84577040874 4.10068769993 8.7117791714 7.14040386882 6.09636605557 -2.74037890983 6.83241614238 -0.948296614397 9.73513444369 -2.95333789773 5.73226453595
54 648 0 0 0 -0.648827625539 0.724447534106 -4.95288832184 10.8710556077 2.99396440918 4.91473576331 9.27327073874 6.48999648029 5.80192612793 -3.76438772754 7.26583999184 -1.22486772003 10.8509146725 -3.36385632925 6.395073487
55 660 0 0 0 -1.43711499411 1.42429499717 -4.44171059371 10.4967741557 3.90871823607 5.33719319314 10.4039032425 6.80478188639 5.44714225867 -3.71610953271 7.91157601858 -1.41991858156 10.6556369213 -3.04547723567 6.99303556766
56 672 0 0 0 -1.7844632071 0.849292960744 -4.52643598115 10.4873986996 4.40262953557 5.42937444872 9.99524028478 6.81918901726 4.4857674863 -3.80814680933 8.27780941859 -1.42458063526 10.9382796474 -2.89172728472 6.71372248588
57 684 0 0 0 -2.24095183997 0.92623557547 -4.77068874841 10.4638094545 4.62385365105 5.23480136878 9.23865378937 6.1696867512 4.57863993874 -3.32012931685 8.3459977871 -0.754784058212 10.4766295895 -2.37537867859 5.66205152291
58 696 0 0 0 -2.87151787677 1.35976414604 -4.19072065281 9.78734289903 4.73905328972 5.72944569533 8.07772794074 5.0650996297 4.49424854341 -3.79005748248 8.93179263558 -1.14590673471 10.8417317566 -2.52386926515 5.32253186771
59 708 0 0 0 -1.54422539864 1.557269654 -5.38496657801 10.1042319152 4.65101247077 5.92672625161 7.5468261601 4.2922473844 6.09391897621 -3.76058825932 8.12907418079 -1.12122609773 10.4530952925 -3.24262013185 5.88940338973
60 720 0 0 0 -1.84543807448 1.74671796278 -4.88239481754 11.3613151992 5.14677601796 4.87739786339 7.38771820269 3.76458335379 5.6161057427 -3.68200945708 9.78266921244 -2.4403222274 9.46995123964 -3.11967215682 5.32723249793
61 732 0 0 0 -1.40604069868 1.50750714839 -5.05670557558 11.5050392882 6.86060483683 5.43282529422 7.00008094647 4.41635080984 5.75933032816 -4.29100693597 8.89273644937 -1.63709068525 9.51683871018 -4.10483736952 5.08086269511
62 744 0 0 0 -1.12886782649 2.13607582949 -5.52840528994 11.2397562115 6.62822835861 5.39684625098 7.70863622521 3.77237785312 5.57104139384 -3.45626861197 8.22845522666 -1.5617281239 9.77315878847 -3.87322746723 5.27563938373
63 756 0 0 0 -0.599906509758 2.10123824881 -6.3005738517 10.6524365212 7.16129080063 5.1338814019 7.05676991687 3.63075658314 5.40941740366 -3.80173807217 8.68233399085 -1.46161716495 9.08462372518 -4.03055175009 4.63271695203
64 768 0 0 0 0.198936625778 1.43408935777 -5.5422840428 10.2772928188 6.00824004932 5.14555663717 7.99606513358 4.09504873277 6.29052503816 -2.86384734853 7.96489022334 -1.22621490631 9.58931151029 -3.85338549625 5.68879346438
65 780 0 0 0 -0.788497632461 1.93818273078 -5.71703038216 10.2287676875 6.4381108832 4.24989698046 7.88067246659 3.86026345788 6.75753712676 -3.00112445418 8.37393157842 -1.33375937253 9.71028814329 -4.24674889361 5.8914081047
66 792 0 0 0 -0.337267396953 1.96258005791 -6.14524942364 10.0343299634 6.5627431041 4.58503718979 8.60092781479 3.65772481379 6.48700008639 -2.64849226779 7.89169161326 -1.3824044477 9.70025046261 -4.5293878377 5.63434486998
67 804 0 0 0 0.658737570602 2.34502297855 -5.99188823471 9.95813226457 6.59224286716 4.95663070607 8.30300147434 3.10519341757 6.90184778619 -1.7014642943 7.87937299385 -1.99785506409 9.6996332569 -4.09751031588 5.2348141823
68 816 0 0 0 0.299658356474 2.85144164428 -5.97217841656 10.0738666136 6.99048392814 5.00523780396 8.44829279649 3.38834469366 6.134513955 -1.58590642875 7.68852336471 -2.11037839571 9.8973077313 -4.28331678761 4.55309202707
69 828 0 0 0 1.11125842868 2.66752149684 -6.34826256602 10.4318355156 6.78324556154 5.03140592538 8.13767219154 2.8835987577 6.88730490008 -1.36481731193 7.55154253956 -2.1755236441 10.1593204808 -3.96224134613 4.47671375659
70 840 0 0 0 1.25568150298 2.98492541798 -5.8945772742 10.0869254107 7.53595776734 5.03696760396 8.13039421054 1.93709667325 7.13067563231 -0.662145645111 8.00907197794 -2.37333051497 10.3663149867 -4.51046628409 3.98764206543
71 852 0 0 0 1.13903011476 3.44031749474 -6.22338985701 9.60558968078 7.7769148102 5.33820277145 7.04649402276 1.55169354246 8.4701248375 0.0656798293221 8.10941743114 -2.17164229062 10.3748578341 -4.86263650308 3.21928532956
72 864 0 0 0 0.696369734252 3.62466621586 -6.1582627956 10.1398510623 7.07541487105 5.60776027128 6.45184011077 1.35685338181 7.47316433713 0.361114126527 8.95549747539 -2.54564284736 9.60526678335 -3.95442716026 2.02754840667
73 876 0 0 0 0.58214825118 3.84373505592 -7.19851865917 9.80917770594 6.91169672313 4.71207772171 6.48061016261 2.56283220994 8.02417170946 0.914968509408 9.29691952504 -1.9278392277 8.93973789113 -4.01733458373 2.50118506358
74 888 0 0 0 0.846982789028 3.90147019135 -7.53566945783 10.2191299064 6.46828801817 4.04943257627 6.7933478009 3.04615596508 7.26200184353 1.12454021406 9.14390841981 -2.36620401388 8.55575253556 -3.64922106647 2.45952561775
75 900 0 0 0 0.486211577297 3.41145228085 -7.41030528481 10.0726739399 5.9993082985 3.37248989812 7.69135264285 4.28063070804 7.49806092633 1.46067634582 8.68956310332 -1.61796726942 9.22130391958 -3.35641277257 2.38473890495
76 912 0 0 0 1.01608946557 3.46081006362 -7.18718131341 10.3945634927 6.04025765323 3.71905806082 8.40453898425 4.92598888253 7.527154783 2.60873699716 8.47944592011 -1.60066596144 9.14425880026 -3.59293607644 2.83011157437
77 924 0 0 0 1.06256204498 2.36493364988 -7.20548985364 10.2986170177 6.45669123828 3.20754445095 8.69036045851 5.18162540719 7.71915167654 3.30263594593 9.13085382578 -1.13813447054 9.55761672732 -3.26853816239 2.51961458955
78 936 0 0 0 0.91830859702 2.62407543387 -6.50024790227 11.3271016907 6.29257216546 3.86913260914 9.13358517398 5.59846714844 6.62624977358 3.75313298914 10.2938510168 -2.15442578756 9.53809015106 -2.89019316841 2.58970719363
79 948 0 0 0 1.04230997753 2.99240650729 -6.09085221027 10.1269488599 7.58756242455 4.68082197904 9.60432167025 4.04353061488 6.71077617337 4.1153443855 10.3023330213 -2.55969242827 9.92203090936 -3.37231555405 3.11512666728
80 960 0 0 0 -0.109382230488 3.37926954987 -5.57456217226 9.61577381526 8.16017339716 4.83346534645 9.37183508177 4.19506136173 7.12729177553 4.04768506064 10.1608779437 -1.73137261361 10.4536257618 -3.88906241898 2.65059628212
81 972 0 0 0 -0.505340040728 3.28843918042 -5.90176562588 10.2693241186 7.76760890756 5.2534393741 8.96074118369 4.98088604002 7.08216137397 3.72951524758 9.65434249871 -2.21436006699 9.98571324641 -4.6613895059 2.87320521977
82 984 0 0 0 -0.993827317209 3.541293488 -5.55255937386 10.5248448531 7.59486420486 5.47126664714 8.60379754353 4.33382826059 7.19876063901 3.73795926196 10.7337145582 -2.01328191725 9.93815589571 -4.39768540043 3.00538657398
83 996 0 0 0 -0.685922523434 4.35698077497 -5.98043008964 10.9702941987 7.04692366811 5.884218004 7.83299748599 3.84173178657 7.14910470574 3.38511031816 10.3290348531 -3.44340319105 10.5085455695 -4.16923951422 3.07234759179
84 1008 0 0 0 -0.687835600242 3.90076494664 -5.61012762463 10.920811303 6.68068350604 6.26095088593 8.0671603759 4.44640327223 7.24783204592 3.02046267319 9.97949893366 -3.66587539363 10.9828418134 -3.9007038735 2.83257706589
85 1020 0 0 0 -1.22874543613 3.79828866593 -5.66280202189 11.8996244121 5.75093170233 5.6364715503 8.33475943555 3.7196885586 6.33456185575 2.89616424093 10.1747057988 -3.98991673762 10.5888737741 -3.53606290555 3.09224032867
86 1032 0 0 0 -2.21162639951 4.14667530196 -6.09699585242 11.3200076979 5.4688782327 6.04604546238 7.71221776269 4.56961623674 6.35611358066 3.12637145918 9.98462833329 -4.16877802696 10.6975777098 -3.96679013786 2.2544074998
87 1044 0 0 0 -2.03156392546 4.66658057413 -6.34454625804 11.201228049 5.25198391655 6.34885045098 7.56572494341 4.40650955077 6.47654814255 2.83214354275 9.98925203823 -4.1855800237 10.1098388541 -3.82442839772 2.07375589163
88 1056 0 0 0 -2.9694071947 4.32194628341 -6.36395597863 10.741126516 4.3221763881 6.14254636353 7.78730265337 5.52560261356 6.24279163906 2.62459879976 10.4222562234 -4.25228711477 9.69145974356 -2.82715187553 1.84881010583
89 1068 0 0 0 -2.79065994657 4.87834147246 -7.1791537917 10.8394156457 3.93365803396 5.71000696548 7.2491428838 5.42523247159 6.60406837282 1.87274736831 10.0520984657 -4.36562174609 10.3204113165 -3.3728748134 1.80971286573
90 1080 0 0 0 -2.3570318124 4.94813084317 -7.36268867584 10.7652494471 3.56931170662 5.11101428066 6.71701203995 5.75509560129 6.55956877016 1.70680804681 10.1672955055 -3.67223815933 9.72035384759 -3.25769865736 1.34200058111
91 1092 0 0 0 -1.91257699953 4.44622872663 -6.86342806708 11.1440951105 3.57246943302 5.061278631 7.9261374841 6.16343670514 5.85563740859 1.55407717291 9.96545197726 -4.41074547685 10.4540375398 -2.78833715538 1.65093456073
92 1104 0 0 0 -1.52262902552 4.25696490856 -7.2841927867 10.378050765 2.93419863256 4.75196903636 7.7662589757 5.6480507011 6.8732164819 1.84550353472 9.96004495996 -3.45316189825 10.2635715213 -2.77954676496 1.34594790371
93 1116 0 0 0 -1.35793424722 5.18684265301 -7.33059987568 10.0855425188 2.84470654471 4.28060356536 8.75729667079 6.10679751719 6.80365829198 1.94718713617 10.6457510677 -3.6286740272 10.0810304396 -3.12822271959 1.26532377898
94 1128 0 0 0 -1.48921103335 5.35986519812 -7.22664000538 9.73125014465 3.90193393489 3.39279766018 8.50695597433 5.36493791904 7.22531343074 1.39773058587 11.2340928933 -3.81383310332 9.54940289606 -2.74931457409 2.27458241079
95 1140 0 0 0 -1.73921062332 4.94543889611 -6.67324424424 10.0798702287 3.66773276521 3.64276388382 9.53903396045 4.67227021084 6.55157710746 2.3626131991 11.8145638426 -4.91011237351 10.1271986927 -2.47765680946 2.63006695698
96 1152 0 0 0 -0.996048084508 4.70199721869 -6.650919063 10.3921822518 3.35041831358 4.04304877436 10.2655503349 5.14761647142 7.24650354314 2.20783190106 10.5892599721 -4.72197833936 9.98972444822 -2.63654612927 3.10877545612
97 1164 0 0 0 0.443789237533 4.04603508799 -6.9876962028 10.4277742192 3.48956590007 4.36763821876 10.6259034618 5.55959088327 8.48363177244 2.73468581045 9.607358531 -4.09510904272 10.5973895766 -2.6303935054 3.43471233827
98 1176 0 0 0 0.52686529592 4.48346907931 -6.60297277749 10.6279257051 4.20318890228 4.09356568632 11.3953196703 6.34246981111 7.73206864666 3.34049737389 9.82636007259 -4.08338335093 11.1311390194 -2.29707623779 3.9087505278
99 1188 0 0 0 -0.137909104208 4.47303904426 -6.47629019295 10.2873050173 4.22214021432 4.12967619185 10.8171508154 6.34102040395 7.61932924526 1.89506177589 9.82031939626 -4.4325855214 11.6530743031 -2.11812345449 4.29115258215
100 1200 0 0 0 0.795432850189 4.17879343818 -6.06874387077 10.4517992836 4.24937439984 4.82503995561 10.4561567988 6.15157960491 7.45215775638 2.37021855904 10.0906953595 -4.20784841147 12.353177262 -1.43712066199 3.83323061348
101 1212 0 0 0 2.09754406734 3.71843143523 -5.64401360259 10.8466161768 5.78394431529 5.11241868733 10.3753489736 4.50211861381 7.20004307278 2.37275132219 9.8424143506 -4.3896158368 12.4478352158 -2.35071637182 4.38397822442
102 1224 0 0 0 2.49072536427 4.17632013982 -6.54569570524 10.8650140083 6.62458222757 4.87628782282 10.1228512929 3.48216654667 7.15512334571 1.93036497179 9.9067067031 -3.95026219603 12.0929192924 -2.73937655263 4.9593351642
103 1236 0 0 0 2.58793746762 3.67476822915 -6.86763498278 10.4322023126 6.14042017602 4.20813751102 10.4809404594 4.23157052529 7.11753944945 1.99688773695 10.6809704402 -3.71217192902 12.065588978 -2.37888156486 4.25257745741
104 1248 0 0 0 3.04061308506 3.2803961653 -6.08542729348 10.8375733045 6.58255351165 4.40109888644 11.0783328105 3.36693828098 7.34295477984 2.3665999207 11.295297148 -4.26050988007 11.861751483 -2.4610866189 4.70013654469
105 1260 0 0 0 2.65949185412 3.84616828845 -6.46110658056 10.9834975121 6.63901258897 4.82456336102 11.4379204336 4.16726677205 7.12219249871 3.58623754804 10.6419227437 -3.45694697633 11.0511400865 -2.68636227981 4.58855747699
106 1272 0 0 0 1.77448235384 4.11663861488 -5.76055754366 11.3221949587 6.45446046784 5.13252605103 11.5278274248 4.68582131542 7.23138523815 3.53931989853 10.001076365 -3.27141952894 11.3820761605 -2.90077347096 4.83683186377
107 1284 0 0 0 1.10236666323 3.70590313976 -5.55987539857 11.1284047473 5.37169679245 4.71604964116 12.318709824 5.16846590351 7.19394977336 3.78165029148 10.0070531063 -3.64929071025 10.5821205528 -2.86030532284 5.4794036478
108 1296 0 0 0 1.41439241848 2.83540773254 -5.8698217664 11.2764991887 5.38422217193 5.09140229392 11.8676661882 5.32626936553 7.65410475488 3.24982316264 9.65958711847 -3.45243187093 10.014532636 -2.93139487616 4.86483949755
109 1308 0 0 0 0.691154339577 2.8014967343 -5.98550249175 11.2077393856 5.62705388449 4.56244038567 12.2735982776 5.08176907294 8.09611903482 3.00703446461 9.9746295187 -3.08819118654 10.1977988565 -2.77691320865 4.99208786127
110 1320 0 0 0 0.522640859801 2.90583653784 -5.90151159085 10.7026661379 5.76456408603 4.59895562147 11.5659658525 4.78508732275 7.73279604664 2.17730651958 9.88763486534 -3.99489789501 10.3299906483 -2.76832106608 4.99168550227
111 1332 0 0 0 0.847183829009 2.74207799995 -6.21885283033 11.0766820289 5.21574219936 5.05186778141 12.1963413241 4.94196333945 6.91165410677 1.41631377436 9.66369826141 -4.78496277819 9.94667901941 -2.78416736949 5.04881876967
112 1344 0 0 0 1.23115569249 2.82549251957 -6.29156531563 11.9578969193 6.04077758286 5.31952117816 11.762285307 5.12098322288 6.49836157958 2.36353174344 9.94228554649 -4.73529087591 10.5368645573 -2.6752641017 4.9959932564
113 1356 0 0 0 1.44597458944 2.60372308799 -6.87701082492 11.9577963897 5.68514514363 5.1610112412 12.0006596458 5.71950080798 6.54933348001 2.36450589408 10.0651339013 -4.8639930827 10.5624561198 -2.31463905529 4.04225870741
114 1368 0 0 0 1.37144152402 3.49920429228 -6.90945002078 11.3444561345 4.99683831045 4.65469820236 11.8825306654 6.30030168942 7.02646895796 2.62521240029 9.97129765059 -4.94909503526 10.6917494241 -2.31129178163 4.19052237601
115 1380 0 0 0 1.05855764404 3.75560867937 -7.10857463157 11.1093742974 5.03056061683 4.44285294414 11.9139290589 6.93705776628 7.1303930089 2.66754606962 9.65689287802 -4.30937478544 10.7055138239 -3.03760841905 4.36397720203
116 1392 0 0 0 1.03528946602 3.51289544176 -7.0159385699 10.7339711383 5.62925278914 4.6144381222 12.1615773173 6.85455579591 7.15457860607 2.40604316854 9.46198005151 -4.21284614162 11.1420905118 -3.10455890294 4.89055416416
117 1404 0 0 0 1.13540542646 3.44029708203 -7.37194445772 10.9138303099 5.781270753 4.42474819735 12.1427494033 6.85581195262 6.79806692326 2.60310289131 9.51892368885 -4.3948178488 11.180198981 -3.2110159465 4.90657808946
118 1416 0 0 0 1.20805788231 3.89827153944 -7.73651514364 10.8169655782 5.87616513349 4.35781610662 11.8965919704 7.26780091359 7.60610829496 2.34250830023 9.4914127667 -4.55197690784 11.2143017397 -3.15454195041 4.37626611301
119 1428 0 0 0 0.866527576237 4.14131641684 -7.35693810438 10.6721174819 6.65489861912 4.33648717056 12.1647196518 6.41638262714 7.29890588374 1.99773795673 9.87806328395 -4.10352645527 11.5209310766 -3.31392195488 4.56302787926
120 1440 0 0 0 1.15875950607 3.56405690063 -6.95567073873 10.9434798362 6.21382134453 4.62542123608 12.3466720019 6.89502223378 7.1184928049 1.95114522055 9.74311239712 -4.17581866037 11.4932348422 -3.21367103278 4.87111433945
121 1452 0 0 0 1.25271226713 3.41262647558 -7.14146837026 11.0271778623 5.79429581088 4.25730401935 12.3934165285 7.62504570497 7.27867310242 2.40989017895 10.0401587401 -4.05979899757 11.0839985263 -3.17146107142 4.24481034128
122 1464 0 0 0 0.957138694967 3.49549250456 -6.94775595746 11.0744603383 5.12131407727 3.92753472412 12.1701520913 7.43766866386 7.50086022662 2.74280797559 10.3131494085 -4.19821289475 11.1810811065 -2.67123021039 3.63320915177
123 1476 0 0 0 0.835621494293 3.39194021723 -6.97693996106 11.0858820214 5.63328093183 3.8774753111 12.7054674681 7.46078074098 7.16286772352 2.9445667155 10.4131071594 -4.31004419747 11.2432889038 -2.73680953521 4.14121875376
124 1488 0 0 0 0.869373333781 3.83445164351 -7.29233821853 11.0384896838 5.47207827763 3.95799362663 12.7539476267 7.59902123855 7.16156369882 2.85682706683 10.055619951 -4.16539169105 11.1657194047 -2.88309827949 4.12788367176
125 1500 0 0 0 0.83922991214 3.99057190613 -7.52974605439 11.0177385408 5.04142534562 3.95558649691 12.8250355181 8.33677249359 7.42264077399 3.10105886576 9.89340145693 -3.96521052823 11.2323561803 -2.65260608962 4.16399449794
126 1512 0 0 0 1.13943723522 3.94352865258 -7.96524065502 10.8747259138 5.09362476165 3.85720119131 13.1064585487 8.59669252976 7.36958940811 3.00423679252 9.4175861526 -3.79068810101 11.3158063407 -2.62061757413 4.46445673736
127 1524 0 0 0 1.55647027383 3.78017603969 -8.00515887308 11.0638375216 5.20020774739 3.56850325932 12.9749176799 8.34700186661 7.60422110189 2.43917228068 9.39365484731 -3.75995549435 11.2679174345 -2.82164445054 4.46773409542
128 1536 0 0 0 1.72339808961 3.87455080456 -8.18631266168 11.137467058 5.25474154284 3.71308084859 12.690445596 7.86209259369 7.34504293948 2.14341958317 9.2288955841 -3.71989923738 11.1190315314 -2.79908821363 4.50329945631
129 1548 0 0 0 1.58528213524 3.9811721019 -8.2826431338 11.0614571633 5.20851255734 3.52553148755 12.8405147753 7.89843310597 7.53963818955 1.95756987958 9.22505600652 -3.3589573889 11.0905447072 -3.1079613689 4.97461051916
130 1560 0 0 0 2.29374222255 3.76676882926 -8.55193415409 11.0846502117 5.19477486257 3.54764493595 12.7847584075 7.98092465387 7.80944126756 2.23667887009 9.11764194189 -3.26120691401 11.0939322736 -3.18072064735 5.01065524858
131 1572 0 0 0 2.04725131711 3.53569056343 -8.26977746822 11.4724386566 5.21873156837 3.25993559092 13.0625790182 7.80745097035 7.43475420638 2.42699170933 9.39392386228 -3.81702776048 10.9114513217 -3.31337137403 5.28942398577
132 1584 0 0 0 2.34704734117 4.02659751518 -8.85662556852 11.5188357309 5.59703674203 3.20925515729 12.9377437589 7.68030341583 7.7074026662 2.52096077223 9.5821229302 -3.95405417081 11.0475082463 -3.44536182409 4.98199627613
133 1596 0 0 0 3.04842880737 4.03572442981 -8.63517467921 11.5368190155 5.92525407798 3.41749666328 13.013094044 6.73203560262 7.99695975192 3.04259795972 10.1661219722 -4.3789267563 10.9919532311 -3.42643687786 4.84804392203
134 1608 0 0 0 3.77990768667 3.91433976279 -8.36688980776 11.5850757419 6.63814760958 3.91171238075 13.2681699693 6.6853136694 8.29262601996 3.4643058233 10.0236991774 -4.45350669026 11.272890264 -3.88292791509 4.89001463213
135 1620 0 0 0 3.6068873481 3.29210615235 -8.07687307937 11.6925573555 6.73801957256 4.72779337204 12.6814096193 6.36767454273 8.01263580079 3.87211920116 10.2887174368 -4.81595408904 11.7235398455 -3.44667494115 4.12652194788
136 1632 0 0 0 3.52776143533 2.57302189182 -7.48334203733 11.447369434 6.46967425129 4.83333192188 12.9795442878 5.96606231322 8.25769693324 3.76950424601 10.2812185009 -4.4939883065 11.4612289965 -3.47877809671 4.73089411959
137 1644 0 0 0 3.17289286694 2.82548521248 -7.0189903685 11.4262629983 6.58297892544 5.0656212801 12.5287184034 5.372511623 8.08476491654 3.43041320249 10.2827166071 -4.40416086928 11.3859261798 -3.69007792075 4.51276797024
138 1656 0 0 0 2.11887452406 2.97100051958 -6.90093652515 11.2844031642 6.21647978967 5.74443795991 12.116710142 5.16634880649 7.69043918173 3.24105654577 11.0097765158 -4.73982694682 11.4455038849 -3.09506620029 3.89473472829
139 1668 0 0 0 2.84076797593 3.09613289282 -7.55400706069 10.8458180841 5.9013780222 5.60229135899 12.6747564393 5.58173665476 8.12559727061 3.03741542018 10.4271453799 -4.18511879717 11.5949301426 -3.38141646884 3.73675355383
140 1680 0 0 0 1.85484084218 3.00094059423 -6.76912950141 10.8917941501 5.15939399423 5.53642902273 12.8089039304 6.61768950546 7.26530862306 3.11775181984 10.8249813115 -4.74106032821 11.5809480776 -2.78133095367 3.65316230254
141 1692 0 0 0 2.42238569199 2.495436679 -7.03624076456 11.0788732934 5.19189609275 5.762272161 12.8855043484 7.14226372698 7.5663248251 3.73229832108 10.530333361 -4.53281585151 11.4396066054 -3.03146070143 3.67050154779
142 1704 0 0 0 2.31190848286 1.9838492022 -7.31575832629 11.3520721898 4.52365140242 5.56249610273 13.7853589325 7.51068011274 7.29478931773 3.19517990019 9.89118800273 -3.87468813985 11.1252389793 -2.73845185545 4.16547227342
143 1716 0 0 0 2.37858666527 1.79941755706 -7.01186450641 11.4311701338 4.32510154506 5.5021150249 13.3283357885 6.97258782629 7.10760263528 3.80802308046 10.4568522133 -4.22018280353 10.7780360137 -2.46463623166 4.06477708579
144 1728 0 0 0 1.98523517586 1.56852692911 -5.97810410454 11.8053548528 3.92108041821 5.71481154745 13.6109770824 6.3037587753 6.83794509916 3.61252605237 11.0968797727 -4.41096807806 11.0255810987 -2.01114381316 4.08826969541
145 1740 0 0 0 1.65849466529 1.91016027915 -5.77959643393 11.3959590825 3.48575905867 5.62735292536 13.5618748863 6.57334348829 7.08730535347 3.43950874051 11.1317091973 -4.33467756911 10.8851878213 -2.04313125374 3.87500790202
146 1752 0 0 0 2.23603549271 1.80279002954 -5.68265230818 11.7505880218 3.63977672526 5.47586876555 13.7840024926 6.59257669716 6.96171690414 3.74085787805 11.3302760862 -4.32915019413 10.7974808908 -1.75392661526 3.70690093573
147 1764 0 0 0 1.79035512097 1.93942357199 -5.43841860673 12.2023943174 4.66006595107 5.8921318184 12.9839538006 5.89312977681 6.54742745539 3.69250207773 11.9983042461 -4.73466332869 10.9699109237 -1.86955317824 3.75506956457
148 1776 0 0 0 2.49092713885 1.71466628156 -5.33175809222 12.3427897037 5.07230516175 6.11120557561 13.0167289515 5.92373578686 6.74529157962 3.60537132819 11.4280075069 -4.50366933445 11.1705815706 -1.91237988597 4.39888477347
149 1788 0 0 0 2.74744521733 1.91047683592 -5.22738436078 12.1198326578 5.58090269876 6.56132988602 13.3599861963 5.67456077559 6.50211525051 3.86947910398 11.2657321846 -4.68873526449 11.5753176128 -2.32948022845 4.64338873567
150 1800 0 0 0 3.46839670333 2.16471280463 -5.57635288494 12.1120694131 5.61113884954 6.82190429775 12.8152663522 5.32778114999 6.71347735082 3.81943187447 11.1117852657 -4.57299559477 11.4070446404 -2.30784983933 4.75194715523
151 1812 0 0 0 3.07317750932 2.58392301407 -5.65516901832 12.213187265 5.4791113775 6.48315102378 12.4056383436 5.06175087243 6.55063459356 3.21650173989 11.7772032901 -4.64876231775 10.9272909895 -2.22188724918 4.66218254546
152 1824 0 0 0 2.96994071069 2.29197257847 -5.6862551135 11.9306190044 5.37431100028 6.31468432828 12.412245078 5.58473166033 6.38965911699 3.22743835089 11.8422637244 -4.3614701686 10.4509720768 -1.97745550313 4.69301315898
153 1836 0 0 0 2.79969972135 2.20331380445 -5.49294484727 11.8231879021 5.07113020919 6.49476357334 12.4610904909 5.35481821262 6.46956900197 3.57965870086 12.0909892181 -4.75748943266 10.2766634747 -1.76573720177 4.77762650464
154 1848 0 0 0 2.1034069426 2.94048120324 -5.4937781345 11.374492284 5.02572993034 6.6075087173 11.7133145236 5.7511009475 6.37568749124 3.11780237342 11.9684118673 -4.9692751261 10.6632095238 -1.93987902639 4.20999871614
155 1860 0 0 0 2.32031497996 2.74503264142 -5.08628192842 11.5176771638 4.62005299938 6.53271132056 12.1259499021 5.77928301449 6.54414124076 2.90805121805 11.7709133442 -4.85209411198 10.8734731359 -1.94655316577 3.95280415622
156 1872 0 0 0 1.6324456807 2.990451102 -5.22617222899 11.7382859124 4.59021827585 5.80226094443 12.0522240422 5.99067827668 6.17404295255 2.08658242416 11.9928312111 -5.08204084714 10.860158048 -1.61685153325 4.16717649713
157 1884 0 0 0 1.29401553246 2.97540577651 -5.14112431328 11.8878336298 4.24144619351 6.03251021376 11.9113828503 6.0329740641 6.06341170922 2.02539178872 12.1262318434 -5.38937994683 10.4567730798 -1.25464768185 3.97864032201
158 1896 0 0 0 1.42053435413 2.95597804078 -4.62244765718 11.731893927 4.32419379037 6.36983004842 11.6330412882 5.8513571629 6.28487808468 1.70699176431 12.1354008774 -5.44573774358 10.3383480554 -1.19895163215 4.13268189892
159 1908 0 0 0 1.71800136889 3.41318702602 -4.61423570969 11.7434135679 4.66490667467 6.87828256422 11.4366826717 5.49283498201 6.28324181224 2.01601403632 12.1255517473 -5.35571572263 10.5563447861 -1.27508288074 4.27705637254
160 1920 0 0 0 1.83379993762 3.49174216895 -4.52252022199 11.5462752865 4.61637997473 6.40886056619 11.1704979692 5.53865373523 6.54431628453 2.06325610295 12.2320604931 -5.36801206854 10.1058309342 -1.22902980585 4.27840740022
161 1932 0 0 0 1.59101022691 3.69986800171 -4.52011619384 11.1914802969 4.53831483739 6.1641364381 11.1589797828 5.69523659934 6.84500735921 1.64353806248 12.1255605436 -5.16374418419 10.4868938847 -1.40502344259 3.74764907153
162 1944 0 0 0 1.76273455399 3.78143755843 -4.87162059183 11.0155741519 4.36485129246 6.24826801086 10.7442520924 5.8208963537 7.05342568429 1.4224120852 12.0448901464 -5.25671598818 10.6850094383 -1.42829071906 3.27186192556
163 1956 0 0 0 2.01902570983 4.20521525095 -5.04277561405 11.0370784994 4.54984849367 6.01659034858 10.5203614575 5.6774188373 7.06114742799 1.37710157751 12.5308490351 -5.47789486464 10.0685127944 -1.41375053869 3.00053861901
164 1968 0 0 0 2.33817838478 4.7746080635 -5.32048316429 11.0586615277 4.45704039018 5.8408600833 10.4080248567 5.57333083362 7.05049157235 1.46951609371 12.6312265749 -5.76887374366 9.91722371942 -1.50340642287 2.65311495295
165 1980 0 0 0 1.94131093658 4.90414048158 -5.16522452811 10.9698783592 4.39589826184 5.56409165279 10.2886751701 6.16883336686 6.76520119004 1.07775963473 12.5261889195 -5.65973773391 9.94799180977 -1.41012609612 2.72545476802
166 1992 0 0 0 2.41461639615 4.44268169753 -5.24989799884 10.9791543407 4.82371486106 5.36516368047 10.7615772617 6.44470666673 6.98851187408 0.941162154532 12.2322363618 -5.47390488567 10.399837547 -1.68668962322 2.78588360574
167 2004 0 0 0 2.0872140883 4.87557001481 -5.1047022624 11.1049411507 4.01516245363 4.90986780076 10.7216189128 6.43533538603 6.91835585217 0.782132786067 12.3110515031 -5.46805842175 10.4200089964 -1.46983331447 2.91127457845
168 2016 0 0 0 1.21191369392 5.27203627332 -5.06819594181 11.0431221611 3.79968501641 5.07717507924 10.0981160521 6.72870284451 6.50839411197 0.214002106833 12.5524216374 -5.80171431135 10.3215885065 -1.28148700609 2.67222065247
169 2028 0 0 0 1.47847378361 5.24110205586 -5.25693502177 11.0457632023 3.79957766028 4.89767674762 10.1397488003 6.60684789841 6.00430151798 -0.371419174198 12.3608797011 -5.40114002033 10.4263220388 -1.20129599335 3.07547888843
170 2040 0 0 0 1.11788403089 4.4125870179 -4.47304820061 11.0765245589 3.69318602215 5.62752026082 10.2471036407 6.12478070041 6.10036659021 -0.273072460527 12.4402405469 -5.6028112758 10.7159903374 -1.28968960575 3.00342004317
171 2052 0 0 0 1.61521797976 4.29168394135 -4.8334219314 11.4273508408 4.52447055437 5.32965764473 10.3681197398 5.96800959323 6.38275233997 0.0250931745756 12.2061548081 -5.24015371479 10.523580933 -1.78405010669 3.29433369613
172 2064 0 0 0 1.60064504796 3.80129782826 -4.61673344374 11.2171777953 4.91089783561 5.41859074717 10.7708719212 5.58497240411 6.53801044348 0.493732720078 12.2355397334 -4.92980887652 10.7709615545 -1.79409258208 3.28221354553
173 2076 0 0 0 1.64342579053 3.4788351351 -4.48874011951 11.3983127195 5.18115564357 5.83332915654 10.7126175763 4.80112927894 6.22188924761 0.489335938833 12.1807293577 -4.64131474093 10.8459959473 -1.77965142545 3.45118158904
174 2088 0 0 0 1.74636446268 3.65119829387 -4.86800510685 11.2831347888 5.53722855191 6.03055771879 10.437350146 4.72212807851 6.31133933868 0.332401672474 12.2205657554 -4.92990087143 11.0036033168 -1.96226514473 3.2373876255
175 2100 0 0 0 2.55968405178 3.58748880888 -5.31697882 11.521168748 6.26706049476 6.20007617262 10.3465323631 4.44808095228 6.43878912234 0.798108079561 12.0260720206 -4.91344088921 11.1839105246 -2.08823558323 3.51254073691
176 2112 0 0 0 2.71782143474 3.81176452112 -5.63555139645 11.2100907358 6.39575109889 6.26616098879 10.2182113447 4.03571667213 6.59577368724 1.25764763899 12.1196920762 -4.81981782396 11.2687138663 -2.13329077256 3.59242062979
177 2124 0 0 0 3.28382612337 4.22356878577 -6.26836645152 11.4015557593 6.54214254604 6.45688728877 9.72474970039 3.95850582957 6.38557621528 1.05162553038 11.938438688 -4.57847287473 11.6464078638 -2.18173220612 3.54059450129
178 2136 0 0 0 3.08312408589 4.09486705964 -5.90479688569 11.6613042259 6.51371811904 6.51436494025 9.78811508815 3.76508850326 6.52857631614 1.02767618 12.2604912012 -4.54544158623 11.1945434627 -1.87405985222 3.48273200757
179 2148 0 0 0 3.54950287775 3.77025877447 -6.02708050538 11.777167451 7.0073354884 6.65010352863 10.0081571831 3.0672039252 6.37179764074 1.54555322497 12.1092222273 -4.26969183444 11.2090421582 -2.10714088201 4.29620937585
180 2160 0 0 0 4.54055237694 4.04083317379 -6.68559688224 11.6849303862 7.41307281468 6.41106155001 9.95796824304 2.74751128015 6.86984979176 2.04381951586 11.4961826721 -4.0110238343 10.9652414571 -2.53573718303 4.64379958027
181 2172 0 0 0 4.74004145107 4.09884630212 -7.10671546722 11.2666035106 7.48805970915 6.13751691639 9.61213567044 2.88454545977 7.09846953611 1.69221335167 11.1592603059 -3.74099008964 11.0709629861 -2.8014741446 4.59519778143
182 2184 0 0 0 4.28257580732 4.81435782079 -7.74187577684 11.2753981727 6.82336821393 5.92836859863 9.06600645493 3.70508254545 6.53627543915 1.04794281566 10.806768183 -4.18115918903 10.6591975859 -3.06578486718 4.56998359588
183 2196 0 0 0 5.08449379171 4.78414701248 -7.737752847 11.1805072162 7.18256452728 6.33794431664 9.0550204932 3.56281102492 6.6347497571 1.3763131778 10.3112156995 -4.19622644101 10.8989238741 -3.64345760223 4.92544387969
184 2208 0 0 0 4.4536695682 4.95497808299 -7.78125430436 11.2011693236 6.65753703862 6.0654611747 8.99811816414 3.85955525919 6.30801372757 1.10190965042 10.5608901683 -3.8256358534 10.9285809255 -3.27072326872 4.92561908425
185 2220 0 0 0 4.79613887547 5.45965811853 -8.39916250117 11.0757980757 7.58845427335 6.13117599667 8.74300516763 3.32303411684 6.7144330683 1.59273681651 10.4284028363 -3.80567306128 10.8218090506 -3.61844677153 5.08199690053
186 2232 0 0 0 5.28861105853 5.914474748 -8.92217713948 11.1123552485 7.73203495133 5.4760771477 8.09636223675 3.42863089643 6.71747258257 0.777287817826 10.2959799349 -4.15476808577 10.3023867948 -3.69438246933 4.6721214055
187 2244 0 0 0 5.25933535575 5.77007991078 -8.65488966879 11.5006457666 7.62939423284 5.19861674256 8.39754246576 3.63907500057 6.73430838129 0.679942421731 10.1524202295 -3.9711600218 9.83791568902 -3.86628928958 4.91640171581
188 2256 0 0 0 4.73688304653 5.2026747429 -8.31896442482 11.3815529044 7.03727708048 4.94675836546 8.75490718132 3.25478285825 6.43176204166 1.02163167382 10.3523724589 -3.90153774923 10.252571996 -3.56298393242 4.91493357051
189 2268 0 0 0 4.78270019448 4.2540103579 -7.99211063141 11.6663415675 7.07933470072 4.99521746729 8.84054112924 2.87347789536 6.23312639003 1.37675043831 10.5212127745 -4.08424511528 10.1296966025 -3.62371808295 5.43026751101
190 2280 0 0 0 3.86754565248 3.91339403971 -7.7076124882 11.3487638621 6.49152140253 4.84800241282 9.04842488466 4.22871953712 6.3787584451 0.99207734868 10.5312582002 -4.13383148487 10.2419177365 -3.36035310044 4.78981536491
191 2292 0 0 0 3.42388740577 3.75504141153 -7.6967771147 11.6165821384 6.43659393103 4.72328611727 9.0609472367 4.63078547156 6.56485598199 1.19506642011 10.6361984573 -4.08657517815 10.1583201147 -3.29825845404 4.94048678929
192 2304 0 0 0 3.67652395125 4.27957289633 -7.40743046733 11.3898536839 7.08730996794 5.22458681425 8.60090162653 3.93905576858 6.93560694094 1.63452404217 10.6997251728 -4.22749065599 10.1184766334 -3.7272266411 4.67153628058
193 2316 0 0 0 3.40237268332 4.4839176003 -6.92963748138 11.1285169147 7.28939816701 5.66530831894 8.73722645088 3.90795435031 7.17464532223 2.03532452264 10.7971495139 -4.34368577571 10.4730884894 -3.61793307858 4.56535831776
194 2328 0 0 0 4.34132257405 4.27723387688 -7.42077840505 11.4685959645 7.83978111625 5.32202738457 9.01907876298 3.60246410527 7.59251832429 2.66166728817 10.6728085118 -3.74716431306 10.4957730288 -3.58443482457 4.84240753399
195 2340 0 0 0 4.68392768292 4.41679584671 -7.66763690876 11.3261382703 8.15993353818 5.49361276041 9.19418573966 3.31356302617 7.70890206157 3.17593725738 10.3455032218 -3.24517553863 10.7769445568 -3.77774893226 4.89214825417
196 2352 0 0 0 5.30500650956 4.5150597373 -7.87841674378 11.4365058204 8.70448513458 5.40102243446 8.81303068725 3.02063691745 7.62392325334 2.61079539173 10.4338983615 -3.43024639682 10.925703147 -3.77465251837 5.05708047207
197 2364 0 0 0 5.35855153168 4.50957549195 -7.93526303065 11.7635955309 8.83966164376 5.77486111433 8.84055958379 3.21351179494 7.43507745218 2.58703058075 10.541470445 -3.5438804802 11.012781838 -3.78349988101 4.93482616869
198 2376 0 0 0 4.9881029285 4.41517230363 -7.71836270052 11.698394301 8.61212389988 5.64385669247 8.76073940037 3.27327246031 7.56376182515 2.42610385787 10.6909262854 -3.7013016784 10.6506176315 -3.47909754837 4.6495652994
199 2388 0 0 0 5.18474391114 4.26938184709 -7.81432448047 12.1172481917 8.80730701397 5.36646610739 8.73617287628 3.19820400254 7.48588121262 2.16870187631 10.4644782718 -3.61463999462 10.5585926395 -3.52561632355 4.71603457199
200 2400 0 0 0 5.27527529853 4.46635668466 -8.1321175789 12.3836700187 8.88754306291 5.16225475577 8.78990330366 3.47726199917 7.4992154928 2.12008480227 10.5990007672 -3.49015488071 10.5964463791 -3.40449103555 4.44524997939
201 2412 0 0 0 5.21520674958 4.29272204282 -7.97502598085 12.1604079299 9.08729830149 5.31888868568 8.90062558954 3.14927132217 7.60404965614 1.90085171608 10.231443527 -3.21790780715 10.801354007 -3.71097668289 4.68260825574
202 2424 0 0 0 5.40484193466 4.79375422143 -8.47426095475 12.2089500287 9.43833681317 5.27755839934 8.66136674354 3.31590164746 7.540612356 2.04783705188 10.0726168547 -3.15814629876 10.71940842 -3.95949875534 4.78935724227
203 2436 0 0 0 5.63072989547 4.51167622005 -8.6709193207 12.2383544331 9.42344799126 5.45659370035 8.69410816633 3.41176334454 7.36240964981 2.07431496029 9.66665351221 -3.10810936294 10.4664024748 -3.946687364 4.70690373284
204 2448 0 0 0 5.46574929257 4.62766676525 -8.24249459624 11.9044983133 9.22089956662 5.52123285808 9.08471050373 3.25530516185 7.25102545749 2.54398534458 9.83186811341 -2.95175225011 10.6462034262 -3.79544958041 4.66436794392
205 2460 0 0 0 5.61219564567 4.64456923008 -8.26551932736 11.9216766701 9.38495148171 5.67233498358 9.56794599368 3.50130505919 7.37829537129 2.66357960183 9.84008296088 -2.68450452148 10.9249163547 -3.8722789988 4.49446143337
206 2472 0 0 0 5.39803644369 4.85046122291 -8.14708273942 11.9111917764 9.13663105981 5.87112876222 9.51645652961 3.29465857291 6.89925712974 2.46621626803 10.2150630562 -3.21746615634 11.0196966391 -3.68364717826 4.23217104898
207 2484 0 0 0 5.68692892544 5.02306165916 -8.32892546809 11.5817353111 9.48174556593 6.09163151681 9.3739945549 3.25793203275 7.21194348807 2.0022732966 10.0617314065 -2.95810070729 11.1266673665 -3.62253816238 4.32999286366
208 2496 0 0 0 5.04545562969 4.89636736016 -8.26871969856 11.5663729596 8.75284621112 5.82012471404 9.14328080007 4.11112139906 7.17779235084 1.14330810055 10.2083041909 -2.95382765603 11.0829262989 -3.12614084913 4.00854052807
209 2508 0 0 0 4.62058566982 4.65424547278 -8.30888162184 11.5429287202 8.42116845737 5.9049882676 9.06752138587 4.40947833051 7.08420246494 1.30290434073 10.3383355851 -2.92137195893 10.9871626237 -3.04744442135 3.96590953599
210 2520 0 0 0 4.2927126697 4.37075935074 -7.92008014398 11.431120278 8.41020848256 5.88630824818 9.17755242242 4.62957963166 7.14524999551 1.13697790022 10.4677924105 -2.91968546093 11.2432195133 -2.90895490891 3.82842313003
211 2532 0 0 0 4.37115504192 4.77695308324 -8.42642072014 11.6242015747 8.08290655567 5.6944116221 9.16749686465 5.26254411288 6.70337631493 0.862270829242 10.676008868 -3.01942246437 11.0445789568 -2.73767298542 3.76928099583
212 2544 0 0 0 4.35693811603 4.67161544086 -8.19519312813 11.6534977246 7.89846795232 5.803900355 9.00254601922 4.92886230219 6.52090429436 0.610891531269 10.8112969502 -3.3559803473 11.1442804841 -2.72796666401 4.07399788407
213 2556 0 0 0 5.15397665586 4.83157795889 -8.54038326993 11.9034013744 8.22808628352 5.47841747936 9.16159420478 5.11667182175 6.86684868692 0.827380984682 10.7152359237 -3.35816121866 11.2825968755 -2.97544795089 3.95635920986
214 2568 0 0 0 5.22278705086 4.61900439193 -8.74078483605 11.5282192467 8.58268805117 5.62047243034 9.24410762795 4.94872717848 7.08118978234 1.22623101185 10.4861472547 -3.1305940102 10.9104482808 -3.08901763977 4.22431077789
215 2580 0 0 0 5.51288126111 4.88239291334 -9.30748357795 11.6886882205 9.05455362367 5.64529151912 9.12407446264 4.40504559748 6.8868576307 1.60446064998 10.1486574063 -3.0762980187 10.6572101516 -3.60553220804 4.69366709863
216 2592 0 0 0 4.9601292393 4.66077634264 -8.46238764436 11.3822373878 8.65563070139 5.61244600204 9.39959030931 4.27710273342 7.15887326609 1.93900851225 10.3858200836 -3.05231158697 10.6525428277 -3.39875599855 4.80721577415
217 2604 0 0 0 4.82482771721 4.75814380666 -8.56677887534 11.3490468617 8.46997627899 5.30762527722 9.64134503894 4.70374372319 6.96770731566 1.70722216512 10.8486458496 -3.15149409678 10.8193584116 -3.12771275766 4.35954397933
218 2616 0 0 0 4.59659705374 4.7093780783 -8.18006816594 11.0746215112 8.31196454692 5.50217143129 9.87322014014 5.07930091957 7.4018713273 1.7003252324 10.5732348275 -3.09042109857 11.0256684449 -3.16455559272 4.3743800129
219 2628 0 0 0 4.5316068576 4.81223741885 -8.43160007645 11.1714038663 8.32651892061 5.34701523991 9.93323358201 5.20544011832 7.10964049832 1.66441567154 10.8664339421 -3.26975108349 11.2510202889 -2.91581590885 4.14755908701
220 2640 0 0 0 4.93011942338 4.94692633793 -8.76583247743 11.0182686369 8.49937511159 5.24192665495 9.7180753844 4.68057349284 7.31849568339 2.01596870961 10.5463868169 -3.03710330189 11.0210448783 -3.22269210507 4.54856738074
221 2652 0 0 0 4.79026510928 5.34609113342 -8.92859753525 11.0533714057 8.14296493454 5.25499104231 9.43767327786 4.53653644134 6.95556111053 1.80617548875 10.3033581732 -3.31143898663 10.7368788696 -3.30018582208 4.86630677706
222 2664 0 0 0 4.69273829704 5.39602848795 -8.87783987348 10.8555127035 7.78975187393 5.29157364795 9.2271253398 4.68159049759 6.8718554895 1.53763319834 10.3191568484 -3.37560223434 10.480770648 -3.2617952041 4.84373924725
223 2676 0 0 0 4.68824277888 5.78489698343 -8.80804184564 10.7894592926 8.08723321358 5.56826717974 9.43713003417 4.51368480467 6.8668938882 1.49180620097 10.2927146341 -3.30751246919 10.5179257868 -3.42475773743 4.72184266973
224 2688 0 0 0 4.97166562207 5.5281116784 -8.74715584867 10.6927485273 8.32903145049 5.70203682133 9.76706633295 3.79347739118 6.68966431544 1.55270763216 10.0693736276 -3.26783158455 10.4398666728 -3.63327715004 5.08386601316
225 2700 0 0 0 5.02264119921 5.84222277662 -8.68768857167 10.6668699335 8.76755855801 5.6411974913 9.49839498437 3.44254488042 6.74219695946 1.6762918517 10.3991543759 -3.40079328116 10.5951740099 -3.65583777382 5.15687122519
226 2712 0 0 0 5.05364225765 5.65804642455 -8.30781279122 10.7724424117 8.90311062052 5.69371374599 9.96169635352 2.87751764058 6.60538370142 2.12909076861 10.4354824534 -3.27389996659 10.6106679851 -3.6598689482 5.59042410093
227 2724 0 0 0 4.98233463004 5.91517967858 -7.61130833516 10.6126479921 8.80930858364 5.97995340771 10.1451272536 2.34160655824 6.37815214731 2.23698919212 10.6742221541 -3.52463186585 10.9602005033 -3.70296634034 5.79429190323
228 2736 0 0 0 5.10411136069 6.02535517835 -8.27305865678 10.534343242 8.86982551026 5.89678850473 9.98017139099 2.90295061761 6.43474624936 2.1230683624 10.8551558016 -3.33780613145 11.2185777677 -3.41711735654 5.19832029828
229 2748 0 0 0 6.01546900737 5.70677815663 -8.6044392508 10.920527002 9.6284393059 6.08222129211 10.1388438127 2.35418333696 6.73159918852 2.76661765676 10.6343172014 -2.801189393 11.4044610881 -3.68211225799 5.33794379467
230 2760 0 0 0 5.98005190099 5.54735861878 -8.51894010913 11.2774035422 9.53667666063 6.00012243549 9.75224433535 2.39926688864 6.69888419859 2.18157436843 10.9446599756 -2.99494190544 11.296934622 -3.39652781289 5.16654598188
231 2772 0 0 0 5.90141125155 5.49183164265 -8.38583267568 11.1486254672 9.33581026497 6.06997671518 10.1596543974 2.31223518598 6.48090893888 2.10833014412 10.7932784067 -2.9160379789 11.5979538387 -3.298369765 5.31250212012
232 2784 0 0 0 5.71471722984 5.47283993928 -8.19395673565 10.9859143541 9.52891770059 6.1352432654 10.1271658638 1.82815436758 6.52645923916 2.35846681453 10.8326456448 -2.48659027122 11.8786252507 -3.28576422829 5.64580354463
233 2796 0 0 0 5.68909545902 5.52367764971 -8.04907211203 10.8224590013 9.56508965185 6.18694521242 10.7570628098 1.8884866884 6.54158000539 2.96059411267 10.7109955432 -2.50306811396 11.9562283308 -3.33833870515 6.00148406809
234 2808 0 0 0 6.15861151089 5.84942770213 -8.13152096429 10.6212534954 10.2874238719 6.39085220706 10.8174622933 1.73595467365 6.88700028396 3.21620814197 10.3121046785 -1.65170029312 12.2630175894 -3.77828095684 6.43694062129
235 2820 0 0 0 6.61678393444 6.02744035413 -8.21041692036 10.705090906 10.2354028246 6.39036601584 10.8108269814 1.3398478953 6.98641448924 3.47052330043 10.3071227332 -1.84330680075 11.8973610118 -3.90225417381 6.637053704
236 2832 0 0 0 6.64565909921 6.56780155288 -8.43137878246 10.7945648525 9.86618780526 6.30450403337 10.5317625828 1.48064640201 6.88765027092 3.37262191098 10.587503681 -1.61078332359 11.7403253927 -3.55781116175 6.45478394653
237 2844 0 0 0 5.82375256972 6.18278451592 -8.01548771463 10.835212007 9.46687260772 5.84508388715 10.1608055322 1.5676021257 6.78765748861 2.72211527009 11.002387321 -1.85224935455 11.2362238884 -3.50861721524 6.03004521917
238 2856 0 0 0 4.42651192617 6.51004274466 -7.98926905436 10.2347897197 8.49151184923 5.06908336009 10.1313435241 2.24702512064 6.67938555088 2.62651842974 11.0044266223 -1.77226491161 10.480131705 -3.197432169 6.25313100167
239 2868 0 0 0 4.60469393196 6.05681223233 -7.46549504331 10.2460609123 8.05404857864 5.14636529645 10.4214477459 2.89161255111 6.96620287774 2.75819879588 11.0776847807 -1.94032821631 10.6888331996 -3.03314975222 6.14862032786
240 2880 0 0 0 5.00187972957 6.31174651786 -7.98067766811 10.4917153188 8.43865493334 4.89598540399 9.5632633405 2.91147689257 7.0291154999 2.13871878883 11.1545691502 -2.0778049138 10.8468393836 -3.17571246334 6.01362469263
241 2892 0 0 0 5.79027897699 5.65638133585 -7.99246064181 10.6074364495 8.91399346425 5.02871473199 9.80046264149 2.61633995443 7.50253670076 2.50552131236 10.6474684446 -1.85513641818 11.0123860528 -3.50897639532 6.19295295862
242 2904 0 0 0 5.90777825641 5.42276760954 -7.66814391066 10.3889291047 9.32646675561 5.61335298539 9.69190915868 2.0062054155 7.44712673134 2.71798006397 9.8968965505 -1.27232213122 10.9285687812 -4.09458917572 6.6262998532
243 2916 0 0 0 6.26446723715 6.40975090097 -8.07214240129 10.3361431454 9.13925910683 5.41748390234 9.17703586056 1.51762089737 7.05039588021 2.16090959258 10.0460076574 -1.25716395089 10.729488725 -3.92982761682 7.07723850823
244 2928 0 0 0 6.42565564234 6.18663260467 -8.64029084962 10.3756047837 9.42070761759 5.26566942423 9.3480698339 1.99819791262 7.46811446731 2.61087064337 9.86174601594 -0.956588299382 10.6608215272 -4.10062573434 7.10897143023
245 2940 0 0 0 6.50447637818 6.22242595029 -8.15535053732 10.6302703447 9.37981841869 5.37185601597 9.25499650043 1.13124035065 7.18484657641 2.78109649963 10.492844217 -1.13465294646 10.3803329078 -3.83533493898 6.97477095815
246 2952 0 0 0 6.84995282596 5.89157438675 -8.21200977755 10.6810847055 10.0052319446 5.91423263292 9.15083138567 0.958321214776 7.42208956556 3.07971234469 10.4118876937 -0.823742415019 10.4841166057 -4.01693429493 6.59617648217
247 2964 0 0 0 7.5397597292 6.08995943804 -8.49947417375 10.8404361904 10.3890233684 6.16645874853 9.32592520495 0.693733142923 7.5310352561 3.06225344398 10.1867476404 -0.528546004734 10.7073473351 -4.17979027391 6.45723646732
248 2976 0 0 0 7.26913324744 5.70407988794 -8.86375465121 10.8006720536 10.0722835414 6.10397660566 9.79385479178 2.13154024266 7.64674640816 3.0592448142 10.154716511 -0.327098275274 10.7886953026 -3.98304165532 5.7187964114
249 2988 0 0 0 7.06684184456 5.34025831936 -8.69109807805 11.014763118 9.74937311856 5.84137183709 9.99994983149 2.50010491029 7.44013124343 2.7729342219 10.3900268135 -0.970960173831 10.7662581326 -3.64903888041 5.57530765306
250 3000 0 0 0 6.75611073179 5.50621372697 -8.86053995875 10.9894597452 9.5183391456 5.75273333183 9.30048602658 2.63796509519 7.30144535674 1.97248019794 10.8041751388 -1.37261707717 10.2764001851 -3.33869306322 5.42422569908
251 3012 0 0 0 6.55007480908 5.85935858343 -8.41422203279 10.630184114 9.47807716928 5.7714316837 9.34979396452 2.43648537347 7.35333743197 2.04590140225 10.8843596625 -1.61611800001 10.1830586972 -3.57850858862 5.78015300744
252 3024 0 0 0 6.49383777148 6.12455171975 -8.01552649283 10.3635937413 9.66495937901 5.91585542886 9.32859803908 1.72897877534 7.11982115084 1.97444981902 10.8988615745 -1.65087964666 10.5744866046 -3.64874925339 5.90240222472
253 3036 0 0 0 6.60273967301 5.43187665272 -7.80773885358 10.1280152057 9.77374269038 6.18896151276 10.0462270055 1.95193068076 7.13766579365 2.58003689657 10.6682774741 -1.42197304103 10.934345532 -3.65326232846 5.95878497639
254 3048 0 0 0 6.47066325954 5.4589706821 -7.15614395501 9.82311850508 9.77714182459 6.19126920272 10.1526989289 1.46460971222 7.26298129637 2.70838309134 10.4546154631 -1.52881648465 11.0095546637 -3.76537707749 6.59208617268
255 3060 0 0 0 5.97708318635 5.27252919538 -7.23564100179 9.7840666976 9.33801494408 6.25099169512 10.1410418122 2.37778478918 7.14747640167 2.67820143816 10.2716675645 -1.52274702079 11.0951235552 -3.7040239046 6.12374071526
256 3072 0 0 0 5.88897454434 5.07031378521 -6.72451017974 9.92292434759 9.20943897929 6.40799554094 10.3021336018 1.9976135577 6.72262180403 2.42321836763 10.3111259656 -1.75410048866 11.421674283 -3.60704761614 6.54094783745
257 3084 0 0 0 6.14489270146 5.01906576978 -6.57549297261 10.0787272705 9.08859217229 6.57459000868 10.1925899677 2.00029274933 6.83475360793 2.61205297739 10.2912600723 -1.72337591346 11.4130423775 -3.5364983764 6.41721250717
258 3096 0 0 0 6.19761497947 4.85308151921 -6.79081593177 10.2301591438 9.13124038787 6.40596587153 10.1931843484 2.3650082309 7.05103981425 2.842534943 10.2263733335 -1.67928459357 11.203385775 -3.67321128126 6.59187859586
259 3108 0 0 0 6.78183078527 4.97530855112 -6.90233863406 10.4013651692 9.68715344664 6.59950497461 10.5394019383 2.03759698167 7.23593958775 3.4008946124 10.1355729898 -1.58602347163 11.3015982165 -4.05707305514 6.70043246553
260 3120 0 0 0 6.29059765691 5.23992779132 -6.94178064468 10.4631632757 9.72392023051 6.67331157975 10.3617518915 2.28843234582 7.04744220261 3.21398057018 10.0750391308 -1.72337100989 11.3086148493 -4.14199240418 6.77929909611
261 3132 0 0 0 5.97892784739 5.83817801081 -6.83752818205 10.5611231266 9.22542747084 6.44883303791 9.79804603235 1.98256513686 6.91712652292 2.77570529364 10.4594338462 -1.85962977443 11.082809445 -3.95978573074 6.51248706614
262 3144 0 0 0 6.22246804946 5.93858320285 -7.00553991938 10.3332464128 9.4546412751 6.3227628782 9.47409672808 1.97000779043 7.02313883573 2.49083924664 10.3146830958 -1.55866337199 11.0598671119 -4.08346219499 6.65305425012
263 3156 0 0 0 5.93234975555 5.92821129428 -7.35218177687 10.4367552632 9.42615582381 5.94218324021 9.09503804618 2.16350438394 6.80157721444 1.82999221334 10.1605463092 -1.6848669105 10.6409146837 -4.03157791784 6.87966094411
264 3168 0 0 0 5.76201300615 5.48991707444 -7.44921286049 10.2264837557 9.29445850002 6.01431009501 9.52014911691 2.66729163162 6.89377997767 1.7235095508 10.017202798 -1.74151469816 10.4675426518 -4.02779406587 6.74405796387
265 3180 0 0 0 5.66075761667 5.09048840598 -7.07903472074 10.336027864 9.67475984458 6.33229849309 9.40870833176 2.39072325807 6.87611436776 1.68316536468 10.1654409706 -1.82599555844 10.6606993664 -4.02940195561 6.66407719044
266 3192 0 0 0 5.5756222117 5.27533848603 -7.35475977976 10.5705373559 9.62262198465 6.20825591025 9.35048506195 2.40765328487 7.06101262893 1.85880109157 10.0086000549 -1.62085097866 10.4781181894 -4.32175651848 6.89049520424
267 3204 0 0 0 5.40015004009 5.33990599477 -6.84659739932 10.3347687482 9.41700000836 6.22044292816 9.51452045243 2.71253552027 6.86675632155 1.35907474236 10.1749523195 -1.72298174079 10.7635024707 -3.99973758626 6.67060171594
268 3216 0 0 0 4.71882422142 5.4670712322 -6.72663453383 9.94961656178 8.88481378392 6.21223176231 9.39813777046 3.14583402556 6.72332385949 1.04043702663 10.6295173241 -2.24402987226 10.7437011907 -3.42220326016 6.15246932311
269 3228 0 0 0 4.32241986662 5.18394723122 -6.25496586781 9.89471055411 8.78867108162 6.12402885193 9.85887656555 3.21478991262 6.73253962393 1.23462935412 10.4401651112 -2.20635535799 10.9340048401 -3.45066210373 6.35687302652
270 3240 0 0 0 4.70666880578 5.11461379563 -6.48715819979 10.0391643543 9.00638465813 6.11964453768 9.42891286009 3.01547026203 6.68330403003 0.870714020524 10.4452261869 -2.25243312025 10.8666914706 -3.58182650699 6.38746102442
271 3252 0 0 0 5.11632057073 4.84994212503 -6.34889522865 10.1871427731 9.58119872212 6.1934809019 9.59623123133 2.81642207408 6.96908049184 1.29785220815 10.3610142974 -1.84726248395 10.7830422842 -3.74024109672 6.74326027304
272 3264 0 0 0 5.17346656699 4.75258984245 -6.02239672814 10.2070044035 9.48988589114 6.49378835885 9.56114348004 2.75582640176 7.23111968985 1.42330717586 10.5382469119 -1.68887243214 11.1034922915 -3.56477728339 6.63691357027
273 3276 0 0 0 5.00313518041 5.08933111156 -6.29104097964 10.408477095 8.95691733692 6.19040073185 9.2046531655 3.1328859075 6.99624949798 0.730704943545 10.7734320404 -1.62976928826 11.1746106389 -3.1185718381 6.42811228291
274 3288 0 0 0 4.7066431523 5.03156138402 -6.46862323448 10.1571167581 8.59422589833 6.08733415235 9.42106811433 3.51379466674 7.09902043309 1.28167029953 10.78922883 -1.55108893635 11.0622277882 -2.97747258876 6.45682886815
275 3300 0 0 0 4.99222312438 4.99122912927 -6.77449815476 10.4565807416 8.31361857257 6.07154211554 9.38657650767 3.34414389952 7.00851489736 1.40082673383 10.6827263109 -1.53008607263 10.7068060317 -3.03108248176 6.57238932981
276 3312 0 0 0 4.81534152707 4.98952697729 -6.30460747933 10.2938577914 8.35840761361 6.33952780261 9.56194789119 3.07862939328 7.07550750161 1.80682453752 10.5236276787 -1.41784783935 10.9757074953 -3.12775169346 6.9621810804
277 3324 0 0 0 4.68710096743 5.1234985681 -6.32474389974 10.0863802482 8.22427745359 6.23863730476 9.72860325997 3.3863053659 7.46925141277 2.31334452934 10.2231471135 -1.41919505245 10.6936566117 -3.37431556134 7.17964136535
278 3336 0 0 0 4.68733362306 5.17326150013 -6.08597743151 10.127786392 8.27958587647 6.334775563 9.87847937008 3.30437534957 7.46792576791 2.36805299125 10.3382702279 -1.52194732916 10.9369856043 -3.489697141 7.16900700313
279 3348 0 0 0 4.68653586516 5.0495916464 -5.81803055612 10.3059737648 8.28541378428 6.16724932412 10.0480682213 3.03785764346 7.26284503114 2.17333446771 10.6893706907 -1.981354145 10.9511883202 -3.30326316482 6.90153177454
280 3360 0 0 0 4.75707818541 5.11222135518 -5.93556219674 10.2517982778 8.33552240009 6.19977058779 10.1084249823 2.84493334348 7.38547328804 2.10157433181 10.6894696166 -1.62143238445 11.1669471256 -3.25238522229 6.74236608706
281 3372 0 0 0 5.33181093554 5.16976509433 -5.96933984319 9.88204326928 8.71408335328 6.28499847025 10.5692903287 2.52934599124 7.80189747582 2.80727200768 10.3914609389 -0.958532774097 11.3931543941 -3.29656300347 7.17214900943
282 3384 0 0 0 4.99649888722 5.328254534 -6.0036292732 9.87328157198 8.31603583803 6.13770641155 10.5673720701 2.58762295675 7.5943134342 2.75544238089 10.5258616765 -1.11426314466 11.3026218935 -3.01308003073 7.03423492189
283 3396 0 0 0 4.48643575034 5.60048230619 -6.16317337767 9.72998384394 8.23131209152 5.81820176012 10.4287966869 2.52251554154 7.68599926005 2.75979622422 10.6988705798 -0.710128750946 11.2501806565 -2.8837243855 7.28323085705
284 3408 0 0 0 4.89098246666 5.72983655119 -6.05735602452 9.62153905857 8.31080830219 5.99326165713 10.3169347773 2.41640603413 7.79715835538 2.71024742013 10.5724744117 -0.369747102446 11.3720457997 -2.95622208293 7.19297102811
285 3420 0 0 0 4.5806856542 6.01166963789 -6.25728569017 9.60710859387 8.25249094491 5.92282974652 10.091432124 2.65016379916 7.79673735021 2.50947611054 10.4732070311 -0.329509469433 11.0246261268 -3.16341336727 7.06721496213
286 3432 0 0 0 4.55938355483 5.91819036897 -6.60395457643 9.56721929678 7.9978284423 5.71118966087 9.86497791324 2.97252105291 7.66589188839 2.27397300554 10.4205500356 -0.406818653283 10.8473432338 -3.05280346766 6.82907788033
287 3444 0 0 0 4.51725194568 5.86212140834 -6.79503418748 9.55977512883 8.46774876266 5.93370707202 9.52558496548 2.93064877857 7.53280258566 2.06033472617 10.2750730764 -0.5034125335 10.6527019424 -3.33196837993 6.91117838312
288 3456 0 0 0 4.54284642861 5.90308894992 -6.84354606749 9.6350622003 8.27618347844 5.92201305991 9.47269851422 3.15663424908 7.47115036862 2.19719362947 10.1763970243 -0.596889886271 10.5901647521 -3.44302893793 6.91926205091
289 3468 0 0 0 4.44940270179 6.06764200193 -7.04396468202 9.3586339145 8.05611740471 5.91910766303 9.25599934926 3.5251338448 7.16109341329 1.78511393462 10.1934102328 -0.977317064716 10.5732778142 -3.24206663299 6.53520167571
290 3480 0 0 0 4.54401220334 6.13499293105 -7.15283999748 9.36419760947 7.95148015569 5.79250181166 9.41744631331 3.19972343902 7.00500330203 2.09316520241 9.94579469883 -0.818461562026 10.8001768305 -3.36967397697 6.80220889144
291 3492 0 0 0 4.77815188465 6.1410398397 -7.1614490796 9.40952945525 8.28046134141 5.88184041948 9.6168389121 3.08002171651 7.13892871447 2.39716313821 9.89315200154 -0.988350347236 10.7679979584 -3.64518645626 6.58846306723
292 3504 0 0 0 4.42436470281 6.14215561821 -6.83026071641 9.25013827702 8.1209147167 5.83576161861 9.7369729928 3.08697291703 7.26589990981 2.69430670242 9.8268162118 -1.12951799624 10.7560706512 -3.76973105833 6.71797478743
293 3516 0 0 0 4.50955724635 6.41225460794 -7.16238515773 9.20981723592 8.03928368823 5.46891749002 9.66622134452 2.92702780093 7.1870707631 2.87240551458 9.83252765275 -0.760713085161 10.7143047345 -3.86718465297 6.89707745453
294 3528 0 0 0 4.28481389296 6.40892275802 -7.31627375507 9.04210027349 7.8210544352 5.37981471169 9.42598668115 3.07079810208 7.10943664691 2.57406345469 9.60673571627 -0.557040458432 10.4346611066 -3.72377846167 7.08631439006
295 3540 0 0 0 4.98446348366 6.59562312623 -7.26678124771 9.49421050902 8.28969586239 5.54799242328 9.66476427461 2.05409995865 7.16446888852 2.97483092066 9.6206986583 -0.334085517262 10.5919014607 -4.06325247736 7.47340942098
296 3552 0 0 0 4.71440913726 6.68228140735 -7.05707240171 9.17335016936 8.08783204988 5.4254128489 9.47471019502 2.04680129145 7.21644332545 2.61696004709 9.75237085306 -0.194785771285 10.7166712888 -3.70185574456 7.52382573727
297 3564 0 0 0 4.76863747221 6.72746451734 -7.014022545 9.19986258884 8.33763590402 5.38882819559 9.48794980912 2.18445399769 7.38583179631 2.45713488597 10.0245397572 -0.237309710973 11.0691411231 -3.52263444206 7.15293224251
298 3576 0 0 0 5.19599168196 6.71601823223 -7.04359257308 9.14828123274 8.27046228446 5.45939443118 9.99458240433 2.03986435115 7.72758072822 3.11592853917 9.83531610634 0.292402572169 11.1397904864 -3.60342879483 7.38873674295
299 3588 0 0 0 5.18551696775 6.97791765001 -7.54475600068 9.19508408317 8.19086970475 5.37673095277 9.76453283384 2.38447294977 7.49645487968 3.03202839862 9.86437724279 0.0955014049922 11.0075074242 -3.70253994467 6.92289790886
300 3600 0 0 0 5.33716895795 6.88684206085 -7.67557897612 9.07396403588 8.15436280256 5.37706219808 9.69898541641 2.31737719875 7.35446695891 2.93435920972 9.93767426589 -0.00240984983975 11.0087709063 -3.67703332062 6.71823567699
301 3612 0 0 0 5.38716500802 6.70972828503 -7.78508372899 9.07655440325 8.21745088668 5.3480137873 9.8163882007 2.55416904525 7.32627232094 2.83549338652 9.94515552671 0.174258057546 11.0596552367 -3.63069906294 6.51718417605
302 3624 0 0 0 5.29910975933 6.93273640713 -7.73367681443 9.11909645627 8.25745524892 5.55230512578 9.26949002449 2.52649341241 6.93513308565 2.24708305158 9.84156416318 -0.554606048899 10.8835290467 -3.75065368271 6.50185941554
303 3636 0 0 0 5.11413812415 7.43199468155 -7.86332561769 9.21386187023 8.41707138663 5.52165167537 8.68529260575 2.13805135773 6.53266471699 1.85544704246 9.91795728718 -0.983622836707 10.7232344538 -4.05016151959 6.60932907068
304 3648 0 0 0 4.81527100205 7.24791196989 -7.45647303923 9.11551495881 8.26200510327 5.73751507325 8.92922386884 2.27378260004 6.77555566867 2.39434475683 9.88787793451 -1.01352941568 10.6741992147 -4.00034477849 6.51948373995
305 3660 0 0 0 5.3818430299 7.02292031069 -7.55277556518 9.40585707884 8.81284371213 5.95461822089 8.82316873234 1.85975021627 6.83800191356 2.54135824875 9.91771037485 -1.01251293694 10.9389406388 -4.13309784789 6.55486187719
306 3672 0 0 0 5.71159802684 7.15350818418 -7.50671139685 9.38606707114 9.02507519851 6.2166396936 8.73659630738 1.31413555768 6.69990215487 2.56486477241 9.67581770828 -1.20641067152 11.0085724149 -4.2487373728 6.78619756319
307 3684 0 0 0 5.98807681357 6.99172230123 -7.60806428125 9.20646834727 9.15723631479 6.24035571367 8.82881455924 0.98659536753 6.83708797426 2.76207694915 9.52653178435 -0.911997082712 10.9630258127 -4.42626894205 6.92871486377
308 3696 0 0 0 5.81585381265 6.96637134207 -7.92145312075 9.01250353857 8.82265408664 6.14509309284 8.65533661668 1.28714003466 6.91188490268 2.55136410502 9.33760912838 -0.601268028047 10.7247971506 -4.23914334055 6.86636239681
309 3708 0 0 0 6.34000243805 6.97972110526 -8.15297162305 9.12035089832 8.8074863932 5.96677278341 9.08228912077 1.19900503296 7.06722310634 3.08093811739 9.11022597414 -0.139474222591 10.9457603885 -4.33768421247 7.06212072842
310 3720 0 0 0 6.25854175377 6.95801175938 -7.91059088812 8.94745540988 8.87360470621 5.98142673628 9.31106299516 1.05357025337 6.87886365682 3.31018129514 8.88160597201 -0.0636431890154 11.1635613122 -4.53424652874 7.31956523338
311 3732 0 0 0 5.62301151264 6.92973864368 -8.16882008422 9.09121457134 8.51171203047 5.34019580258 8.60702523813 1.99801772384 6.73419024258 2.19778462105 9.22446507618 -0.377722715473 10.7954146478 -4.19588320213 6.86359956097
312 3744 0 0 0 5.66532954011 6.82275252995 -7.933520059 9.11252451983 8.2444516956 5.47166815551 8.86277320389 1.96166707415 7.00672344526 2.57222723417 9.24053621064 -0.0392031515732 10.8662016461 -4.12717869786 6.8083879547
313 3756 0 0 0 5.63672462724 6.83394447525 -8.16472471768 9.02360010602 8.49083977176 5.29763723258 8.89069414813 1.89216266533 7.21560558949 2.21273848251 9.25109696766 0.0751319977165 10.8233458056 -3.9264096342 6.87214826108
314 3768 0 0 0 6.09988181799 6.77376398003 -8.53056289681 9.04868402182 8.62045133623 5.13069642843 9.18552179169 1.73093443919 7.47983067162 2.57178822439 9.2453252215 0.631506821519 10.8657354956 -3.82882251732 6.84874154317
315 3780 0 0 0 5.49976334221 6.50746596632 -8.34032533319 8.84287382512 8.42275997798 5.26684583555 9.15380274626 2.17239647978 7.49804808423 2.4541900534 9.13576198541 0.534210831008 10.7592041231 -3.73247684687 6.72042760618
316 3792 0 0 0 5.68557092928 6.32194511568 -8.27320447492 9.55414426241 8.56023306006 5.4581437076 9.61561669454 1.95227681314 7.34477369717 2.96606249288 9.47060014419 0.24483904521 10.9552425018 -3.57455172814 6.81317416758
317 3804 0 0 0 5.51788163985 6.01219700111 -7.84713510061 9.74057354463 8.71401135125 5.81325489253 9.92469210691 1.83959099313 7.23750658524 3.35941955168 9.48467005294 -0.104629847192 11.0370702101 -3.77645790305 7.06009567227
318 3816 0 0 0 5.85851996051 6.13686207147 -8.78242471717 9.74342996635 8.71597229809 5.94818719021 9.52436869944 2.36265263743 7.14770890539 3.07750583824 9.22495898146 0.150859251317 10.7464985432 -3.75678743452 6.51900006759
319 3828 0 0 0 6.11301909465 6.37495746363 -8.60285854796 9.84532572734 8.48818005504 6.06090878693 9.32865935278 2.26964932887 7.15666600047 3.09827026663 8.90703296886 -0.373530814171 10.7413308505 -4.14205054429 6.54070273878
320 3840 0 0 0 5.58050713471 6.10843686774 -8.21548520464 9.7840784967 7.79956276923 5.98897850441 9.42896742217 2.69874665636 6.83087235483 2.94262437062 9.23073432092 -0.817406523173 10.5906687761 -3.83496639563 6.27433988814
321 3852 0 0 0 5.91561256252 6.01949082608 -8.11956067113 9.65523563846 8.27495326865 5.87017871684 9.86033353629 2.29620903067 6.96295710513 3.30738441882 8.93747614311 -0.27922202285 10.7435130549 -4.0746089785 6.71277388102
322 3864 0 0 0 5.9553448507 6.01300674979 -8.0580883119 9.61202708298 8.45341278687 6.24554338608 9.55896302619 2.44235542677 6.82856787043 2.88148805419 9.13815488911 -0.545262697774 10.6103641787 -4.08358259697 6.46425627032
323 3876 0 0 0 6.35851353287 5.98328270862 -8.17774939416 9.48827877065 8.6686925724 6.09114116463 9.84244840643 2.66422974345 6.92263685949 2.86446478491 8.91189163674 -0.170672775543 10.7651174924 -4.11914113236 6.49797692616
324 3888 0 0 0 6.15697967327 5.80281544464 -8.14878828685 9.61617103578 8.29333553625 6.24624184708 9.77349328728 2.69257885606 6.86033421147 3.08341055571 8.91554922505 -0.462641732315 10.3080100467 -4.06590660893 6.44115973749
325 3900 0 0 0 6.19698774566 5.84638029047 -8.26689964165 9.81314808643 8.29851133649 6.17049368794 9.81325391975 2.77833255459 6.6834615648 3.25140433473 9.02255233102 -0.799819950511 10.2954133154 -4.12369209715 6.35364963435
326 3912 0 0 0 6.49520822322 5.5542295022 -8.26444287911 9.98734977883 8.33744232511 6.16886747908 10.1273945861 2.54036960707 6.9407491329 3.53422030949 9.0033120603 -0.503348043538 10.2853341845 -4.05673402208 6.44010150746
327 3924 0 0 0 6.12563678836 5.51050457773 -8.29383722815 9.9727881875 8.3530004291 6.0089805724 9.75718789512 2.18207378104 6.63447754418 3.42698500436 9.01837514454 -0.72603603012 9.98322091163 -4.08167642981 6.75126646945
328 3936 0 0 0 6.38667736084 5.32224040851 -8.21541957952 9.9172356933 8.42628394052 6.00578744409 9.87626229471 1.99855486952 6.70664423724 3.80084917538 9.22991252509 -0.767952000842 9.93163012883 -4.00975524884 6.6310725289
329 3948 0 0 0 6.05762040896 5.67911270978 -8.55411166141 9.74962865521 8.29350512902 5.78970141351 9.94909833649 2.14289795352 6.60235463647 3.60709924193 9.24905031474 -0.530020220671 9.85366834919 -3.97281867688 6.6810715822
330 3960 0 0 0 5.87850964912 5.97753634461 -8.62748865859 9.41728600112 8.5346693844 5.7254396037 9.64072030767 2.57633995896 6.56694488225 3.14977794213 9.286450887 -0.559208214893 10.0040823357 -4.13629868927 6.28021583095
331 3972 0 0 0 6.05303169562 6.40655907086 -8.89009795135 9.36803477233 8.98757603069 5.87637288339 9.32034367714 2.09287815399 6.56546125901 3.17330007384 9.39979986821 -0.436784089026 10.1505151478 -4.32855823684 6.15907321884
332 3984 0 0 0 5.96437049483 6.27832936318 -8.63006317431 9.20630963199 8.89263014428 5.97532520866 9.36362222936 2.02477870166 6.55305372938 3.0684981419 9.62599727069 -0.605603196522 10.0681840487 -4.06040693199 6.30405138433
333 3996 0 0 0 5.77504531832 6.09919580219 -8.24258705737 9.24043414577 8.82291030712 6.42411623217 9.27409655605 1.87804347512 6.51794264534 3.13694674 9.83475611331 -0.849890689381 9.89016774909 -3.98861970363 6.14293284942
334 4008 0 0 0 5.60438341537 6.00931669113 -7.75484166579 9.15661026542 8.97385089705 6.52369151509 9.45661127206 1.6795499717 6.62534062319 3.15883234608 9.94923097655 -0.808641383775 10.0205131342 -3.86772635616 6.25036854246
335 4020 0 0 0 5.82913367521 6.20243111444 -7.8816301043 9.21216286743 9.2933128895 6.40132553746 9.15191561619 1.67579825392 6.6268533846 2.80530340317 10.1900109994 -0.902175087879 10.2627252601 -3.84260640028 5.87671229266
336 4032 0 0 0 6.04129308329 6.18551170244 -7.82615692532 9.26997684362 9.70075704846 6.35368370472 9.43161132332 1.54419570512 6.85025780299 3.02469688103 10.2000221894 -0.538048673359 10.5732827064 -3.98268015799 6.01789846057
337 4044 0 0 0 5.98033020585 6.60467978596 -8.25497454623 9.14029025731 9.81991755046 6.12293282682 9.26214245249 1.61225733542 6.85419975861 2.71549610999 9.96866265905 -0.113269914603 10.7308618913 -4.07420408266 6.1291847924
338 4056 0 0 0 6.07186797986 6.48725302997 -8.30731321184 9.44952979777 9.46536247525 5.98901606311 9.42027173808 2.00021823659 7.08371101889 2.84928450678 10.0780716359 -0.0394243757982 10.7238319287 -3.87868687691 5.9581706071
339 4068 0 0 0 6.09988219847 6.19981831589 -8.11665818649 9.49211171639 9.7564596839 6.21887552238 9.38188434567 1.96740224986 6.91467060403 2.68525545006 10.0694523654 -0.46252325881 10.6533087926 -3.81301831124 5.96527758215
340 4080 0 0 0 6.90628635529 6.50448921881 -8.82988164388 9.74420219972 10.2674616268 6.20336198975 9.34468179291 1.5872306317 6.97847123803 2.6164710731 9.8057825142 -0.433103781674 10.719404999 -4.1683656611 5.94076675603
341 4092 0 0 0 6.99951719822 6.45332273118 -8.89184256152 9.7634133685 10.1649594341 6.08863193689 9.43804236822 1.90897483523 7.09076920063 2.78236139734 9.53651420573 -0.319838397878 10.5397273878 -4.37404018883 6.00970512683
342 4104 0 0 0 7.06004214127 6.54902692493 -9.13787381753 9.77082025386 10.0657921316 6.11420262036 9.42307204044 2.14694736392 7.00531353831 2.74221949207 9.39382567611 -0.415965028994 10.2771621552 -4.49859785683 5.85375756638
343 4116 0 0 0 6.81603712874 6.39467251541 -9.10117732633 10.0336538996 9.77109908468 6.13514103174 9.59464766891 2.35843600773 6.85613793772 2.76987058337 9.70886503474 -0.545897708619 10.3053037477 -4.09505543253 5.86119811108
344 4128 0 0 0 7.22446428523 6.46798658686 -9.60459663574 10.0379977747 9.89273943349 6.07481348177 9.47019011162 2.14127880437 6.83297300763 2.96275982391 9.44851150463 -0.439474832542 10.1069629444 -4.27150600129 5.97730831669
345 4140 0 0 0 7.15532887449 6.48141319962 -9.38801772115 9.72381241207 9.78710110914 6.3898362548 9.247754315 2.05729716043 6.69927620799 2.9434291685 9.72828042654 -0.35815529588 10.2479468138 -4.09826911173 5.7036676031
346 4152 0 0 0 7.18650215679 6.58044952704 -9.62050610567 9.68416444264 9.72293128041 6.55957906461 8.82848195104 2.08006696548 6.6243731382 2.48737485649 9.62318392165 -0.294671666619 10.3223443272 -3.98579237208 5.54476986615
347 4164 0 0 0 7.23930901661 6.68507835814 -9.8111246223 9.92228577171 9.639748649 6.52404678226 8.84424538332 2.09026187807 6.62873699993 2.59935806274 9.64347167611 -0.326393905149 10.1928803242 -4.01280129063 5.55758049681
348 4176 0 0 0 6.81425888619 6.61867473236 -9.93449528274 9.80736063452 9.15883789595 6.36107910636 8.96833090394 2.28142977685 6.36428546213 2.68139274321 9.87271035322 -0.41569238404 10.1431314182 -3.52366482783 5.57015704838
349 4188 0 0 0 7.07011881988 6.42206063081 -9.92164922784 9.94608341692 9.10648180228 6.43684113296 9.01604276567 2.00060411945 6.24441192152 2.74807334521 9.70387241367 -0.45369983716 10.1037769117 -3.39647718566 5.84053396529
350 4200 0 0 0 6.34992712865 6.48954635657 -9.12448025705 9.90125227552 8.81605789275 6.73842583694 8.95486191479 1.94961001247 6.06890167085 2.86440654127 9.93239647464 -1.12149802721 10.1465527229 -3.48262507571 5.82944277058
351 4212 0 0 0 6.04088095681 6.53712320462 -9.14924717741 10.2024522075 8.45300714146 6.68498338222 8.79877059056 2.46874509456 6.02455952055 2.60304875471 10.1276316337 -1.5401884028 9.95407103912 -3.15210529102 5.46002848711
352 4224 0 0 0 6.33448431982 6.88975000278 -9.4397195338 10.0498634724 8.45009321355 6.62944578104 8.44231190386 2.27106398568 5.91920577332 2.33880632653 10.0631885147 -1.77562399901 9.88909918842 -3.35852801393 5.02855878856
353 4236 0 0 0 6.64606678068 6.8301135597 -9.47824899245 9.8450385056 8.63023060275 6.51673410853 8.6205940707 2.21357835849 6.01511266086 2.36360343398 10.1025100011 -1.21166306605 10.3207221494 -3.26759425244 4.93492682233
354 4248 0 0 0 5.98318374968 7.03709644105 -8.94802605036 10.0354261537 8.40832083202 6.70624480476 7.9399253182 2.06603588483 5.43976028795 1.99372184332 10.4525654532 -2.21910615203 10.2337443366 -3.15387549758 4.88259195283
355 4260 0 0 0 5.78826233892 7.07001096321 -8.47696828983 9.88897330371 8.04240106024 6.77582268853 7.81995025769 2.06217460371 5.37891969604 1.81448965342 10.6988646916 -2.67993428066 10.0407213472 -3.01497454632 4.65126261145
356 4272 0 0 0 5.77230197699 6.76840882996 -8.22479777803 10.0659779213 7.61091321141 6.75142137447 8.30625369259 2.24792903837 5.40778708728 2.35056014648 10.8141528874 -2.79460377845 9.83498301827 -2.98250185934 4.60438154294
357 4284 0 0 0 5.14921590661 6.94589529631 -8.18356949274 10.0129136094 7.67438863616 6.66559783252 8.20759339211 2.19993606037 5.47298936421 2.22060632028 11.1006303249 -2.79926545166 9.55000686824 -2.86242447549 4.96915454118
358 4296 0 0 0 5.00296929344 6.78905598768 -7.89971720187 9.98871429775 7.18522890173 6.63159709823 8.50836519079 2.80974275635 5.29944642511 2.29400733057 10.8672165786 -3.16748671325 9.5884849119 -2.74657734149 4.98369902724
359 4308 0 0 0 5.08006258461 6.45475154162 -7.68350799509 10.2800608815 6.96846610541 6.63005727924 9.00697131237 2.73527594253 5.18156144363 2.55651059503 10.717922402 -3.13370971463 9.5380879939 -2.53571051177 5.31523096986
360 4320 0 0 0 5.34666797593 6.56682652027 -7.84808748813 10.4781092959 7.20744777919 6.47731667756 8.89498502927 2.38932833655 5.43841066708 2.94529113584 10.8886975765 -3.17198308253 9.16578975615 -2.95343458823 5.288978247
361 4332 0 0 0 5.17112198576 6.48257577042 -7.82320663763 10.5313852891 6.84550668336 6.25760622333 9.35852237026 2.98553703029 5.45525538381 3.30186658745 10.7277981601 -2.86562678023 9.20679964174 -2.90635026645 5.23474735638
362 4344 0 0 0 5.0334350208 6.70447484662 -7.8561788617 10.3194085605 6.56905818172 6.33400915615 9.47671705202 3.0775534139 5.33265997597 3.28303521271 10.8114114953 -2.95008408011 9.37785381533 -2.89577628252 5.02377837345
363 4356 0 0 0 4.63709482819 6.9774099984 -7.43592396561 10.1560359909 6.7345663322 6.37194819679 9.17964148137 2.83381327023 5.37607342525 3.15957944493 10.9581064453 -3.14542402952 9.65637365439 -2.90479454142 5.05279673605
364 4368 0 0 0 4.55773649261 6.97893969569 -7.49465006925 10.446675442 6.24120111824 6.18881368965 8.9384086187 3.03744654799 5.10820885252 3.0761572264 10.9462398243 -3.84337938332 9.32151732046 -2.80748002894 4.97656445529
365 4380 0 0 0 4.61568943839 6.77862532923 -7.43645997655 10.6234923242 6.43053551397 6.39260501909 9.20589989554 2.96181967608 5.03793307059 3.17542957065 10.7394881448 -3.68425639101 9.47839164756 -2.94245905438 5.07792461918
366 4392 0 0 0 4.58868175055 7.08369744441 -7.54713959868 10.7467023557 6.4998554401 6.3389912674 9.27854208768 2.92141814122 4.92628324877 3.16918354404 10.8982599187 -3.65601055752 9.53137437361 -2.96659861334 5.12792173557
367 4404 0 0 0 4.74361979099 6.93142982102 -7.88116866979 10.7866418848 6.59264321561 6.30818486166 9.49745460105 3.35278594911 5.1481864877 3.06095371109 10.7274045916 -3.42046955197 9.36298554497 -2.86693172898 5.06738036554
368 4416 0 0 0 5.26771303542 6.87339060276 -8.15316394216 10.8847140606 6.7286477023 6.51361030732 9.72282400284 3.25759178156 5.33285778299 3.21598630524 10.5149641364 -3.04605693255 9.4766861034 -2.82015372063 5.25857282256
369 4428 0 0 0 4.80076821773 6.4755029113 -7.51361889114 11.0310641417 6.15490722204 6.66232819607 10.3253818451 3.59858184773 5.20896293342 3.56677241299 10.7156680446 -3.72569623645 9.35726757285 -2.60755191838 5.17433071244
370 4440 0 0 0 5.06568334919 6.8756658215 -7.5086505315 10.9966479732 6.22078139578 6.637340888 10.1458545571 3.0587375583 5.15507124042 3.63427199449 10.3286499418 -3.7264918472 9.30342807131 -3.11915850542 5.45886132763
371 4452 0 0 0 4.80700576282 6.71071703877 -7.22686370254 10.9487124841 6.00272063732 6.58715998707 10.3090916698 3.52343149802 4.98209632842 3.58645624398 10.1541291567 -4.01549847298 9.16516341442 -3.21479957468 5.47993384132
372 4464 0 0 0 4.90111409081 7.15324156373 -7.59719777772 10.981578158 6.28529836335 6.55716464771 9.95855011629 2.9302842233 4.90725899037 3.4850119494 10.2396676266 -4.00116209019 9.0596998622 -3.5280468409 5.38571050076
373 4476 0 0 0 5.19613290099 7.09476601951 -7.0691532322 10.9130772761 6.03727682696 6.65354456344 10.3850427979 2.85028125927 5.18726893395 3.99339424132 9.79338847534 -3.78291320066 9.29105028785 -3.54225178959 5.78812690161
374 4488 0 0 0 5.0077070478 7.22030472857 -6.80944262962 10.8616698988 5.97987806814 6.61573501837 10.4500766742 2.62895754174 5.17954998852 4.05048542964 10.191405597 -3.77090893199 9.54148718151 -3.32213324819 5.77468987112
375 4500 0 0 0 5.52696309323 7.34258364883 -6.83143579708 11.07108229 6.51896810921 6.60976540775 10.7315874508 2.2400799462 5.33046566675 4.38395449257 9.95127602754 -3.70934348951 9.54806218885 -3.7407966015 6.14031697495
376 4512 0 0 0 5.88854394451 7.42914491165 -6.84709268444 10.5913039577 7.14324068744 6.90433331094 10.4788777887 1.69703769347 5.46982672144 3.94804037528 9.81162713506 -3.27533517351 9.78020822389 -3.94407110293 5.87117571277
377 4524 0 0 0 5.73350479302 7.31278446331 -6.65271487196 10.5679910503 7.05050432756 6.76154650454 10.7255918146 2.02675092798 5.45373372856 3.9386124057 9.79487948502 -3.63487024462 9.60293208201 -4.02265360129 5.801556905
378 4536 0 0 0 5.65442940635 7.2133450687 -6.76363504436 10.435208152 6.96388428857 6.68695480306 10.8463067714 2.27518899731 5.6735765648 3.71453241572 9.75608773489 -3.25671351096 9.8473709586 -3.74830746448 5.67458927175
379 4548 0 0 0 5.53772937685 6.86819244328 -6.5533712665 10.422827793 6.80084846491 6.48383971386 10.7581356875 2.49584349876 5.75415931559 3.60014708508 9.77941129079 -3.0955361745 9.90210374132 -3.55073137676 5.7319835333
380 4560 0 0 0 5.95312037271 6.66926962911 -6.79843160923 10.7509868369 6.7280486356 6.33400083308 11.0608252443 2.93752573559 5.89795460547 3.69181058176 9.5308659713 -3.03538186563 10.0137935815 -3.51347692076 5.70136091029
381 4572 0 0 0 6.10053172695 6.47501784415 -7.18500504694 10.7019613354 7.08853688967 6.21316530274 11.4150795627 3.04154771456 6.14614232755 3.77543181378 9.50255350799 -2.3143705129 10.348728097 -3.54192118001 5.59784098553
382 4584 0 0 0 6.06899210865 6.84219141539 -7.24294593126 11.0123504735 7.26053871974 6.14988125004 11.2708985414 2.71513436151 5.94154149914 3.87657613433 9.40746336243 -2.40468469045 10.362044351 -3.79470357219 5.77015852613
383 4596 0 0 0 6.69003461274 6.90001585255 -7.41948151313 11.2394256398 7.60588096261 6.40900905182 11.637938648 2.29807007658 5.90849714392 4.50562642473 9.30450717131 -2.29388813524 10.5802355852 -4.22030680987 5.66690182662
384 4608 0 0 0 7.08352118807 6.67185404273 -7.24721196992 11.244628209 7.61881373457 6.33058946373 12.0784862469 2.33803235375 6.21420815194 4.77821423081 9.0197259517 -1.81176588279 10.6707602713 -4.2870747986 5.99789840627
385 4620 0 0 0 6.90349213904 6.79426310728 -7.43487412203 11.0067822076 7.78660743498 6.26478978674 11.9342792238 2.33923319865 6.2160562596 4.5849324848 9.07244076635 -1.53351062912 10.6798283784 -4.27855276938 6.11099940404
386 4632 0 0 0 6.99148504205 6.63483588596 -7.32305778102 11.2696137807 7.75948305865 6.42089382884 12.1816402509 2.35542432858 6.14608790271 4.70256646507 9.03174076628 -1.43435539485 10.6742941902 -4.13623229561 6.32969716908
387 4644 0 0 0 6.73829366318 6.68324884566 -7.34472966133 10.9749643133 7.949700357 6.55410744035 12.0116101469 2.23530706936 6.13487964659 4.80234728376 9.20587515023 -1.19372264369 10.7850464555 -4.11212472652 6.15395843225
388 4656 0 0 0 6.40128041572 6.63164316761 -6.63469647144 10.799256886 7.53682213789 6.6588964077 12.07099161 2.05134771583 6.19588263625 4.96172425469 9.45036214188 -1.36373638574 10.7681464584 -3.98278678727 6.25694060651
389 4668 0 0 0 6.87501047119 6.95487185629 -6.87736025757 10.7213375449 8.0762233452 6.75241173342 11.5477894091 1.6779512603 6.21385582634 4.66998617752 9.3109948187 -1.46679800094 10.8503836851 -4.29938878083 6.25236464543
390 4680 0 0 0 6.76217831405 6.94801679804 -6.88104057701 10.7397975686 7.86629743109 6.81257690436 11.7868800745 1.87964419762 6.19107061275 4.76665128603 9.05073931373 -1.21035027811 10.9461069754 -4.21975419371 6.33133120543
391 4692 0 0 0 6.2519553005 6.67842511515 -6.60097552486 10.6397033334 7.64209365239 6.95103646 11.4081956702 2.22116971927 5.94091244086 4.29430231901 9.22920344239 -1.88333504814 10.5261901464 -3.97392006911 6.10738340607
392 4704 0 0 0 6.01478501945 6.90979464062 -6.7179504935 10.7031287529 7.14488836706 6.76787753189 11.4387393509 2.67771806299 5.56236670264 4.13489369999 9.06906396119 -2.12697813768 10.5249333146 -3.89922675281 6.19253522703
393 4716 0 0 0 6.11441190537 6.76663580202 -6.76723883253 10.68152882 7.1718160318 6.77015577783 11.3909584339 2.63162377608 5.73934228758 4.01558205713 9.10832460418 -1.776846674 10.6885635515 -3.65471160353 6.31803466518
394 4728 0 0 0 6.19701374505 6.66831608725 -6.75417628728 10.7562763761 7.12828973505 6.88065770059 11.5735896346 2.53137211143 5.74683844541 4.37644281133 8.93293518169 -1.85483298927 10.5474217294 -3.80398524571 6.3981781162
