% # columns="iteration, evaluation, sigma, max axis length,  min axis length, all principle axes lengths  (sorted square roots of eigenvalues of C)", seed=3, Thu Feb  1 12:25:13 2018
1 12 1.91060300907 1.00004705993 1.0 1.0 1.00000294118 1.00000588237 1.00000882357 1.00001176478 1.00001470599 1.00001764721 1.00002058845 1.00002352969 1.00002647094 1.0000294122 1.00003235346 1.00003529474 1.00003823603 1.00004117732 1.00004411862 1.00004705993
2 24 1.89539206654 1.06648794672 0.947350727121 0.947350727121 0.959657207923 0.976230375144 0.982827416283 0.994065210701 0.996780055571 1.00001224607 1.00001591768 1.00002325914 1.00002924881 1.00003236594 1.00126926969 1.00136196197 1.00689463634 1.00891769741 1.03032445532 1.06648794672
3 36 1.8692262874 1.09492934203 0.928815363892 0.928815363892 0.939599140656 0.95208127746 0.967893934326 0.980473492583 0.988143279411 0.991405327812 0.997504977923 0.998467273589 0.999367392691 1.00217987843 1.00541246459 1.01060543969 1.02336546032 1.03577595479 1.05880101253 1.09492934203
4 48 1.92959213537 1.12345387686 0.897504236728 0.897504236728 0.923154080349 0.94461053104 0.961297125411 0.970147084314 0.980760460116 0.991134452474 0.99465597724 0.996265760521 0.996987821728 1.00346152247 1.00771359618 1.02438271667 1.02572828513 1.03773527894 1.07801391391 1.12345387686
5 60 1.86383256101 1.14645472042 0.893470935148 0.893470935148 0.919502574287 0.944640400608 0.954372868367 0.962454509123 0.968649649014 0.976852701474 0.986590935642 0.992710767922 0.995790528297 1.00279469977 1.01465702494 1.02540881582 1.04379916986 1.04880215196 1.08521544708 1.14645472042
6 72 1.79683351282 1.14815325774 0.892462950327 0.892462950327 0.90818692291 0.940649907752 0.950641803391 0.958198907669 0.963478098153 0.974501712406 0.986254864308 0.989073449406 0.99711015619 1.00214692634 1.01778738595 1.0257089612 1.04598427594 1.05091663277 1.08294954129 1.14815325774
7 84 1.75620642544 1.16168961206 0.894867542773 0.894867542773 0.899033280021 0.921379963861 0.937185209294 0.953171229925 0.963482378198 0.974567503818 0.979406911186 0.985376246114 0.993724540754 1.0000630094 1.01313205701 1.02967378573 1.03722264937 1.05651582427 1.09538712854 1.16168961206
8 96 1.79135425401 1.15928257159 0.883343566898 0.883343566898 0.896127163832 0.914821712366 0.936812992188 0.939781797551 0.95096524433 0.973651783304 0.981197645152 0.98636063592 0.995920004094 1.00214423122 1.0150174178 1.02432140835 1.04466236204 1.06874013017 1.09046042919 1.15928257159
9 108 1.87511491488 1.16556607442 0.872705946073 0.872705946073 0.890639600382 0.920198821616 0.93102701482 0.93469966904 0.949674223064 0.957578123685 0.974631656428 0.982180704135 0.986394940772 1.00322498192 1.01580310635 1.02259836198 1.04618090125 1.08181925576 1.1233031816 1.16556607442
10 120 1.92717456172 1.17474479941 0.865419445579 0.865419445579 0.881895811803 0.899718892853 0.927092626808 0.937670561769 0.950917299301 0.95431033804 0.977470578812 0.985692428554 0.987940935724 1.00147619627 1.00679368632 1.04357156943 1.04756643062 1.06752173826 1.15977177715 1.17474479941
11 132 1.92335857997 1.20010661821 0.866238408864 0.866238408864 0.869673571301 0.890526447154 0.924506324718 0.933653971939 0.940347691946 0.947371242608 0.978680744562 0.98291334901 0.985677540124 0.999407810166 1.00464290957 1.04108263783 1.05325472048 1.0749271169 1.15384926954 1.20010661821
12 144 1.96919124438 1.23599656688 0.86183415331 0.86183415331 0.867860989412 0.882637037746 0.900953759955 0.923419100548 0.932521605383 0.951337520958 0.970777017411 0.977690313039 0.983725475089 1.00733794157 1.01277748035 1.05031190043 1.05994069282 1.08356846109 1.14830193186 1.23599656688
13 156 2.08614584596 1.27793144034 0.845483400667 0.845483400667 0.866461017847 0.880572855017 0.897439216561 0.92706063436 0.932402147548 0.946785484018 0.955334931698 0.973190697408 0.985933795018 1.00293860199 1.02064403118 1.0424088036 1.0573122022 1.07874156071 1.14462126552 1.27793144034
14 168 2.11344137106 1.34123054367 0.84567653154 0.84567653154 0.866315744805 0.874983270045 0.892133098493 0.922947242307 0.924247399954 0.935650628203 0.951414109496 0.955059300115 0.985802065607 0.98930629004 1.02039991958 1.04646127197 1.05615207736 1.08974073383 1.13926825713 1.34123054367
15 180 2.14462302295 1.36631740866 0.85164192324 0.85164192324 0.864358668799 0.872619777291 0.885278734893 0.902159999069 0.926228795825 0.930703495082 0.940364526618 0.954956745691 0.97430130632 0.988479722864 1.01815945602 1.04821924181 1.06485239219 1.10089958228 1.14230197953 1.36631740866
16 192 2.08927283758 1.40255682699 0.836526046346 0.836526046346 0.864538180331 0.867266355691 0.881229082995 0.898995125441 0.906797172385 0.926027867754 0.938455395592 0.948044609483 0.96874340189 0.985364802587 1.0065568776 1.04809025583 1.07498374281 1.09897648345 1.14853388741 1.40255682699
17 204 2.02419538354 1.40866316897 0.829033494659 0.829033494659 0.860051270186 0.863677584371 0.871741255415 0.888263782313 0.899913820198 0.925934337863 0.939278470889 0.951681795907 0.969119761317 0.984657352666 0.999113222182 1.05265930173 1.07382128383 1.09435937207 1.14850514141 1.40866316897
18 216 1.95275412344 1.41642743195 0.825878166535 0.825878166535 0.835331402585 0.861594343226 0.870634379021 0.889895960898 0.899391102229 0.923135870047 0.936392673026 0.951004067001 0.966818320234 0.984074158968 0.99609807034 1.04962406954 1.06714411172 1.09342914627 1.13909484091 1.41642743195
19 228 1.90681014992 1.41811928332 0.822890463456 0.822890463456 0.840504231048 0.85020027551 0.87304257511 0.893431446018 0.902768718828 0.909509443775 0.933224949288 0.94740077433 0.96853126641 0.981144834679 0.993133484066 1.04215639834 1.05825637592 1.09561295024 1.14140820752 1.41811928332
20 240 1.87307701571 1.42108317689 0.819532576578 0.819532576578 0.833636449142 0.846874811191 0.863963312453 0.882950674629 0.895679928271 0.907315215238 0.927259281038 0.940936503395 0.97011775124 0.975748076305 1.00868632342 1.03260254163 1.06633252544 1.09649268897 1.15222924943 1.42108317689
21 252 1.85931429236 1.42822924864 0.806580055661 0.806580055661 0.823537943285 0.839976454398 0.860874042174 0.880435398769 0.895434041111 0.90396470533 0.923149906021 0.934946502311 0.968202196192 0.974783780757 1.01638313494 1.02782115711 1.07038058772 1.1063782647 1.14706763654 1.42822924864
22 264 1.86620926783 1.41706163305 0.784701847977 0.784701847977 0.824279571925 0.833171931461 0.861297703191 0.87018208454 0.889919670557 0.908789169186 0.921883098952 0.936866817996 0.966302278519 0.97748673385 1.01566334932 1.02379442214 1.06330147377 1.11209007181 1.15610241531 1.41706163305
23 276 1.82039209664 1.42058235884 0.785451726352 0.785451726352 0.825155926364 0.83061439068 0.858730757409 0.867590106828 0.884054975873 0.901968470064 0.915911774044 0.937000056715 0.957780356134 0.978467882348 0.996813411565 1.02328733934 1.05896146656 1.10044018114 1.17816570159 1.42058235884
24 288 1.75078789346 1.42752367556 0.77659328056 0.77659328056 0.825377976069 0.826529090126 0.846857358694 0.857786740227 0.88570849064 0.897768238345 0.912875464455 0.941419112193 0.9634295527 0.971753968648 0.992461029062 1.01579553759 1.07274559871 1.10804445561 1.17810097994 1.42752367556
25 300 1.69877285167 1.4440341847 0.78112820596 0.78112820596 0.812731056578 0.819038426115 0.84215246102 0.856000885809 0.881753070495 0.897415400064 0.903132823273 0.935378699655 0.956837979083 0.95965284687 0.990461983439 1.02057435553 1.06337103456 1.11294057248 1.18417215436 1.4440341847
26 312 1.6295282333 1.43682116336 0.786387397711 0.786387397711 0.807321765668 0.818443781015 0.836062680381 0.85318547007 0.877402029557 0.888747008153 0.90144713072 0.936242021412 0.954436075652 0.965825134086 0.984668771555 1.01991900043 1.05520075098 1.12551272407 1.17702388037 1.43682116336
27 324 1.59693457027 1.44407349176 0.785333865446 0.785333865446 0.806500943061 0.812703271572 0.829588241727 0.839110005682 0.877106090814 0.887621946701 0.897936477165 0.930128531136 0.946709116526 0.96052361929 0.988176728914 1.02935107495 1.05743947984 1.1329977786 1.16846483137 1.44407349176
28 336 1.58481860234 1.45253578932 0.781346136512 0.781346136512 0.800639079617 0.804496173838 0.825361346876 0.839574396401 0.876876961579 0.88401997376 0.88838179013 0.930202347777 0.938669631895 0.941375900113 0.981794334738 1.02582304541 1.0722048199 1.14909091953 1.15954401334 1.45253578932
29 348 1.60918614344 1.46641350503 0.776474634413 0.776474634413 0.793036359295 0.803949783161 0.823736949179 0.839344790108 0.866027577395 0.87898432574 0.897163950454 0.920992766588 0.932089608838 0.945205750987 0.970914836717 1.02119774325 1.07677842521 1.15046398352 1.16091570811 1.46641350503
30 360 1.56962275442 1.48413321962 0.773796357022 0.773796357022 0.784365738091 0.805116591499 0.810132922821 0.838925245949 0.850132026924 0.880570183049 0.898496842536 0.920939961747 0.932898305103 0.94913176979 0.973061970286 1.01662896007 1.08360665334 1.15604818918 1.18432233366 1.48413321962
31 372 1.46914071416 1.50685306487 0.769866188696 0.769866188696 0.77600135435 0.8005938101 0.801755941844 0.844228280325 0.851738020382 0.885114585493 0.899178179244 0.915202573341 0.921497104609 0.948033774891 0.975166640213 1.01299238555 1.07723621208 1.15256989859 1.18541048683 1.50685306487
32 384 1.50426938816 1.51560759055 0.767190686157 0.767190686157 0.776611907999 0.793726462439 0.800414221151 0.845852819971 0.849887819156 0.874670636039 0.885393906768 0.917339859469 0.920988486535 0.949319965844 0.969970709283 1.0018803541 1.06996295731 1.15821992804 1.18486175433 1.51560759055
33 396 1.48155668064 1.51364072031 0.758917937887 0.758917937887 0.776706158957 0.794173670102 0.800756156839 0.8338483438 0.847894306459 0.871834962557 0.878796501626 0.91829120454 0.924100448627 0.947797958491 0.975400681982 0.998349910643 1.06832188957 1.17181070305 1.21711211663 1.51364072031
34 408 1.50420317458 1.51637549438 0.754177182277 0.754177182277 0.776610527809 0.790163640748 0.79478405001 0.829688430556 0.846766417163 0.863862366224 0.876650860103 0.919553379601 0.93109390524 0.952162044518 0.978634690958 0.988927115983 1.05461188476 1.16673216978 1.22029179389 1.51637549438
35 420 1.48838676963 1.53071097713 0.74726205097 0.74726205097 0.777179800487 0.778658691511 0.795922877228 0.818407347752 0.846320169532 0.859522438224 0.877123043204 0.922733380349 0.929708478575 0.953713736405 0.981692154963 0.995316400287 1.05662576621 1.15332977902 1.21423283122 1.53071097713
36 432 1.51232225772 1.53770885577 0.745185344303 0.745185344303 0.77399388828 0.777374614999 0.790246550779 0.813783378107 0.849445631532 0.852525384493 0.87696692273 0.91129891615 0.934114162489 0.954769396478 0.973151583115 0.984982428313 1.05187291399 1.16298084337 1.22352210615 1.53770885577
37 444 1.47278686757 1.53266977649 0.743083228791 0.743083228791 0.765785322291 0.774863867269 0.785497095943 0.816128210432 0.830543718671 0.846368164458 0.880740867576 0.898668593712 0.9302664253 0.959658744901 0.974253133588 0.985505645757 1.07406109691 1.18909795848 1.22671013942 1.53266977649
38 456 1.41288280752 1.53653625328 0.729123694433 0.729123694433 0.764137442348 0.773226430442 0.781610353318 0.806952352845 0.827352273041 0.845991750486 0.881110614443 0.90165609337 0.934460532925 0.962458711665 0.974638632453 0.984582233285 1.0773199336 1.19954154642 1.221792445 1.53653625328
39 468 1.35851056176 1.53103879308 0.720253201746 0.720253201746 0.762018361748 0.774262944087 0.781124375217 0.809409669057 0.824873254596 0.844582827732 0.880761839856 0.886608236008 0.921131730353 0.949635674806 0.97408878483 0.98406260541 1.07686780529 1.21093047319 1.22748998975 1.53103879308
40 480 1.29794860998 1.51868146319 0.7108036283 0.7108036283 0.761841353708 0.766885678523 0.780059282694 0.811616527109 0.822852162942 0.844284775088 0.881595530072 0.889640697284 0.907946974478 0.949276871532 0.974627015583 0.999236397416 1.07362432224 1.20284037622 1.24188707383 1.51868146319
41 492 1.26259859697 1.52581733583 0.702717450842 0.702717450842 0.755595298607 0.765827574458 0.773568564147 0.810987491064 0.825172730005 0.840294384028 0.87117941521 0.896304868284 0.9091318285 0.949914469985 0.973955704599 1.00630400868 1.06044675773 1.19637935423 1.24509254828 1.52581733583
42 504 1.28401643859 1.5340883785 0.699558595248 0.699558595248 0.744348654238 0.761337874522 0.776820843611 0.813309999123 0.818037161793 0.841926224326 0.865174105201 0.889711869301 0.90692083145 0.935678654819 0.976778607892 1.00002605292 1.06151635823 1.19379902382 1.25220099281 1.5340883785
43 516 1.30962428111 1.54642140418 0.701618559598 0.701618559598 0.739963000258 0.758737449987 0.777180962434 0.813498214681 0.815981820498 0.835514401106 0.860761343854 0.873715998272 0.919972311599 0.935152714022 0.981515729511 1.02133026428 1.06639639043 1.19645228249 1.24309937638 1.54642140418
44 528 1.29576534916 1.55907894419 0.70073621979 0.70073621979 0.739182779756 0.756160969432 0.771326815005 0.803610583673 0.82663527037 0.835064843716 0.849858712802 0.86762631243 0.925006526054 0.941641350724 0.977899031573 1.03505903668 1.06588096413 1.20201634698 1.242267299 1.55907894419
45 540 1.31288233638 1.5917294338 0.700143044621 0.700143044621 0.737024495452 0.754148128781 0.775858215381 0.803966804944 0.820183278791 0.838344529281 0.848552914085 0.857499004889 0.910679922835 0.940154916888 0.974039598338 1.04054147396 1.07084650856 1.19639762078 1.23601086796 1.5917294338
46 552 1.27121154123 1.58752612734 0.694946665447 0.694946665447 0.724079389899 0.756265167709 0.772911538692 0.80579047417 0.8195513252 0.837437953056 0.849535822839 0.861908693763 0.902863154777 0.937237359718 0.97530132083 1.03091499626 1.09509055947 1.17960370917 1.24733388141 1.58752612734
47 564 1.19533514612 1.5849417127 0.680577819119 0.680577819119 0.719178079407 0.759411711362 0.77826334568 0.7927193017 0.820221197912 0.833502174749 0.8443038576 0.858217494792 0.902068389032 0.942774028473 0.980972101977 1.03189748743 1.09017495278 1.18357966686 1.25206740125 1.5849417127
48 576 1.13916089116 1.58606235528 0.66565879745 0.66565879745 0.715374047755 0.753409582035 0.777930074809 0.791238121762 0.816450237222 0.835861425866 0.836701497056 0.858026602109 0.90279858477 0.943662371547 0.979775978472 1.02158257118 1.09115246268 1.1803959235 1.2361303446 1.58606235528
49 588 1.08577269666 1.57591872828 0.659947323815 0.659947323815 0.718930106274 0.755712646586 0.769260056598 0.78764961886 0.810497628076 0.817940796185 0.835044309452 0.854203017129 0.900245872733 0.933192525734 0.985027428332 1.02051901259 1.09446080934 1.17308861238 1.24498645945 1.57591872828
50 600 1.07237321111 1.57544089313 0.641865667592 0.641865667592 0.718577637618 0.757830621582 0.765840988312 0.780103073516 0.804053695642 0.814026339126 0.837310095295 0.857832709809 0.89968790118 0.93089774599 0.982213679324 1.02389502101 1.09453225203 1.16989021574 1.23355525262 1.57544089313
51 612 1.03716570898 1.57730976284 0.634743970473 0.634743970473 0.717207922264 0.756212823638 0.765602032079 0.782158670831 0.805383059257 0.816638483192 0.831827159269 0.861469003746 0.888653104601 0.93589105378 0.982227126943 1.01440490091 1.07964936401 1.16535827708 1.24606670151 1.57730976284
52 624 0.993442093902 1.57099894971 0.631471116745 0.631471116745 0.71411311473 0.75217791876 0.763913915791 0.779443345038 0.783719354218 0.808018512491 0.832600525904 0.866345796827 0.886792304915 0.941349506031 0.980126629991 1.01017925029 1.0849557903 1.16186439364 1.23497308442 1.57099894971
53 636 0.996146012584 1.56315575729 0.631252414041 0.631252414041 0.71208062467 0.739697879283 0.752219425971 0.783702718168 0.785613392827 0.806654176369 0.830548633339 0.864670154176 0.878976505007 0.937996387803 0.998467223304 1.00720545488 1.07879369387 1.14816649294 1.2402092912 1.56315575729
54 648 1.02544688761 1.55823327304 0.6170405392 0.6170405392 0.70755921626 0.739088475152 0.755608895073 0.777501561943 0.788237699568 0.802294588397 0.82521623135 0.867346271484 0.87778763016 0.97566065248 1.00050846161 1.00321568999 1.06609239833 1.1463278873 1.24988757636 1.55823327304
55 660 1.04661767042 1.54768776163 0.605824362706 0.605824362706 0.709579919718 0.731744207315 0.754682679975 0.775914780262 0.783399033237 0.795765388454 0.826741285237 0.857881231068 0.878699215556 0.977149146895 0.990936001283 1.02417200835 1.07929121963 1.15546329262 1.24764286014 1.54768776163
56 672 1.02192607017 1.55042931861 0.603553568539 0.603553568539 0.691553822992 0.72376733304 0.747613512215 0.768350463873 0.776359500187 0.794718999698 0.831475014431 0.861025761899 0.886211356945 0.972253825244 0.982089073511 1.05431682035 1.0837349197 1.15870838511 1.2502780418 1.55042931861
57 684 1.00589514426 1.55901215041 0.584417840955 0.584417840955 0.688017797723 0.726718931686 0.742672847809 0.766437041642 0.769635104906 0.798023274835 0.833263157528 0.861134055373 0.876070906235 0.980791887951 0.988629980039 1.08053946858 1.09602247584 1.1676146292 1.25337967013 1.55901215041
58 696 0.979068612223 1.51947483672 0.568804161548 0.568804161548 0.681840148494 0.724848037422 0.739728977146 0.765438743875 0.773472798574 0.794772173777 0.833446490421 0.876247347079 0.878023527558 0.968462795117 0.986860066281 1.07938973096 1.09912561637 1.16252877145 1.27007135098 1.51947483672
59 708 0.995507039485 1.50881065523 0.559362964351 0.559362964351 0.68057551805 0.723950921462 0.743458657081 0.749667307388 0.772625556728 0.792583258111 0.831904709608 0.874349154801 0.876238740753 0.966249726581 0.98906513031 1.07556900218 1.10191009683 1.16619156115 1.27769742328 1.50881065523
60 720 1.05050551594 1.49583263086 0.557256517077 0.557256517077 0.679018651604 0.722840670411 0.743769305557 0.749507787152 0.77171359901 0.802843996715 0.833541694434 0.873614572239 0.877352711866 0.959983361637 0.999889775901 1.06417415567 1.11664121164 1.17112404454 1.27712187068 1.49583263086
61 732 1.09786352814 1.48953464018 0.549061282356 0.549061282356 0.680608937808 0.714771660372 0.743471994213 0.746428803919 0.77089327272 0.81242443529 0.827678205203 0.867885686668 0.883925584384 0.961740740433 1.02537086998 1.05696320044 1.11915930131 1.16885171536 1.2834168974 1.48953464018
62 744 1.14719297399 1.49263388774 0.545354173967 0.545354173967 0.679153985813 0.702246507597 0.734848907847 0.744001393555 0.769350858429 0.818968566806 0.827709336814 0.861165233418 0.880224289615 0.962699865626 1.03037569843 1.05435921661 1.15035625026 1.16630469202 1.27733550059 1.49263388774
63 756 1.17758065333 1.49534582588 0.536182775041 0.536182775041 0.67665554119 0.694478796387 0.741056733902 0.747800645477 0.766609233188 0.818423172895 0.824697221973 0.864250414352 0.875901091423 0.954185414647 1.0462674825 1.05539490413 1.15073136668 1.16674722638 1.29026722323 1.49534582588
64 768 1.21401508742 1.49449316392 0.524168000855 0.524168000855 0.67730758139 0.689814641404 0.720193668114 0.746280910071 0.776812318323 0.821786445792 0.828173765336 0.855320676272 0.880072119835 0.96145181985 1.03552230135 1.08040642745 1.15353005046 1.17750162572 1.31098931177 1.49449316392
65 780 1.18929323218 1.49732433711 0.516860955194 0.516860955194 0.667011733205 0.690021008265 0.72583872207 0.746002197335 0.771836879661 0.826155134539 0.832296308673 0.842626196861 0.878120151548 0.955973505899 1.03149417807 1.07717980917 1.14035208159 1.2191736809 1.31645351785 1.49732433711
66 792 1.22629095197 1.48900504807 0.508811974374 0.508811974374 0.665656025891 0.684842351325 0.734735929377 0.743913935888 0.764453091321 0.823003073351 0.832194944985 0.840178657362 0.877194593082 0.962856835348 1.04404656649 1.07626244932 1.12229358434 1.23443548793 1.31077577502 1.48900504807
67 804 1.23276987604 1.48069567619 0.504555957927 0.504555957927 0.65646409584 0.681675229866 0.727583025565 0.744996731095 0.766566109169 0.822870284075 0.823516195475 0.837507879936 0.871292683907 0.966448287272 1.0440035539 1.09783022106 1.12571938919 1.26030499008 1.30246288318 1.48069567619
68 816 1.20116598524 1.48591910626 0.496562884608 0.496562884608 0.655992891877 0.680213700002 0.730270713895 0.744453727186 0.769042256005 0.813000508828 0.825036391485 0.84189296315 0.882307254288 0.94256433441 1.04818919978 1.07446119165 1.12611011601 1.26543516582 1.30073407914 1.48591910626
69 828 1.19861554608 1.48264155189 0.491024688772 0.491024688772 0.651993135585 0.673801175278 0.72758223717 0.740077142453 0.776692103402 0.804764256938 0.82496645454 0.841590649015 0.884666283606 0.936179311056 1.04360076512 1.06469496666 1.13451419589 1.25846887446 1.31752238004 1.48264155189
70 840 1.14837956488 1.48116985636 0.483332956457 0.483332956457 0.648048460014 0.670276408165 0.725016258822 0.73951986838 0.771922426747 0.805078582662 0.818047176469 0.846016856812 0.909073841587 0.928812603566 1.03172932879 1.06207740203 1.1203991027 1.25022452873 1.32430004391 1.48116985636
71 852 1.07051270848 1.4714219756 0.480987787396 0.480987787396 0.640811066672 0.668494962926 0.727338876975 0.737805886493 0.756940412202 0.800879084239 0.824669670267 0.852716662415 0.913927299419 0.924517470029 1.02505576885 1.05935589958 1.11549011435 1.23600636858 1.32975819194 1.4714219756
72 864 1.06460531264 1.49004341482 0.473527383459 0.473527383459 0.619350424536 0.667754961127 0.726009226585 0.736460994848 0.752906646631 0.796878478555 0.822598237549 0.85398616092 0.906661246636 0.923353326801 1.0220328154 1.05160484171 1.11536040055 1.23763316626 1.33368649185 1.49004341482
73 876 1.02300060032 1.4940652088 0.473390568934 0.473390568934 0.616433369352 0.6699557005 0.727188526883 0.733211557593 0.74413023715 0.797447229184 0.820336609804 0.851491437229 0.910767949246 0.924894172929 1.01893965092 1.05232757228 1.10952515867 1.2437871964 1.32921032095 1.4940652088
74 888 1.03226336349 1.49944757507 0.471370596671 0.471370596671 0.616639806947 0.670418283761 0.717141588797 0.723570800276 0.74216285628 0.794920750216 0.816867816994 0.850103754449 0.906885707013 0.921461926137 1.01728748317 1.0566775671 1.10588531959 1.2504189616 1.32850518404 1.49944757507
75 900 1.01912043032 1.50302292367 0.473576221555 0.473576221555 0.605101255632 0.667710059821 0.716110850655 0.723644098983 0.736000889372 0.789639279319 0.820156838499 0.848331708342 0.908473671524 0.961693388573 1.01344286577 1.06310072597 1.11807730116 1.22336644771 1.31934618519 1.50302292367
76 912 0.99420949883 1.50228399971 0.472036151583 0.472036151583 0.605014611297 0.66974427426 0.711988169471 0.725762979873 0.72912503434 0.793209304764 0.81508018628 0.848314000611 0.904541485195 0.970617346085 1.01695991867 1.06182057024 1.11716368411 1.21036892619 1.30944626991 1.50228399971
