% # columns="iteration, evaluation, sigma, axis ratio, bestever, best, median, worst objective function value, further objective values of best", seed=17, Tue Jan 30 17:16:51 2018, <python>{}</python>
1 12 1.87251821041 1.00004666776 -8.606666666666667 -8.6066666666666674e+00 -8.42666666667 -5.72335666667   
2 24 1.78651064463 1.14930277573 -8.606666666666667 -8.6066666666666674e+00 -8.44333333333 -8.1965   
3 36 1.84500341524 1.18327422458 -8.613333333333333 -8.6133333333333333e+00 -8.46333333333 -1.89193933333   
4 48 1.82826853361 1.28190734057 -8.613333333333333 -8.6066666666666674e+00 -8.54 -8.47666666667   
5 60 1.75370244347 1.29965333615 -8.616666666666667 -8.6166666666666671e+00 -8.51333333333 -8.46   
6 72 1.71569952428 1.37096286678 -8.616666666666667 -8.5800000000000001e+00 -8.51333333333 -8.34333333333   
7 84 1.73460836289 1.38434350893 -8.616666666666667 -8.5999999999999996e+00 -8.55 -8.33666666667   
8 96 1.86225617554 1.46985694805 -8.616666666666667 -8.6133333333333333e+00 -8.54 -1.85163   
9 108 1.82278726391 1.55873848359 -8.636666666666667 -8.6366666666666667e+00 -8.49666666667 -3.67724733333   
10 120 1.73390853186 1.60377393623 -8.636666666666667 -8.6166666666666671e+00 -8.53333333333 -8.0565   
11 132 1.69156786131 1.60814015967 -8.636666666666667 -8.6300000000000008e+00 -8.55 -5.86162733333   
12 144 1.63909151469 1.6286886763 -8.636666666666667 -8.6166666666666671e+00 -8.57 -8.48   
13 156 1.65308671454 1.61034987162 -8.636666666666667 -8.6366666666666667e+00 -8.58333333333 -8.47333333333   
14 168 1.69095413004 1.68230620549 -8.673333333333334 -8.6733333333333338e+00 -8.60333333333 -8.55   
15 180 1.73006138606 1.69547262442 -8.723166666666666 -8.7231666666666658e+00 -8.64 -8.53666666667   
16 192 1.79962134978 1.73482916468 -8.723166666666666 -8.6833333333333336e+00 -8.62 -8.46333333333   
17 204 1.73908954381 1.72719304918 -8.723166666666666 -8.6766666666666659e+00 -8.61333333333 -3.799914   
18 216 1.68630592054 1.75283577317 -8.7265 -8.7264999999999997e+00 -8.62 -8.52333333333   
19 228 1.62124898744 1.8110541389 -8.7265 -8.6899999999999995e+00 -8.58666666667 -3.27849333333   
20 240 1.4915189086 1.82244342655 -8.7265 -8.6966666666666672e+00 -8.60666666667 -1.21164   
21 252 1.40638683299 1.84571995786 -8.7265 -8.6733333333333338e+00 -8.61333333333 -5.68870333333   
22 264 1.30513398587 1.83024037937 -8.7265 -8.6933333333333334e+00 -8.66 -8.54666666667   
23 276 1.22112767475 1.83176622002 -8.7265 -8.6866666666666674e+00 -8.62333333333 -8.55333333333   
24 288 1.16086808585 1.83187324517 -8.7265 -8.6899999999999995e+00 -8.64333333333 -8.56333333333   
25 300 1.09065138085 1.85907321308 -8.7265 -8.7065000000000001e+00 -8.65666666667 -8.59333333333   
26 312 1.04007299201 1.86036248412 -8.7265 -8.7033333333333331e+00 -8.64666666667 -8.56333333333   
27 324 1.00535218212 1.87245727194 -8.7265 -8.6766666666666659e+00 -8.62666666667 -8.49333333333   
28 336 0.976837507366 1.89792249739 -8.7265 -8.6799999999999997e+00 -8.64333333333 -8.53333333333   
29 348 0.981023052993 1.86132714514 -8.7265 -8.6733333333333338e+00 -8.61 -3.0   
30 360 0.989687828102 1.85316070942 -8.7265 -8.6866666666666674e+00 -8.65666666667 -8.56666666667   
31 372 0.974758316473 1.86510111077 -8.7265 -8.6833333333333336e+00 -8.63666666667 -8.57333333333   
32 384 0.992369963318 1.85440383912 -8.7265 -8.6733333333333338e+00 -8.62666666667 -8.57   
33 396 0.990478832302 1.89647271303 -8.7265 -8.6833333333333336e+00 -8.63333333333 -8.60333333333   
34 408 0.971872177406 1.90759141053 -8.7265 -8.7264999999999997e+00 -8.65 -8.6   
35 420 0.970711876509 1.96378547385 -8.7265 -8.7033333333333331e+00 -8.64333333333 -8.6   
36 432 1.04815996697 1.99611430926 -8.7265 -8.6633333333333340e+00 -8.64 -8.59333333333   
37 444 1.09731355533 2.01724083816 -8.7265 -8.6933333333333334e+00 -8.64666666667 -8.55   
38 456 1.11432022765 2.03260066918 -8.7265 -8.7264999999999997e+00 -8.66 -8.57   
39 468 1.12455300451 2.05496060004 -8.7265 -8.7264999999999997e+00 -8.65333333333 -5.870048   
40 480 1.12297497976 2.07645620337 -8.7265 -8.6966666666666672e+00 -8.65666666667 -8.40333333333   
41 492 1.07115275487 2.0800806986 -8.7265 -8.6833333333333336e+00 -8.65666666667 -3.45351933333   
42 504 1.01975793973 2.12250806028 -8.7265 -8.7164999999999999e+00 -8.66666666667 -8.57666666667   
43 516 0.958484959063 2.17311397182 -8.7265 -8.7033333333333331e+00 -8.67333333333 -8.56666666667   
44 528 0.890643681787 2.22426407656 -8.7265 -8.7065000000000001e+00 -8.65666666667 -8.45666666667   
45 540 0.850291167551 2.24297719701 -8.733166666666667 -8.7331666666666674e+00 -8.66 -8.57333333333   
46 552 0.783793935116 2.24397040844 -8.733166666666667 -8.7198333333333338e+00 -8.65666666667 -8.47666666667   
47 564 0.773095800388 2.24906511563 -8.733166666666667 -8.7164999999999999e+00 -8.68 -8.2365   
48 576 0.782603678041 2.2486524284 -8.733166666666667 -8.7198333333333338e+00 -8.67666666667 -8.57666666667   
49 588 0.827827728452 2.31024567063 -8.733166666666667 -8.7098333333333340e+00 -8.66666666667 -8.31333333333   
50 600 0.847147727595 2.45846616611 -8.733166666666667 -8.6899999999999995e+00 -8.66 -8.58666666667   
51 612 0.877136307953 2.53011733049 -8.733166666666667 -8.7033333333333331e+00 -8.67 -8.63666666667   
52 624 0.886216245083 2.53763781057 -8.733166666666667 -8.6899999999999995e+00 -8.65 -8.49666666667   
53 636 0.864647070067 2.52852821127 -8.733166666666667 -8.7033333333333331e+00 -8.66333333333 -8.32   
54 648 0.893282864258 2.51790844007 -8.733166666666667 -8.6866666666666674e+00 -8.65666666667 -8.56666666667   
55 660 0.831184357724 2.52149817247 -8.733166666666667 -8.6933333333333334e+00 -8.62333333333 -8.54   
56 672 0.786349117825 2.56066149794 -8.733166666666667 -8.6966666666666672e+00 -8.61333333333 -8.56666666667   
57 684 0.742786072718 2.51570803001 -8.733166666666667 -8.6999999999999993e+00 -8.67333333333 -8.61   
58 696 0.687722597291 2.53062464179 -8.733166666666667 -8.6966666666666672e+00 -8.66666666667 -8.58666666667   
59 708 0.646721126219 2.50137000347 -8.733166666666667 -8.6966666666666672e+00 -8.65666666667 -8.57333333333   
60 720 0.625712579694 2.53627315056 -8.733166666666667 -8.7033333333333331e+00 -8.65666666667 -8.59666666667   
61 732 0.638969538329 2.54765290527 -8.733166666666667 -8.6933333333333334e+00 -8.66333333333 -8.52333333333   
62 744 0.655622277525 2.61355517792 -8.733166666666667 -8.7231666666666658e+00 -8.62333333333 -1.15714666667   
63 756 0.634416448624 2.65486783218 -8.733166666666667 -8.7033333333333331e+00 -8.68 -8.64333333333   
64 768 0.606215175223 2.61534324077 -8.733166666666667 -8.7264999999999997e+00 -8.65 -8.56666666667   
65 780 0.584416154035 2.69937828063 -8.733166666666667 -8.6799999999999997e+00 -8.64 -5.40342133333   
66 792 0.553594860268 2.76705203584 -8.733166666666667 -8.7164999999999999e+00 -8.63 -8.5   
67 804 0.539451962355 2.76970102348 -8.733166666666667 -8.7331666666666674e+00 -8.65 -8.54   
68 816 0.514038490865 2.75752757938 -8.733166666666667 -8.6999999999999993e+00 -8.61666666667 -8.42333333333   
69 828 0.524484243907 2.7429797897 -8.733166666666667 -8.7198333333333338e+00 -8.68333333333 -8.31666666667   
70 840 0.559353224493 2.74967789268 -8.733166666666667 -8.7331666666666674e+00 -8.68 -8.56   
71 852 0.592572110707 2.77768935447 -8.733166666666667 -8.7264999999999997e+00 -8.63 -8.24983333333   
72 864 0.592219083974 2.80573130941 -8.733166666666667 -8.6600000000000001e+00 -8.63 -5.93470373333   
73 876 0.597574425347 2.85839042073 -8.733166666666667 -8.7131666666666661e+00 -8.64666666667 -8.23316666667   
74 888 0.556270726692 2.87677798493 -8.733166666666667 -8.7231666666666658e+00 -8.66666666667 -1.31012666667   
75 900 0.537585546661 2.92821567685 -8.733166666666667 -8.7331666666666674e+00 -8.66333333333 -8.58   
76 912 0.535583694507 3.00255994584 -8.733166666666667 -8.7198333333333338e+00 -8.64666666667 -8.16983333333   
77 924 0.514841439596 2.93061639405 -8.733166666666667 -8.7164999999999999e+00 -8.66666666667 -8.07983333333   
78 936 0.507212785713 3.0155540483 -8.733166666666667 -8.7131666666666661e+00 -8.66333333333 -8.37   
79 948 0.49827594499 2.95558474605 -8.733166666666667 -8.7298333333333336e+00 -8.67333333333 -8.51   
80 960 0.471672973944 2.98431662316 -8.749833333333333 -8.7498333333333331e+00 -8.67666666667 -8.62666666667   
81 972 0.446343563463 2.92855869825 -8.749833333333333 -8.7264999999999997e+00 -8.68 -8.51333333333   
82 984 0.455657240585 2.98055114065 -8.749833333333333 -8.7198333333333338e+00 -8.66666666667 -8.1165   
83 996 0.456401221376 3.0151581107 -8.749833333333333 -8.7164999999999999e+00 -8.66333333333 -3.0   
84 1008 0.443247450217 2.98765570989 -8.749833333333333 -8.7198333333333338e+00 -8.67666666667 -8.41   
85 1020 0.438053231989 3.01447517677 -8.749833333333333 -8.7131666666666661e+00 -8.66 -8.20983333333   
86 1032 0.443204267778 2.97225411051 -8.749833333333333 -8.7264999999999997e+00 -8.65 -8.53666666667   
87 1044 0.443016190279 3.02117147305 -8.749833333333333 -8.7098333333333340e+00 -8.64666666667 -8.54   
88 1056 0.439920168799 3.03656813082 -8.749833333333333 -8.7131666666666661e+00 -8.66 -8.47   
89 1068 0.44110093354 3.05251641181 -8.749833333333333 -8.7264999999999997e+00 -8.67333333333 -8.61666666667   
90 1080 0.442647334703 3.06263460668 -8.749833333333333 -8.7164999999999999e+00 -8.67 -8.48666666667   
91 1092 0.432640129514 3.01156462283 -8.749833333333333 -8.7298333333333336e+00 -8.68333333333 -8.56666666667   
92 1104 0.428594905189 3.01184129477 -8.749833333333333 -8.7164999999999999e+00 -8.69333333333 -8.58333333333   
93 1116 0.428932523121 3.0400892846 -8.749833333333333 -8.7264999999999997e+00 -8.69333333333 -8.56   
94 1128 0.428917629335 3.06845426428 -8.749833333333333 -8.7131666666666661e+00 -8.62666666667 -8.56666666667   
95 1140 0.432555769516 3.08155206659 -8.749833333333333 -8.6933333333333334e+00 -8.67666666667 -8.60333333333   
96 1152 0.466946606009 3.16914068865 -8.749833333333333 -8.7164999999999999e+00 -8.66333333333 -8.06316666667   
97 1164 0.462436297802 3.15077151748 -8.749833333333333 -8.7198333333333338e+00 -8.66 -5.921212   
98 1176 0.458754526117 3.16809719834 -8.749833333333333 -8.7131666666666661e+00 -8.68666666667 -8.58333333333   
99 1188 0.435232642404 3.20122678816 -8.749833333333333 -8.7131666666666661e+00 -8.68 -8.60333333333   
100 1200 0.431082883501 3.2387375682 -8.749833333333333 -8.6933333333333334e+00 -8.68333333333 -8.61333333333   
101 1212 0.431399321452 3.21493611188 -8.749833333333333 -8.7098333333333340e+00 -8.67333333333 -8.62   
102 1224 0.431382964906 3.26544185727 -8.749833333333333 -8.7131666666666661e+00 -8.67333333333 -8.64666666667   
103 1236 0.415173646813 3.28018245311 -8.749833333333333 -8.7264999999999997e+00 -8.69 -8.64   
104 1248 0.40966447388 3.39674327207 -8.749833333333333 -8.7033333333333331e+00 -8.68 -8.62   
105 1260 0.407139481522 3.47884262501 -8.749833333333333 -8.7198333333333338e+00 -8.66333333333 -3.16746   
106 1272 0.405202870767 3.56973527814 -8.749833333333333 -8.7231666666666658e+00 -8.69 -8.63333333333   
107 1284 0.419049955729 3.65088820603 -8.749833333333333 -8.7431666666666672e+00 -8.67 -8.61333333333   
108 1296 0.4152974279 3.72933687942 -8.749833333333333 -8.6966666666666672e+00 -8.62 -1.12489333333   
109 1308 0.410404931742 3.79330578726 -8.749833333333333 -8.7364999999999995e+00 -8.60666666667 -8.47666666667   
110 1320 0.415553087626 3.71802250042 -8.749833333333333 -8.7098333333333340e+00 -8.60666666667 -8.47   
111 1332 0.423120365037 3.73120162217 -8.749833333333333 -8.7198333333333338e+00 -8.67333333333 -8.61   
112 1344 0.433171432504 3.67381918131 -8.749833333333333 -8.7231666666666658e+00 -8.65333333333 -8.53333333333   
113 1356 0.454555507189 3.55334887404 -8.749833333333333 -8.6866666666666674e+00 -8.65 -8.46   
114 1368 0.476300483554 3.65783332909 -8.749833333333333 -8.7198333333333338e+00 -8.68666666667 -8.61   
115 1380 0.482902188573 3.69632622832 -8.749833333333333 -8.6999999999999993e+00 -8.67666666667 -8.60333333333   
116 1392 0.476704239464 3.64641460196 -8.749833333333333 -8.6999999999999993e+00 -8.67333333333 -8.46   
117 1404 0.459956262545 3.63740748855 -8.749833333333333 -8.7164999999999999e+00 -8.67666666667 -8.6   
118 1416 0.44493738013 3.6045361206 -8.749833333333333 -8.7033333333333331e+00 -8.67333333333 -8.35666666667   
119 1428 0.425649612973 3.61095077375 -8.749833333333333 -8.6999999999999993e+00 -8.67666666667 -8.53666666667   
120 1440 0.417089122002 3.65349451218 -8.749833333333333 -8.7065000000000001e+00 -8.68333333333 -8.63333333333   
121 1452 0.417513601248 3.66267228601 -8.749833333333333 -8.7098333333333340e+00 -8.69 -8.63333333333   
122 1464 0.404248571417 3.72245518838 -8.749833333333333 -8.7033333333333331e+00 -8.66333333333 -8.57666666667   
123 1476 0.409974205452 3.78511369931 -8.749833333333333 -8.7164999999999999e+00 -8.68 -8.63333333333   
124 1488 0.430235019217 3.81384680961 -8.749833333333333 -8.7065000000000001e+00 -8.68 -8.59   
125 1500 0.419941501992 3.87508872051 -8.749833333333333 -8.7231666666666658e+00 -8.67333333333 -8.64   
126 1512 0.430211445822 3.92984591321 -8.749833333333333 -8.7231666666666658e+00 -8.68333333333 -8.25316666667   
127 1524 0.44836229879 3.94779688291 -8.749833333333333 -8.7264999999999997e+00 -8.68333333333 -8.63333333333   
128 1536 0.458909500895 3.96069977255 -8.749833333333333 -8.7033333333333331e+00 -8.69 -8.65666666667   
129 1548 0.465806056336 3.94218181175 -8.749833333333333 -8.7264999999999997e+00 -8.68 -8.65333333333   
130 1560 0.505457063711 4.05586845163 -8.749833333333333 -8.7065000000000001e+00 -8.66 -8.59   
131 1572 0.495737172031 4.05415033331 -8.749833333333333 -8.7231666666666658e+00 -8.67666666667 -8.38666666667   
132 1584 0.493532039021 4.09521277907 -8.749833333333333 -8.7364999999999995e+00 -8.68333333333 -8.06983333333   
133 1596 0.463667258327 4.08746076559 -8.749833333333333 -8.7033333333333331e+00 -8.63 -8.12316666667   
134 1608 0.462075253011 4.08036405931 -8.749833333333333 -8.7198333333333338e+00 -8.66333333333 -8.56   
135 1620 0.460462256477 4.11046549622 -8.749833333333333 -8.7131666666666661e+00 -8.67666666667 -8.63666666667   
136 1632 0.471773837155 4.15735928386 -8.749833333333333 -8.7131666666666661e+00 -8.68 -8.65333333333   
137 1644 0.477843422273 4.13873860512 -8.749833333333333 -8.7231666666666658e+00 -8.67666666667 -8.62333333333   
138 1656 0.492463158165 4.1665898592 -8.749833333333333 -8.7131666666666661e+00 -8.67 -8.33333333333   
139 1668 0.480739292257 4.20477843893 -8.749833333333333 -8.7431666666666672e+00 -8.67666666667 -8.58   
140 1680 0.474392981249 4.23333663075 -8.749833333333333 -8.7331666666666674e+00 -8.68 -8.61   
141 1692 0.456868170888 4.2375117367 -8.749833333333333 -8.6999999999999993e+00 -8.66333333333 -8.42   
142 1704 0.431559975253 4.21044653245 -8.749833333333333 -8.7331666666666674e+00 -8.68 -8.35333333333   
143 1716 0.434228822222 4.10821863841 -8.749833333333333 -8.7131666666666661e+00 -8.67666666667 -8.62666666667   
144 1728 0.441410543544 4.11254042459 -8.749833333333333 -8.7198333333333338e+00 -8.68333333333 -8.62333333333   
145 1740 0.444168236921 4.02140579652 -8.749833333333333 -8.7364999999999995e+00 -8.67333333333 -1.0   
146 1752 0.443875725432 4.02721598271 -8.749833333333333 -8.7164999999999999e+00 -8.68333333333 -8.64   
147 1764 0.444060814136 4.0693986093 -8.749833333333333 -8.7298333333333336e+00 -8.69333333333 -8.66   
148 1776 0.444966930528 4.0528493267 -8.749833333333333 -8.7033333333333331e+00 -8.67 -8.60666666667   
149 1788 0.443978162954 4.00797885892 -8.749833333333333 -8.7198333333333338e+00 -8.67333333333 -8.1265   
150 1800 0.447836694898 4.01970607364 -8.749833333333333 -8.6933333333333334e+00 -8.68 -8.1765   
151 1812 0.44952148699 4.03665350335 -8.749833333333333 -8.7398333333333333e+00 -8.68333333333 -8.65666666667   
152 1824 0.450397034812 4.0506009274 -8.749833333333333 -8.7098333333333340e+00 -8.69 -8.65   
153 1836 0.458852328553 4.1777749746 -8.749833333333333 -8.7231666666666658e+00 -8.66666666667 -8.58   
154 1848 0.470784707507 4.19401861939 -8.749833333333333 -8.7198333333333338e+00 -8.68666666667 -8.63666666667   
155 1860 0.465259658866 4.22572087099 -8.749833333333333 -8.7198333333333338e+00 -8.69333333333 -8.59   
156 1872 0.486530480206 4.24407359133 -8.749833333333333 -8.7231666666666658e+00 -8.68333333333 -8.37666666667   
157 1884 0.484273190626 4.17604210818 -8.749833333333333 -8.7331666666666674e+00 -8.66666666667 -8.60666666667   
158 1896 0.453464285905 4.18215046867 -8.749833333333333 -8.7264999999999997e+00 -8.68 -8.61666666667   
159 1908 0.45896190826 4.14950074173 -8.749833333333333 -8.7098333333333340e+00 -8.61 -8.30333333333   
160 1920 0.45235302203 4.1119517637 -8.749833333333333 -8.7231666666666658e+00 -8.7 -8.56   
161 1932 0.457251868446 4.15116921037 -8.749833333333333 -8.7065000000000001e+00 -8.69666666667 -5.90625466667   
162 1944 0.449318574364 4.10575568492 -8.749833333333333 -8.7131666666666661e+00 -8.65666666667 -8.46666666667   
163 1956 0.450558294039 4.11038478709 -8.749833333333333 -8.7231666666666658e+00 -8.66666666667 -8.57   
164 1968 0.474985460165 4.08542024129 -8.749833333333333 -8.7164999999999999e+00 -8.68 -8.62   
165 1980 0.519033966618 4.05207624181 -8.749833333333333 -8.6999999999999993e+00 -8.67333333333 -8.58333333333   
166 1992 0.551514640233 4.13877370647 -8.749833333333333 -8.7033333333333331e+00 -8.68333333333 -8.63666666667   
167 2004 0.553263968438 4.27311899877 -8.749833333333333 -8.7398333333333333e+00 -8.69333333333 -8.61   
168 2016 0.550656031345 4.3198936571 -8.749833333333333 -8.7164999999999999e+00 -8.67666666667 -8.60666666667   
169 2028 0.535936188411 4.36106590605 -8.749833333333333 -8.7364999999999995e+00 -8.69 -8.54666666667   
170 2040 0.517134874148 4.40319209989 -8.749833333333333 -8.7131666666666661e+00 -8.65666666667 -8.58   
171 2052 0.505689254653 4.45499352501 -8.749833333333333 -8.7065000000000001e+00 -8.67333333333 -8.59   
172 2064 0.475404016478 4.51332414909 -8.749833333333333 -8.7231666666666658e+00 -8.67 -8.53   
173 2076 0.4767242879 4.49860820505 -8.749833333333333 -8.7198333333333338e+00 -8.68666666667 -8.48666666667   
174 2088 0.481856893489 4.4977226048 -8.749833333333333 -8.7098333333333340e+00 -8.68666666667 -8.64333333333   
175 2100 0.478289687806 4.48602730363 -8.749833333333333 -8.7164999999999999e+00 -8.68666666667 -8.65   
176 2112 0.484427292001 4.51829146361 -8.749833333333333 -8.7098333333333340e+00 -8.68333333333 -8.62666666667   
177 2124 0.484081820029 4.53534464853 -8.749833333333333 -8.7198333333333338e+00 -8.67 -8.63666666667   
178 2136 0.489856596011 4.54750113299 -8.749833333333333 -8.6999999999999993e+00 -8.67666666667 -8.45333333333   
179 2148 0.494120341038 4.50316937126 -8.749833333333333 -8.7131666666666661e+00 -8.68 -8.63   
180 2160 0.501717906196 4.45401528841 -8.749833333333333 -8.7164999999999999e+00 -8.68 -8.63333333333   
181 2172 0.495722649989 4.40204415402 -8.749833333333333 -8.7164999999999999e+00 -8.67333333333 -8.65   
182 2184 0.490634972304 4.4962741632 -8.749833333333333 -8.7065000000000001e+00 -8.68 -8.64666666667   
183 2196 0.4908372902 4.48743792684 -8.749833333333333 -8.7231666666666658e+00 -8.68 -8.61666666667   
184 2208 0.497111661158 4.49273018459 -8.749833333333333 -8.7298333333333336e+00 -8.67666666667 -8.64666666667   
185 2220 0.509946786607 4.4400630449 -8.749833333333333 -8.7033333333333331e+00 -8.67333333333 -8.65   
186 2232 0.522003518421 4.46447805374 -8.749833333333333 -8.7198333333333338e+00 -8.67666666667 -8.63666666667   
187 2244 0.526462416662 4.43168989814 -8.749833333333333 -8.7331666666666674e+00 -8.67 -8.62666666667   
188 2256 0.526334588413 4.42665543825 -8.749833333333333 -8.6933333333333334e+00 -8.67333333333 -8.62   
189 2268 0.528171788573 4.44365045246 -8.749833333333333 -8.7298333333333336e+00 -8.67 -8.15983333333   
190 2280 0.526470696348 4.50554525657 -8.749833333333333 -8.7231666666666658e+00 -8.69333333333 -8.63   
191 2292 0.526572502666 4.51263762478 -8.749833333333333 -8.7065000000000001e+00 -8.68 -8.58   
192 2304 0.532238285765 4.61170048604 -8.749833333333333 -8.7164999999999999e+00 -8.63666666667 -8.55666666667   
193 2316 0.546604055519 4.63313168966 -8.749833333333333 -8.7198333333333338e+00 -8.68333333333 -3.88433   
194 2328 0.552830249504 4.6843027745 -8.749833333333333 -8.7065000000000001e+00 -8.69 -8.62333333333   
195 2340 0.563903097087 4.82481198105 -8.749833333333333 -8.7164999999999999e+00 -8.56 -8.47333333333   
196 2352 0.56476577934 4.90794985339 -8.749833333333333 -8.7164999999999999e+00 -8.67666666667 -8.33333333333   
197 2364 0.581849761172 4.99901873191 -8.749833333333333 -8.7164999999999999e+00 -8.65333333333 -8.22983333333   
198 2376 0.589158697292 4.95090654809 -8.749833333333333 -8.7098333333333340e+00 -8.66333333333 -8.57666666667   
199 2388 0.579129202258 5.02249274562 -8.749833333333333 -8.6999999999999993e+00 -8.67333333333 -8.58666666667   
200 2400 0.563030358169 5.06366888697 -8.749833333333333 -8.6966666666666672e+00 -8.66666666667 -8.61333333333   
201 2412 0.567353608788 5.00417795423 -8.749833333333333 -8.6999999999999993e+00 -8.67666666667 -8.62333333333   
202 2424 0.583651867855 5.01288218636 -8.749833333333333 -8.7164999999999999e+00 -8.68 -8.58666666667   
203 2436 0.606950451822 5.02924442734 -8.749833333333333 -8.7164999999999999e+00 -8.67666666667 -3.32537333333   
204 2448 0.598486804344 5.16403898169 -8.749833333333333 -8.7198333333333338e+00 -8.69 -8.62   
205 2460 0.566143791798 5.42913730031 -8.749833333333333 -8.7065000000000001e+00 -8.68 -8.36   
206 2472 0.563644984945 5.44771586736 -8.749833333333333 -8.7198333333333338e+00 -8.67 -8.63333333333   
207 2484 0.569972066617 5.42058623617 -8.749833333333333 -8.7164999999999999e+00 -8.67333333333 -8.62333333333   
208 2496 0.564495491035 5.44197981654 -8.749833333333333 -8.7033333333333331e+00 -8.68 -8.65333333333   
209 2508 0.567455902957 5.46642312719 -8.749833333333333 -8.6933333333333334e+00 -8.66333333333 -8.41666666667   
210 2520 0.573287146985 5.39392956096 -8.749833333333333 -8.6966666666666672e+00 -8.67333333333 -8.58666666667   
211 2532 0.563308717964 5.41103614904 -8.749833333333333 -8.6999999999999993e+00 -8.67 -8.63333333333   
212 2544 0.554389340643 5.42684352576 -8.749833333333333 -8.7033333333333331e+00 -8.68 -8.65333333333   
213 2556 0.552649007253 5.44197808196 -8.749833333333333 -8.7131666666666661e+00 -8.66666666667 -8.64666666667   
214 2568 0.554363248088 5.54830789066 -8.749833333333333 -8.6999999999999993e+00 -8.68333333333 -8.65   
215 2580 0.562250721458 5.68772491355 -8.749833333333333 -8.7131666666666661e+00 -8.68 -8.65   
216 2592 0.588716619704 5.86376080628 -8.749833333333333 -8.6966666666666672e+00 -8.67333333333 -8.63333333333   
217 2604 0.590392944074 5.96798770411 -8.749833333333333 -8.7398333333333333e+00 -8.69333333333 -8.61   
218 2616 0.5968720346 6.03184238013 -8.749833333333333 -8.7198333333333338e+00 -8.67666666667 -8.60333333333   
219 2628 0.619063056344 6.16092002831 -8.749833333333333 -8.7364999999999995e+00 -8.66666666667 -8.26983333333   
220 2640 0.600614879122 6.25339800413 -8.749833333333333 -8.7164999999999999e+00 -8.67 -5.26762666667   
221 2652 0.611759135174 6.28625582665 -8.749833333333333 -8.7198333333333338e+00 -8.7 -8.59   
222 2664 0.62878061184 6.27277674117 -8.749833333333333 -8.7198333333333338e+00 -8.67666666667 -8.62   
223 2676 0.617291757151 6.30257773594 -8.749833333333333 -8.7033333333333331e+00 -8.66666666667 -8.42333333333   
224 2688 0.592009137335 6.42759420745 -8.749833333333333 -8.6999999999999993e+00 -8.68 -8.59   
225 2700 0.569276092649 6.3492966941 -8.749833333333333 -8.7231666666666658e+00 -8.67666666667 -8.55333333333   
226 2712 0.566594720279 6.59288244072 -8.749833333333333 -8.7298333333333336e+00 -8.67666666667 -8.63   
227 2724 0.56364167614 6.57075608343 -8.749833333333333 -8.7065000000000001e+00 -8.68333333333 -8.62666666667   
228 2736 0.561249677477 6.62514021305 -8.749833333333333 -8.7398333333333333e+00 -8.67666666667 -8.64   
229 2748 0.561885952323 6.62858312124 -8.749833333333333 -8.7398333333333333e+00 -8.69333333333 -8.64333333333   
230 2760 0.575731912322 6.57423219469 -8.749833333333333 -8.7131666666666661e+00 -8.69 -8.65666666667   
231 2772 0.588778718951 6.6452688208 -8.749833333333333 -8.7033333333333331e+00 -8.67666666667 -8.22983333333   
232 2784 0.589631296669 6.57419783812 -8.749833333333333 -8.7331666666666674e+00 -8.65333333333 -8.6   
233 2796 0.597782192108 6.60380509611 -8.749833333333333 -8.6966666666666672e+00 -8.68333333333 -8.61   
234 2808 0.625417435597 6.49272799917 -8.749833333333333 -8.7065000000000001e+00 -8.69 -8.64   
235 2820 0.650371224155 6.47748615898 -8.749833333333333 -8.7198333333333338e+00 -8.68333333333 -8.36333333333   
236 2832 0.685302689423 6.37801539633 -8.749833333333333 -8.7198333333333338e+00 -8.67 -8.59666666667   
237 2844 0.718242006363 6.45490562732 -8.749833333333333 -8.6933333333333334e+00 -8.65 -5.0   
238 2856 0.694296979027 6.42631626325 -8.749833333333333 -8.7331666666666674e+00 -8.68333333333 -8.61   
239 2868 0.645746293829 6.44288470677 -8.749833333333333 -8.7198333333333338e+00 -8.66333333333 -8.30666666667   
240 2880 0.627591010684 6.35786643854 -8.749833333333333 -8.6966666666666672e+00 -8.65666666667 -8.59333333333   
241 2892 0.597272020115 6.42719691095 -8.749833333333333 -8.7164999999999999e+00 -8.65333333333 -8.61   
242 2904 0.565036352918 6.46928338187 -8.749833333333333 -8.7098333333333340e+00 -8.67 -3.63697266667   
243 2916 0.54600119019 6.34443644634 -8.749833333333333 -8.6999999999999993e+00 -8.65 -8.58666666667   
244 2928 0.553759439332 6.20842818659 -8.749833333333333 -8.7198333333333338e+00 -8.69666666667 -3.60643133333   
245 2940 0.551526975173 6.10602318963 -8.749833333333333 -8.7098333333333340e+00 -8.64 -8.0265   
246 2952 0.552770495614 6.10203674372 -8.749833333333333 -8.7264999999999997e+00 -8.67 -5.0   
247 2964 0.547483054593 6.06492532672 -8.749833333333333 -8.7398333333333333e+00 -8.68333333333 -8.58666666667   
248 2976 0.562149873546 6.14071739366 -8.749833333333333 -8.7331666666666674e+00 -8.66333333333 -8.58666666667   
249 2988 0.553075902277 6.22619976001 -8.749833333333333 -8.7198333333333338e+00 -8.67333333333 -5.71614133333   
250 3000 0.542688407509 6.30758764333 -8.749833333333333 -8.7231666666666658e+00 -8.60666666667 -5.25304666667   
251 3012 0.541038062643 6.2703502497 -8.749833333333333 -8.7231666666666658e+00 -8.67666666667 -8.62333333333   
252 3024 0.541163153053 6.28346482651 -8.749833333333333 -8.7098333333333340e+00 -8.67 -5.918212   
253 3036 0.54365890245 6.33697888166 -8.749833333333333 -8.7164999999999999e+00 -8.66333333333 -8.56666666667   
254 3048 0.535409873678 6.33502135927 -8.749833333333333 -8.7431666666666672e+00 -8.67666666667 -8.57666666667   
255 3060 0.535797830924 6.39131197076 -8.749833333333333 -8.7131666666666661e+00 -8.64333333333 -8.40666666667   
256 3072 0.539883370146 6.58238210544 -8.749833333333333 -8.7464999999999993e+00 -8.68 -8.58   
257 3084 0.548780284457 6.60162138782 -8.749833333333333 -8.7198333333333338e+00 -8.68 -1.803258   
258 3096 0.562318229192 6.64614104589 -8.749833333333333 -8.7131666666666661e+00 -8.67333333333 -8.08983333333   
259 3108 0.54629892726 6.61601253773 -8.749833333333333 -8.7164999999999999e+00 -8.66666666667 -8.55333333333   
260 3120 0.547015976106 6.85832696684 -8.749833333333333 -8.7164999999999999e+00 -8.66 -5.88568666667   
261 3132 0.555390412507 6.80005706521 -8.749833333333333 -8.7331666666666674e+00 -8.68666666667 -8.61333333333   
262 3144 0.556596906382 6.78017069735 -8.749833333333333 -8.7398333333333333e+00 -8.69 -8.59   
263 3156 0.547382749223 6.69394401483 -8.749833333333333 -8.7331666666666674e+00 -8.69333333333 -8.49666666667   
264 3168 0.550893716859 6.77278499901 -8.749833333333333 -8.7198333333333338e+00 -8.68666666667 -8.57666666667   
265 3180 0.556659431625 6.85640644616 -8.749833333333333 -8.7198333333333338e+00 -8.68666666667 -8.53666666667   
266 3192 0.556365513102 6.78712077232 -8.749833333333333 -8.7198333333333338e+00 -8.68 -8.63   
267 3204 0.555803982088 6.81166460741 -8.749833333333333 -8.7131666666666661e+00 -8.67666666667 -5.23878666667   
268 3216 0.560876951882 6.88243475052 -8.749833333333333 -8.7198333333333338e+00 -8.68333333333 -8.56333333333   
269 3228 0.562727933386 6.8833915529 -8.749833333333333 -8.7164999999999999e+00 -8.67333333333 -8.54333333333   
270 3240 0.562274905436 6.80001099548 -8.749833333333333 -8.7098333333333340e+00 -8.66666666667 -8.61   
271 3252 0.575042686135 6.87447372295 -8.749833333333333 -8.6966666666666672e+00 -8.67333333333 -3.05952666667   
272 3264 0.554096750144 6.88773784948 -8.749833333333333 -8.7098333333333340e+00 -8.68 -8.55   
273 3276 0.548342926667 6.92649109075 -8.749833333333333 -8.6799999999999997e+00 -8.66 -8.54333333333   
274 3288 0.547545772947 7.02425902259 -8.749833333333333 -8.7033333333333331e+00 -8.65 -8.49333333333   
275 3300 0.561240978283 7.01363407896 -8.749833333333333 -8.6999999999999993e+00 -8.64666666667 -8.54666666667   
276 3312 0.578924381696 6.85450465055 -8.749833333333333 -8.7131666666666661e+00 -8.64 -8.57666666667   
277 3324 0.578957814893 6.80678667037 -8.749833333333333 -8.7131666666666661e+00 -8.67666666667 -8.57333333333   
278 3336 0.577034891225 6.8184897187 -8.749833333333333 -8.7098333333333340e+00 -8.66666666667 -8.51333333333   
279 3348 0.56502724436 6.82314553658 -8.749833333333333 -8.6899999999999995e+00 -8.67 -8.52333333333   
280 3360 0.568867684604 6.81276199834 -8.749833333333333 -8.7065000000000001e+00 -8.65666666667 -8.59   
281 3372 0.55843062576 6.81164385419 -8.749833333333333 -8.7298333333333336e+00 -8.67666666667 -8.59333333333   
282 3384 0.568980113935 6.81443491812 -8.749833333333333 -8.7231666666666658e+00 -8.63666666667 -8.46   
283 3396 0.575438164142 6.64904326816 -8.749833333333333 -8.7198333333333338e+00 -8.67666666667 -8.48   
284 3408 0.580754270723 6.6301401037 -8.749833333333333 -8.7065000000000001e+00 -8.64 -5.507312   
285 3420 0.578159336903 6.57810508725 -8.749833333333333 -8.7198333333333338e+00 -8.66333333333 -8.2165   
286 3432 0.597678080166 6.59394066899 -8.749833333333333 -8.7033333333333331e+00 -8.66 -8.61333333333   
287 3444 0.575447166556 6.61783109709 -8.749833333333333 -8.6966666666666672e+00 -8.68 -8.62666666667   
288 3456 0.556919683815 6.68081570307 -8.749833333333333 -8.7033333333333331e+00 -8.66 -8.59   
289 3468 0.556932890051 6.54050694233 -8.749833333333333 -8.7331666666666674e+00 -8.68 -8.60666666667   
290 3480 0.558533666905 6.55808384435 -8.749833333333333 -8.7298333333333336e+00 -8.60333333333 -5.08455333333   
291 3492 0.554758039174 6.60720524949 -8.749833333333333 -8.7065000000000001e+00 -8.67666666667 -8.59333333333   
292 3504 0.556090890654 6.58698432038 -8.749833333333333 -8.7164999999999999e+00 -8.67 -8.60333333333   
293 3516 0.55509581568 6.54866450934 -8.749833333333333 -8.7331666666666674e+00 -8.66 -8.47666666667   
294 3528 0.55758249579 6.61236376033 -8.749833333333333 -8.7264999999999997e+00 -8.63333333333 -8.39666666667   
295 3540 0.563459689527 6.69486600735 -8.749833333333333 -8.7131666666666661e+00 -8.67666666667 -8.56333333333   
296 3552 0.563542243807 6.8227699324 -8.749833333333333 -8.7065000000000001e+00 -8.67333333333 -1.03924   
297 3564 0.570775686045 6.7701029662 -8.749833333333333 -8.7264999999999997e+00 -8.64 -8.58333333333   
298 3576 0.572944562627 6.9420147531 -8.749833333333333 -8.7198333333333338e+00 -8.68 -8.62333333333   
299 3588 0.574359239018 6.81969450736 -8.749833333333333 -8.7131666666666661e+00 -8.67666666667 -8.61   
300 3600 0.578322747184 6.83126403678 -8.749833333333333 -8.6999999999999993e+00 -8.67666666667 -8.16983333333   
301 3612 0.574291181917 6.5832026077 -8.749833333333333 -8.7065000000000001e+00 -8.67666666667 -8.54666666667   
302 3624 0.614757831734 6.7796281624 -8.749833333333333 -8.7198333333333338e+00 -8.66 -8.28316666667   
303 3636 0.62197539723 6.71069106016 -8.749833333333333 -8.7033333333333331e+00 -8.65666666667 -8.55   
304 3648 0.614398215373 6.75970594687 -8.749833333333333 -8.7198333333333338e+00 -8.66 -8.58666666667   
305 3660 0.615465390883 6.82313890973 -8.749833333333333 -8.7264999999999997e+00 -8.66666666667 -8.6   
306 3672 0.604706059927 6.74418845999 -8.749833333333333 -8.6999999999999993e+00 -8.66 -8.54666666667   
307 3684 0.621251097804 6.59553970841 -8.749833333333333 -8.7298333333333336e+00 -8.67 -8.57333333333   
308 3696 0.628421475656 6.99869899786 -8.749833333333333 -8.6999999999999993e+00 -8.66 -8.18983333333   
309 3708 0.635687837087 7.05407104541 -8.749833333333333 -8.6966666666666672e+00 -8.66 -8.62666666667   
310 3720 0.612871060239 7.1362926604 -8.749833333333333 -8.6866666666666674e+00 -8.67 -8.63666666667   
311 3732 0.598988774997 7.22660838875 -8.749833333333333 -8.7131666666666661e+00 -8.64333333333 -8.57   
312 3744 0.585921482879 7.36412068707 -8.749833333333333 -8.6966666666666672e+00 -8.66333333333 -8.62666666667   
313 3756 0.593114426936 7.30599293577 -8.749833333333333 -8.6866666666666674e+00 -8.66666666667 -8.58   
314 3768 0.590840482278 7.42226865154 -8.749833333333333 -8.6866666666666674e+00 -8.65333333333 -8.52   
315 3780 0.595815691035 7.51516221869 -8.749833333333333 -8.6833333333333336e+00 -8.66666666667 -8.61   
316 3792 0.583025462681 7.8015950465 -8.749833333333333 -8.6966666666666672e+00 -8.66333333333 -3.0   
317 3804 0.581118969052 7.81866275572 -8.749833333333333 -8.7198333333333338e+00 -8.66333333333 -8.31   
318 3816 0.580136440465 7.79077421663 -8.749833333333333 -8.6866666666666674e+00 -8.67333333333 -8.59333333333   
319 3828 0.574141593952 7.90928507296 -8.749833333333333 -8.7131666666666661e+00 -8.68 -8.19316666667   
320 3840 0.575486695207 7.74503247257 -8.749833333333333 -8.7198333333333338e+00 -8.67333333333 -8.66   
321 3852 0.595275836152 7.6807643867 -8.749833333333333 -8.7098333333333340e+00 -8.68666666667 -8.63   
322 3864 0.630492086559 7.70370949983 -8.749833333333333 -8.7098333333333340e+00 -8.65666666667 -8.58333333333   
323 3876 0.690900399613 7.78258798518 -8.749833333333333 -8.7331666666666674e+00 -8.69333333333 -8.64   
324 3888 0.733118053425 7.87852562366 -8.749833333333333 -8.7331666666666674e+00 -8.69666666667 -8.64   
325 3900 0.759519815535 7.90625163335 -8.749833333333333 -8.7264999999999997e+00 -8.66666666667 -3.780408   
326 3912 0.787407824356 8.02976071913 -8.749833333333333 -8.7164999999999999e+00 -8.64333333333 -8.61   
327 3924 0.795142381692 8.16083506312 -8.749833333333333 -8.7164999999999999e+00 -8.66333333333 -8.34   
328 3936 0.793791125748 8.34433535143 -8.749833333333333 -8.6966666666666672e+00 -8.66333333333 -8.61333333333   
329 3948 0.759330894707 8.30598517946 -8.749833333333333 -8.7164999999999999e+00 -8.68666666667 -8.65333333333   
330 3960 0.68328587673 8.23970378861 -8.749833333333333 -8.6899999999999995e+00 -8.67 -8.62666666667   
331 3972 0.631076593461 8.34619914865 -8.749833333333333 -8.7198333333333338e+00 -8.66333333333 -3.32969333333   
332 3984 0.598597113684 8.35168300156 -8.749833333333333 -8.7231666666666658e+00 -8.65666666667 -8.60333333333   
333 3996 0.582568668146 8.34597604131 -8.749833333333333 -8.7098333333333340e+00 -8.67333333333 -8.62   
334 4008 0.573988437018 8.22655386663 -8.749833333333333 -8.7364999999999995e+00 -8.67333333333 -8.62   
335 4020 0.571079358467 8.26029180621 -8.749833333333333 -8.7198333333333338e+00 -8.69333333333 -8.54333333333   
336 4032 0.544603750068 8.31147961533 -8.749833333333333 -8.7098333333333340e+00 -8.68333333333 -8.52666666667   
337 4044 0.532087041949 8.36888581049 -8.749833333333333 -8.7298333333333336e+00 -8.67333333333 -8.63   
338 4056 0.539771513032 8.17935532007 -8.749833333333333 -8.7231666666666658e+00 -8.68 -8.62666666667   
339 4068 0.551441408527 8.28785037588 -8.749833333333333 -8.7098333333333340e+00 -8.68333333333 -8.65   
340 4080 0.551842350072 8.12286729497 -8.749833333333333 -8.7198333333333338e+00 -8.68666666667 -8.64666666667   
341 4092 0.555363425954 8.29891647928 -8.749833333333333 -8.7198333333333338e+00 -8.68333333333 -8.64333333333   
342 4104 0.554904130776 8.32190917344 -8.749833333333333 -8.7065000000000001e+00 -8.67 -8.56333333333   
343 4116 0.556935327457 8.49732327806 -8.749833333333333 -8.7131666666666661e+00 -8.69 -8.62333333333   
344 4128 0.55664717707 8.52294932327 -8.749833333333333 -8.7033333333333331e+00 -8.66 -8.52666666667   
345 4140 0.555678847673 8.53300051446 -8.749833333333333 -8.7198333333333338e+00 -8.67 -8.6   
346 4152 0.560217303401 8.53515723654 -8.749833333333333 -8.7198333333333338e+00 -8.66666666667 -8.58666666667   
347 4164 0.561884463479 8.65240772922 -8.749833333333333 -8.7298333333333336e+00 -8.67666666667 -8.64333333333   
348 4176 0.570388767495 8.66751125978 -8.749833333333333 -8.7098333333333340e+00 -8.68333333333 -8.65666666667   
349 4188 0.563331393071 8.9595773578 -8.749833333333333 -8.7098333333333340e+00 -8.66333333333 -8.63666666667   
350 4200 0.564282446932 8.89972473308 -8.749833333333333 -8.6933333333333334e+00 -8.66 -8.59   
351 4212 0.564538837494 8.8410656558 -8.749833333333333 -8.7298333333333336e+00 -8.68 -8.48333333333   
352 4224 0.564047160936 8.91254928997 -8.749833333333333 -8.7131666666666661e+00 -8.68 -8.61   
353 4236 0.568316849544 9.02662099697 -8.749833333333333 -8.7098333333333340e+00 -8.67666666667 -8.61666666667   
354 4248 0.568940421669 9.06206688303 -8.749833333333333 -8.7364999999999995e+00 -8.67666666667 -8.65666666667   
355 4260 0.556751823679 9.27680534565 -8.749833333333333 -8.6899999999999995e+00 -8.65 -8.56   
356 4272 0.555506491323 9.2144955232 -8.749833333333333 -8.7065000000000001e+00 -8.67666666667 -8.62666666667   
357 4284 0.554975839259 9.22606981985 -8.749833333333333 -8.6966666666666672e+00 -8.67333333333 -8.64333333333   
358 4296 0.553305698825 9.15191616336 -8.749833333333333 -8.6999999999999993e+00 -8.66666666667 -8.65   
359 4308 0.558372026777 9.16939493033 -8.749833333333333 -8.7231666666666658e+00 -8.69 -8.59333333333   
360 4320 0.565967706775 9.14947581784 -8.749833333333333 -8.7033333333333331e+00 -8.67333333333 -8.64333333333   
361 4332 0.593068680555 9.31007287276 -8.749833333333333 -8.6966666666666672e+00 -8.68 -8.60333333333   
362 4344 0.576590118884 9.55397123613 -8.749833333333333 -8.6999999999999993e+00 -8.64666666667 -8.61333333333   
363 4356 0.576089387656 9.43876676514 -8.749833333333333 -8.7264999999999997e+00 -8.68333333333 -8.62   
364 4368 0.581077166945 9.43850539528 -8.749833333333333 -8.7264999999999997e+00 -8.66666666667 -8.53333333333   
365 4380 0.58267473994 9.80358816344 -8.749833333333333 -8.7033333333333331e+00 -8.67 -8.2865   
366 4392 0.580167073316 9.75152891044 -8.749833333333333 -8.7131666666666661e+00 -8.68666666667 -8.54333333333   
367 4404 0.57737791638 9.8289642877 -8.749833333333333 -8.7065000000000001e+00 -8.67333333333 -8.64333333333   
368 4416 0.577968133003 9.74137425502 -8.749833333333333 -8.6933333333333334e+00 -8.66 -8.58333333333   
369 4428 0.578245495842 9.71319478788 -8.749833333333333 -8.7231666666666658e+00 -8.68 -8.63   
370 4440 0.58026162571 9.60352267958 -8.749833333333333 -8.7231666666666658e+00 -8.65333333333 -8.6   
371 4452 0.578841398429 9.79657816816 -8.749833333333333 -8.7298333333333336e+00 -8.66 -8.42666666667   
372 4464 0.578808153073 9.63332752412 -8.749833333333333 -8.7131666666666661e+00 -8.67666666667 -5.14842   
373 4476 0.582886545756 9.55643388485 -8.749833333333333 -8.7065000000000001e+00 -8.67 -8.60333333333   
374 4488 0.574973356602 9.68903492921 -8.749833333333333 -8.7131666666666661e+00 -8.65333333333 -8.58333333333   
375 4500 0.578983931318 9.67868747543 -8.749833333333333 -8.7164999999999999e+00 -8.66 -8.54666666667   
376 4512 0.581724080765 9.73459209072 -8.749833333333333 -8.7231666666666658e+00 -8.65 -8.55333333333   
377 4524 0.57846071497 9.75702071383 -8.749833333333333 -8.7033333333333331e+00 -8.67666666667 -8.06983333333   
378 4536 0.575733546719 10.0209616339 -8.749833333333333 -8.6766666666666659e+00 -8.64 -8.31   
379 4548 0.57431246227 9.97298864742 -8.749833333333333 -8.7164999999999999e+00 -8.66 -8.53333333333   
380 4560 0.569746172869 9.7981539875 -8.749833333333333 -8.7164999999999999e+00 -8.66666666667 -8.54666666667   
381 4572 0.572309769305 9.94163892707 -8.749833333333333 -8.7164999999999999e+00 -8.67333333333 -8.58   
382 4584 0.604156786533 9.83690901826 -8.749833333333333 -8.7231666666666658e+00 -8.68 -8.61   
383 4596 0.634615014895 10.1017869427 -8.749833333333333 -8.7033333333333331e+00 -8.68 -8.52666666667   
384 4608 0.672180877945 10.0387632 -8.749833333333333 -8.7131666666666661e+00 -8.67 -8.61   
385 4620 0.710599876546 10.2862218068 -8.749833333333333 -8.7298333333333336e+00 -8.67 -8.59333333333   
386 4632 0.730562998671 10.3339298148 -8.749833333333333 -8.7033333333333331e+00 -8.66 -8.63666666667   
387 4644 0.72866322476 10.2647150973 -8.749833333333333 -8.7065000000000001e+00 -8.66333333333 -8.62333333333   
388 4656 0.752580536744 10.4065671613 -8.749833333333333 -8.6866666666666674e+00 -8.65333333333 -8.6   
389 4668 0.752005747793 10.2295103272 -8.749833333333333 -8.7264999999999997e+00 -8.67 -8.57666666667   
390 4680 0.767406911726 10.2641299852 -8.749833333333333 -8.7098333333333340e+00 -8.65333333333 -8.57333333333   
391 4692 0.768082907663 10.3266398615 -8.749833333333333 -8.7033333333333331e+00 -8.64333333333 -8.59666666667   
392 4704 0.743852957986 10.2110436641 -8.749833333333333 -8.6933333333333334e+00 -8.63333333333 -8.61333333333   
393 4716 0.719806239899 9.94871284429 -8.749833333333333 -8.6966666666666672e+00 -8.63333333333 -3.9411872   
394 4728 0.741131825972 10.0764993417 -8.749833333333333 -8.6966666666666672e+00 -8.65333333333 -8.19316666667   
395 4740 0.735468883191 10.0335560166 -8.749833333333333 -8.6899999999999995e+00 -8.65333333333 -8.58666666667   
396 4752 0.734000159249 10.2320625857 -8.749833333333333 -8.7231666666666658e+00 -8.66333333333 -8.60333333333   
397 4764 0.756737181367 10.4543312362 -8.749833333333333 -8.7065000000000001e+00 -8.64666666667 -8.58666666667   
398 4776 0.757985957555 10.7571093063 -8.749833333333333 -8.7131666666666661e+00 -8.67666666667 -8.61666666667   
399 4788 0.722789536124 11.0751851779 -8.749833333333333 -8.7033333333333331e+00 -8.64666666667 -1.37546266667   
400 4800 0.718118878282 11.123773251 -8.749833333333333 -8.7164999999999999e+00 -8.67333333333 -8.47666666667   
401 4812 0.751129069698 11.2391193638 -8.749833333333333 -8.7264999999999997e+00 -8.66333333333 -8.60333333333   
402 4824 0.766321918195 11.3343883032 -8.749833333333333 -8.7098333333333340e+00 -8.67333333333 -8.56333333333   
403 4836 0.767377758803 11.2425094325 -8.749833333333333 -8.6966666666666672e+00 -8.63666666667 -8.47333333333   
404 4848 0.749044868737 11.2917615604 -8.749833333333333 -8.6933333333333334e+00 -8.66 -8.58   
405 4860 0.675637360352 11.4216432442 -8.749833333333333 -8.7098333333333340e+00 -8.66333333333 -5.922856   
406 4872 0.610513356815 11.3911120041 -8.749833333333333 -8.7131666666666661e+00 -8.68333333333 -5.73442733333   
407 4884 0.576139404005 11.3911496023 -8.749833333333333 -8.7065000000000001e+00 -8.65666666667 -5.88951133333   
408 4896 0.564463213443 11.3661271806 -8.749833333333333 -8.7298333333333336e+00 -8.64 -8.48666666667   
409 4908 0.571219400671 11.4855559044 -8.749833333333333 -8.7231666666666658e+00 -8.66 -8.43   
410 4920 0.580532650179 11.8084646516 -8.749833333333333 -8.7164999999999999e+00 -8.64666666667 -8.24316666667   
411 4932 0.576301615321 11.6370803432 -8.749833333333333 -8.7033333333333331e+00 -8.67666666667 -8.32333333333   
412 4944 0.582869444396 11.9532787456 -8.749833333333333 -8.7231666666666658e+00 -8.66666666667 -8.60666666667   
413 4956 0.585602678804 12.0686938893 -8.749833333333333 -8.7131666666666661e+00 -8.65666666667 -8.56333333333   
414 4968 0.595739182851 12.0560616041 -8.749833333333333 -8.6999999999999993e+00 -8.64666666667 -8.58666666667   
415 4980 0.617713190673 12.1640737482 -8.749833333333333 -8.7231666666666658e+00 -8.67666666667 -8.58666666667   
416 4992 0.618508103643 12.0903789034 -8.749833333333333 -8.7198333333333338e+00 -8.69666666667 -8.63333333333   
417 5004 0.619253146986 12.3071348093 -8.749833333333333 -8.6966666666666672e+00 -8.64666666667 -8.61   
418 5016 0.610592842499 12.3344487828 -8.749833333333333 -8.6899999999999995e+00 -8.66666666667 -8.25316666667   
419 5028 0.583250080189 12.418799011 -8.749833333333333 -8.7098333333333340e+00 -8.67666666667 -8.62333333333   
420 5040 0.581856831039 12.1867275294 -8.749833333333333 -8.7033333333333331e+00 -8.68 -8.57333333333   
421 5052 0.582679361733 12.2702320634 -8.749833333333333 -8.7198333333333338e+00 -8.65 -8.18316666667   
422 5064 0.588075007292 12.282643207 -8.749833333333333 -8.6999999999999993e+00 -8.67333333333 -8.57   
423 5076 0.594583163763 12.5303763747 -8.749833333333333 -8.7331666666666674e+00 -8.66333333333 -5.0   
424 5088 0.646621290879 12.4026516304 -8.749833333333333 -8.7164999999999999e+00 -8.67666666667 -8.58333333333   
425 5100 0.675041789528 12.1733016328 -8.749833333333333 -8.7264999999999997e+00 -8.68333333333 -8.59666666667   
426 5112 0.673973005582 11.9463077996 -8.749833333333333 -8.7131666666666661e+00 -8.68 -8.52666666667   
427 5124 0.647267811753 11.792804084 -8.749833333333333 -8.7164999999999999e+00 -8.65 -8.60333333333   
428 5136 0.644698941622 11.5167667061 -8.749833333333333 -8.7033333333333331e+00 -8.66333333333 -8.60333333333   
429 5148 0.647928139513 11.3170816368 -8.749833333333333 -8.7164999999999999e+00 -8.67666666667 -8.58666666667   
430 5160 0.642151873497 11.3447057774 -8.749833333333333 -8.7131666666666661e+00 -8.65 -8.60666666667   
431 5172 0.632704619337 11.2863306703 -8.749833333333333 -8.7198333333333338e+00 -8.69 -8.56666666667   
432 5184 0.629665198262 11.3292128835 -8.749833333333333 -8.7033333333333331e+00 -8.66333333333 -8.56   
433 5196 0.646360941941 11.3482311096 -8.749833333333333 -8.7198333333333338e+00 -8.67666666667 -8.56333333333   
434 5208 0.631236656039 11.5523918793 -8.749833333333333 -8.7033333333333331e+00 -8.67666666667 -8.57666666667   
435 5220 0.620034188202 11.4634898457 -8.749833333333333 -8.7164999999999999e+00 -8.68 -8.64   
436 5232 0.591947690135 11.3728629485 -8.749833333333333 -8.6933333333333334e+00 -8.65333333333 -8.63333333333   
437 5244 0.573249684248 11.6737091091 -8.749833333333333 -8.6933333333333334e+00 -8.66333333333 -8.60333333333   
438 5256 0.570121644426 11.6440567994 -8.749833333333333 -8.7198333333333338e+00 -8.68 -8.59333333333   
439 5268 0.57095292479 11.8934076595 -8.749833333333333 -8.7065000000000001e+00 -8.65333333333 -8.46333333333   
440 5280 0.570310697091 11.9249823973 -8.749833333333333 -8.7065000000000001e+00 -8.68666666667 -8.65333333333   
441 5292 0.582366633647 11.6047929293 -8.749833333333333 -8.7164999999999999e+00 -8.67333333333 -8.53333333333   
442 5304 0.579112795383 11.5260601991 -8.749833333333333 -8.7131666666666661e+00 -8.66333333333 -8.58333333333   
443 5316 0.601728444772 11.405863671 -8.749833333333333 -8.7231666666666658e+00 -8.69333333333 -8.49333333333   
444 5328 0.601373250816 11.419978595 -8.749833333333333 -8.7131666666666661e+00 -8.65333333333 -8.59   
445 5340 0.592739595617 11.57139979 -8.749833333333333 -8.7131666666666661e+00 -8.66333333333 -3.0   
446 5352 0.587397745946 10.7726284823 -8.749833333333333 -8.7164999999999999e+00 -8.66666666667 -8.61   
447 5364 0.587258522062 10.7256666747 -8.749833333333333 -8.7231666666666658e+00 -8.67 -8.62666666667   
448 5376 0.603607881238 10.7551749301 -8.749833333333333 -8.7264999999999997e+00 -8.67666666667 -5.860448   
449 5388 0.604358143519 10.8347117916 -8.749833333333333 -8.7298333333333336e+00 -8.67 -8.61333333333   
450 5400 0.618030205347 11.042525724 -8.749833333333333 -8.7331666666666674e+00 -8.7 -8.62666666667   
451 5412 0.604679980916 11.1438434913 -8.749833333333333 -8.7231666666666658e+00 -8.66 -8.59333333333   
452 5424 0.598461048371 11.1840996433 -8.749833333333333 -8.7364999999999995e+00 -8.68 -8.64666666667   
453 5436 0.596768066507 11.3491555657 -8.749833333333333 -8.7264999999999997e+00 -8.68333333333 -8.49   
454 5448 0.585487051195 11.5950785165 -8.749833333333333 -8.7033333333333331e+00 -8.67 -8.56666666667   
455 5460 0.579773069903 11.4810162699 -8.749833333333333 -8.7198333333333338e+00 -8.65333333333 -1.69279466667   
456 5472 0.592709484 11.6447027332 -8.749833333333333 -8.6933333333333334e+00 -8.67333333333 -8.59333333333   
457 5484 0.624140988059 11.6563049934 -8.749833333333333 -8.7198333333333338e+00 -8.66333333333 -8.59666666667   
458 5496 0.644817397152 11.9367277518 -8.749833333333333 -8.7198333333333338e+00 -8.62666666667 -8.49333333333   
459 5508 0.657059822375 11.7540476119 -8.749833333333333 -8.7065000000000001e+00 -8.65666666667 -8.48666666667   
460 5520 0.664451522491 11.9188560266 -8.749833333333333 -8.7298333333333336e+00 -8.67666666667 -8.54   
461 5532 0.727626765348 11.6662581444 -8.749833333333333 -8.7033333333333331e+00 -8.67333333333 -1.1753   
462 5544 0.777060344059 11.4849980004 -8.749833333333333 -8.7098333333333340e+00 -8.66333333333 -8.48333333333   
463 5556 0.786878557982 11.4445631148 -8.749833333333333 -8.6833333333333336e+00 -8.65 -5.927886   
464 5568 0.792643399446 11.4268673845 -8.749833333333333 -8.7065000000000001e+00 -8.65666666667 -8.51   
465 5580 0.811252629187 11.5098137781 -8.749833333333333 -8.7131666666666661e+00 -8.65666666667 -3.2174   
466 5592 0.925464486034 11.4671410331 -8.749833333333333 -8.6866666666666674e+00 -8.64333333333 -8.58   
467 5604 0.976791179594 11.2008450616 -8.749833333333333 -8.7065000000000001e+00 -8.66333333333 -8.63   
468 5616 1.00430781834 11.1981776355 -8.749833333333333 -8.7164999999999999e+00 -8.65666666667 -8.51333333333   
469 5628 0.989264815305 11.2049832486 -8.749833333333333 -8.6999999999999993e+00 -8.64 -3.0   
470 5640 0.976579043372 11.1510958016 -8.749833333333333 -8.7033333333333331e+00 -8.68 -8.61   
471 5652 0.94171913527 11.1494839166 -8.749833333333333 -8.7033333333333331e+00 -8.65 -8.45333333333   
472 5664 0.913058772238 11.134195146 -8.749833333333333 -8.6999999999999993e+00 -8.66666666667 -8.63666666667   
473 5676 0.903570665068 11.3015725336 -8.749833333333333 -8.7164999999999999e+00 -8.67 -8.06316666667   
474 5688 0.953411398429 10.9974410786 -8.749833333333333 -8.6966666666666672e+00 -8.68 -8.65   
475 5700 0.959370793304 10.6925646691 -8.749833333333333 -8.7131666666666661e+00 -8.67333333333 -8.2865   
476 5712 0.955669792821 10.8518794341 -8.749833333333333 -8.7198333333333338e+00 -8.63 -8.57666666667   
477 5724 0.942285037745 10.7684215789 -8.749833333333333 -8.7231666666666658e+00 -8.68333333333 -8.61   
478 5736 0.947490722142 11.0489277195 -8.749833333333333 -8.6966666666666672e+00 -8.67666666667 -8.62333333333   
479 5748 0.954616406068 11.1989966853 -8.749833333333333 -8.6933333333333334e+00 -8.63666666667 -8.49666666667   
480 5760 0.91312059733 11.2295671802 -8.749833333333333 -8.7098333333333340e+00 -8.64666666667 -8.1465   
481 5772 0.896481634703 11.2351292703 -8.749833333333333 -8.6999999999999993e+00 -8.67 -8.53666666667   
482 5784 0.85082419313 11.3874985782 -8.749833333333333 -8.7033333333333331e+00 -8.65 -8.51666666667   
483 5796 0.829256364292 11.2801736558 -8.749833333333333 -8.6966666666666672e+00 -8.66333333333 -3.27749333333   
484 5808 0.804567362692 11.2507061685 -8.749833333333333 -8.7098333333333340e+00 -8.63333333333 -8.42333333333   
485 5820 0.786354256276 11.0525505989 -8.749833333333333 -8.7298333333333336e+00 -8.68666666667 -8.65333333333   
486 5832 0.745315008741 11.0335087842 -8.749833333333333 -8.6966666666666672e+00 -8.66 -8.52   
487 5844 0.694700244935 11.1633290225 -8.749833333333333 -8.7131666666666661e+00 -8.66 -5.89491066667   
488 5856 0.680274062083 10.9719401837 -8.749833333333333 -8.7098333333333340e+00 -8.64333333333 -8.2465   
489 5868 0.674600718193 10.7890803525 -8.749833333333333 -8.7098333333333340e+00 -8.66333333333 -8.12316666667   
490 5880 0.668839434409 10.5745831456 -8.749833333333333 -8.7231666666666658e+00 -8.67 -3.0   
491 5892 0.668399922685 10.4867144887 -8.749833333333333 -8.7033333333333331e+00 -8.67666666667 -8.57   
492 5904 0.675575232324 10.4634830278 -8.749833333333333 -8.7131666666666661e+00 -8.63333333333 0.481366   
493 5916 0.680114159089 10.2990706961 -8.749833333333333 -8.7198333333333338e+00 -8.66333333333 -3.33580133333   
494 5928 0.720987624009 10.1678665674 -8.749833333333333 -8.7331666666666674e+00 -8.68333333333 -8.39   
495 5940 0.728958236139 10.5603502332 -8.749833333333333 -8.7164999999999999e+00 -8.68333333333 -1.22707333333   
496 5952 0.724538604852 10.4707094735 -8.749833333333333 -8.6966666666666672e+00 -8.67 -3.798248   
497 5964 0.731957917595 10.2951639146 -8.749833333333333 -8.6833333333333336e+00 -8.64333333333 -1.19778   
498 5976 0.744168846383 10.2840340516 -8.749833333333333 -8.7098333333333340e+00 -8.67 -8.61666666667   
499 5988 0.725818269958 10.4357009177 -8.749833333333333 -8.7065000000000001e+00 -8.66 -5.16026666667   
500 6000 0.710913274929 10.5647678454 -8.749833333333333 -8.7164999999999999e+00 -8.68 -8.6   
501 6012 0.720531229117 10.4864090945 -8.749833333333333 -8.7198333333333338e+00 -8.68 -8.1365   
502 6024 0.720316716734 10.3870587366 -8.749833333333333 -8.6966666666666672e+00 -8.68 -8.61666666667   
503 6036 0.721616129028 9.98639695674 -8.749833333333333 -8.7131666666666661e+00 -8.66666666667 -8.62666666667   
504 6048 0.726736196217 9.89465281925 -8.749833333333333 -8.7033333333333331e+00 -8.67666666667 -8.57   
505 6060 0.752463307259 9.90010349346 -8.749833333333333 -8.7098333333333340e+00 -8.65333333333 -8.56666666667   
506 6072 0.797512336748 10.1146167557 -8.749833333333333 -8.7264999999999997e+00 -8.66666666667 -8.63666666667   
507 6084 0.865325474007 10.0889109722 -8.749833333333333 -8.7164999999999999e+00 -8.68333333333 -8.33   
508 6096 0.886253111183 10.1571320125 -8.749833333333333 -8.7231666666666658e+00 -8.66333333333 -8.62666666667   
509 6108 0.910580030808 10.0593132972 -8.749833333333333 -8.7264999999999997e+00 -8.66 -8.62666666667   
510 6120 0.968980463202 10.0147562383 -8.749833333333333 -8.7264999999999997e+00 -8.66 -8.59666666667   
511 6132 0.970940361049 9.9187504533 -8.749833333333333 -8.7131666666666661e+00 -8.67 -8.43333333333   
512 6144 0.967789842566 10.0777648296 -8.749833333333333 -8.7065000000000001e+00 -8.65 -8.52333333333   
513 6156 0.912696326495 10.0671890003 -8.749833333333333 -8.7098333333333340e+00 -8.68 -8.65333333333   
514 6168 0.903944846255 10.1648256516 -8.749833333333333 -8.7033333333333331e+00 -8.68333333333 -5.23315333333   
515 6180 0.863923162262 10.3371510339 -8.749833333333333 -8.6999999999999993e+00 -8.65333333333 -1.415618   
516 6192 0.862562465321 10.3816501702 -8.749833333333333 -8.6999999999999993e+00 -8.66666666667 -8.64666666667   
517 6204 0.870325292905 10.2523709986 -8.749833333333333 -8.7198333333333338e+00 -8.68333333333 -1.0   
518 6216 0.868436616267 10.2204429655 -8.749833333333333 -8.6999999999999993e+00 -8.66333333333 -8.35666666667   
519 6228 0.881610958789 10.383499195 -8.749833333333333 -8.6966666666666672e+00 -8.67 -5.07112   
520 6240 0.913349190219 10.7760076143 -8.749833333333333 -8.6866666666666674e+00 -8.65666666667 -8.64   
521 6252 0.952972152874 11.0033512692 -8.749833333333333 -8.6799999999999997e+00 -8.66 -8.62666666667   
522 6264 1.00515770091 11.0851334222 -8.749833333333333 -8.6999999999999993e+00 -8.66333333333 -8.63   
523 6276 0.996985146417 11.3197836196 -8.749833333333333 -8.7065000000000001e+00 -8.65666666667 -8.59333333333   
524 6288 1.00035566524 11.2768252959 -8.749833333333333 -8.7033333333333331e+00 -8.66666666667 -8.63   
525 6300 1.02903490196 11.5703201434 -8.749833333333333 -8.6966666666666672e+00 -8.64666666667 -8.58666666667   
526 6312 0.993363489323 11.3183732014 -8.749833333333333 -8.6933333333333334e+00 -8.64666666667 -8.54   
527 6324 0.957276131643 11.1178744985 -8.749833333333333 -8.6933333333333334e+00 -8.66 -8.59   
528 6336 0.920460263899 10.735927178 -8.749833333333333 -8.7131666666666661e+00 -8.68 -8.61666666667   
529 6348 0.888485019096 10.6023507745 -8.749833333333333 -8.7065000000000001e+00 -8.65666666667 -8.59333333333   
530 6360 0.917381749007 10.4821646358 -8.749833333333333 -8.6933333333333334e+00 -8.63 -8.59   
531 6372 0.918415660882 10.4640035882 -8.749833333333333 -8.7033333333333331e+00 -8.66666666667 -8.62   
532 6384 0.938823489918 10.4312724008 -8.749833333333333 -8.7033333333333331e+00 -8.66333333333 -3.75843133333   
533 6396 0.927803499107 10.6687423419 -8.749833333333333 -8.7264999999999997e+00 -8.65666666667 -8.31   
534 6408 0.94278688921 10.9875896516 -8.749833333333333 -8.7198333333333338e+00 -8.66333333333 -3.0   
535 6420 0.954258153338 11.1371579459 -8.749833333333333 -8.7164999999999999e+00 -8.64666666667 -8.59666666667   
536 6432 0.879646193648 11.2396329469 -8.749833333333333 -8.7298333333333336e+00 -8.68333333333 -1.77923266667   
537 6444 0.834159541472 11.3247030221 -8.749833333333333 -8.7065000000000001e+00 -8.66666666667 -8.60333333333   
538 6456 0.798845447059 11.0668740013 -8.749833333333333 -8.7131666666666661e+00 -8.65 0.278969333333   
539 6468 0.804176530777 11.0826792638 -8.749833333333333 -8.7264999999999997e+00 -8.65666666667 -8.62666666667   
540 6480 0.801978217201 11.282277539 -8.749833333333333 -8.6966666666666672e+00 -8.66 -8.58   
541 6492 0.798500164781 11.3704045343 -8.749833333333333 -8.7033333333333331e+00 -8.66 -8.30666666667   
542 6504 0.802806010368 11.4714890612 -8.749833333333333 -8.6966666666666672e+00 -8.67666666667 -5.0   
543 6516 0.802875330334 11.6301160608 -8.749833333333333 -8.7065000000000001e+00 -8.64666666667 -3.883114   
544 6528 0.823779405135 11.6020548024 -8.749833333333333 -8.7098333333333340e+00 -8.66666666667 -8.52333333333   
545 6540 0.821331335675 11.7721488172 -8.749833333333333 -8.6966666666666672e+00 -8.64333333333 -8.61333333333   
546 6552 0.822295843234 11.6279418271 -8.749833333333333 -8.7198333333333338e+00 -8.68333333333 -8.60333333333   
547 6564 0.818794604163 11.5924499474 -8.749833333333333 -8.7131666666666661e+00 -8.67666666667 -8.63666666667   
548 6576 0.816696414278 11.6497449874 -8.749833333333333 -8.7098333333333340e+00 -8.65333333333 -1.1687   
549 6588 0.819100827796 11.5983031978 -8.749833333333333 -8.7033333333333331e+00 -8.67 -8.59   
550 6600 0.850177512939 11.5166100083 -8.749833333333333 -8.7398333333333333e+00 -8.67333333333 -8.59   
551 6612 0.858960191713 11.7644306024 -8.749833333333333 -8.7033333333333331e+00 -8.62666666667 -3.742474   
552 6624 0.861787133964 11.6944753775 -8.749833333333333 -8.7098333333333340e+00 -8.65 -8.52666666667   
553 6636 0.86921069593 11.6007630639 -8.749833333333333 -8.6999999999999993e+00 -8.63 -8.38   
554 6648 0.852824637074 11.7160041158 -8.749833333333333 -8.7198333333333338e+00 -8.68 -8.6   
555 6660 0.859410796904 11.8254856988 -8.749833333333333 -8.7164999999999999e+00 -8.65666666667 -5.90274533333   
556 6672 0.84803420223 11.9790602787 -8.749833333333333 -8.7298333333333336e+00 -8.66666666667 -1.492788   
557 6684 0.847168573064 11.9434672372 -8.749833333333333 -8.7264999999999997e+00 -8.58666666667 -1.68329933333   
558 6696 0.824759404101 11.9542556162 -8.749833333333333 -8.7264999999999997e+00 -8.61 -3.60612733333   
559 6708 0.826835370084 12.0620812059 -8.749833333333333 -8.6766666666666659e+00 -8.45333333333 -1.505698   
560 6720 0.788272300229 12.1934735907 -8.749833333333333 -8.6933333333333334e+00 -8.64333333333 -3.11900666667   
561 6732 0.754324050671 12.1099855775 -8.749833333333333 -8.7065000000000001e+00 -8.60666666667 -1.80208133333   
562 6744 0.769829710213 12.0520400575 -8.749833333333333 -8.6933333333333334e+00 -8.62666666667 -1.92143266667   
563 6756 0.775383376765 12.0048855029 -8.749833333333333 -8.6999999999999993e+00 -8.63 -3.93461533333   
564 6768 0.783780490493 12.0490000224 -8.749833333333333 -8.7198333333333338e+00 -8.67333333333 -1.657728   
565 6780 0.795837592967 12.101432422 -8.749833333333333 -8.7331666666666674e+00 -8.64333333333 -8.39333333333   
566 6792 0.813184812954 12.2743471031 -8.749833333333333 -8.6966666666666672e+00 -8.55 -5.38469066667   
567 6804 0.868685551458 12.4155514881 -8.749833333333333 -8.7198333333333338e+00 -8.62 -3.87265066667   
568 6816 0.911266183158 12.5354632781 -8.749833333333333 -8.6966666666666672e+00 -8.61666666667 -3.30628   
569 6828 0.950498599313 12.7205880325 -8.749833333333333 -8.6999999999999993e+00 -8.63333333333 -8.39333333333   
570 6840 0.992367515474 12.8655145483 -8.749833333333333 -8.6999999999999993e+00 -8.56 -1.90163   
571 6852 0.980573260326 12.8677937967 -8.749833333333333 -8.7164999999999999e+00 -8.52333333333 -8.36   
572 6864 1.01326981895 12.6578452977 -8.749833333333333 -8.7065000000000001e+00 -8.58666666667 -1.61409733333   
573 6876 1.04661505107 12.5285322069 -8.749833333333333 -8.7065000000000001e+00 -8.59666666667 -8.2365   
574 6888 1.02230252184 12.371831204 -8.749833333333333 -8.7431666666666672e+00 -8.68333333333 -8.0965   
575 6900 0.995543896156 12.3687852354 -8.749833333333333 -8.6999999999999993e+00 -8.66 -3.26743333333   
576 6912 1.03610644135 12.5605496543 -8.749833333333333 -8.7431666666666672e+00 -8.58666666667 -3.0   
577 6924 1.09023199149 12.7716357887 -8.749833333333333 -8.6966666666666672e+00 -8.62333333333 -3.62576266667   
578 6936 1.18837319215 12.7511987458 -8.749833333333333 -8.6999999999999993e+00 -8.63333333333 -3.41621733333   
579 6948 1.2407068655 13.2813939715 -8.749833333333333 -8.6433333333333326e+00 -8.57666666667 -1.716856   
580 6960 1.2842072621 13.4979558497 -8.749833333333333 -8.6999999999999993e+00 -8.61666666667 -1.875136   
581 6972 1.262852032 13.3678179763 -8.749833333333333 -8.6766666666666659e+00 -8.64666666667 -3.26171333333   
582 6984 1.20542344573 13.4430428811 -8.749833333333333 -8.6799999999999997e+00 -8.58666666667 -5.59779333333   
583 6996 1.1646355402 13.3922892526 -8.749833333333333 -8.7098333333333340e+00 -8.65 -8.59   
584 7008 1.19302754804 13.3511700866 -8.749833333333333 -8.6933333333333334e+00 -8.63666666667 -5.85531266667   
585 7020 1.25152328729 13.2819124783 -8.749833333333333 -8.7098333333333340e+00 -8.55 0.133916   
