% # columns="iteration, evaluation, sigma, axis ratio, bestever, best, median, worst objective function value, further objective values of best", seed=19, Wed Jan 31 04:46:22 2018, <python>{}</python>
1 12 1.90472273762 1.00004705993 -1.9040606666666666 -1.9040606666666666e+00 1.0 1.0   
2 24 1.92612763934 1.11351389625 -1.9040606666666666 2.2501333333333332e-01 0.841053333333 1.0   
3 36 2.03751747531 1.15913434304 -8.0765 -8.0764999999999993e+00 0.561487333333 1.0   
4 48 2.10127345885 1.26365009761 -8.0765 -1.9099033333333333e+00 0.471146 1.0   
5 60 2.03040454196 1.30863415949 -8.0765 -1.8215360000000000e+00 0.331790666667 1.0   
6 72 2.01801863269 1.33114403894 -8.0765 -3.9345980666666667e+00 0.168896 1.0   
7 84 2.03423219926 1.41375387286 -8.0765 -8.0365000000000002e+00 0.338029333333 1.0   
8 96 2.06067956504 1.46229599056 -8.0765 -3.8971766666666667e+00 0.411174 0.731053333333   
9 108 2.07168369204 1.50732367932 -8.0765 -1.8009973333333333e+00 0.440839333333 1.0   
10 120 1.94636634476 1.53374104752 -8.119833333333334 -8.1198333333333341e+00 0.352286 1.0   
11 132 1.93999459811 1.52772359501 -8.1365 -8.1364999999999998e+00 0.383544 1.0   
12 144 1.85687514167 1.5448916258 -8.1365 -1.9291400000000001e+00 0.301136666667 0.513254666667   
13 156 1.84821209428 1.54621222389 -8.1365 -3.5957933333333334e+00 0.475077333333 1.0   
14 168 1.77467801819 1.57725221163 -8.1365 -3.8949680000000000e+00 -1.38271666667 0.366883333333   
15 180 1.67729645174 1.58276573645 -8.1365 -5.4093619999999998e+00 -1.35770933333 1.0   
16 192 1.63441913487 1.59503718958 -8.1365 -3.0770800000000000e+00 0.143524 0.48786   
17 204 1.64836313206 1.59662517058 -8.1365 -1.5522260000000001e+00 0.22169 0.339148   
18 216 1.64337942592 1.60776381076 -8.1365 -3.2149266666666665e+00 -1.55826466667 0.473016666667   
19 228 1.66841389437 1.63129880806 -8.1365 -5.3393426666666670e+00 -1.36095866667 0.515615333333   
20 240 1.77677839127 1.67211617118 -8.1365 -8.1165000000000003e+00 0.0984566666667 0.463986666667   
21 252 1.88864472903 1.68321639994 -8.1365 -5.4744506666666668e+00 0.153622666667 1.0   
22 264 1.9658581825 1.7024339079 -8.416666666666666 -8.4166666666666661e+00 0.116418 1.0   
23 276 1.95276655354 1.72682845843 -8.416666666666666 -8.2798333333333325e+00 -1.30864666667 1.0   
24 288 1.96497932662 1.77690822106 -8.416666666666666 -5.8217366666666663e+00 0.114299333333 0.454665333333   
25 300 1.92126831738 1.78367789085 -8.416666666666666 -8.3066666666666666e+00 0.152853333333 1.0   
26 312 1.83688906246 1.79765125085 -8.416666666666666 -1.7043779999999999e+00 0.323078 0.644002   
27 324 1.80533007897 1.85792873042 -8.416666666666666 -1.9424461333333334e+00 0.169048 0.516786   
28 336 1.82126164649 1.87366591102 -8.416666666666666 -3.2903466666666668e+00 0.0848033333333 1.0   
29 348 1.6858340009 1.89681817103 -8.416666666666666 -3.9237220000000002e+00 0.153029333333 1.0   
30 360 1.70257555312 1.870598595 -8.416666666666666 -5.5840706666666664e+00 0.33783 1.0   
31 372 1.61110931274 1.92376690404 -8.416666666666666 -8.0098333333333329e+00 0.358748666667 1.0   
32 384 1.54790705086 1.95158968916 -8.416666666666666 -5.4725186666666668e+00 0.285866 0.7183   
33 396 1.45257246998 1.95774616897 -8.416666666666666 -1.9411803333333333e+00 -1.40314266667 1.0   
34 408 1.41868661495 1.97893059814 -8.416666666666666 -3.9342124666666667e+00 -1.54408666667 1.0   
35 420 1.37310112191 2.02111031503 -8.416666666666666 -3.7990379999999999e+00 0.08599 0.352061333333   
36 432 1.33401229176 1.99360296033 -8.416666666666666 -8.2598333333333329e+00 -1.61487266667 0.443468666667   
37 444 1.28496413522 1.98626816416 -8.416666666666666 -3.3664339999999999e+00 -1.64727266667 0.197913333333   
38 456 1.23667861205 1.98528515078 -8.416666666666666 -5.8386300000000002e+00 -1.68449066667 0.396788   
39 468 1.24956976256 2.03522694648 -8.416666666666666 -8.0598333333333336e+00 -3.56300466667 0.423924   
40 480 1.25229017357 2.02332530785 -8.416666666666666 -8.1165000000000003e+00 -1.758576 0.276780666667   
41 492 1.22712503281 2.03826635938 -8.416666666666666 -5.6725399999999997e+00 -1.63867133333 0.519487333333   
42 504 1.2291456149 2.0654221835 -8.416666666666666 -5.3218800000000002e+00 -1.79545333333 0.217038   
43 516 1.28083586572 2.04195960456 -8.416666666666666 -8.1298333333333339e+00 -3.04466666667 0.165989333333   
44 528 1.25628293025 2.07711464342 -8.416666666666666 -8.1431666666666658e+00 -1.48406133333 1.0   
45 540 1.20215588736 2.07563189455 -8.416666666666666 -5.9216266666666666e+00 0.116372 1.0   
46 552 1.19837658143 2.13599408607 -8.416666666666666 -8.3566666666666674e+00 -1.55189266667 0.555859333333   
47 564 1.15767796943 2.1385041 -8.416666666666666 -5.5806993333333335e+00 0.313266666667 1.0   
48 576 1.13331405178 2.17237191964 -8.416666666666666 -8.1798333333333328e+00 -1.33433933333 1.0   
49 588 1.11890829278 2.20018875059 -8.416666666666666 -3.8740886666666667e+00 -1.495974 0.524062   
50 600 1.08208825726 2.19765545404 -8.416666666666666 -5.5096173333333329e+00 -1.82613933333 0.186352666667   
51 612 1.08173631805 2.22696879287 -8.416666666666666 -5.7305526666666671e+00 -1.911818 0.198431333333   
52 624 1.12068910556 2.28343417683 -8.416666666666666 -8.2531666666666670e+00 -1.931248 0.550384666667   
53 636 1.14027129617 2.28810180917 -8.416666666666666 -8.0898333333333330e+00 0.144446 1.0   
54 648 1.17368154472 2.30303358588 -8.416666666666666 -3.1821199999999998e+00 0.124538666667 1.0   
55 660 1.2357843672 2.36674040824 -8.416666666666666 -8.1031666666666666e+00 -1.54903733333 0.810086666667   
56 672 1.20834387777 2.3705653854 -8.416666666666666 -8.0331666666666663e+00 -1.80789266667 1.0   
57 684 1.12660025201 2.44115301417 -8.416666666666666 -3.4532506666666665e+00 0.134512 0.714573333333   
58 696 1.08312152873 2.45747729305 -8.416666666666666 -5.7098079999999998e+00 -1.89123133333 0.068402   
59 708 1.14937588942 2.44487422956 -8.416666666666666 -5.6447853333333331e+00 -1.382404 0.279028666667   
60 720 1.18836212001 2.49166044223 -8.416666666666666 -3.5558633333333334e+00 0.120007333333 1.0   
61 732 1.18675081742 2.4844420671 -8.416666666666666 -8.0131666666666668e+00 -1.54382733333 0.444400666667   
62 744 1.16403411994 2.49762376734 -8.416666666666666 -8.0798333333333332e+00 -1.69109066667 0.492121333333   
63 756 1.19775471572 2.50202174344 -8.416666666666666 -3.8761446666666668e+00 0.111958666667 0.970713333333   
64 768 1.19324567908 2.48129174454 -8.416666666666666 -5.7472719999999997e+00 0.086668 1.0   
65 780 1.19972836462 2.48258453777 -8.416666666666666 -5.8408393333333333e+00 0.088208 1.0   
66 792 1.2043648059 2.49641484813 -8.416666666666666 -5.7433426666666669e+00 0.276376 1.0   
67 804 1.21918026525 2.61245053711 -8.416666666666666 -3.7948193333333333e+00 -1.49613133333 1.0   
68 816 1.20927783418 2.64893094138 -8.416666666666666 -1.8944533333333333e+00 0.0822386666667 1.0   
69 828 1.20662974985 2.7219325053 -8.416666666666666 -5.7646340000000000e+00 -1.47160933333 0.616702   
70 840 1.17247829066 2.73394753606 -8.416666666666666 -3.7305419999999998e+00 0.0854306666667 1.0   
71 852 1.16579217762 2.74804885643 -8.416666666666666 -5.3989300000000000e+00 0.179288 1.0   
72 864 1.1383293852 2.73885261041 -8.416666666666666 -8.1198333333333341e+00 -1.73643666667 0.141379333333   
73 876 1.08511442877 2.8335141643 -8.416666666666666 -5.7996393333333334e+00 0.094674 0.854433333333   
74 888 1.05123970757 2.87560867176 -8.416666666666666 -5.2887733333333333e+00 0.127043333333 1.0   
75 900 0.997663037527 2.91255949873 -8.416666666666666 -5.5987733333333329e+00 -1.90800066667 0.689026666667   
76 912 0.947430144771 2.9253174936 -8.416666666666666 -5.5973253333333330e+00 0.0727793333333 0.268518666667   
77 924 0.961745761544 2.93378979498 -8.416666666666666 -8.3300000000000001e+00 -1.501768 0.271308666667   
78 936 0.975726486472 2.99390096065 -8.416666666666666 -8.0231666666666666e+00 -1.590116 0.331771333333   
79 948 0.985764972963 3.00084452122 -8.416666666666666 -8.2164999999999999e+00 -3.365212 0.229818666667   
80 960 0.969978518354 3.02717725519 -8.416666666666666 -8.3933333333333326e+00 0.0774906666667 1.0   
81 972 0.912673660295 3.0241593028 -8.416666666666666 -8.2665000000000006e+00 -1.58784666667 1.0   
82 984 0.878840250725 3.03075723728 -8.416666666666666 -8.2831666666666663e+00 -3.72669 1.0   
83 996 0.84758812944 3.0233807835 -8.416666666666666 -8.2031666666666663e+00 0.0842733333333 0.145317333333   
84 1008 0.80527938189 3.072073786 -8.416666666666666 -8.2031666666666663e+00 -3.54319 0.260882666667   
85 1020 0.8003926046 3.11190988056 -8.416666666666666 -8.0564999999999998e+00 -1.7737 0.216326666667   
86 1032 0.762467133685 3.18940580568 -8.416666666666666 -8.2031666666666663e+00 -3.48060933333 0.203746666667   
87 1044 0.742164748007 3.17588293884 -8.416666666666666 -8.1865000000000006e+00 0.0628698666667 0.32266   
88 1056 0.754734461823 3.13210787851 -8.416666666666666 -8.2598333333333329e+00 -1.93869113333 0.34924   
89 1068 0.749895549074 3.14778926172 -8.416666666666666 -8.3866666666666667e+00 0.103778 1.0   
90 1080 0.721158127011 3.23058520018 -8.416666666666666 -8.3133333333333326e+00 -5.41496 -1.77209933333   
91 1092 0.69318700002 3.20794453803 -8.416666666666666 -8.3599999999999994e+00 -3.81677 0.199744   
92 1104 0.641167670241 3.25301577821 -8.416666666666666 -8.3100000000000005e+00 -5.464312 0.109820666667   
93 1116 0.613152472795 3.30431802263 -8.416666666666666 -8.4133333333333340e+00 -5.48455533333 0.0981993333333   
94 1128 0.604917599174 3.30991324309 -8.416666666666666 -8.3100000000000005e+00 -5.543316 0.10433   
95 1140 0.598263984657 3.35730010065 -8.416666666666666 -8.3900000000000006e+00 -8.02983333333 0.110632666667   
96 1152 0.604137922517 3.37861798619 -8.416666666666666 -8.3766666666666669e+00 -8.03316666667 -3.13664   
97 1164 0.60947155812 3.47274050073 -8.44 -8.4399999999999995e+00 -8.1265 -1.88735866667   
98 1176 0.616617443275 3.54179669074 -8.44 -8.3766666666666669e+00 -8.10983333333 0.129315333333   
99 1188 0.602828688367 3.66282269272 -8.44 -8.3766666666666669e+00 -8.07983333333 0.126666   
100 1200 0.614313493213 3.79111531735 -8.44 -8.4100000000000001e+00 -8.23983333333 -8.04983333333   
101 1212 0.642926832372 3.97550974527 -8.44 -8.3733333333333331e+00 -5.42372466667 0.0972553333333   
102 1224 0.673709166866 4.03876985071 -8.45 -8.4499999999999993e+00 -8.33666666667 -8.07983333333   
103 1236 0.675506931202 4.11265213832 -8.45 -8.4333333333333336e+00 -8.1165 0.0910093333333   
104 1248 0.65771461787 4.13526149228 -8.45 -8.3866666666666667e+00 -8.16983333333 0.260996666667   
105 1260 0.650829760659 4.2111474093 -8.476666666666667 -8.4766666666666666e+00 -8.2465 -1.83828466667   
106 1272 0.653295527688 4.24534828171 -8.496666666666666 -8.4966666666666661e+00 -5.770162 0.091996   
107 1284 0.647912416538 4.37840389935 -8.51 -8.5099999999999998e+00 -8.1465 -3.23252   
108 1296 0.607472065742 4.45409009653 -8.51 -8.4133333333333340e+00 -8.1665 0.0729826666667   
109 1308 0.571198227516 4.52109699549 -8.51 -8.4933333333333341e+00 -8.24316666667 -5.93854746667   
110 1320 0.548016392648 4.54565610667 -8.51 -8.4166666666666661e+00 -8.19983333333 0.07906   
111 1332 0.527196851751 4.58483279817 -8.51 -8.4533333333333331e+00 -8.18316666667 0.119763333333   
112 1344 0.522660952305 4.54918305794 -8.51 -8.4733333333333327e+00 -8.31333333333 0.070818   
113 1356 0.509777522338 4.66185012345 -8.51 -8.5099999999999998e+00 -8.1965 -1.65298733333   
114 1368 0.500755728288 4.77348798528 -8.51 -8.4600000000000009e+00 -8.24983333333 -3.07994666667   
115 1380 0.458890346155 4.76326547924 -8.51 -8.5099999999999998e+00 -8.36333333333 -3.934018   
116 1392 0.431659628714 4.77130823862 -8.526666666666667 -8.5266666666666673e+00 -8.41333333333 0.0607782666667   
117 1404 0.430487479838 4.81454798851 -8.526666666666667 -8.5133333333333336e+00 -8.36 0.063693   
118 1416 0.445455736577 4.92977151708 -8.526666666666667 -8.4466666666666672e+00 -8.32 0.0656770666667   
119 1428 0.476835900874 5.06109540643 -8.526666666666667 -8.4499999999999993e+00 -8.34666666667 0.0708033333333   
120 1440 0.493919244931 5.15675807306 -8.526666666666667 -8.4766666666666666e+00 -8.36333333333 -3.94823493333   
121 1452 0.481375522161 5.12651371539 -8.526666666666667 -8.4866666666666664e+00 -8.2665 -5.729952   
122 1464 0.467876974026 5.18091755688 -8.526666666666667 -8.4633333333333329e+00 -8.15316666667 0.073402   
123 1476 0.457491337451 5.21806153467 -8.526666666666667 -8.4600000000000009e+00 -8.34 -8.19983333333   
124 1488 0.428312150485 5.22521390626 -8.526666666666667 -8.4433333333333334e+00 -8.31 -3.14721333333   
125 1500 0.426507330189 5.28043378487 -8.526666666666667 -8.4566666666666670e+00 -8.0665 0.128309333333   
126 1512 0.410577335399 5.58091694427 -8.526666666666667 -8.5099999999999998e+00 -8.33666666667 -5.62002066667   
127 1524 0.397095660784 5.75338620632 -8.526666666666667 -8.4766666666666666e+00 -8.41666666667 -8.16983333333   
128 1536 0.387820671083 5.84588635225 -8.53 -8.5299999999999994e+00 -8.38 -8.1265   
129 1548 0.386283633343 5.87411744192 -8.53 -8.4800000000000004e+00 -8.36666666667 -1.39288933333   
130 1560 0.370146968074 5.88671807252 -8.53 -8.5299999999999994e+00 -8.39 -8.2265   
131 1572 0.370527427037 5.91456742445 -8.53 -8.4800000000000004e+00 -8.37666666667 -5.93006933333   
132 1584 0.380303908355 6.01281062739 -8.53 -8.4933333333333341e+00 -8.36333333333 -8.22316666667   
133 1596 0.367857026202 5.99597813268 -8.53 -8.4433333333333334e+00 -8.35333333333 -3.23149333333   
134 1608 0.347992977884 5.96119293526 -8.53 -8.4966666666666661e+00 -8.42666666667 -8.2665   
135 1620 0.331193634256 5.97787980916 -8.53 -8.4900000000000002e+00 -8.23983333333 -3.47006733333   
136 1632 0.317989783904 6.07600027445 -8.53 -8.5000000000000000e+00 -8.40666666667 -8.25316666667   
137 1644 0.29801696049 6.131902272 -8.53 -8.4700000000000006e+00 -8.4 -8.1765   
138 1656 0.281138711177 6.21722017293 -8.53 -8.4633333333333329e+00 -8.34333333333 -8.16983333333   
139 1668 0.273224617737 6.28392142716 -8.53 -8.5033333333333339e+00 -8.39 -8.2365   
140 1680 0.266604303547 6.37230913284 -8.53 -8.4866666666666664e+00 -8.39666666667 -8.1065   
141 1692 0.269877661103 6.43876875507 -8.53 -8.5133333333333336e+00 -8.44666666667 -8.32333333333   
142 1704 0.265645209383 6.58604610103 -8.53 -8.5066666666666659e+00 -8.37 0.0706873333333   
143 1716 0.275344842941 6.75184374983 -8.53 -8.4866666666666664e+00 -8.41 -8.29666666667   
144 1728 0.271314752979 7.02061728414 -8.53 -8.5266666666666673e+00 -8.39333333333 -8.35666666667   
145 1740 0.255214256192 6.99074013871 -8.53 -8.5166666666666675e+00 -8.48666666667 -8.28316666667   
146 1752 0.247226979515 7.02419720352 -8.53 -8.4966666666666661e+00 -8.44 0.072878   
147 1764 0.248716585486 7.20365279507 -8.53 -8.4800000000000004e+00 -8.39 -8.25316666667   
148 1776 0.241847949208 7.33557093232 -8.53 -8.4800000000000004e+00 -8.44333333333 -8.2665   
149 1788 0.238197304827 7.40239976818 -8.53 -8.5033333333333339e+00 -8.32666666667 -8.0365   
150 1800 0.237155922135 7.50538506493 -8.53 -8.4966666666666661e+00 -8.39333333333 -8.2665   
151 1812 0.249649991422 7.61570705322 -8.53 -8.4866666666666664e+00 -8.43 -8.34333333333   
152 1824 0.245491608699 7.42883971823 -8.53 -8.5099999999999998e+00 -8.46 -8.2465   
153 1836 0.238476879167 7.57408173595 -8.53 -8.4900000000000002e+00 -8.35333333333 -8.23316666667   
154 1848 0.244321887613 7.4740140371 -8.53 -8.5133333333333336e+00 -8.40666666667 -3.44861066667   
155 1860 0.244402642858 7.55233188346 -8.53 -8.4966666666666661e+00 -8.44333333333 -8.1865   
156 1872 0.250687472675 7.58991143131 -8.53 -8.4966666666666661e+00 -8.39333333333 0.0863673333333   
157 1884 0.267201711517 7.55289893575 -8.53 -8.4666666666666668e+00 -8.33333333333 -3.926396   
158 1896 0.275596627803 7.60935337693 -8.53 -8.5166666666666675e+00 -8.25983333333 0.0846933333333   
159 1908 0.285778660315 7.62437814713 -8.53 -8.5066666666666659e+00 -8.37 0.0845613333333   
160 1920 0.298920717897 7.72186499923 -8.53 -8.4966666666666661e+00 -8.32 0.144917333333   
161 1932 0.310881016443 7.72019332218 -8.53 -8.5099999999999998e+00 -8.26983333333 0.142082666667   
162 1944 0.331576917283 7.89233118935 -8.53 -8.4733333333333327e+00 -8.31666666667 0.0632242   
163 1956 0.344526591792 8.07933521103 -8.53 -8.4866666666666664e+00 -8.27316666667 -3.931766   
164 1968 0.351630659501 8.30996177551 -8.53 -8.5099999999999998e+00 -8.31 0.0755846666667   
165 1980 0.364322864684 8.41751637765 -8.53 -8.4766666666666666e+00 -8.37666666667 0.0694053333333   
166 1992 0.378518684007 8.58857413164 -8.53 -8.4499999999999993e+00 -5.92078133333 0.149613333333   
167 2004 0.389652980663 8.85566999798 -8.53 -8.4499999999999993e+00 -8.38666666667 0.07824   
168 2016 0.380972631568 9.12131801374 -8.53 -8.5133333333333336e+00 -8.24316666667 0.110946   
169 2028 0.380751755741 9.14450895053 -8.53 -8.4700000000000006e+00 -8.08316666667 0.080752   
170 2040 0.37286533529 9.0834017942 -8.53 -8.4666666666666668e+00 -8.39333333333 -8.34333333333   
171 2052 0.367806168561 9.23673049866 -8.53 -8.4399999999999995e+00 -8.4 -8.2565   
172 2064 0.35417877734 9.35492797208 -8.53 -8.4533333333333331e+00 -8.36 -1.93446806667   
173 2076 0.342280603131 9.50380630991 -8.53 -8.4533333333333331e+00 -8.39 0.073848   
174 2088 0.339428413702 9.69783025351 -8.53 -8.5299999999999994e+00 -8.44666666667 -1.90444066667   
175 2100 0.33302292352 9.57615969666 -8.53 -8.4766666666666666e+00 -8.40666666667 -8.2765   
176 2112 0.32605993764 9.62706096363 -8.53 -8.5133333333333336e+00 -8.43333333333 -8.2065   
177 2124 0.321088404247 9.80152422291 -8.53 -8.4733333333333327e+00 -8.43333333333 -8.21983333333   
178 2136 0.330734787266 9.87108746401 -8.53 -8.5199999999999996e+00 -8.42 0.0816046666667   
179 2148 0.338012666912 10.0694579682 -8.553333333333333 -8.5533333333333328e+00 -8.43666666667 -8.05983333333   
180 2160 0.353966115326 10.128911204 -8.553333333333333 -8.4833333333333325e+00 -8.43666666667 0.0645549333333   
181 2172 0.362475153941 10.3823162822 -8.553333333333333 -8.4800000000000004e+00 -8.36666666667 0.08647   
182 2184 0.370085674538 10.4152079474 -8.553333333333333 -8.4933333333333341e+00 -8.41333333333 0.14323   
183 2196 0.38938771359 10.5713170005 -8.553333333333333 -8.5166666666666675e+00 -8.41 0.0682086666667   
184 2208 0.387038031868 11.0000478482 -8.553333333333333 -8.5366666666666671e+00 -8.38666666667 -8.1565   
185 2220 0.391944064471 11.1239875885 -8.553333333333333 -8.5333333333333332e+00 -8.34666666667 0.094204   
186 2232 0.382898751251 11.2863856367 -8.553333333333333 -8.4533333333333331e+00 -8.39 -8.13316666667   
187 2244 0.373377566215 11.3883153021 -8.553333333333333 -8.4900000000000002e+00 -8.33333333333 0.115308666667   
188 2256 0.371906250076 11.4562763266 -8.553333333333333 -8.5033333333333339e+00 -8.40666666667 0.113927333333   
189 2268 0.366064534175 11.5513151857 -8.553333333333333 -8.5333333333333332e+00 -8.43 -8.34   
190 2280 0.350010512797 11.651108653 -8.553333333333333 -8.4766666666666666e+00 -8.37333333333 0.095388   
191 2292 0.329541929072 11.6557075198 -8.553333333333333 -8.5099999999999998e+00 -8.46333333333 -8.34333333333   
192 2304 0.326730851106 11.7554966648 -8.553333333333333 -8.5266666666666673e+00 -8.42333333333 0.0998166666667   
193 2316 0.323794561218 11.7660823696 -8.553333333333333 -8.5299999999999994e+00 -8.45666666667 -8.30666666667   
194 2328 0.312784681608 11.7546354228 -8.553333333333333 -8.5000000000000000e+00 -8.45333333333 -8.25983333333   
195 2340 0.297045386226 11.9314181715 -8.553333333333333 -8.5033333333333339e+00 -8.44333333333 -8.27316666667   
196 2352 0.277579186065 11.6243348438 -8.553333333333333 -8.5066666666666659e+00 -8.43666666667 -8.1365   
197 2364 0.277863103737 11.5949873373 -8.553333333333333 -8.5166666666666675e+00 -8.46333333333 -8.37666666667   
198 2376 0.272356974052 11.7530512419 -8.553333333333333 -8.5333333333333332e+00 -8.48 -8.36   
199 2388 0.271386021016 11.8275041908 -8.553333333333333 -8.5333333333333332e+00 -8.49333333333 -8.34666666667   
200 2400 0.263172269386 11.9502173137 -8.553333333333333 -8.5266666666666673e+00 -8.48 -8.44   
201 2412 0.25528037889 12.0909411493 -8.553333333333333 -8.5133333333333336e+00 -8.42 -8.3   
202 2424 0.246886769378 12.0545278412 -8.553333333333333 -8.5433333333333330e+00 -8.44 -8.1365   
203 2436 0.242424742609 11.9494325276 -8.553333333333333 -8.5299999999999994e+00 -8.47666666667 -8.34333333333   
204 2448 0.246609592868 11.9307244573 -8.553333333333333 -8.5033333333333339e+00 -8.46333333333 -8.36   
205 2460 0.248277054482 12.2033470545 -8.553333333333333 -8.5333333333333332e+00 -8.48666666667 0.101209333333   
206 2472 0.257978115565 12.1221626216 -8.553333333333333 -8.5266666666666673e+00 -8.49 -8.4   
207 2484 0.252642015567 12.1172074359 -8.553333333333333 -8.5199999999999996e+00 -8.46 -8.35666666667   
208 2496 0.245954129479 12.3369123299 -8.553333333333333 -8.5333333333333332e+00 -8.48666666667 -8.42333333333   
209 2508 0.249392426802 12.31820843 -8.553333333333333 -8.5333333333333332e+00 -8.48 -8.44333333333   
210 2520 0.253057307271 12.3443169591 -8.563333333333333 -8.5633333333333326e+00 -8.46 -8.38666666667   
211 2532 0.253156345369 12.5143758057 -8.563333333333333 -8.5466666666666669e+00 -8.44666666667 -8.34666666667   
212 2544 0.253544107369 12.9241557313 -8.563333333333333 -8.5366666666666671e+00 -8.49333333333 -8.31666666667   
213 2556 0.251885319737 12.5587101807 -8.563333333333333 -8.5233333333333334e+00 -8.48666666667 -8.4   
214 2568 0.251496447796 12.561504144 -8.563333333333333 -8.5333333333333332e+00 -8.48 -8.43666666667   
215 2580 0.252824461243 12.7113498928 -8.563333333333333 -8.5299999999999994e+00 -8.49 -8.44   
216 2592 0.252772066491 12.6472754277 -8.563333333333333 -8.5399999999999991e+00 -8.49333333333 -8.38   
217 2604 0.254060050638 12.8014825187 -8.563333333333333 -8.5366666666666671e+00 -8.47666666667 -8.38   
218 2616 0.254556086678 12.8641642906 -8.563333333333333 -8.5299999999999994e+00 -8.48 -8.36   
219 2628 0.255558097374 12.5273892397 -8.563333333333333 -8.5399999999999991e+00 -8.47666666667 -8.4   
220 2640 0.26435518889 12.9470455831 -8.563333333333333 -8.5366666666666671e+00 -8.5 -8.35   
221 2652 0.268592858573 12.7179978658 -8.563333333333333 -8.5399999999999991e+00 -8.48 -8.39666666667   
222 2664 0.278387349234 12.6811381841 -8.563333333333333 -8.5266666666666673e+00 -8.46333333333 -8.31333333333   
223 2676 0.278240309689 12.6766608803 -8.563333333333333 -8.5299999999999994e+00 -8.49333333333 -8.42333333333   
224 2688 0.283969647448 12.8255027006 -8.563333333333333 -8.5333333333333332e+00 -8.46 -8.37666666667   
225 2700 0.276390672088 12.9110788915 -8.563333333333333 -8.5366666666666671e+00 -8.47 -8.34333333333   
226 2712 0.271596530419 12.9403401372 -8.563333333333333 -8.5399999999999991e+00 -8.48 -8.23316666667   
227 2724 0.269753650484 12.9484780093 -8.563333333333333 -8.5633333333333326e+00 -8.47666666667 -8.31   
228 2736 0.272494878542 13.1734193489 -8.563333333333333 -8.5500000000000007e+00 -8.50666666667 -8.43333333333   
229 2748 0.275824671435 13.1934229183 -8.563333333333333 -8.5399999999999991e+00 -8.49666666667 -8.36   
230 2760 0.284678859373 13.3322276828 -8.563333333333333 -8.5399999999999991e+00 -8.48666666667 -8.41333333333   
231 2772 0.287837904369 13.2248429694 -8.563333333333333 -8.5500000000000007e+00 -8.48333333333 -8.43333333333   
232 2784 0.270025295564 13.1729704938 -8.563333333333333 -8.5333333333333332e+00 -8.48666666667 -8.39666666667   
233 2796 0.253219316525 13.352494765 -8.573333333333334 -8.5733333333333341e+00 -8.50666666667 -8.38666666667   
234 2808 0.254324152582 13.5149312414 -8.573333333333334 -8.5533333333333328e+00 -8.49 -8.41666666667   
235 2820 0.254192751798 13.487634503 -8.573333333333334 -8.5399999999999991e+00 -8.5 -8.42666666667   
236 2832 0.254275081608 13.3538036212 -8.573333333333334 -8.5566666666666666e+00 -8.49333333333 -8.42   
237 2844 0.255550998874 13.3406981258 -8.573333333333334 -8.5333333333333332e+00 -8.47666666667 -8.42   
238 2856 0.250207562318 13.4347023522 -8.573333333333334 -8.5566666666666666e+00 -8.49 -8.44666666667   
239 2868 0.248993066957 13.6917595684 -8.573333333333334 -8.5366666666666671e+00 -8.49333333333 -8.44333333333   
240 2880 0.251028757796 13.6423677055 -8.573333333333334 -8.5399999999999991e+00 -8.49 -8.15316666667   
241 2892 0.249728300273 13.848874246 -8.573333333333334 -8.5533333333333328e+00 -8.50333333333 -8.41333333333   
242 2904 0.255131297335 13.9674307261 -8.573333333333334 -8.5533333333333328e+00 -8.51333333333 -8.46333333333   
243 2916 0.256846280211 13.9632393384 -8.573333333333334 -8.5466666666666669e+00 -8.49333333333 -8.36   
244 2928 0.257498046132 13.9909122137 -8.573333333333334 -8.5600000000000005e+00 -8.52 -8.42333333333   
245 2940 0.256757896671 13.8696896814 -8.573333333333334 -8.5533333333333328e+00 -8.44666666667 -8.36333333333   
246 2952 0.257357633393 13.6843722801 -8.573333333333334 -8.5700000000000003e+00 -8.52 -8.46333333333   
247 2964 0.254272078973 13.6477350781 -8.573333333333334 -8.5466666666666669e+00 -8.5 -8.43333333333   
248 2976 0.258565589824 13.789698341 -8.573333333333334 -8.5666666666666664e+00 -8.49 -8.37333333333   
249 2988 0.26632296512 13.7259881485 -8.573333333333334 -8.5500000000000007e+00 -8.47 -8.39666666667   
250 3000 0.264254660859 13.9583557258 -8.573333333333334 -8.5533333333333328e+00 -8.49 -8.39333333333   
251 3012 0.270610110122 13.7308863236 -8.573333333333334 -8.5500000000000007e+00 -8.49 -8.28316666667   
252 3024 0.272661057898 13.6872559028 -8.573333333333334 -8.5566666666666666e+00 -8.51 -8.44   
253 3036 0.271830841675 14.0390129493 -8.573333333333334 -8.5633333333333326e+00 -8.50333333333 -8.41   
254 3048 0.275488350189 14.1220444222 -8.573333333333334 -8.5566666666666666e+00 -8.52333333333 -8.35666666667   
255 3060 0.269962875905 14.5092129588 -8.573333333333334 -8.5433333333333330e+00 -8.49666666667 -8.39333333333   
256 3072 0.265044424217 14.5305385844 -8.573333333333334 -8.5466666666666669e+00 -8.51333333333 -8.40333333333   
257 3084 0.26336341216 14.4459529559 -8.573333333333334 -8.5666666666666664e+00 -8.50333333333 -8.49   
258 3096 0.257240330323 14.6487480681 -8.573333333333334 -8.5233333333333334e+00 -8.51 -8.35666666667   
259 3108 0.26289109404 14.5958899416 -8.573333333333334 -8.5466666666666669e+00 -8.50333333333 -8.46   
260 3120 0.261177989911 14.2255150548 -8.573333333333334 -8.5399999999999991e+00 -8.50333333333 -8.46   
261 3132 0.254351129611 14.1801322056 -8.573333333333334 -8.5466666666666669e+00 -8.51333333333 -8.41666666667   
262 3144 0.24761987187 14.325249277 -8.573333333333334 -8.5466666666666669e+00 -8.51 -8.44333333333   
263 3156 0.248675798571 14.3026593895 -8.573333333333334 -8.5500000000000007e+00 -8.5 -8.42333333333   
264 3168 0.248654514758 14.1452978181 -8.573333333333334 -8.5666666666666664e+00 -8.49333333333 -8.41   
265 3180 0.250033867758 14.1754666394 -8.573333333333334 -8.5633333333333326e+00 -8.53 -8.44333333333   
266 3192 0.258512376215 13.9508673103 -8.573333333333334 -8.5399999999999991e+00 -8.51 -8.32   
267 3204 0.25971594743 13.8526458792 -8.573333333333334 -8.5666666666666664e+00 -8.50666666667 -8.43   
268 3216 0.260012597735 13.9035864691 -8.573333333333334 -8.5466666666666669e+00 -8.5 -8.42   
269 3228 0.260234222569 13.9119867822 -8.573333333333334 -8.5500000000000007e+00 -8.51666666667 -8.45333333333   
270 3240 0.263714467116 13.8227419688 -8.573333333333334 -8.5433333333333330e+00 -8.52 -8.39   
271 3252 0.263620894476 14.0263072685 -8.573333333333334 -8.5366666666666671e+00 -8.48333333333 -8.45333333333   
272 3264 0.265861256276 14.0322858424 -8.573333333333334 -8.5500000000000007e+00 -8.51333333333 -8.44333333333   
273 3276 0.264247443533 13.9671841023 -8.573333333333334 -8.5500000000000007e+00 -8.51333333333 -8.49   
274 3288 0.261890659156 14.1838362218 -8.573333333333334 -8.5500000000000007e+00 -8.50666666667 -8.47333333333   
275 3300 0.259832625043 14.1258547111 -8.573333333333334 -8.5366666666666671e+00 -8.48 -8.35666666667   
276 3312 0.259237752819 14.1093174893 -8.573333333333334 -8.5299999999999994e+00 -8.49666666667 -8.42   
277 3324 0.260581868143 14.1202918319 -8.573333333333334 -8.5366666666666671e+00 -8.49666666667 -8.33333333333   
278 3336 0.263091035005 14.3022339735 -8.573333333333334 -8.5433333333333330e+00 -8.51666666667 -8.48333333333   
279 3348 0.262207744731 14.1791000517 -8.573333333333334 -8.5500000000000007e+00 -8.51333333333 -8.45   
280 3360 0.26264296482 14.3317783261 -8.573333333333334 -8.5366666666666671e+00 -8.5 -8.31666666667   
281 3372 0.263600312979 14.268830425 -8.573333333333334 -8.5466666666666669e+00 -8.50666666667 -8.44666666667   
282 3384 0.270255613281 14.4318686581 -8.573333333333334 -8.5366666666666671e+00 -8.49 -8.33333333333   
283 3396 0.271419904274 14.5070324999 -8.573333333333334 -8.5333333333333332e+00 -8.47666666667 -8.35666666667   
284 3408 0.280396826309 14.3915525231 -8.573333333333334 -8.5299999999999994e+00 -8.49 -8.39666666667   
285 3420 0.287031098391 14.4068988349 -8.573333333333334 -8.5466666666666669e+00 -8.48 -8.46333333333   
286 3432 0.290363894267 14.644206829 -8.573333333333334 -8.5433333333333330e+00 -8.50666666667 -8.4   
287 3444 0.289897566898 14.7560329845 -8.573333333333334 -8.5366666666666671e+00 -8.50666666667 -8.44333333333   
288 3456 0.270718464148 14.6353609275 -8.573333333333334 -8.5433333333333330e+00 -8.48333333333 -8.41   
289 3468 0.267167219 15.0769359058 -8.573333333333334 -8.5533333333333328e+00 -8.5 -8.44333333333   
290 3480 0.267255252691 15.0105609499 -8.573333333333334 -8.5333333333333332e+00 -8.49666666667 -8.37666666667   
291 3492 0.264868917141 15.3699817537 -8.573333333333334 -8.5533333333333328e+00 -8.5 -8.32333333333   
292 3504 0.264027278677 15.594164435 -8.573333333333334 -8.5533333333333328e+00 -8.50333333333 -8.46333333333   
293 3516 0.265541525851 15.3710138854 -8.573333333333334 -8.5333333333333332e+00 -8.50333333333 -8.46666666667   
294 3528 0.263886455709 15.2379265536 -8.573333333333334 -8.5399999999999991e+00 -8.51333333333 -8.2665   
295 3540 0.266184665887 15.6431912688 -8.573333333333334 -8.5366666666666671e+00 -8.50333333333 -8.42   
296 3552 0.266111623741 15.6015148723 -8.573333333333334 -8.5433333333333330e+00 -8.50666666667 -8.48   
297 3564 0.264976250485 15.3603214518 -8.573333333333334 -8.5533333333333328e+00 -8.51 -8.34666666667   
298 3576 0.267586548594 15.5160358241 -8.573333333333334 -8.5466666666666669e+00 -8.51666666667 -8.44666666667   
299 3588 0.268575370831 15.4869111364 -8.573333333333334 -8.5433333333333330e+00 -8.52 -8.44666666667   
300 3600 0.274453676283 15.6232854907 -8.573333333333334 -8.5533333333333328e+00 -8.52333333333 -8.48666666667   
301 3612 0.304833685331 15.3370693889 -8.573333333333334 -8.5433333333333330e+00 -8.51333333333 -8.45333333333   
302 3624 0.321596507324 15.4693017756 -8.573333333333334 -8.5600000000000005e+00 -8.52666666667 -8.47666666667   
303 3636 0.343262322987 15.4808841247 -8.573333333333334 -8.5700000000000003e+00 -8.52 -8.45666666667   
304 3648 0.35444864038 15.1142683787 -8.573333333333334 -8.5500000000000007e+00 -8.49333333333 -5.85800133333   
305 3660 0.372354138257 15.1134132341 -8.573333333333334 -8.5600000000000005e+00 -8.49666666667 -8.41   
306 3672 0.356891061922 15.3470092697 -8.573333333333334 -8.5533333333333328e+00 -8.52333333333 -8.49666666667   
307 3684 0.346657670866 15.4028495592 -8.573333333333334 -8.5399999999999991e+00 -8.49333333333 -8.44666666667   
308 3696 0.33946400058 15.418306791 -8.573333333333334 -8.5399999999999991e+00 -8.48666666667 -8.38666666667   
309 3708 0.315266823669 15.9330033696 -8.573333333333334 -8.5500000000000007e+00 -8.51 -8.43333333333   
310 3720 0.312863894403 15.9712165918 -8.573333333333334 -8.5666666666666664e+00 -8.51333333333 -8.42666666667   
311 3732 0.30886413667 15.9611808211 -8.573333333333334 -8.5500000000000007e+00 -8.51666666667 -8.41666666667   
312 3744 0.304185147815 15.8128019791 -8.573333333333334 -8.5533333333333328e+00 -8.52 -8.38666666667   
313 3756 0.296263778957 15.7867362384 -8.573333333333334 -8.5600000000000005e+00 -8.51333333333 -8.37666666667   
314 3768 0.297104359609 15.8633757146 -8.573333333333334 -8.5299999999999994e+00 -8.50666666667 -8.43   
315 3780 0.291345579239 15.8469581262 -8.573333333333334 -8.5566666666666666e+00 -8.54333333333 -8.44666666667   
316 3792 0.293455291141 15.805745887 -8.573333333333334 -8.5466666666666669e+00 -8.51 -8.19983333333   
317 3804 0.294309484462 16.0621574509 -8.576666666666666 -8.5766666666666662e+00 -8.52666666667 -8.46666666667   
318 3816 0.293743181473 16.0887958645 -8.576666666666666 -8.5533333333333328e+00 -8.51333333333 -8.26316666667   
319 3828 0.310000627456 16.1479577552 -8.576666666666666 -8.5566666666666666e+00 -8.50666666667 -8.41   
320 3840 0.332295222067 16.2024139872 -8.576666666666666 -8.5666666666666664e+00 -8.53 -8.44666666667   
321 3852 0.344218390404 16.0834487348 -8.576666666666666 -8.5433333333333330e+00 -8.50666666667 -8.2165   
322 3864 0.360018020435 16.1532826562 -8.576666666666666 -8.5533333333333328e+00 -8.52 -8.38666666667   
323 3876 0.370522801921 16.2297225602 -8.576666666666666 -8.5566666666666666e+00 -8.49 -8.40333333333   
324 3888 0.382558214516 16.6010706653 -8.576666666666666 -8.5600000000000005e+00 -8.48666666667 -3.56622333333   
325 3900 0.38310924936 17.085840861 -8.576666666666666 -8.5466666666666669e+00 -8.46333333333 -8.2365   
326 3912 0.388188362342 17.1459771998 -8.576666666666666 -8.5500000000000007e+00 -8.50333333333 -8.35333333333   
327 3924 0.380927519617 17.1905046185 -8.583333333333334 -8.5833333333333339e+00 -8.52333333333 -8.50333333333   
328 3936 0.372455101301 17.2816285344 -8.583333333333334 -8.5533333333333328e+00 -8.50666666667 -8.29666666667   
329 3948 0.344847873323 17.4647286299 -8.583333333333334 -8.5433333333333330e+00 -8.49666666667 -8.38666666667   
330 3960 0.339460553259 17.463505215 -8.583333333333334 -8.5399999999999991e+00 -8.5 -8.1965   
331 3972 0.342212575334 17.536350507 -8.583333333333334 -8.5500000000000007e+00 -8.50666666667 -8.45   
332 3984 0.338632601203 17.4058504177 -8.583333333333334 -8.5466666666666669e+00 -8.52 -8.43666666667   
333 3996 0.333674546621 17.2464655977 -8.583333333333334 -8.5533333333333328e+00 -8.51 -8.45   
334 4008 0.333672717041 17.4751617252 -8.583333333333334 -8.5566666666666666e+00 -8.53 -8.47666666667   
335 4020 0.336424002515 17.7151624094 -8.583333333333334 -8.5533333333333328e+00 -8.51333333333 -8.46   
336 4032 0.332711702688 17.8115411631 -8.583333333333334 -8.5666666666666664e+00 -8.49333333333 -8.35   
337 4044 0.347756299743 18.030892827 -8.583333333333334 -8.5833333333333339e+00 -8.52 -8.45666666667   
338 4056 0.35249083087 17.8664546121 -8.583333333333334 -8.5733333333333341e+00 -8.51333333333 -8.40666666667   
339 4068 0.346106909936 17.6096153399 -8.586666666666666 -8.5866666666666660e+00 -8.52 -8.37666666667   
340 4080 0.339400740679 17.7147837936 -8.586666666666666 -8.5733333333333341e+00 -8.47666666667 -8.39333333333   
341 4092 0.335924112495 17.7475995785 -8.586666666666666 -8.5633333333333326e+00 -8.46666666667 -8.23316666667   
342 4104 0.335185177994 17.6890308703 -8.586666666666666 -8.5633333333333326e+00 -8.47333333333 -8.25983333333   
343 4116 0.328024164385 17.7873707316 -8.586666666666666 -8.5766666666666662e+00 -8.51 -8.36333333333   
344 4128 0.324526522399 17.8211061843 -8.586666666666666 -8.5566666666666666e+00 -8.53 -8.33   
345 4140 0.315435626195 17.8061212429 -8.586666666666666 -8.5600000000000005e+00 -8.50666666667 -8.2865   
346 4152 0.29761611267 17.9895614782 -8.586666666666666 -8.5600000000000005e+00 -8.50666666667 -8.34333333333   
347 4164 0.284352025692 18.4251244301 -8.586666666666666 -8.5800000000000001e+00 -8.51333333333 -8.38333333333   
348 4176 0.281984803953 18.5952869601 -8.586666666666666 -8.5733333333333341e+00 -8.52333333333 -8.38   
349 4188 0.28275781364 18.3383609835 -8.586666666666666 -8.5633333333333326e+00 -8.46666666667 -8.39666666667   
350 4200 0.284728818124 18.5941244463 -8.586666666666666 -8.5700000000000003e+00 -8.54 -8.40333333333   
351 4212 0.283462333352 18.9048469509 -8.586666666666666 -8.5700000000000003e+00 -8.52333333333 -8.46333333333   
352 4224 0.281540087453 19.1486480103 -8.586666666666666 -8.5666666666666664e+00 -8.53333333333 -8.38333333333   
353 4236 0.280305623428 19.4064399444 -8.586666666666666 -8.5700000000000003e+00 -8.50333333333 -8.31333333333   
354 4248 0.291738217812 19.4575400888 -8.586666666666666 -8.5600000000000005e+00 -8.47666666667 -8.41333333333   
355 4260 0.291852385131 19.3490780507 -8.586666666666666 -8.5566666666666666e+00 -8.53333333333 -8.44   
356 4272 0.288291513562 19.3578086762 -8.586666666666666 -8.5566666666666666e+00 -8.53 -8.41   
357 4284 0.287507840488 19.4475535579 -8.586666666666666 -8.5333333333333332e+00 -8.47 -8.36333333333   
358 4296 0.281761238137 19.3869628279 -8.586666666666666 -8.5600000000000005e+00 -8.52333333333 -8.29333333333   
359 4308 0.283681688959 19.585869799 -8.586666666666666 -8.5766666666666662e+00 -8.53666666667 -8.36333333333   
360 4320 0.288456144637 19.6952727143 -8.586666666666666 -8.5600000000000005e+00 -8.52333333333 -8.34   
361 4332 0.295821831162 19.9060437872 -8.586666666666666 -8.5600000000000005e+00 -8.52 -8.38333333333   
362 4344 0.312578609425 20.7946736936 -8.586666666666666 -8.5566666666666666e+00 -8.52333333333 -8.43333333333   
363 4356 0.330743957187 21.4665435692 -8.586666666666666 -8.5666666666666664e+00 -8.51 -8.39666666667   
364 4368 0.323322876928 21.5718012543 -8.586666666666666 -8.5800000000000001e+00 -8.54 -8.44333333333   
365 4380 0.315027458527 21.9183258724 -8.586666666666666 -8.5666666666666664e+00 -8.54 -8.35   
366 4392 0.312049205911 22.0273184167 -8.586666666666666 -8.5733333333333341e+00 -8.49666666667 -8.43   
367 4404 0.320273734368 21.9281673241 -8.586666666666666 -8.5700000000000003e+00 -8.52666666667 -8.41   
368 4416 0.329190304624 22.1038169613 -8.586666666666666 -8.5533333333333328e+00 -8.51333333333 -8.2665   
369 4428 0.324122093515 21.8668609569 -8.586666666666666 -8.5600000000000005e+00 -8.51 -8.38333333333   
370 4440 0.306452999636 21.8991547941 -8.586666666666666 -8.5733333333333341e+00 -8.49666666667 -8.41333333333   
371 4452 0.289369311538 21.9083122751 -8.586666666666666 -8.5666666666666664e+00 -8.49666666667 -8.23316666667   
372 4464 0.290887749789 21.7992015407 -8.586666666666666 -8.5700000000000003e+00 -8.52333333333 -8.45   
373 4476 0.301348703423 21.7751673199 -8.586666666666666 -8.5700000000000003e+00 -8.53666666667 -8.33   
374 4488 0.304525366874 21.8681950901 -8.586666666666666 -8.5733333333333341e+00 -8.48333333333 -8.44   
375 4500 0.301182122497 21.8878428871 -8.586666666666666 -8.5666666666666664e+00 -8.52333333333 -8.39333333333   
376 4512 0.304901582784 22.1263632685 -8.586666666666666 -8.5566666666666666e+00 -8.53 -8.30666666667   
377 4524 0.299883874452 21.8859029393 -8.586666666666666 -8.5533333333333328e+00 -8.54 -8.35   
378 4536 0.298123673013 21.5703421767 -8.586666666666666 -8.5433333333333330e+00 -8.52333333333 -8.30666666667   
379 4548 0.283914869224 21.5023899687 -8.586666666666666 -8.5600000000000005e+00 -8.52666666667 -8.38   
380 4560 0.26700033899 21.2193130509 -8.586666666666666 -8.5633333333333326e+00 -8.51 -8.47666666667   
381 4572 0.265635985385 21.5393842495 -8.586666666666666 -8.5600000000000005e+00 -8.53 -8.36666666667   
382 4584 0.264853783255 21.9487451006 -8.586666666666666 -8.5733333333333341e+00 -8.52666666667 -8.33666666667   
383 4596 0.264803790146 22.1302921182 -8.586666666666666 -8.5600000000000005e+00 -8.53 -8.45333333333   
384 4608 0.265322056869 22.1259290506 -8.586666666666666 -8.5666666666666664e+00 -8.52666666667 -8.36333333333   
385 4620 0.269763617304 22.1951973767 -8.586666666666666 -8.5666666666666664e+00 -8.53666666667 -8.48333333333   
386 4632 0.272023316821 22.2628445864 -8.586666666666666 -8.5800000000000001e+00 -8.54333333333 -8.50333333333   
387 4644 0.270390732248 22.0349343517 -8.586666666666666 -8.5766666666666662e+00 -8.51333333333 -8.46   
388 4656 0.271702632804 22.2108662091 -8.586666666666666 -8.5766666666666662e+00 -8.52333333333 -8.32   
389 4668 0.27352009554 22.7553951526 -8.586666666666666 -8.5733333333333341e+00 -8.52666666667 -8.31333333333   
390 4680 0.275445489292 22.9157333493 -8.586666666666666 -8.5733333333333341e+00 -8.54666666667 -8.38666666667   
391 4692 0.283382841043 22.810280448 -8.586666666666666 -8.5833333333333339e+00 -8.5 -8.36666666667   
392 4704 0.291982280936 23.0996643258 -8.586666666666666 -8.5800000000000001e+00 -8.52 -8.08316666667   
393 4716 0.309486884226 23.4696770158 -8.586666666666666 -8.5700000000000003e+00 -8.43 -8.22983333333   
394 4728 0.318034041412 23.5168219745 -8.586666666666666 -8.5833333333333339e+00 -8.51666666667 -8.36333333333   
395 4740 0.341932281202 23.3593504145 -8.586666666666666 -8.5633333333333326e+00 -8.43666666667 -8.11983333333   
396 4752 0.347058331883 24.2023210122 -8.586666666666666 -8.5600000000000005e+00 -8.49 -8.31666666667   
397 4764 0.347318829099 24.7741212897 -8.586666666666666 -8.5566666666666666e+00 -8.51666666667 -8.37   
398 4776 0.337702323121 24.9321334411 -8.586666666666666 -8.5666666666666664e+00 -8.52 -8.28316666667   
399 4788 0.321518401971 24.9419369432 -8.586666666666666 -8.5666666666666664e+00 -8.49666666667 -8.40333333333   
400 4800 0.31447725251 24.8535969449 -8.586666666666666 -8.5766666666666662e+00 -8.48666666667 -8.4   
401 4812 0.307748652224 24.8846235659 -8.586666666666666 -8.5733333333333341e+00 -8.5 -8.39666666667   
402 4824 0.298707333553 25.1277568829 -8.586666666666666 -8.5833333333333339e+00 -8.54666666667 -8.48333333333   
403 4836 0.290545179886 25.5777185551 -8.586666666666666 -8.5733333333333341e+00 -8.54 -8.41333333333   
404 4848 0.28504898962 26.4726967419 -8.586666666666666 -8.5700000000000003e+00 -8.54666666667 -8.47   
405 4860 0.279554185794 26.4821280195 -8.586666666666666 -8.5766666666666662e+00 -8.53 -8.46   
406 4872 0.279622392502 27.1577279296 -8.593333333333334 -8.5933333333333337e+00 -8.53666666667 -8.46333333333   
407 4884 0.27011112633 27.60272341 -8.593333333333334 -8.5533333333333328e+00 -8.51666666667 -8.36333333333   
408 4896 0.270863932069 27.9271326252 -8.593333333333334 -8.5733333333333341e+00 -8.52 -8.46   
409 4908 0.268125346345 28.1915495776 -8.593333333333334 -8.5600000000000005e+00 -8.55 -8.46   
410 4920 0.266622159728 28.2381827504 -8.593333333333334 -8.5866666666666660e+00 -8.53 -8.46   
411 4932 0.266655639062 28.3637693664 -8.593333333333334 -8.5766666666666662e+00 -8.52666666667 -8.47   
412 4944 0.273204875145 28.599467158 -8.593333333333334 -8.5766666666666662e+00 -8.54 -8.45333333333   
413 4956 0.286385612023 28.5396854429 -8.593333333333334 -8.5700000000000003e+00 -8.52666666667 -8.41   
414 4968 0.294417410332 28.6107435194 -8.593333333333334 -8.5633333333333326e+00 -8.53 -8.38   
415 4980 0.29969555013 28.8820542898 -8.593333333333334 -8.5800000000000001e+00 -8.54333333333 -8.30666666667   
416 4992 0.301391406454 29.5694465743 -8.593333333333334 -8.5633333333333326e+00 -8.52 -8.45   
417 5004 0.291414213949 29.746965491 -8.593333333333334 -8.5600000000000005e+00 -8.53666666667 -8.44666666667   
418 5016 0.28594976709 29.3038020602 -8.593333333333334 -8.5566666666666666e+00 -8.52666666667 -8.44333333333   
419 5028 0.281897159111 29.4179825951 -8.593333333333334 -8.5666666666666664e+00 -8.50333333333 -8.45333333333   
420 5040 0.283852256883 29.2439961646 -8.593333333333334 -8.5500000000000007e+00 -8.51 -8.35333333333   
421 5052 0.274363901937 29.6847778353 -8.593333333333334 -8.5733333333333341e+00 -8.54333333333 -8.47666666667   
422 5064 0.269209067615 28.9731124166 -8.593333333333334 -8.5700000000000003e+00 -8.54666666667 -8.44   
423 5076 0.277234299624 29.2684079254 -8.593333333333334 -8.5666666666666664e+00 -8.54333333333 -8.36333333333   
424 5088 0.277677896522 29.5006786956 -8.593333333333334 -8.5733333333333341e+00 -8.53666666667 -8.50333333333   
425 5100 0.268933509726 29.3808812311 -8.593333333333334 -8.5600000000000005e+00 -8.50333333333 -8.38333333333   
426 5112 0.262086392018 30.0986161243 -8.593333333333334 -8.5733333333333341e+00 -8.53 -8.42   
427 5124 0.262145816842 29.7331351165 -8.593333333333334 -8.5700000000000003e+00 -8.52 -8.47666666667   
428 5136 0.2702220048 30.2262952624 -8.593333333333334 -8.5666666666666664e+00 -8.53333333333 -8.46666666667   
429 5148 0.269222490682 30.507412726 -8.593333333333334 -8.5733333333333341e+00 -8.54666666667 -8.39666666667   
430 5160 0.259493054099 31.2415340611 -8.593333333333334 -8.5633333333333326e+00 -8.53 -8.44333333333   
431 5172 0.250808220667 31.8426169755 -8.593333333333334 -8.5833333333333339e+00 -8.54333333333 -8.51   
432 5184 0.249481629912 32.1149888452 -8.593333333333334 -8.5633333333333326e+00 -8.51666666667 -8.40333333333   
433 5196 0.251062089734 32.2146857156 -8.593333333333334 -8.5766666666666662e+00 -8.51666666667 -8.39333333333   
434 5208 0.251966309731 32.1036354126 -8.593333333333334 -8.5633333333333326e+00 -8.54 -8.49666666667   
435 5220 0.260492967749 33.1548953111 -8.593333333333334 -8.5600000000000005e+00 -8.53 -8.40333333333   
436 5232 0.264653352137 33.2914388056 -8.593333333333334 -8.5766666666666662e+00 -8.53333333333 -8.47666666667   
437 5244 0.260514655043 33.676113315 -8.593333333333334 -8.5633333333333326e+00 -8.52333333333 -8.31333333333   
438 5256 0.254926703643 33.5930672583 -8.593333333333334 -8.5566666666666666e+00 -8.52 -8.38333333333   
439 5268 0.252507254358 33.8026755544 -8.593333333333334 -8.5766666666666662e+00 -8.53333333333 -8.41   
440 5280 0.257219911436 34.1436674893 -8.593333333333334 -8.5600000000000005e+00 -8.52333333333 -8.39333333333   
441 5292 0.258209553967 34.4512879732 -8.593333333333334 -8.5566666666666666e+00 -8.49333333333 -8.38   
442 5304 0.258415055053 34.6945687618 -8.593333333333334 -8.5733333333333341e+00 -8.52666666667 -8.37333333333   
443 5316 0.259292170553 35.0802374807 -8.593333333333334 -8.5666666666666664e+00 -8.53333333333 -8.47   
444 5328 0.258397757312 35.3813415379 -8.593333333333334 -8.5500000000000007e+00 -8.49333333333 -8.37666666667   
445 5340 0.266784358953 35.2870997423 -8.593333333333334 -8.5700000000000003e+00 -8.52333333333 -8.44666666667   
446 5352 0.259121487635 35.5557768007 -8.593333333333334 -8.5600000000000005e+00 -8.53333333333 -8.48666666667   
447 5364 0.264655244079 35.3609381057 -8.593333333333334 -8.5733333333333341e+00 -8.54333333333 -8.42   
448 5376 0.27137130077 36.4818918149 -8.593333333333334 -8.5733333333333341e+00 -8.51 -8.31   
449 5388 0.279429977724 37.1410869957 -8.593333333333334 -8.5733333333333341e+00 -8.54333333333 -8.44666666667   
450 5400 0.280347804453 37.7485318343 -8.593333333333334 -8.5633333333333326e+00 -8.53666666667 -8.40666666667   
451 5412 0.274708125045 37.5189833179 -8.593333333333334 -8.5733333333333341e+00 -8.54333333333 -8.46   
452 5424 0.271927109492 37.9616395379 -8.593333333333334 -8.5800000000000001e+00 -8.55666666667 -8.43333333333   
453 5436 0.268564420457 38.8184305765 -8.593333333333334 -8.5633333333333326e+00 -8.52 -8.41666666667   
454 5448 0.271623359817 39.4199238574 -8.593333333333334 -8.5733333333333341e+00 -8.54666666667 -8.32   
455 5460 0.271099270599 39.5581716316 -8.593333333333334 -8.5700000000000003e+00 -8.49666666667 -8.30333333333   
456 5472 0.270941912284 39.4518427633 -8.593333333333334 -8.5666666666666664e+00 -8.53 -8.44666666667   
457 5484 0.27507006115 39.5301547259 -8.593333333333334 -8.5700000000000003e+00 -8.54 -8.45   
458 5496 0.275936203338 39.6727003557 -8.593333333333334 -8.5700000000000003e+00 -8.54666666667 -8.49666666667   
459 5508 0.280515494546 39.1878968348 -8.593333333333334 -8.5566666666666666e+00 -8.52333333333 -8.44333333333   
460 5520 0.281752178337 38.5665141856 -8.593333333333334 -8.5700000000000003e+00 -8.53666666667 -8.42   
461 5532 0.282790890118 38.3828165802 -8.593333333333334 -8.5666666666666664e+00 -8.52 -8.35333333333   
462 5544 0.286977109741 37.9214671675 -8.593333333333334 -8.5766666666666662e+00 -8.50666666667 -8.44333333333   
463 5556 0.290519249072 38.0169569513 -8.593333333333334 -8.5600000000000005e+00 -8.51666666667 -8.49666666667   
464 5568 0.282269207507 38.5656580818 -8.593333333333334 -8.5733333333333341e+00 -8.55333333333 -8.51   
465 5580 0.281942556132 38.3483540437 -8.593333333333334 -8.5766666666666662e+00 -8.55666666667 -8.42   
466 5592 0.290063253803 38.6642839015 -8.593333333333334 -8.5833333333333339e+00 -8.54333333333 -8.42333333333   
467 5604 0.294133989303 37.8757086011 -8.593333333333334 -8.5733333333333341e+00 -8.52666666667 -8.42666666667   
468 5616 0.302270455619 37.3263097444 -8.593333333333334 -8.5766666666666662e+00 -8.52333333333 -8.37666666667   
469 5628 0.304302731623 37.4027176226 -8.593333333333334 -8.5733333333333341e+00 -8.52666666667 -8.45333333333   
470 5640 0.295742195016 36.5830792981 -8.593333333333334 -8.5700000000000003e+00 -8.53333333333 -8.41   
471 5652 0.288823465651 37.0282846792 -8.593333333333334 -8.5666666666666664e+00 -8.52 -8.43   
472 5664 0.279441526538 38.3158737638 -8.593333333333334 -8.5833333333333339e+00 -8.53666666667 -8.30666666667   
473 5676 0.278831415239 38.582228657 -8.593333333333334 -8.5766666666666662e+00 -8.55333333333 -8.51   
474 5688 0.278103873802 39.0898441871 -8.593333333333334 -8.5766666666666662e+00 -8.55 -8.43333333333   
475 5700 0.277636548969 39.399345845 -8.593333333333334 -8.5800000000000001e+00 -8.53666666667 -8.49   
476 5712 0.278925510162 40.1935247921 -8.593333333333334 -8.5700000000000003e+00 -8.51666666667 -8.36666666667   
477 5724 0.28108638097 42.3637259478 -8.593333333333334 -8.5733333333333341e+00 -8.53 -8.46333333333   
478 5736 0.298431246158 43.2852044492 -8.593333333333334 -8.5700000000000003e+00 -8.53 -8.46333333333   
479 5748 0.301276913956 43.1023498984 -8.593333333333334 -8.5600000000000005e+00 -8.52 -8.40666666667   
480 5760 0.307413345131 43.3622761948 -8.593333333333334 -8.5633333333333326e+00 -8.52 -8.35666666667   
481 5772 0.319567491811 43.9367063259 -8.593333333333334 -8.5600000000000005e+00 -8.51 -8.45333333333   
482 5784 0.326018929278 43.9324882723 -8.593333333333334 -8.5800000000000001e+00 -8.54666666667 -8.43666666667   
483 5796 0.335153518263 44.0923071719 -8.593333333333334 -8.5766666666666662e+00 -8.53 -8.49333333333   
484 5808 0.343278600516 44.0677941282 -8.593333333333334 -8.5600000000000005e+00 -8.51333333333 -8.44333333333   
485 5820 0.34174875584 44.0109954969 -8.593333333333334 -8.5733333333333341e+00 -8.53333333333 -8.49   
486 5832 0.339055485989 45.353600245 -8.593333333333334 -8.5766666666666662e+00 -8.53666666667 -8.31666666667   
487 5844 0.343371994064 45.6331067983 -8.593333333333334 -8.5633333333333326e+00 -8.52 -8.15983333333   
488 5856 0.344376441452 45.7559905128 -8.596666666666666 -8.5966666666666658e+00 -8.54 -8.40666666667   
489 5868 0.335575188867 44.418252537 -8.596666666666666 -8.5733333333333341e+00 -8.54333333333 -8.42   
490 5880 0.330056848822 45.4653898528 -8.596666666666666 -8.5800000000000001e+00 -8.56333333333 -8.46   
491 5892 0.322378630318 46.570093184 -8.596666666666666 -8.5800000000000001e+00 -8.53333333333 -8.49   
492 5904 0.32767477764 45.7425607228 -8.596666666666666 -8.5800000000000001e+00 -8.50333333333 -8.40333333333   
493 5916 0.333616319195 45.8911839501 -8.596666666666666 -8.5766666666666662e+00 -8.54 -8.49   
494 5928 0.317265926155 46.7162732851 -8.596666666666666 -8.5833333333333339e+00 -8.52666666667 -8.41   
495 5940 0.301098215762 46.1660076421 -8.596666666666666 -8.5666666666666664e+00 -8.53666666667 -8.43666666667   
496 5952 0.290928438309 46.8174415424 -8.596666666666666 -8.5966666666666658e+00 -8.57 -8.53   
497 5964 0.278305690742 46.8618418283 -8.596666666666666 -8.5766666666666662e+00 -8.52333333333 -8.47333333333   
498 5976 0.270140581803 47.4824668456 -8.596666666666666 -8.5899999999999999e+00 -8.53666666667 -8.39666666667   
499 5988 0.269226602732 46.7984178618 -8.596666666666666 -8.5800000000000001e+00 -8.52 -8.45333333333   
500 6000 0.276016242186 47.2613679122 -8.596666666666666 -8.5766666666666662e+00 -8.53 -8.46666666667   
501 6012 0.278930120249 46.9122564792 -8.596666666666666 -8.5733333333333341e+00 -8.55666666667 -8.47666666667   
502 6024 0.27183496404 47.1971625554 -8.596666666666666 -8.5766666666666662e+00 -8.52666666667 -8.41333333333   
503 6036 0.270264719698 46.9547843887 -8.596666666666666 -8.5833333333333339e+00 -8.55 -8.52   
504 6048 0.272051697227 47.1773780892 -8.596666666666666 -8.5766666666666662e+00 -8.55333333333 -8.46333333333   
505 6060 0.270482543366 49.3665869848 -8.596666666666666 -8.5833333333333339e+00 -8.55 -8.48666666667   
506 6072 0.271344671906 49.5746348144 -8.596666666666666 -8.5800000000000001e+00 -8.52 -8.41333333333   
507 6084 0.271990458792 49.5070313293 -8.596666666666666 -8.5833333333333339e+00 -8.55666666667 -8.48333333333   
508 6096 0.271633544473 49.7134011819 -8.596666666666666 -8.5800000000000001e+00 -8.55666666667 -8.43666666667   
509 6108 0.273408212366 50.0416748277 -8.596666666666666 -8.5766666666666662e+00 -8.54666666667 -8.44666666667   
510 6120 0.272372231424 49.5987741073 -8.596666666666666 -8.5700000000000003e+00 -8.56 -8.5   
511 6132 0.274355087882 50.3010900997 -8.596666666666666 -8.5800000000000001e+00 -8.53333333333 -8.47666666667   
512 6144 0.273532299806 50.1647305533 -8.596666666666666 -8.5899999999999999e+00 -8.53666666667 -8.47666666667   
513 6156 0.273381991038 51.0350769948 -8.596666666666666 -8.5866666666666660e+00 -8.55 -8.50333333333   
514 6168 0.276162701834 50.4976402253 -8.596666666666666 -8.5833333333333339e+00 -8.55 -8.52333333333   
515 6180 0.275471326184 50.4860663324 -8.596666666666666 -8.5833333333333339e+00 -8.55 -8.36666666667   
516 6192 0.272336611255 51.4279850069 -8.596666666666666 -8.5866666666666660e+00 -8.54 -8.47   
517 6204 0.276015986012 52.2265698938 -8.596666666666666 -8.5833333333333339e+00 -8.54 -8.47333333333   
518 6216 0.278333723249 52.2438839569 -8.596666666666666 -8.5800000000000001e+00 -8.53333333333 -8.49   
519 6228 0.277977967872 51.8999873557 -8.596666666666666 -8.5866666666666660e+00 -8.55 -8.47333333333   
520 6240 0.275502091457 51.5688403945 -8.596666666666666 -8.5800000000000001e+00 -8.55 -8.47666666667   
521 6252 0.279390676388 51.2636475724 -8.596666666666666 -8.5800000000000001e+00 -8.53 -8.47333333333   
522 6264 0.286047519752 51.0708292131 -8.596666666666666 -8.5633333333333326e+00 -8.52333333333 -8.43   
523 6276 0.279375676035 51.5166674593 -8.596666666666666 -8.5833333333333339e+00 -8.54333333333 -8.45666666667   
524 6288 0.272152477934 51.3002716513 -8.596666666666666 -8.5800000000000001e+00 -8.54333333333 -8.49   
525 6300 0.272769612148 52.3441308046 -8.596666666666666 -8.5666666666666664e+00 -8.53666666667 -8.40666666667   
526 6312 0.269719772011 51.9772678686 -8.596666666666666 -8.5766666666666662e+00 -8.55 -8.44   
527 6324 0.278303652826 52.0072893643 -8.596666666666666 -8.5733333333333341e+00 -8.53333333333 -8.47666666667   
528 6336 0.278444175596 51.7360407112 -8.596666666666666 -8.5700000000000003e+00 -8.53 -8.40333333333   
529 6348 0.278501759126 52.9390685229 -8.596666666666666 -8.5899999999999999e+00 -8.53666666667 -8.49333333333   
530 6360 0.271166913829 52.8529268924 -8.596666666666666 -8.5833333333333339e+00 -8.54666666667 -8.42666666667   
531 6372 0.26584053477 52.585977512 -8.596666666666666 -8.5866666666666660e+00 -8.52666666667 -8.44   
532 6384 0.261458214409 52.3550082736 -8.596666666666666 -8.5933333333333337e+00 -8.56 -8.44333333333   
533 6396 0.260791555932 52.3159276528 -8.596666666666666 -8.5800000000000001e+00 -8.56 -8.38   
534 6408 0.262234967222 52.2654491136 -8.596666666666666 -8.5866666666666660e+00 -8.54 -8.42666666667   
535 6420 0.25405012495 52.2723973413 -8.596666666666666 -8.5733333333333341e+00 -8.53333333333 -8.49333333333   
536 6432 0.251642809493 52.7806101993 -8.596666666666666 -8.5833333333333339e+00 -8.53333333333 -8.49666666667   
537 6444 0.253486045556 53.0228830333 -8.596666666666666 -8.5666666666666664e+00 -8.5 -8.39666666667   
538 6456 0.250650368497 53.3835692593 -8.596666666666666 -8.5800000000000001e+00 -8.53666666667 -8.44   
539 6468 0.251799984416 54.3345622352 -8.596666666666666 -8.5766666666666662e+00 -8.54 -8.46666666667   
540 6480 0.25551342098 54.2766169613 -8.596666666666666 -8.5833333333333339e+00 -8.50666666667 -8.45333333333   
541 6492 0.254819504626 54.3897403979 -8.596666666666666 -8.5966666666666658e+00 -8.51666666667 -8.46666666667   
542 6504 0.251348497703 53.7308948277 -8.596666666666666 -8.5800000000000001e+00 -8.53666666667 -8.51   
543 6516 0.249677884333 52.8595602414 -8.596666666666666 -8.5800000000000001e+00 -8.55 -8.46   
544 6528 0.252762314811 52.7322173054 -8.596666666666666 -8.5766666666666662e+00 -8.54333333333 -8.44   
545 6540 0.255866523355 54.0083275716 -8.596666666666666 -8.5800000000000001e+00 -8.52 -8.43   
546 6552 0.260570249184 54.3798557543 -8.596666666666666 -8.5966666666666658e+00 -8.50333333333 -8.38333333333   
547 6564 0.258907145103 53.9457518566 -8.596666666666666 -8.5766666666666662e+00 -8.54333333333 -8.49   
548 6576 0.255551804539 54.9140309856 -8.596666666666666 -8.5766666666666662e+00 -8.56333333333 -8.41   
549 6588 0.253902249348 55.0082975794 -8.596666666666666 -8.5833333333333339e+00 -8.53333333333 -8.50666666667   
550 6600 0.267412894515 54.610881412 -8.596666666666666 -8.5800000000000001e+00 -8.56333333333 -8.50333333333   
551 6612 0.270701645297 55.2174832073 -8.596666666666666 -8.5899999999999999e+00 -8.55 -8.48333333333   
552 6624 0.283452075347 55.1260034192 -8.596666666666666 -8.5633333333333326e+00 -8.55 -8.5   
553 6636 0.292230250488 55.5697938189 -8.596666666666666 -8.5833333333333339e+00 -8.53 -8.48   
554 6648 0.304507716578 54.6200742959 -8.596666666666666 -8.5866666666666660e+00 -8.54666666667 -8.50333333333   
555 6660 0.303626720341 56.0135610144 -8.596666666666666 -8.5733333333333341e+00 -8.54333333333 -8.5   
556 6672 0.283824578014 57.0635627023 -8.596666666666666 -8.5700000000000003e+00 -8.54 -8.48   
557 6684 0.272095442919 56.850276342 -8.596666666666666 -8.5899999999999999e+00 -8.51666666667 -8.45333333333   
558 6696 0.262434281196 56.9106478168 -8.596666666666666 -8.5966666666666658e+00 -8.56 -8.47333333333   
559 6708 0.256464916953 57.0959500084 -8.596666666666666 -8.5800000000000001e+00 -8.53666666667 -8.50333333333   
560 6720 0.258309625524 57.0121592286 -8.596666666666666 -8.5800000000000001e+00 -8.53 -8.43   
561 6732 0.265802964123 56.7555047322 -8.596666666666666 -8.5800000000000001e+00 -8.52333333333 -8.43666666667   
562 6744 0.262088353441 57.3260468898 -8.596666666666666 -8.5800000000000001e+00 -8.52666666667 -8.42   
563 6756 0.258821885114 57.5191721498 -8.596666666666666 -8.5833333333333339e+00 -8.55 -8.51   
564 6768 0.256707532981 56.6391030268 -8.596666666666666 -8.5766666666666662e+00 -8.53666666667 -8.5   
565 6780 0.260128061587 55.0629451021 -8.596666666666666 -8.5766666666666662e+00 -8.54333333333 -8.45333333333   
566 6792 0.261237251851 54.5351258878 -8.596666666666666 -8.5700000000000003e+00 -8.55666666667 -8.46333333333   
567 6804 0.269560151361 54.3980976589 -8.596666666666666 -8.5933333333333337e+00 -8.55666666667 -8.51333333333   
568 6816 0.260408507562 55.9877327396 -8.596666666666666 -8.5666666666666664e+00 -8.53 -8.48333333333   
569 6828 0.259791971985 56.5689529539 -8.596666666666666 -8.5733333333333341e+00 -8.56 -8.52   
570 6840 0.260466598521 55.8639315453 -8.596666666666666 -8.5766666666666662e+00 -8.55333333333 -8.48333333333   
571 6852 0.262931843597 55.8687889159 -8.596666666666666 -8.5666666666666664e+00 -8.54333333333 -8.50333333333   
572 6864 0.262400287571 55.8211913928 -8.596666666666666 -8.5733333333333341e+00 -8.54 -8.48666666667   
573 6876 0.263526237342 55.9062290155 -8.596666666666666 -8.5700000000000003e+00 -8.55 -8.48666666667   
574 6888 0.263628086891 55.1904277151 -8.596666666666666 -8.5766666666666662e+00 -8.56 -8.5   
575 6900 0.264812091141 55.700647904 -8.596666666666666 -8.5766666666666662e+00 -8.53 -8.47333333333   
576 6912 0.264154932068 55.896172846 -8.596666666666666 -8.5833333333333339e+00 -8.52333333333 -8.44   
577 6924 0.266647894667 55.0913868793 -8.596666666666666 -8.5566666666666666e+00 -8.5 -8.42   
578 6936 0.267322714331 56.019300233 -8.596666666666666 -8.5966666666666658e+00 -8.55666666667 -8.47666666667   
579 6948 0.270174145772 55.9464720404 -8.6 -8.5999999999999996e+00 -8.51666666667 -8.46333333333   
580 6960 0.272747213758 57.2827641804 -8.6 -8.5700000000000003e+00 -8.50333333333 -8.39666666667   
581 6972 0.27245372059 57.672918378 -8.6 -8.5833333333333339e+00 -8.53 -8.46666666667   
582 6984 0.270707739799 57.3661794483 -8.6 -8.5833333333333339e+00 -8.53 -8.45666666667   
583 6996 0.279284606283 57.2356618021 -8.6 -8.5866666666666660e+00 -8.55333333333 -8.51   
584 7008 0.286794088947 56.4340272408 -8.6 -8.5866666666666660e+00 -8.51666666667 -8.43   
585 7020 0.296259514437 56.2927982202 -8.6 -8.5700000000000003e+00 -8.55 -8.37333333333   
586 7032 0.3046688347 56.0172873973 -8.6 -8.5733333333333341e+00 -8.52 -8.49333333333   
587 7044 0.301946172569 56.4595687717 -8.6 -8.5633333333333326e+00 -8.52666666667 -8.48333333333   
588 7056 0.287641965841 57.4285695864 -8.6 -8.5666666666666664e+00 -8.53 -8.47666666667   
589 7068 0.273108070182 57.5410584207 -8.6 -8.5733333333333341e+00 -8.52 -8.49333333333   
590 7080 0.2713254206 58.176949828 -8.6 -8.5766666666666662e+00 -8.54666666667 -8.45666666667   
591 7092 0.276316172551 58.4155481812 -8.6 -8.5800000000000001e+00 -8.53666666667 -8.45333333333   
592 7104 0.276940561981 58.7926060778 -8.6 -8.5466666666666669e+00 -8.50666666667 -8.37333333333   
593 7116 0.282076886985 58.6238431396 -8.6 -8.5800000000000001e+00 -8.54 -8.44   
594 7128 0.288487839862 58.7730083415 -8.6 -8.5766666666666662e+00 -8.54333333333 -8.51333333333   
595 7140 0.297949796544 58.3658767896 -8.6 -8.5633333333333326e+00 -8.55333333333 -8.50666666667   
596 7152 0.288712426927 58.7927604379 -8.6 -8.5766666666666662e+00 -8.54666666667 -8.39333333333   
597 7164 0.284230378985 60.4819081478 -8.6 -8.5866666666666660e+00 -8.53666666667 -8.47333333333   
598 7176 0.284342734824 60.1991060638 -8.6 -8.5666666666666664e+00 -8.53333333333 -8.49333333333   
599 7188 0.286471144867 61.4087391805 -8.6 -8.5633333333333326e+00 -8.52666666667 -8.45333333333   
600 7200 0.287441626082 62.0083334638 -8.6 -8.5633333333333326e+00 -8.51 -8.43333333333   
601 7212 0.286858978678 61.6510071709 -8.6 -8.5833333333333339e+00 -8.56333333333 -8.41   
602 7224 0.296482538014 62.2566482722 -8.6 -8.5899999999999999e+00 -8.54666666667 -8.46   
603 7236 0.30462092871 62.3482846839 -8.6 -8.5733333333333341e+00 -8.50333333333 -8.45666666667   
604 7248 0.307736691508 62.7084536794 -8.6 -8.5733333333333341e+00 -8.53666666667 -8.42333333333   
605 7260 0.323223193203 61.4715107589 -8.6 -8.5733333333333341e+00 -8.55 -8.48666666667   
606 7272 0.320510529044 61.648994137 -8.6 -8.5766666666666662e+00 -8.52333333333 -8.25316666667   
607 7284 0.330480251892 61.0686403732 -8.6 -8.5566666666666666e+00 -8.53666666667 -8.45   
608 7296 0.330478467324 60.9041745816 -8.6 -8.5533333333333328e+00 -8.53333333333 -8.4   
609 7308 0.346185721762 61.4279758401 -8.6 -8.5666666666666664e+00 -8.51666666667 -8.33333333333   
610 7320 0.355446827439 61.032942104 -8.6 -8.5766666666666662e+00 -8.53 -8.47333333333   
611 7332 0.352648612232 61.1678816011 -8.6 -8.5566666666666666e+00 -8.52666666667 -8.41666666667   
612 7344 0.347821402158 60.3600703259 -8.6 -8.5800000000000001e+00 -8.54 -8.50333333333   
613 7356 0.351643527555 59.7173328279 -8.6 -8.5733333333333341e+00 -8.54333333333 -8.31   
614 7368 0.354206189045 59.7061897333 -8.6 -8.5700000000000003e+00 -8.52666666667 -8.45   
615 7380 0.374817577879 59.0089027658 -8.6 -8.5700000000000003e+00 -8.50666666667 -8.35333333333   
616 7392 0.397004421565 59.7520533382 -8.6 -8.5666666666666664e+00 -8.53 -8.47333333333   
617 7404 0.41935655915 59.3713842909 -8.6 -8.5533333333333328e+00 -8.51666666667 -1.51465466667   
618 7416 0.424874543531 59.0245929703 -8.6 -8.5766666666666662e+00 -8.49 -1.83558866667   
619 7428 0.435625950284 59.2254900682 -8.6 -8.5766666666666662e+00 -8.52666666667 -8.45666666667   
620 7440 0.433164335345 58.3044353391 -8.6 -8.5700000000000003e+00 -8.5 -8.26316666667   
621 7452 0.406320438578 59.2114682721 -8.6 -8.5600000000000005e+00 -8.48666666667 -8.2565   
622 7464 0.396845937998 59.6022222101 -8.6 -8.5833333333333339e+00 -8.51 -8.25316666667   
623 7476 0.38334021547 58.0701124406 -8.6 -8.5899999999999999e+00 -8.51666666667 -8.38   
624 7488 0.378587743625 58.5545430586 -8.6 -8.5600000000000005e+00 -8.48333333333 -8.39   
625 7500 0.368047738495 59.3056232108 -8.6 -8.5899999999999999e+00 -8.52333333333 -8.47666666667   
626 7512 0.356079552976 58.9351212089 -8.6 -8.5766666666666662e+00 -8.51333333333 -8.39666666667   
627 7524 0.351677110834 58.8824665884 -8.6 -8.5666666666666664e+00 -8.52666666667 -8.48666666667   
628 7536 0.351150694364 59.6288438391 -8.6 -8.5800000000000001e+00 -8.54666666667 -8.51   
629 7548 0.334331917023 59.9737761642 -8.6 -8.5733333333333341e+00 -8.53 -8.39333333333   
630 7560 0.322483615232 61.0455450958 -8.6 -8.5700000000000003e+00 -8.50666666667 -8.39333333333   
631 7572 0.312712348344 61.7958583956 -8.6 -8.5733333333333341e+00 -8.54 -8.49666666667   
632 7584 0.308967502091 62.1604906047 -8.6 -8.5633333333333326e+00 -8.55 -8.46666666667   
633 7596 0.321733163891 62.0223199625 -8.6 -8.5566666666666666e+00 -8.52 -8.41666666667   
634 7608 0.316038902171 61.8441169355 -8.6 -8.5566666666666666e+00 -8.52666666667 -8.48333333333   
635 7620 0.316806250524 62.0304951551 -8.6 -8.5766666666666662e+00 -8.53 -8.5   
636 7632 0.322164821164 61.9552781039 -8.6 -8.5966666666666658e+00 -8.51666666667 -8.46666666667   
637 7644 0.341357329107 62.6514539615 -8.6 -8.5700000000000003e+00 -8.52666666667 -8.41333333333   
638 7656 0.347187778589 62.2202297572 -8.6 -8.5600000000000005e+00 -8.52 -8.41   
639 7668 0.34871096926 61.9618517045 -8.6 -8.5633333333333326e+00 -8.54 -8.37333333333   
640 7680 0.325753813351 61.7791695163 -8.6 -8.5766666666666662e+00 -8.53 -8.41666666667   
641 7692 0.321559665319 60.84282074 -8.6 -8.5800000000000001e+00 -8.53 -8.5   
642 7704 0.329889023923 60.3833903571 -8.6 -8.5700000000000003e+00 -8.54 -8.45333333333   
643 7716 0.323785552887 60.9462143589 -8.6 -8.5700000000000003e+00 -8.49 -8.35333333333   
644 7728 0.33118291557 60.5049759559 -8.6 -8.5766666666666662e+00 -8.52333333333 -8.41666666667   
645 7740 0.33343659717 60.7489314797 -8.6 -8.5666666666666664e+00 -8.51666666667 -8.39   
646 7752 0.334450204943 60.322042337 -8.6 -8.5633333333333326e+00 -8.54 -8.50333333333   
647 7764 0.348863152971 60.7509049688 -8.6 -8.5766666666666662e+00 -8.54333333333 -8.51666666667   
648 7776 0.354660701724 60.0026098678 -8.6 -8.5766666666666662e+00 -8.53333333333 -8.41666666667   
649 7788 0.36448160799 59.7451368292 -8.6 -8.5666666666666664e+00 -8.5 -8.42333333333   
650 7800 0.364355598429 60.5132852428 -8.6 -8.5733333333333341e+00 -8.53666666667 -8.43333333333   
651 7812 0.359811663666 60.2927397678 -8.6 -8.5766666666666662e+00 -8.54 -8.49333333333   
652 7824 0.355898833749 60.3560134434 -8.6 -8.5800000000000001e+00 -8.54333333333 -8.49   
653 7836 0.365607470417 59.7237369929 -8.6 -8.5700000000000003e+00 -8.53 -8.44666666667   
654 7848 0.364978305581 60.8295261481 -8.6 -8.5666666666666664e+00 -8.53666666667 -8.43   
655 7860 0.376752892641 61.3287063419 -8.6 -8.5566666666666666e+00 -8.51666666667 -8.40333333333   
656 7872 0.382772185395 63.7627475685 -8.6 -8.5633333333333326e+00 -8.53 -8.42   
657 7884 0.391634496843 63.6573166469 -8.6 -8.5633333333333326e+00 -8.52 -8.46   
658 7896 0.381605796931 63.7849803764 -8.6 -8.5633333333333326e+00 -8.53 -8.47   
659 7908 0.373535881946 63.6933695166 -8.6 -8.5600000000000005e+00 -8.52 -8.48333333333   
660 7920 0.341371741818 63.2054240007 -8.6 -8.5733333333333341e+00 -8.53666666667 -8.47   
661 7932 0.32977996211 64.07380474 -8.6 -8.5700000000000003e+00 -8.53 -8.46333333333   
662 7944 0.327206013509 64.3045357134 -8.6 -8.5766666666666662e+00 -8.55 -8.48666666667   
663 7956 0.31832390909 64.9557850703 -8.6 -8.5733333333333341e+00 -8.55 -8.52666666667   
664 7968 0.318300950658 64.7577574709 -8.6 -8.5800000000000001e+00 -8.53333333333 -8.49333333333   
665 7980 0.325824789279 65.1910342024 -8.6 -8.5899999999999999e+00 -8.52666666667 -8.44666666667   
666 7992 0.32497523197 65.1174288717 -8.6 -8.5800000000000001e+00 -8.51333333333 -8.44333333333   
667 8004 0.329121124482 63.5795048356 -8.6 -8.5866666666666660e+00 -8.54 -8.46666666667   
668 8016 0.338160146085 62.6619105396 -8.6 -8.5766666666666662e+00 -8.54666666667 -8.42666666667   
669 8028 0.345974299042 62.2380467101 -8.6 -8.5899999999999999e+00 -8.56666666667 -8.51666666667   
670 8040 0.360217833825 61.9049920426 -8.6 -8.5733333333333341e+00 -8.54666666667 -8.46   
671 8052 0.351716725681 62.1619942255 -8.6 -8.5700000000000003e+00 -8.54 -8.39   
672 8064 0.341186161275 62.3953339533 -8.6 -8.5766666666666662e+00 -8.53666666667 -8.47   
673 8076 0.321232368137 61.5888437906 -8.6 -8.5800000000000001e+00 -8.56 -8.51   
674 8088 0.305144273598 62.5861759074 -8.6 -8.5733333333333341e+00 -8.55666666667 -8.48333333333   
675 8100 0.30581247911 62.077908299 -8.6 -8.5766666666666662e+00 -8.51333333333 -8.44   
676 8112 0.309340531623 61.6525526603 -8.6 -8.5866666666666660e+00 -8.53 -8.48666666667   
677 8124 0.309105368735 61.954286708 -8.6 -8.5666666666666664e+00 -8.54 -8.45333333333   
678 8136 0.310647676858 61.6128149451 -8.6 -8.5833333333333339e+00 -8.53666666667 -8.47   
679 8148 0.311219846732 61.8008743917 -8.6 -8.5899999999999999e+00 -8.51666666667 -8.43333333333   
680 8160 0.312052095596 61.562462883 -8.6 -8.5733333333333341e+00 -8.53666666667 -8.47   
681 8172 0.321713807039 61.9336043939 -8.6 -8.5666666666666664e+00 -8.53666666667 -8.43333333333   
682 8184 0.342204077121 61.0649737644 -8.6 -8.5733333333333341e+00 -8.56 -8.45   
683 8196 0.332534099964 60.6521841684 -8.6 -8.5866666666666660e+00 -8.50666666667 -8.44666666667   
684 8208 0.332000968377 59.4320147118 -8.6 -8.5899999999999999e+00 -8.53 -8.48666666667   
685 8220 0.334032477189 59.1548063312 -8.6 -8.5966666666666658e+00 -8.54666666667 -8.46   
686 8232 0.317159898278 58.8742654659 -8.6 -8.5833333333333339e+00 -8.53666666667 -8.49   
687 8244 0.323058369358 58.9433535644 -8.6 -8.5733333333333341e+00 -8.54333333333 -8.46   
688 8256 0.320990913011 58.6653162936 -8.6 -8.5766666666666662e+00 -8.54666666667 -8.35666666667   
689 8268 0.313392264188 58.9606812506 -8.6 -8.5766666666666662e+00 -8.54 -8.46333333333   
690 8280 0.311046590051 59.3263224495 -8.6 -8.5800000000000001e+00 -8.53666666667 -8.39666666667   
691 8292 0.334133167356 59.9726173242 -8.6 -8.5733333333333341e+00 -8.52666666667 -8.47333333333   
692 8304 0.345108490679 60.083143368 -8.6 -8.5666666666666664e+00 -8.52666666667 -8.44666666667   
693 8316 0.349889744223 59.9908540573 -8.6 -8.5700000000000003e+00 -8.51666666667 -8.46   
694 8328 0.353315699865 59.9319157054 -8.6 -8.5700000000000003e+00 -8.49666666667 -8.40666666667   
695 8340 0.347680599701 62.4255297827 -8.6 -8.5733333333333341e+00 -8.54666666667 -8.52333333333   
696 8352 0.340162897311 62.2005935043 -8.6 -8.5566666666666666e+00 -8.51666666667 -8.41666666667   
697 8364 0.323790230837 62.3227791251 -8.6 -8.5700000000000003e+00 -8.49 -8.40666666667   
698 8376 0.307866129146 64.0551685253 -8.6 -8.5633333333333326e+00 -8.54333333333 -8.45333333333   
699 8388 0.30537273791 64.4232514556 -8.6 -8.5566666666666666e+00 -8.53 -8.47333333333   
700 8400 0.302970230036 65.8997104311 -8.6 -8.5700000000000003e+00 -8.53666666667 -8.47   
701 8412 0.304161381313 66.1107690613 -8.6 -8.5600000000000005e+00 -8.48666666667 -8.37   
702 8424 0.317006081046 67.5492377087 -8.6 -8.5700000000000003e+00 -8.51 -8.39   
703 8436 0.330464465174 68.9684526051 -8.6 -8.5733333333333341e+00 -8.50666666667 -8.42333333333   
704 8448 0.329524740059 69.5410189506 -8.6 -8.5600000000000005e+00 -8.53 -8.49333333333   
705 8460 0.334788517992 70.1570852029 -8.6 -8.5866666666666660e+00 -8.54666666667 -8.48333333333   
706 8472 0.332101114146 70.2863740753 -8.6 -8.5733333333333341e+00 -8.51333333333 -8.44333333333   
707 8484 0.320581185972 70.3960730747 -8.6 -8.5666666666666664e+00 -8.53333333333 -8.43333333333   
708 8496 0.301326217407 72.2700147615 -8.6 -8.5700000000000003e+00 -8.51333333333 -8.42333333333   
709 8508 0.305665086255 73.1467571765 -8.6 -8.5800000000000001e+00 -8.54333333333 -8.46666666667   
710 8520 0.309723676284 73.4004408226 -8.6 -8.5633333333333326e+00 -8.49666666667 -8.43   
711 8532 0.322880962596 73.3568947613 -8.6 -8.5500000000000007e+00 -8.52 -8.47   
712 8544 0.333777796109 73.3122714919 -8.6 -8.5733333333333341e+00 -8.51333333333 -8.41333333333   
713 8556 0.327575958235 74.2428575216 -8.6 -8.5700000000000003e+00 -8.51666666667 -8.45333333333   
714 8568 0.315472125476 74.7006515584 -8.6 -8.5633333333333326e+00 -8.52333333333 -8.43   
715 8580 0.309131535117 74.7723629709 -8.6 -8.5700000000000003e+00 -8.53 -8.40333333333   
716 8592 0.309586867691 74.5654715462 -8.6 -8.5666666666666664e+00 -8.51 -8.44666666667   
717 8604 0.319814566092 74.3317382359 -8.6 -8.5766666666666662e+00 -8.53333333333 -8.52   
718 8616 0.315376868479 75.505155424 -8.6 -8.5866666666666660e+00 -8.54333333333 -8.49666666667   
719 8628 0.310451080172 75.1999549865 -8.6 -8.5733333333333341e+00 -8.54666666667 -8.5   
720 8640 0.309640819897 74.0230316066 -8.6 -8.5666666666666664e+00 -8.53 -8.5   
721 8652 0.313757485682 74.1106112471 -8.6 -8.5700000000000003e+00 -8.50333333333 -8.44   
722 8664 0.314227979005 74.6533552618 -8.6 -8.5766666666666662e+00 -8.51 -8.44666666667   
723 8676 0.319083217239 74.1621224634 -8.6 -8.5833333333333339e+00 -8.50333333333 -8.48   
724 8688 0.320442869786 73.637890897 -8.6 -8.5866666666666660e+00 -8.53666666667 -8.43   
725 8700 0.323246138205 73.4363131084 -8.6 -8.5733333333333341e+00 -8.53666666667 -8.46666666667   
726 8712 0.322945687007 73.6751547487 -8.6 -8.5766666666666662e+00 -8.55333333333 -8.43666666667   
727 8724 0.324280626966 74.7640184537 -8.6 -8.5766666666666662e+00 -8.55 -8.48666666667   
728 8736 0.325347858593 74.5259008628 -8.6 -8.5666666666666664e+00 -8.51666666667 -8.44333333333   
729 8748 0.324083721774 75.0823179498 -8.6 -8.5866666666666660e+00 -8.52 -8.43   
730 8760 0.32474027494 76.1881760026 -8.6 -8.5700000000000003e+00 -8.53666666667 -8.39333333333   
731 8772 0.329150300654 76.5357652591 -8.6 -8.5833333333333339e+00 -8.55333333333 -8.5   
732 8784 0.325175675522 75.5370089362 -8.6 -8.5766666666666662e+00 -8.54 -8.49333333333   
733 8796 0.325926448659 75.5288068247 -8.6 -8.5833333333333339e+00 -8.54333333333 -8.49333333333   
734 8808 0.325542762172 76.7575667101 -8.6 -8.5733333333333341e+00 -8.52 -8.42666666667   
735 8820 0.324940530151 75.3563037599 -8.6 -8.5533333333333328e+00 -8.53 -8.49   
736 8832 0.323683436437 73.8614093414 -8.6 -8.5766666666666662e+00 -8.54666666667 -8.50333333333   
737 8844 0.323354801572 74.0033578877 -8.6 -8.5700000000000003e+00 -8.55 -8.5   
738 8856 0.327292812267 74.2826088584 -8.6 -8.5733333333333341e+00 -8.55333333333 -8.5   
739 8868 0.339930142606 75.1623911665 -8.6 -8.5600000000000005e+00 -8.53333333333 -8.51666666667   
740 8880 0.331680660643 76.2703014447 -8.6 -8.5633333333333326e+00 -8.54666666667 -8.53333333333   
741 8892 0.329778902097 76.3985693262 -8.6 -8.5800000000000001e+00 -8.55333333333 -8.50666666667   
742 8904 0.332226145845 76.2505679216 -8.6 -8.5700000000000003e+00 -8.54333333333 -8.42666666667   
743 8916 0.332080742554 75.456103164 -8.6 -8.5766666666666662e+00 -8.55333333333 -8.50333333333   
744 8928 0.336331933734 73.8892939896 -8.6 -8.5666666666666664e+00 -8.53333333333 -8.49666666667   
745 8940 0.337112855218 75.08584996 -8.6 -8.5733333333333341e+00 -8.54 -8.48   
746 8952 0.335381176073 75.5889170502 -8.6 -8.5733333333333341e+00 -8.55 -8.51666666667   
747 8964 0.332482101415 75.3522161194 -8.6 -8.5633333333333326e+00 -8.55666666667 -8.48333333333   
748 8976 0.339665522085 73.6063440029 -8.6 -8.5700000000000003e+00 -8.53666666667 -8.46666666667   
749 8988 0.333482396727 73.4443920938 -8.6 -8.5800000000000001e+00 -8.55666666667 -8.38   
750 9000 0.3508079609 72.6440884793 -8.6 -8.5666666666666664e+00 -8.53666666667 -8.48333333333   
751 9012 0.375915215625 73.8001979299 -8.6 -8.5800000000000001e+00 -8.52666666667 -8.48333333333   
752 9024 0.380953185949 73.5216251055 -8.6 -8.5733333333333341e+00 -8.55333333333 -8.44666666667   
753 9036 0.379105350375 73.8069343832 -8.6 -8.5666666666666664e+00 -8.51666666667 -8.42333333333   
754 9048 0.382362601205 73.8085609145 -8.6 -8.5666666666666664e+00 -8.54666666667 -8.41666666667   
755 9060 0.382077865685 75.944632743 -8.6 -8.5766666666666662e+00 -8.53666666667 -8.42666666667   
756 9072 0.375650886561 77.621045954 -8.6 -8.5666666666666664e+00 -8.52666666667 -8.44333333333   
757 9084 0.36597405901 79.5724501818 -8.6 -8.5500000000000007e+00 -8.51 -8.46666666667   
758 9096 0.362480048437 79.6617088993 -8.6 -8.5533333333333328e+00 -8.52 -8.42333333333   
759 9108 0.377642896398 79.8389253851 -8.6 -8.5566666666666666e+00 -8.51666666667 -8.46   
760 9120 0.366171444071 78.686954623 -8.6 -8.5533333333333328e+00 -8.53 -8.42333333333   
761 9132 0.360801874356 78.7629256067 -8.6 -8.5666666666666664e+00 -8.53333333333 -8.47333333333   
762 9144 0.356430090461 78.17309677 -8.6 -8.5533333333333328e+00 -8.53666666667 -8.39   
763 9156 0.35134937036 77.973268525 -8.6 -8.5633333333333326e+00 -8.52333333333 -8.48333333333   
764 9168 0.348173381904 78.6875561993 -8.6 -8.5633333333333326e+00 -8.54333333333 -8.50666666667   
765 9180 0.358259655352 77.8701995277 -8.6 -8.5833333333333339e+00 -8.53333333333 -8.46666666667   
766 9192 0.3572643844 76.8973814972 -8.6 -8.5766666666666662e+00 -8.55666666667 -8.43666666667   
767 9204 0.349350709112 76.2534778358 -8.6 -8.5766666666666662e+00 -8.54 -8.51   
768 9216 0.342849813982 76.7483144594 -8.6 -8.5633333333333326e+00 -8.52666666667 -8.43   
769 9228 0.336786128945 75.227615527 -8.6 -8.5666666666666664e+00 -8.52333333333 -8.46333333333   
770 9240 0.337582780923 76.3003140024 -8.6 -8.5766666666666662e+00 -8.55666666667 -8.46333333333   
771 9252 0.337567286547 77.0811425205 -8.6 -8.5666666666666664e+00 -8.52 -8.50666666667   
772 9264 0.334428612047 77.8754995562 -8.6 -8.5800000000000001e+00 -8.54333333333 -8.49333333333   
773 9276 0.344578445555 78.6434705085 -8.6 -8.5666666666666664e+00 -8.52 -8.46333333333   
774 9288 0.336731806114 80.4822874477 -8.6 -8.5700000000000003e+00 -8.55 -8.41666666667   
775 9300 0.329262338423 80.8786437861 -8.6 -8.5566666666666666e+00 -8.53 -8.46666666667   
776 9312 0.325409310476 80.218212522 -8.6 -8.5733333333333341e+00 -8.54666666667 -8.50333333333   
777 9324 0.322844754571 80.4818883352 -8.6 -8.5633333333333326e+00 -8.51666666667 -8.48333333333   
778 9336 0.327552845794 81.6663152867 -8.6 -8.5733333333333341e+00 -8.54333333333 -8.43333333333   
779 9348 0.33091557785 79.6274893766 -8.6 -8.5633333333333326e+00 -8.53333333333 -8.49666666667   
780 9360 0.33068651584 80.7342639619 -8.6 -8.5566666666666666e+00 -8.53333333333 -8.4   
781 9372 0.335137159758 81.8099212727 -8.6 -8.5700000000000003e+00 -8.52666666667 -8.45333333333   
782 9384 0.329381045049 81.7893773497 -8.6 -8.5800000000000001e+00 -8.55333333333 -8.5   
783 9396 0.328085516772 81.7677239683 -8.6 -8.5733333333333341e+00 -8.53333333333 -8.40333333333   
784 9408 0.332801995247 81.6614906508 -8.6 -8.5700000000000003e+00 -8.49666666667 -8.43   
785 9420 0.339476060728 81.699830737 -8.6 -8.5666666666666664e+00 -8.53333333333 -8.44666666667   
786 9432 0.343178405777 80.973294858 -8.6 -8.5800000000000001e+00 -8.50666666667 -8.45333333333   
787 9444 0.349084368998 81.197712862 -8.6 -8.5866666666666660e+00 -8.54333333333 -8.48666666667   
788 9456 0.346193028615 80.3394361656 -8.6 -8.5566666666666666e+00 -8.50666666667 -8.43   
789 9468 0.352457244674 79.7920528625 -8.6 -8.5733333333333341e+00 -8.50333333333 -8.37666666667   
790 9480 0.372601361017 79.4339514024 -8.6 -8.5800000000000001e+00 -8.46666666667 -8.41333333333   
791 9492 0.377813470502 80.7788234481 -8.6 -8.5966666666666658e+00 -8.51666666667 -8.39666666667   
792 9504 0.362871479934 80.8229714301 -8.6 -8.5700000000000003e+00 -8.51333333333 -8.45666666667   
793 9516 0.352453376482 80.2730271808 -8.6 -8.5600000000000005e+00 -8.52666666667 -8.46666666667   
794 9528 0.346350351232 80.7555315612 -8.6 -8.5600000000000005e+00 -8.51666666667 -8.44   
795 9540 0.338203906168 79.5801395212 -8.6 -8.5666666666666664e+00 -8.53666666667 -8.49333333333   
796 9552 0.335083249587 79.3193747726 -8.6 -8.5666666666666664e+00 -8.52333333333 -8.48666666667   
797 9564 0.336280498019 79.5891773557 -8.6 -8.5766666666666662e+00 -8.52 -8.44666666667   
798 9576 0.334850039203 78.8927853113 -8.6 -8.5600000000000005e+00 -8.54333333333 -8.48   
799 9588 0.334028034259 79.7610241551 -8.6 -8.5700000000000003e+00 -8.55333333333 -8.46666666667   
800 9600 0.330578077517 79.9400497518 -8.6 -8.5666666666666664e+00 -8.52666666667 -8.48333333333   
801 9612 0.333714252087 79.9791605441 -8.6 -8.5700000000000003e+00 -8.55333333333 -8.49333333333   
802 9624 0.332396027401 80.1778002821 -8.6 -8.5700000000000003e+00 -8.55666666667 -8.40333333333   
803 9636 0.332034690818 80.0252500279 -8.6 -8.5700000000000003e+00 -8.52333333333 -8.42666666667   
804 9648 0.332330669876 79.6934093946 -8.6 -8.5633333333333326e+00 -8.53666666667 -8.48   
805 9660 0.342457041179 79.9680679356 -8.6 -8.5566666666666666e+00 -8.54666666667 -8.5   
806 9672 0.364330345061 79.622621641 -8.6 -8.5733333333333341e+00 -8.52666666667 -8.45333333333   
807 9684 0.373877847899 79.3487776849 -8.6 -8.5666666666666664e+00 -8.54666666667 -8.30333333333   
808 9696 0.379211872744 79.487903205 -8.6 -8.5666666666666664e+00 -8.55 -8.49   
809 9708 0.385553526822 79.829901827 -8.6 -8.5600000000000005e+00 -8.53666666667 -8.47   
810 9720 0.384602489113 78.3618848191 -8.6 -8.5733333333333341e+00 -8.52333333333 -8.47   
811 9732 0.383081751065 78.2925814666 -8.6 -8.5633333333333326e+00 -8.51 -8.31666666667   
812 9744 0.391281867566 78.5675026412 -8.6 -8.5666666666666664e+00 -8.53666666667 -8.40333333333   
813 9756 0.382086110935 78.3623025888 -8.6 -8.5700000000000003e+00 -8.53333333333 -8.40333333333   
814 9768 0.368830743346 77.8046419602 -8.6 -8.5633333333333326e+00 -8.53666666667 -8.38   
815 9780 0.363249975808 75.8565790437 -8.6 -8.5600000000000005e+00 -8.51 -8.37666666667   
816 9792 0.357066840309 75.0498975072 -8.6 -8.5700000000000003e+00 -8.55 -8.45666666667   
817 9804 0.347025371662 75.8174291492 -8.6 -8.5733333333333341e+00 -8.52333333333 -8.27983333333   
818 9816 0.363441258539 76.2993783833 -8.6 -8.5600000000000005e+00 -8.54 -8.32666666667   
819 9828 0.372653335865 75.8025686528 -8.6 -8.5733333333333341e+00 -8.55 -8.49   
820 9840 0.372367406478 75.9596633459 -8.6 -8.5600000000000005e+00 -8.52 -8.49666666667   
821 9852 0.374785932921 76.7605814085 -8.6 -8.5833333333333339e+00 -8.55333333333 -8.49666666667   
822 9864 0.359269299878 76.4612378776 -8.6 -8.5733333333333341e+00 -8.54333333333 -8.47666666667   
823 9876 0.366819312555 76.6339393921 -8.6 -8.5666666666666664e+00 -8.53333333333 -8.47666666667   
824 9888 0.363832833262 74.7206017902 -8.6 -8.5733333333333341e+00 -8.54666666667 -8.48666666667   
825 9900 0.352648562893 75.6918045707 -8.6 -8.5700000000000003e+00 -8.54 -8.48333333333   
826 9912 0.346442896864 76.5935046372 -8.6 -8.5733333333333341e+00 -8.54333333333 -8.5   
827 9924 0.337761580762 76.1997705814 -8.6 -8.5566666666666666e+00 -8.52666666667 -8.45333333333   
828 9936 0.34540801469 76.9498197606 -8.6 -8.5733333333333341e+00 -8.54666666667 -8.51   
829 9948 0.34439995898 76.5353727924 -8.6 -8.5833333333333339e+00 -8.52666666667 -8.47333333333   
830 9960 0.345679301977 77.6131420773 -8.6 -8.5733333333333341e+00 -8.55333333333 -8.42666666667   
831 9972 0.344456450226 77.8880247122 -8.6 -8.5700000000000003e+00 -8.55666666667 -8.50666666667   
832 9984 0.344650235731 78.0920220826 -8.6 -8.5733333333333341e+00 -8.54333333333 -8.5   
833 9996 0.34036404556 79.6362588549 -8.6 -8.5733333333333341e+00 -8.54 -8.46333333333   
834 10008 0.340733871534 80.0562073921 -8.6 -8.5733333333333341e+00 -8.55 -8.46333333333   
835 10020 0.353930053182 80.2852435513 -8.6 -8.5666666666666664e+00 -8.53 -8.47666666667   
836 10032 0.383498518011 79.1417317038 -8.6 -8.5666666666666664e+00 -8.55333333333 -8.50333333333   
837 10044 0.393427810346 79.8074464331 -8.6 -8.5766666666666662e+00 -8.51333333333 -8.46333333333   
838 10056 0.404278848799 79.7562934541 -8.6 -8.5733333333333341e+00 -8.51666666667 -8.44333333333   
839 10068 0.404290080872 80.0775621792 -8.6 -8.5700000000000003e+00 -8.55 -8.46   
840 10080 0.409092950113 79.9029369155 -8.6 -8.5700000000000003e+00 -8.52666666667 -8.47   
841 10092 0.392162386823 80.1763083217 -8.6 -8.5700000000000003e+00 -8.52666666667 -8.43333333333   
842 10104 0.391758321764 82.0905327061 -8.6 -8.5800000000000001e+00 -8.52 -8.45666666667   
843 10116 0.386982581325 82.6348479586 -8.6 -8.5800000000000001e+00 -8.54666666667 -8.49666666667   
844 10128 0.384884423012 84.7866520833 -8.6 -8.5666666666666664e+00 -8.54666666667 -8.34   
845 10140 0.377194998928 84.593969936 -8.6 -8.5766666666666662e+00 -8.51666666667 -8.43   
846 10152 0.354120389113 83.6078311092 -8.6 -8.5666666666666664e+00 -8.54 -8.48333333333   
847 10164 0.353652312018 83.8414906743 -8.6 -8.5866666666666660e+00 -8.55 -8.50333333333   
848 10176 0.383234617088 84.1601696019 -8.6 -8.5866666666666660e+00 -8.52666666667 -8.42   
849 10188 0.390608391137 83.5324824683 -8.6 -8.5766666666666662e+00 -8.52333333333 -8.45   
850 10200 0.396233862318 82.9374047184 -8.6 -8.5733333333333341e+00 -8.52666666667 -8.46   
851 10212 0.40539034075 84.6429391519 -8.6 -8.5733333333333341e+00 -8.52 -8.47   
852 10224 0.410819824207 85.1061075803 -8.6 -8.5933333333333337e+00 -8.55666666667 -8.47   
853 10236 0.40747837233 86.4693813657 -8.6 -8.5766666666666662e+00 -8.52 -8.41   
854 10248 0.408580017358 85.7770189666 -8.6 -8.5700000000000003e+00 -8.55 -8.49666666667   
855 10260 0.414132619864 85.1227467239 -8.6 -8.5700000000000003e+00 -8.53666666667 -8.5   
856 10272 0.420156876732 87.0198612187 -8.6 -8.5666666666666664e+00 -8.54 -8.48   
857 10284 0.437718902969 88.5087930628 -8.6 -8.5600000000000005e+00 -8.53 -8.49666666667   
858 10296 0.429994510549 88.1924321626 -8.6 -8.5566666666666666e+00 -8.54333333333 -8.51666666667   
859 10308 0.407384706818 88.1119189738 -8.6 -8.5700000000000003e+00 -8.55 -8.48333333333   
860 10320 0.382853505742 88.0149037431 -8.6 -8.5800000000000001e+00 -8.55666666667 -8.51333333333   
861 10332 0.372986867924 88.3692373438 -8.6 -8.5666666666666664e+00 -8.53333333333 -8.51   
862 10344 0.372449674558 86.6991358159 -8.6 -8.5700000000000003e+00 -8.54 -8.51   
863 10356 0.359943691027 88.5424826125 -8.6 -8.5733333333333341e+00 -8.53666666667 -8.43666666667   
864 10368 0.357403414596 88.9829198801 -8.6 -8.5866666666666660e+00 -8.55 -8.52666666667   
865 10380 0.355521441096 89.605453541 -8.6 -8.5733333333333341e+00 -8.55666666667 -8.50666666667   
866 10392 0.353084403173 89.9592589251 -8.6 -8.5666666666666664e+00 -8.55 -8.42666666667   
867 10404 0.35606610502 89.7608063469 -8.6 -8.5766666666666662e+00 -8.54333333333 -8.46   
868 10416 0.35607162276 89.7500282489 -8.6 -8.5666666666666664e+00 -8.55 -8.49   
869 10428 0.360776950835 90.9772415923 -8.6 -8.5700000000000003e+00 -8.54666666667 -8.42666666667   
870 10440 0.362406929584 90.6491792134 -8.6 -8.5766666666666662e+00 -8.54666666667 -8.46666666667   
871 10452 0.365078265792 93.8587579349 -8.6 -8.5766666666666662e+00 -8.53 -8.37333333333   
872 10464 0.381893887438 93.8011719368 -8.6 -8.5766666666666662e+00 -8.5 -8.43333333333   
873 10476 0.384149189117 94.0458640097 -8.6 -8.5700000000000003e+00 -8.54333333333 -8.46666666667   
874 10488 0.391659752975 95.2519317751 -8.6 -8.5966666666666658e+00 -8.53666666667 -8.37333333333   
875 10500 0.396702147654 96.3676995068 -8.6 -8.5733333333333341e+00 -8.55 -8.42   
876 10512 0.388026955625 95.2189266156 -8.6 -8.5700000000000003e+00 -8.52333333333 -8.49333333333   
877 10524 0.380102272724 95.8102147578 -8.6 -8.5866666666666660e+00 -8.50333333333 -8.43333333333   
878 10536 0.368099220752 94.8037283777 -8.6 -8.5899999999999999e+00 -8.51 -8.47   
879 10548 0.364863256217 95.0917158647 -8.6 -8.5700000000000003e+00 -8.52 -8.46333333333   
880 10560 0.351609069115 95.6073763765 -8.6 -8.5700000000000003e+00 -8.52 -8.45333333333   
881 10572 0.354795296654 95.3331345666 -8.6 -8.5766666666666662e+00 -8.55333333333 -8.37   
882 10584 0.355049697978 95.0360847739 -8.6 -8.5666666666666664e+00 -8.53666666667 -8.44   
883 10596 0.354552069522 94.8333308587 -8.6 -8.5666666666666664e+00 -8.51333333333 -8.48   
884 10608 0.348679280399 94.2857144162 -8.6 -8.5833333333333339e+00 -8.54666666667 -8.44333333333   
885 10620 0.349894995019 93.4572142768 -8.6 -8.5766666666666662e+00 -8.54666666667 -8.48666666667   
886 10632 0.350347097885 90.0957209165 -8.6 -8.5733333333333341e+00 -8.54 -8.46666666667   
887 10644 0.348532090318 88.6013991595 -8.6 -8.5833333333333339e+00 -8.53 -8.44   
888 10656 0.356914163884 88.1097557458 -8.6 -8.5766666666666662e+00 -8.53 -8.46   
889 10668 0.354089795186 88.0278948843 -8.6 -8.5800000000000001e+00 -8.53666666667 -8.42333333333   
890 10680 0.350841206385 86.9107139139 -8.6 -8.5566666666666666e+00 -8.52 -8.47   
891 10692 0.344851389893 86.6883422089 -8.6 -8.5666666666666664e+00 -8.52666666667 -8.43   
892 10704 0.339077552604 87.9150324367 -8.6 -8.5733333333333341e+00 -8.51333333333 -8.43666666667   
893 10716 0.344347915641 86.8689731347 -8.6 -8.5666666666666664e+00 -8.52666666667 -8.46666666667   
894 10728 0.347223578634 87.9637841469 -8.6 -8.5666666666666664e+00 -8.53333333333 -8.45   
895 10740 0.339702467145 88.4254730734 -8.6 -8.5700000000000003e+00 -8.55333333333 -8.50666666667   
896 10752 0.337048509118 88.9559104315 -8.6 -8.5766666666666662e+00 -8.56 -8.51   
897 10764 0.337450808816 90.2202438502 -8.6 -8.5766666666666662e+00 -8.56 -8.51666666667   
898 10776 0.337078216633 90.9308994333 -8.6 -8.5766666666666662e+00 -8.56333333333 -8.47666666667   
899 10788 0.338108181237 89.9439163041 -8.6 -8.5899999999999999e+00 -8.55 -8.45333333333   
900 10800 0.340412743059 89.4223131114 -8.6 -8.5766666666666662e+00 -8.51333333333 -8.44333333333   
901 10812 0.336849057167 89.4328901241 -8.6 -8.5733333333333341e+00 -8.52 -8.47666666667   
902 10824 0.333712612373 89.5960154056 -8.6 -8.5733333333333341e+00 -8.55333333333 -8.50666666667   
903 10836 0.333707249542 89.560245413 -8.6 -8.5733333333333341e+00 -8.54666666667 -8.47666666667   
904 10848 0.336238390789 88.8378312735 -8.6 -8.5766666666666662e+00 -8.55666666667 -8.47   
905 10860 0.341454892819 88.7175588287 -8.6 -8.5866666666666660e+00 -8.54666666667 -8.42333333333   
906 10872 0.362938068953 88.7296301542 -8.6 -8.5800000000000001e+00 -8.55 -8.50333333333   
907 10884 0.389573649299 87.8819033413 -8.6 -8.5866666666666660e+00 -8.54666666667 -8.50666666667   
908 10896 0.392322460472 88.7973350326 -8.6 -8.5700000000000003e+00 -8.55333333333 -8.44333333333   
909 10908 0.391148559785 88.5122283898 -8.6 -8.5700000000000003e+00 -8.53333333333 -8.44666666667   
910 10920 0.375037464247 88.47384487 -8.6 -8.5766666666666662e+00 -8.53333333333 -8.48666666667   
911 10932 0.360856753052 87.941435944 -8.6 -8.5800000000000001e+00 -8.55333333333 -8.51333333333   
912 10944 0.354237139448 88.2807272942 -8.6 -8.5933333333333337e+00 -8.53333333333 -8.49333333333   
913 10956 0.341280016194 89.2536686883 -8.6 -8.5800000000000001e+00 -8.53333333333 -8.50666666667   
914 10968 0.332072371802 90.4794735255 -8.6 -8.5766666666666662e+00 -8.55666666667 -8.49333333333   
915 10980 0.329954976416 90.4565689347 -8.6 -8.5733333333333341e+00 -8.54333333333 -8.51   
916 10992 0.328387422422 90.0376837689 -8.6 -8.5766666666666662e+00 -8.53666666667 -8.49666666667   
917 11004 0.326939467004 90.8513047847 -8.6 -8.5766666666666662e+00 -8.54666666667 -8.50666666667   
918 11016 0.325213160123 89.8091449048 -8.6 -8.5766666666666662e+00 -8.54 -8.46333333333   
919 11028 0.323967983368 88.5788002398 -8.6 -8.5866666666666660e+00 -8.55 -8.48666666667   
920 11040 0.324378598554 88.2361216772 -8.6 -8.5666666666666664e+00 -8.51666666667 -8.47   
921 11052 0.323598273488 88.364637271 -8.6 -8.5733333333333341e+00 -8.52333333333 -8.46333333333   
922 11064 0.323093787276 87.1965966636 -8.6 -8.5733333333333341e+00 -8.54 -8.50333333333   
923 11076 0.323316454692 86.2162667566 -8.6 -8.5833333333333339e+00 -8.52333333333 -8.46333333333   
924 11088 0.32383930907 86.4161416784 -8.6 -8.5800000000000001e+00 -8.56 -8.47333333333   
925 11100 0.325261536259 86.3260034795 -8.6 -8.5800000000000001e+00 -8.53666666667 -8.49333333333   
926 11112 0.324036658462 85.6956677212 -8.6 -8.5800000000000001e+00 -8.56 -8.46666666667   
927 11124 0.327825162551 86.4098235395 -8.6 -8.5800000000000001e+00 -8.52 -8.46333333333   
928 11136 0.329221438978 85.7879174693 -8.6 -8.5700000000000003e+00 -8.54 -8.47666666667   
929 11148 0.328534204282 87.0243713504 -8.6 -8.5800000000000001e+00 -8.53333333333 -8.44   
930 11160 0.328980510539 86.8060700322 -8.6 -8.5733333333333341e+00 -8.55666666667 -8.51   
931 11172 0.327320235306 85.78197286 -8.6 -8.5700000000000003e+00 -8.53333333333 -8.42   
932 11184 0.32718220592 87.3558539467 -8.6 -8.5733333333333341e+00 -8.55333333333 -8.5   
933 11196 0.327059298174 87.2624971715 -8.6 -8.5700000000000003e+00 -8.55 -8.49333333333   
934 11208 0.325928232767 87.650330672 -8.6 -8.5800000000000001e+00 -8.55 -8.46333333333   
935 11220 0.327571121986 88.0870021919 -8.6 -8.5833333333333339e+00 -8.54666666667 -8.51   
936 11232 0.328498806345 88.7676024526 -8.6 -8.5833333333333339e+00 -8.51333333333 -8.48   
937 11244 0.32954261749 88.0385700799 -8.6 -8.5700000000000003e+00 -8.52333333333 -8.50333333333   
938 11256 0.330603677205 88.0236345053 -8.6 -8.5666666666666664e+00 -8.54 -8.50333333333   
939 11268 0.3303506439 88.2572705232 -8.6 -8.5766666666666662e+00 -8.53333333333 -8.50666666667   
940 11280 0.330039944693 89.0332159803 -8.6 -8.5700000000000003e+00 -8.53333333333 -8.44   
941 11292 0.330489969453 89.6315050229 -8.6 -8.5800000000000001e+00 -8.55666666667 -8.48666666667   
942 11304 0.327316406913 90.4312093328 -8.6 -8.5733333333333341e+00 -8.53 -8.46333333333   
943 11316 0.326784578676 91.9533902353 -8.6 -8.5800000000000001e+00 -8.53666666667 -8.47   
944 11328 0.33054790523 92.1615302051 -8.6 -8.5700000000000003e+00 -8.50333333333 -8.47666666667   
945 11340 0.331029105664 92.1771542849 -8.6 -8.5666666666666664e+00 -8.52333333333 -8.45333333333   
946 11352 0.329085148984 92.6672622159 -8.6 -8.5800000000000001e+00 -8.55666666667 -8.51666666667   
947 11364 0.328166290065 95.2173609115 -8.6 -8.5700000000000003e+00 -8.55333333333 -8.48333333333   
948 11376 0.326536076926 95.5341939953 -8.6 -8.5733333333333341e+00 -8.56333333333 -8.53333333333   
949 11388 0.331357789685 97.0638687309 -8.6 -8.5766666666666662e+00 -8.53333333333 -8.43666666667   
950 11400 0.341981872676 97.4971850396 -8.6 -8.5766666666666662e+00 -8.54666666667 -8.46666666667   
951 11412 0.349076332236 95.2423378969 -8.6 -8.5733333333333341e+00 -8.52666666667 -8.46333333333   
952 11424 0.355917403481 95.5629888486 -8.6 -8.5866666666666660e+00 -8.52333333333 -8.42333333333   
953 11436 0.360890797583 95.2225654106 -8.6 -8.5766666666666662e+00 -8.55 -8.52   
