% # columns="iteration, evaluation, sigma, max axis length,  min axis length, all principle axes lengths  (sorted square roots of eigenvalues of C)", seed=13, Fri Feb  2 08:32:51 2018
1 12 1.79883265992 1.00004705993 1.0 1.0 1.00000294118 1.00000588237 1.00000882357 1.00001176478 1.00001470599 1.00001764721 1.00002058845 1.00002352969 1.00002647094 1.0000294122 1.00003235346 1.00003529474 1.00003823603 1.00004117732 1.00004411862 1.00004705993
2 24 1.75702189736 1.0350141132 0.94620420644 0.94620420644 0.963541047223 0.970549542968 0.98786356167 0.995181014619 0.997467000584 1.00001436808 1.00001826231 1.00002572476 1.00002914079 1.00003609359 1.00032797664 1.00170096427 1.00368711031 1.00846605742 1.01471719433 1.0350141132
3 36 1.67066750999 1.07669552394 0.936112214738 0.936112214738 0.955178771801 0.957545995355 0.971679643091 0.979808156919 0.988970348065 0.994208602087 0.997393427961 0.998961996913 0.999603638124 1.00214557007 1.00407120742 1.00890455446 1.01247425665 1.01900473646 1.04075440034 1.07669552394
4 48 1.56247713502 1.10305158445 0.927588113016 0.927588113016 0.938411410964 0.948563634116 0.957105547781 0.967198729501 0.977502451844 0.985908800411 0.994071451904 0.995353306067 0.999914490011 1.00403355854 1.00930539482 1.01358481189 1.0167475502 1.02529374752 1.04438872479 1.10305158445
5 60 1.50657288454 1.10915159972 0.92301612937 0.92301612937 0.928598373106 0.942997083975 0.950395578205 0.961444858081 0.966230990176 0.978680339278 0.990333492002 0.992207651576 0.994474862802 1.00206343713 1.00944003318 1.01143006947 1.01916051839 1.02929081073 1.06005330133 1.10915159972
6 72 1.50000333823 1.10491867344 0.903061298572 0.903061298572 0.910147218795 0.93606380567 0.941091940311 0.950617240354 0.965074369148 0.980894815217 0.985704220043 0.990560186115 0.99925223766 1.00013117833 1.01143605927 1.01477243339 1.02300321429 1.04150113465 1.07160923859 1.10491867344
7 84 1.52548766224 1.11047168374 0.895834785641 0.895834785641 0.907917585715 0.922172510721 0.930531900292 0.9549278269 0.96737316212 0.974177191278 0.981302836506 0.993065510961 0.997567475079 1.00222794513 1.00665403018 1.02115078827 1.02384947983 1.04815763157 1.07274672351 1.11047168374
8 96 1.55831776724 1.1220774876 0.881386494324 0.881386494324 0.891587272427 0.90974492974 0.919453734364 0.944053187921 0.967090857426 0.982858770278 0.985142796985 0.992821258802 0.996691133774 1.0041328564 1.00799059915 1.02127966896 1.03112684943 1.05037350203 1.08618599312 1.1220774876
9 108 1.53753847654 1.15142933102 0.875726990125 0.875726990125 0.881159450697 0.906524057283 0.910848589334 0.947992707768 0.959713227311 0.960872042328 0.983176187877 0.989894964928 0.994018711766 1.00136166914 1.00399324761 1.02698015522 1.03514216045 1.06359938504 1.09988693379 1.15142933102
10 120 1.49763043823 1.16819576305 0.864361988607 0.864361988607 0.881499479368 0.896828613504 0.905184304517 0.938946073357 0.950641757896 0.957400551379 0.97648517077 0.982911439057 0.989142324721 0.99139216695 1.00500304633 1.02581922514 1.03733440447 1.0671063744 1.09943441756 1.16819576305
11 132 1.41276483102 1.19020969188 0.851290002077 0.851290002077 0.875740741663 0.890419437735 0.903805355434 0.923117883149 0.945414635767 0.952891694977 0.968038608782 0.981157115043 0.98670480884 0.994025588257 1.00753484059 1.02009495527 1.03457012518 1.06644039703 1.10935053004 1.19020969188
12 144 1.33475937161 1.20430435935 0.842293683111 0.842293683111 0.877223066755 0.887474835639 0.896973890796 0.919994335453 0.936962600257 0.949697457711 0.959848203932 0.978596489647 0.988114091187 0.99138205877 1.00251323549 1.01522052782 1.04048446736 1.06737286567 1.10752848839 1.20430435935
13 156 1.31817517955 1.19789887231 0.828763432858 0.828763432858 0.87679478187 0.880274445651 0.895845368866 0.918351022283 0.93244119708 0.947876417171 0.956244251623 0.980611778064 0.984630157444 0.991551132673 1.00466903784 1.01897179468 1.03939448488 1.06172472499 1.10964838476 1.19789887231
14 168 1.2678348059 1.20092258371 0.823182028387 0.823182028387 0.870244719496 0.881289313216 0.897756404375 0.913625301681 0.921642637346 0.934365386174 0.951478595876 0.970028072711 0.980659966058 0.99446485594 1.00789016736 1.03023152485 1.06408601291 1.08584852664 1.09940591085 1.20092258371
15 180 1.22027518596 1.21387666356 0.808859538319 0.808859538319 0.868240859341 0.873854876944 0.887389872693 0.913931040461 0.919109182186 0.943387638115 0.945791053654 0.972504842767 0.979268552381 0.989539922707 1.00359628563 1.02040433236 1.05959633094 1.09565419408 1.11020816881 1.21387666356
16 192 1.15331809776 1.21410841947 0.804437169728 0.804437169728 0.862387672301 0.86827271185 0.886657912463 0.907011705587 0.917863217587 0.938098182849 0.943117326514 0.968145294831 0.977568964059 0.99786140497 1.00471911107 1.0129883786 1.05217534813 1.09122047495 1.11133532288 1.21410841947
17 204 1.13266659922 1.21787243908 0.800050107857 0.800050107857 0.844423664648 0.868993562749 0.878072846215 0.903013364367 0.91345468772 0.929705172161 0.934726591344 0.96196084638 0.980205840813 0.996516731224 1.00846555185 1.02309546571 1.05861748207 1.0886753881 1.11075880912 1.21787243908
18 216 1.15525457404 1.21010115865 0.805550608808 0.805550608808 0.839588536293 0.851511432576 0.879950881657 0.890576594981 0.912389039563 0.927738104235 0.936381991696 0.954280194842 0.987916176648 0.994495753326 1.00797877168 1.04010981015 1.07166473688 1.0752047378 1.10364145558 1.21010115865
19 228 1.11514862329 1.19313316814 0.806397212187 0.806397212187 0.839352053604 0.851414760976 0.865938367776 0.885001158161 0.907384895118 0.924025603979 0.938930326632 0.945728203781 0.99192948411 0.995284273172 1.0076864972 1.05796988931 1.0723816954 1.079302029 1.11148484719 1.19313316814
20 240 1.06545920851 1.19145766881 0.801220927471 0.801220927471 0.833108174799 0.851499174075 0.863266139016 0.885469582519 0.898553510132 0.919328980187 0.932378036491 0.938041910232 0.980387926484 0.993070005471 1.00799682557 1.05265728356 1.07253467984 1.08861846604 1.10116553658 1.19145766881
21 252 1.04030975648 1.19184571149 0.780846574518 0.780846574518 0.823301260587 0.852953274743 0.856923825204 0.885229350187 0.904620137087 0.920430503114 0.931117522394 0.937025322317 0.968027707586 0.987379707772 1.00294411038 1.05087269744 1.08825942401 1.09808082004 1.10993861722 1.19184571149
22 264 1.02419848417 1.19182550858 0.788418683543 0.788418683543 0.811026536137 0.854566386105 0.859843375152 0.870304479543 0.900082016312 0.914046595252 0.920934929815 0.94544901662 0.962739237587 0.987962134786 1.00218834083 1.07057704069 1.08312125832 1.10485979947 1.12915905744 1.19182550858
23 276 0.959462535462 1.1981293263 0.783254498471 0.783254498471 0.809296303435 0.842743478189 0.859601362484 0.869766181373 0.903349563174 0.90946835209 0.919837280497 0.951672429347 0.965823699289 0.978746672182 1.00537316064 1.068364185 1.08122700464 1.10614371919 1.13932693959 1.1981293263
24 288 0.915391954782 1.21636773634 0.790655322999 0.790655322999 0.805423787195 0.819820935813 0.8553907673 0.867617080196 0.895296747674 0.907735284258 0.925228995631 0.951319392334 0.972161240487 0.976502834562 0.997208373354 1.06496620902 1.07704603472 1.10485274543 1.14282201311 1.21636773634
25 300 0.894038319436 1.21708899663 0.784362588721 0.784362588721 0.792046239337 0.815196688065 0.849717112675 0.860808460929 0.889510248947 0.90330938524 0.920023229755 0.951862318187 0.968398618991 0.972268292798 0.999297169604 1.06599250599 1.08517730877 1.10071952513 1.14179011779 1.21708899663
26 312 0.883376520416 1.22049534799 0.781495984576 0.781495984576 0.790664238929 0.80035128064 0.825793033358 0.859156845846 0.888845899856 0.906744226802 0.911773427909 0.948396865277 0.955467436567 0.971371920486 0.989422769679 1.07567010026 1.09298819498 1.11116243416 1.1828099931 1.22049534799
27 324 0.885078417449 1.22387608195 0.779557655547 0.779557655547 0.783669006366 0.796770637873 0.826482863701 0.843853727886 0.885411089664 0.900858507948 0.911189581609 0.930183281459 0.945935412408 0.989963263175 0.994424159362 1.07098497757 1.08577454081 1.13254739396 1.19372470862 1.22387608195
28 336 0.898493922328 1.23749676733 0.765325310004 0.765325310004 0.782611640634 0.794307885221 0.827038831289 0.837035319126 0.888626781623 0.900518762399 0.919940543845 0.930376617263 0.940202242946 0.990313186502 0.995863208541 1.04922816035 1.09234404159 1.14564610288 1.20098324551 1.23749676733
29 348 0.891287235356 1.24806814584 0.766915214809 0.766915214809 0.778638046839 0.794507220281 0.824748368558 0.832876045607 0.884897534795 0.901795864201 0.906356646762 0.927921966623 0.935007162856 0.986669046651 1.02692863135 1.04554418937 1.0986677364 1.16624707957 1.18877717616 1.24806814584
30 360 0.91664338663 1.24619260553 0.750786235119 0.750786235119 0.77363969071 0.79178488349 0.816994881365 0.830751653492 0.883831966081 0.901709131604 0.905905953265 0.921682040225 0.935258349477 0.97502537504 1.03330699009 1.04616158373 1.094247428 1.17945647468 1.19443245284 1.24619260553
31 372 0.880032120677 1.25313040253 0.750755632174 0.750755632174 0.770390683773 0.793651688843 0.813580443504 0.824744045526 0.872747040773 0.887911702318 0.894357688412 0.914089063129 0.9474469996 0.984656399279 1.03871425029 1.06066682241 1.10755647662 1.18064844834 1.19863968078 1.25313040253
32 384 0.850332810828 1.24354999547 0.751086125753 0.751086125753 0.760559107117 0.795778797126 0.808320297209 0.826456788837 0.861576661855 0.879913629269 0.892367482522 0.913550819901 0.947583476569 0.976600576634 1.03614868484 1.06861506771 1.11632153556 1.17121193851 1.19857037894 1.24354999547
33 396 0.846577126844 1.25186068895 0.74904851862 0.74904851862 0.764525766847 0.795844049833 0.799537959088 0.824008131594 0.855541223434 0.870047837581 0.896588116233 0.913140064152 0.946254640041 0.972385314749 1.0400247084 1.04789681438 1.13071899209 1.17939104488 1.21404204464 1.25186068895
34 408 0.84861446068 1.29716358727 0.738895212605 0.738895212605 0.750705476842 0.794647718954 0.798287831521 0.817449534034 0.854506657193 0.868350142891 0.893438699393 0.897826772157 0.949757378712 0.970911115197 1.03626171106 1.06346632146 1.13044652274 1.17489366645 1.21532842413 1.29716358727
35 420 0.845890739647 1.33258122273 0.744777158722 0.744777158722 0.758943008906 0.788930410354 0.800922130787 0.826721073307 0.849075730112 0.856155080189 0.888603143972 0.894296190062 0.950962840143 0.972894082725 1.02370451704 1.06716107744 1.12672821384 1.14663890779 1.22167125217 1.33258122273
36 432 0.862597072665 1.35072213422 0.726669803791 0.726669803791 0.756683500779 0.78708891418 0.800189864625 0.823366910936 0.856701962568 0.862507654219 0.882302677485 0.896521357033 0.956498924497 0.965992058164 1.0204950926 1.0766188717 1.13470006082 1.1431365236 1.21493439465 1.35072213422
37 444 0.860565018747 1.36955590328 0.723004489876 0.723004489876 0.748321964655 0.775121865547 0.8054747038 0.827544854807 0.852446062275 0.86517524375 0.893030705555 0.908005978843 0.939771786247 0.965861602879 1.01963512561 1.06624937366 1.13770989009 1.15175688994 1.21309345571 1.36955590328
38 456 0.833911068669 1.40577799366 0.714231959595 0.714231959595 0.74459304577 0.766792279593 0.802465643859 0.817817506492 0.847810451946 0.87609984946 0.899129653324 0.909295778351 0.94241434481 0.963837593865 1.00911012998 1.06511820585 1.13148145032 1.13975730621 1.21212919437 1.40577799366
39 468 0.797906009833 1.42272799393 0.705617948796 0.705617948796 0.748611411359 0.764585859235 0.800283102038 0.813201248205 0.84672364224 0.869383212376 0.893442154647 0.903963983141 0.943556647544 0.987748708303 0.997790453907 1.06575499603 1.13255766223 1.13424692383 1.21313941238 1.42272799393
40 480 0.761605647848 1.42441020421 0.706341107272 0.706341107272 0.745331765161 0.757058574218 0.796576483505 0.809423289609 0.84252997565 0.864944447939 0.889742011446 0.902368502065 0.940152201926 0.978531303669 0.993033763201 1.05898362998 1.12079329789 1.13451420093 1.21115415846 1.42441020421
41 492 0.769850092132 1.42949903347 0.699819363491 0.699819363491 0.744320519593 0.756047718732 0.789729331643 0.812522459032 0.842808912774 0.856600593651 0.886418390117 0.89928405135 0.9277375911 0.973524824955 0.994722241764 1.07268339554 1.11867865443 1.13087581184 1.21002506123 1.42949903347
42 504 0.726693331335 1.41829300569 0.702453303846 0.702453303846 0.741766742823 0.757664970931 0.778394529394 0.807308790206 0.826388001767 0.855880876847 0.885428973584 0.897158913327 0.930384283224 0.985806510931 0.997606130661 1.07290029942 1.12657501029 1.1396760638 1.21180120859 1.41829300569
43 516 0.715354354889 1.43153285401 0.697739065371 0.697739065371 0.737529399002 0.75017852452 0.776865832621 0.802844178401 0.831209050565 0.849717576438 0.87705037847 0.895976687063 0.925259814667 0.992103646726 0.998204682949 1.07534482448 1.12695533336 1.14514366435 1.21124533661 1.43153285401
44 528 0.702399128855 1.43328016048 0.683109246642 0.683109246642 0.736559612202 0.743177418447 0.777931307445 0.798336492098 0.833930735995 0.856826697449 0.878198131345 0.897539381113 0.932551984263 0.987294982738 1.00843063695 1.07568562886 1.12227377451 1.15085617496 1.21879186403 1.43328016048
45 540 0.726107366162 1.4298074333 0.679937065178 0.679937065178 0.721135258167 0.74162201244 0.777373760198 0.795120865701 0.843045554997 0.857911274527 0.879969824988 0.898413067319 0.927214933122 0.982593801823 0.99974757448 1.07007991777 1.11179188353 1.15538685046 1.21581630771 1.4298074333
46 552 0.716331201307 1.41172881224 0.673033170036 0.673033170036 0.719527986846 0.738621025755 0.774339510288 0.801535943552 0.848229488471 0.864229863738 0.875943482489 0.89944017724 0.930424884663 0.974638531144 0.994109587498 1.06211081563 1.09248912144 1.17236075518 1.2246840135 1.41172881224
47 564 0.722723806892 1.38656685699 0.670706370715 0.670706370715 0.719990928678 0.732814314381 0.762574856383 0.812243518735 0.846003257642 0.861643917159 0.877171863302 0.90381889347 0.925108217627 0.968264618471 0.993445903888 1.06225302988 1.09411727721 1.17209873246 1.22788357984 1.38656685699
48 576 0.706631979839 1.3864357222 0.65847746075 0.65847746075 0.709435225927 0.732395855915 0.763592801071 0.806841113178 0.848226097627 0.862544347856 0.874893930084 0.917016661734 0.92213989474 0.965259427441 0.998070093347 1.06567154849 1.08146498098 1.17797900653 1.23166233903 1.3864357222
49 588 0.727994672321 1.38870992895 0.655002868803 0.655002868803 0.702689646429 0.71893233192 0.758602394773 0.804834894755 0.844655812465 0.864370427383 0.873643461342 0.919140474213 0.930703638748 0.964049817873 1.00260352725 1.05494709431 1.07149567528 1.17190575714 1.24026523418 1.38870992895
50 600 0.756116018651 1.40780843206 0.643543899811 0.643543899811 0.693657968482 0.717737446346 0.752488537108 0.800122727654 0.842773158146 0.857651406581 0.874888585746 0.926759284401 0.936705916256 0.968811270319 1.00188843282 1.0592563527 1.10734892051 1.17505243168 1.24108533511 1.40780843206
51 612 0.769086385889 1.41083939827 0.640911386854 0.640911386854 0.694459985364 0.71432626232 0.75594172884 0.802592220919 0.831564156529 0.858425405015 0.888077192588 0.914788347347 0.935154107912 0.96811407653 0.998339552287 1.06006543989 1.11644611541 1.16396015702 1.2439074611 1.41083939827
52 624 0.799792415718 1.3978908722 0.633808658233 0.633808658233 0.689110320476 0.717012894854 0.757875045229 0.801738049595 0.833562981175 0.847965081759 0.888351286693 0.905530171177 0.920362446168 0.978556627123 0.997279164059 1.06305154786 1.13931517193 1.1751974668 1.24631325902 1.3978908722
53 636 0.78452373737 1.44183683449 0.636256155775 0.636256155775 0.685132464772 0.722823050807 0.758567106644 0.807427223345 0.832039734191 0.841945797696 0.879173910509 0.897252087278 0.928926794749 0.978754141023 0.988559252757 1.04938786055 1.14432964758 1.18553060819 1.2459555 1.44183683449
54 648 0.769447200599 1.43536625243 0.632175864825 0.632175864825 0.683312294428 0.724270498497 0.758041302659 0.806745231961 0.83033703169 0.835931428979 0.87417626529 0.895191282844 0.938658451612 0.968750635212 1.00202045452 1.04732243617 1.14208348658 1.18764608974 1.2442662474 1.43536625243
55 660 0.745108474795 1.43271581094 0.628168228813 0.628168228813 0.685792299679 0.721440631007 0.753654533497 0.796674115525 0.824182970293 0.833684248627 0.878174110188 0.891897037097 0.947997853402 0.967840017879 1.0041111334 1.0440539536 1.14645642492 1.18325152792 1.24176097535 1.43271581094
56 672 0.701155503421 1.44934716026 0.622495934499 0.622495934499 0.682784403248 0.726643044698 0.742991761017 0.795313977127 0.824058199211 0.828860981623 0.869363518831 0.894427628153 0.946872246344 0.963956432859 1.00507929776 1.02231087861 1.161622424 1.18399071477 1.23389075426 1.44934716026
57 684 0.674596103556 1.42808113169 0.608722722335 0.608722722335 0.684162393264 0.727944376279 0.736117988098 0.791473714849 0.813648019532 0.824641614296 0.872628145982 0.893320953184 0.942219361282 0.967900124847 0.998827489292 1.01926559758 1.16411882886 1.20196193029 1.22297571272 1.42808113169
58 696 0.684308055385 1.44254355555 0.604411395028 0.604411395028 0.674108185861 0.722652328949 0.727315294771 0.78923972665 0.818498206961 0.820624262042 0.877053833047 0.897647425287 0.939043770855 0.958668763671 0.992894934657 1.01232341724 1.15937492392 1.20227109751 1.25037628242 1.44254355555
59 708 0.653310197059 1.45353723646 0.597861652745 0.597861652745 0.671426237922 0.718499744499 0.724847309952 0.803775370157 0.814403408577 0.83458336328 0.879265697416 0.890395510736 0.936778452656 0.965956174874 0.991118041885 1.0013285065 1.16838583885 1.21734563206 1.24398495262 1.45353723646
60 720 0.632871560853 1.44312015995 0.596858302792 0.596858302792 0.669916852918 0.717520454502 0.722276189529 0.797982777872 0.809034698163 0.830290694834 0.86967262674 0.89482112063 0.925274121563 0.964784397077 0.988315331702 1.00135562435 1.15364748399 1.217740637 1.2488112859 1.44312015995
61 732 0.602841810576 1.44255010023 0.594228905705 0.594228905705 0.651638049254 0.710402902184 0.718484198323 0.800099117523 0.801757726089 0.842199213313 0.861774143746 0.900091913025 0.921990860995 0.961688465498 0.989914792667 1.00442852089 1.15504897665 1.21635176547 1.24880761613 1.44255010023
62 744 0.572869635826 1.43509893163 0.592367966722 0.592367966722 0.642039129638 0.705205497841 0.717563454316 0.7898278929 0.801093169063 0.844002217322 0.860007647373 0.902688088337 0.93149970334 0.959068664369 0.983743902239 1.00655376271 1.15084708286 1.21054626815 1.23726657404 1.43509893163
63 756 0.575863500349 1.43200553433 0.581423636296 0.581423636296 0.634829834718 0.701394932959 0.717351072288 0.789468634256 0.794393160446 0.841322388729 0.855385194737 0.907913051935 0.927155235184 0.953557132031 0.972666760459 1.01266178398 1.14849177067 1.21978413165 1.22835831695 1.43200553433
64 768 0.585932827427 1.45005801893 0.569700627368 0.569700627368 0.630852938169 0.693430317608 0.710160278106 0.790522163843 0.800064984227 0.836949212985 0.840623818108 0.901515775805 0.928056707441 0.955702837894 0.972692742266 1.02847899762 1.15835541424 1.21348625718 1.22680169202 1.45005801893
65 780 0.55353564545 1.47875100541 0.557368438313 0.557368438313 0.638306092262 0.677573170526 0.706561575069 0.785416895724 0.80320993777 0.836454716296 0.839014434847 0.89607716196 0.917241217901 0.955246420871 0.969024756712 1.03857376704 1.15316215472 1.20195743845 1.23061006039 1.47875100541
66 792 0.547819003765 1.51489257538 0.550803581607 0.550803581607 0.634999199653 0.675102301405 0.704591706937 0.788689793044 0.808555497218 0.830347016765 0.839185687358 0.894098556286 0.908859506667 0.933217185038 0.972084554446 1.03209703648 1.14907887439 1.20146818288 1.22760080257 1.51489257538
67 804 0.541621854851 1.51896599206 0.547376557529 0.547376557529 0.628976479509 0.678867241462 0.707552217434 0.793112294231 0.81628042765 0.827073356261 0.830249568334 0.882324459886 0.901912155408 0.934660905594 0.978569005072 1.03300592866 1.14013883961 1.21109291678 1.26175165138 1.51896599206
68 816 0.529177607978 1.51757139145 0.547200781253 0.547200781253 0.631559615949 0.67307391054 0.718365413731 0.800285555618 0.810939636605 0.825227536911 0.826007050754 0.869445788082 0.902556844868 0.942697826161 0.975453492428 1.03129612067 1.14278796135 1.20452899798 1.25802017218 1.51757139145
69 828 0.515350169749 1.52499572053 0.545074299028 0.545074299028 0.632480940743 0.670762331714 0.716313406791 0.794003668201 0.799864017337 0.811936991004 0.828961697383 0.870554132471 0.90287650604 0.942016992359 0.975866093053 1.02419675021 1.13780967799 1.22235373291 1.25441524788 1.52499572053
70 840 0.503446099237 1.52321952882 0.539592408625 0.539592408625 0.634764294752 0.671385304211 0.717483643052 0.776678797506 0.799731312415 0.802954283951 0.821586532031 0.862541238772 0.903906970531 0.938456116 0.976183932705 1.02454538987 1.13903853906 1.23897340686 1.26429799266 1.52321952882
