% # columns="iteration, evaluation, min max(neg(.)) min(pos(.)) max correlation, correlation matrix principle axes lengths  (sorted square roots of eigenvalues of correlation matrix)", seed=12, Mon Jan 29 11:22:27 2018
1 12 -0.0439294526751 -0.000429502826191 0.000231716428107 0.0298266749392 1 1 1 1 1 1 1 1 1 1 1 1 1 1 1
2 24 -0.0536144162675 -0.00071792791635 0.000856907772749 0.0489755413558 1 1 1 1 1 1 1 1 1 1 1 1 1 1 1
3 36 -0.0700872445233 -0.000151956409428 2.39345700513e-05 0.0655557598431 1 1 1 1 1 1 1 1 1 1 1 1 1 1 1
4 48 -0.0857766646187 -0.00051072989196 0.000995839787995 0.075072911649 1 1 1 1 1 1 1 1 1 1 1 1 1 1 1
5 60 -0.115921252074 -0.000301763968849 0.000312855371715 0.089487907561 1 1 1 1 1 1 1 1 1 1 1 1 1 1 1
6 72 -0.129159203402 -0.000582319476801 0.000571554363688 0.105042363637 1 1 1 1 1 1 1 1 1 1 1 1 1 1 1
7 84 -0.139546715878 -0.000809709203918 0.00125634166523 0.102907592983 1 1 1 1 1 1 1 1 1 1 1 1 1 1 1
8 96 -0.134538797438 -0.000435436119573 0.000487090376777 0.116560906366 1 1 1 1 1 1 1 1 1 1 1 1 1 1 1
9 108 -0.144474953838 -0.000195260722125 0.00230287630952 0.157282714499 1 1 1 1 1 1 1 1 1 1 1 1 1 1 1
10 120 -0.164825914696 -0.00132639458046 0.00226862559488 0.144263241999 1 1 1 1 1 1 1 1 1 1 1 1 1 1 1
11 132 -0.18695433976 -0.00149918173554 0.000406093288113 0.148375257188 1 1 1 1 1 1 1 1 1 1 1 1 1 1 1
12 144 -0.221717014585 -0.000324165523832 0.000224705469857 0.16568606022 1 1 1 1 1 1 1 1 1 1 1 1 1 1 1
13 156 -0.230967090886 -0.000229066019418 0.000382943142361 0.171663096391 1 1 1 1 1 1 1 1 1 1 1 1 1 1 1
14 168 -0.205708243322 -0.00120388634361 7.27587206816e-05 0.19314589599 1 1 1 1 1 1 1 1 1 1 1 1 1 1 1
15 180 -0.224835577328 -0.0017553196202 0.00201514175873 0.198672805355 1 1 1 1 1 1 1 1 1 1 1 1 1 1 1
16 192 -0.220269570023 -0.00227391254834 0.00029307932349 0.217228019533 1 1 1 1 1 1 1 1 1 1 1 1 1 1 1
17 204 -0.22197701581 -0.0013109429627 0.000712345920693 0.245710102481 1 1 1 1 1 1 1 1 1 1 1 1 1 1 1
18 216 -0.223171839419 -0.00456472385543 5.37780853083e-05 0.250986866672 1 1 1 1 1 1 1 1 1 1 1 1 1 1 1
19 228 -0.243819590035 -0.000871868106572 0.00488651023285 0.243192930671 1 1 1 1 1 1 1 1 1 1 1 1 1 1 1
20 240 -0.242798436755 -0.001183413833 0.000502073628789 0.227687633982 1 1 1 1 1 1 1 1 1 1 1 1 1 1 1
21 252 -0.239018490843 -0.00139915841021 0.000722239226538 0.232594270044 1 1 1 1 1 1 1 1 1 1 1 1 1 1 1
22 264 -0.250029137534 -0.000269035049524 0.00589268973756 0.23609087218 1 1 1 1 1 1 1 1 1 1 1 1 1 1 1
23 276 -0.253147335959 -0.000580023924538 0.000501057130832 0.236522133194 1 1 1 1 1 1 1 1 1 1 1 1 1 1 1
24 288 -0.243658265604 -0.000793303424947 0.000777740497369 0.230054442623 1 1 1 1 1 1 1 1 1 1 1 1 1 1 1
25 300 -0.254355686974 -0.00349286070887 0.00740149786255 0.245516360323 1 1 1 1 1 1 1 1 1 1 1 1 1 1 1
26 312 -0.259574719584 -0.00313825264529 0.00186556898111 0.250641200102 1 1 1 1 1 1 1 1 1 1 1 1 1 1 1
27 324 -0.248071806442 -0.00219872572159 0.00133413227113 0.247438658071 1 1 1 1 1 1 1 1 1 1 1 1 1 1 1
28 336 -0.245210736161 -0.00471949181747 0.00363890486506 0.257240392841 1 1 1 1 1 1 1 1 1 1 1 1 1 1 1
29 348 -0.235589399012 -0.00085472408042 0.00206631371149 0.25888818065 1 1 1 1 1 1 1 1 1 1 1 1 1 1 1
30 360 -0.233348245511 -0.000946980318822 0.00244704863701 0.279225934604 1 1 1 1 1 1 1 1 1 1 1 1 1 1 1
31 372 -0.238365658504 -0.00194603044503 0.000145170355083 0.27909006044 1 1 1 1 1 1 1 1 1 1 1 1 1 1 1
32 384 -0.217728954999 -0.00542096027029 0.00161263891456 0.274970103411 1 1 1 1 1 1 1 1 1 1 1 1 1 1 1
33 396 -0.214356185642 -0.0013272612363 0.0024369814202 0.292706900384 1 1 1 1 1 1 1 1 1 1 1 1 1 1 1
34 408 -0.201246410034 -0.0011891463476 0.00101864921385 0.319146127031 1 1 1 1 1 1 1 1 1 1 1 1 1 1 1
35 420 -0.197919057791 -0.00127273333318 0.00247186488015 0.333432235908 1 1 1 1 1 1 1 1 1 1 1 1 1 1 1
36 432 -0.201559844727 -0.000366743904197 0.00294727820963 0.362887230917 1 1 1 1 1 1 1 1 1 1 1 1 1 1 1
37 444 -0.199559017987 -0.0023718699886 0.006894621668 0.376270916142 1 1 1 1 1 1 1 1 1 1 1 1 1 1 1
38 456 -0.211036179609 -0.00938727990451 0.00307861876892 0.361982330722 1 1 1 1 1 1 1 1 1 1 1 1 1 1 1
39 468 -0.206734833271 -0.00366931990582 0.000120518889563 0.32972182021 1 1 1 1 1 1 1 1 1 1 1 1 1 1 1
40 480 -0.237455909475 -0.00587412252778 0.00609711899419 0.329932909841 1 1 1 1 1 1 1 1 1 1 1 1 1 1 1
41 492 -0.215790166314 -0.0011341896253 0.000951744528404 0.322893549757 1 1 1 1 1 1 1 1 1 1 1 1 1 1 1
42 504 -0.22617709836 -0.00532822222402 0.000927824367965 0.324820683957 1 1 1 1 1 1 1 1 1 1 1 1 1 1 1
43 516 -0.220501943049 -0.00198019472477 0.000629886121328 0.341454433468 1 1 1 1 1 1 1 1 1 1 1 1 1 1 1
44 528 -0.22800446642 -0.00562842856637 0.00228195859454 0.391173263428 1 1 1 1 1 1 1 1 1 1 1 1 1 1 1
45 540 -0.246803627386 -0.00254339064106 0.00412159441594 0.41027982226 1 1 1 1 1 1 1 1 1 1 1 1 1 1 1
46 552 -0.261119889777 -0.0020375718117 0.000255025035534 0.428484739871 1 1 1 1 1 1 1 1 1 1 1 1 1 1 1
47 564 -0.252205455816 -0.0077589071638 0.000536979000629 0.430610355717 1 1 1 1 1 1 1 1 1 1 1 1 1 1 1
48 576 -0.274241625343 -0.000924417482194 0.00425071360411 0.427585391842 1 1 1 1 1 1 1 1 1 1 1 1 1 1 1
49 588 -0.295144085554 -0.00281454390529 0.00223383108273 0.432036826652 1 1 1 1 1 1 1 1 1 1 1 1 1 1 1
50 600 -0.307444333408 -0.000297824251262 0.00276425917255 0.448290371927 1 1 1 1 1 1 1 1 1 1 1 1 1 1 1
51 612 -0.296358868773 -0.0017318485168 0.00229955877249 0.422944977737 1 1 1 1 1 1 1 1 1 1 1 1 1 1 1
52 624 -0.304804519421 -0.00476001022074 0.00151555756893 0.404140405088 1 1 1 1 1 1 1 1 1 1 1 1 1 1 1
53 636 -0.309926732325 -0.00221172624617 0.000254732366479 0.407489195573 1 1 1 1 1 1 1 1 1 1 1 1 1 1 1
54 648 -0.318513337828 -0.00630489533312 0.00268794180499 0.42314855209 1 1 1 1 1 1 1 1 1 1 1 1 1 1 1
55 660 -0.316652870519 -0.00532394660505 0.00546510086633 0.419555160376 1 1 1 1 1 1 1 1 1 1 1 1 1 1 1
56 672 -0.32404779132 -0.00360352155659 0.00169017863239 0.426880579146 1 1 1 1 1 1 1 1 1 1 1 1 1 1 1
57 684 -0.32764680194 -0.00113502230011 0.00309135658627 0.40820357258 1 1 1 1 1 1 1 1 1 1 1 1 1 1 1
58 696 -0.346859216573 -0.00581954289521 0.00328322470216 0.405191765931 1 1 1 1 1 1 1 1 1 1 1 1 1 1 1
59 708 -0.368731897111 -0.000777817183788 0.00147551039345 0.419588858695 1 1 1 1 1 1 1 1 1 1 1 1 1 1 1
60 720 -0.334965610592 -0.00163564568775 0.00635498566476 0.401363668419 1 1 1 1 1 1 1 1 1 1 1 1 1 1 1
61 732 -0.342873479406 -3.11786363776e-05 0.00167278714097 0.397286004602 1 1 1 1 1 1 1 1 1 1 1 1 1 1 1
62 744 -0.345748527392 -0.00108081809964 0.014767967237 0.383859384182 1 1 1 1 1 1 1 1 1 1 1 1 1 1 1
63 756 -0.360124279307 -0.000380377245399 0.00472904179473 0.398752902487 1 1 1 1 1 1 1 1 1 1 1 1 1 1 1
64 768 -0.341311812826 -0.00349160506832 0.00300932756731 0.380214200978 1 1 1 1 1 1 1 1 1 1 1 1 1 1 1
65 780 -0.331786062173 -0.000799119391513 0.00311933313318 0.381943704911 1 1 1 1 1 1 1 1 1 1 1 1 1 1 1
66 792 -0.347188383177 -0.000980383182997 0.00383867044681 0.41108037385 1 1 1 1 1 1 1 1 1 1 1 1 1 1 1
67 804 -0.325878066813 -0.00171010076942 0.000710430080534 0.408838974846 1 1 1 1 1 1 1 1 1 1 1 1 1 1 1
68 816 -0.334731732513 -0.00124279541501 0.0104216694083 0.410360970347 1 1 1 1 1 1 1 1 1 1 1 1 1 1 1
69 828 -0.33502297512 -0.0131267242152 0.00236730691622 0.42121208938 1 1 1 1 1 1 1 1 1 1 1 1 1 1 1
70 840 -0.337478085396 -0.00078847931878 4.72379250758e-05 0.422445144288 1 1 1 1 1 1 1 1 1 1 1 1 1 1 1
71 852 -0.352967390287 -0.00212640792922 0.00657247932476 0.41256432883 1 1 1 1 1 1 1 1 1 1 1 1 1 1 1
72 864 -0.320056227604 -0.000764352465984 0.000820069202306 0.410817447881 1 1 1 1 1 1 1 1 1 1 1 1 1 1 1
73 876 -0.321021537484 -0.00845924970476 0.00455450895034 0.400364016107 1 1 1 1 1 1 1 1 1 1 1 1 1 1 1
74 888 -0.326930031813 -0.000853914123324 0.00381620213126 0.401787987531 1 1 1 1 1 1 1 1 1 1 1 1 1 1 1
75 900 -0.325347605537 -0.00217824493927 0.000339110225342 0.406634805564 1 1 1 1 1 1 1 1 1 1 1 1 1 1 1
76 912 -0.322084555188 -0.00272585029573 0.0092965379116 0.407856921781 1 1 1 1 1 1 1 1 1 1 1 1 1 1 1
77 924 -0.332631163523 -0.00267589283484 0.000699559920377 0.405211925649 1 1 1 1 1 1 1 1 1 1 1 1 1 1 1
78 936 -0.349357247227 -0.00249793041133 0.000151506349232 0.406439571726 1 1 1 1 1 1 1 1 1 1 1 1 1 1 1
79 948 -0.364344706767 -8.81774784995e-05 0.00388766860183 0.41149337561 1 1 1 1 1 1 1 1 1 1 1 1 1 1 1
80 960 -0.359462124488 -0.00686665774521 0.00120266420419 0.437844691204 1 1 1 1 1 1 1 1 1 1 1 1 1 1 1
81 972 -0.359833362021 -0.00133975367304 0.00342963913425 0.41224021219 1 1 1 1 1 1 1 1 1 1 1 1 1 1 1
82 984 -0.366569526105 -0.00832455011431 2.21600820445e-05 0.414503901841 1 1 1 1 1 1 1 1 1 1 1 1 1 1 1
83 996 -0.358785148398 -0.010019242572 0.000686615811411 0.416147412944 1 1 1 1 1 1 1 1 1 1 1 1 1 1 1
84 1008 -0.344389098019 -0.00135000601611 0.00381988376599 0.410569808435 1 1 1 1 1 1 1 1 1 1 1 1 1 1 1
85 1020 -0.325054548888 -0.000461579926932 0.000749339430211 0.416061435228 1 1 1 1 1 1 1 1 1 1 1 1 1 1 1
86 1032 -0.327318495339 -0.000484932784859 0.00577686208277 0.417431967116 1 1 1 1 1 1 1 1 1 1 1 1 1 1 1
87 1044 -0.33042265686 -0.00684138041523 0.00417479097297 0.41364992263 1 1 1 1 1 1 1 1 1 1 1 1 1 1 1
88 1056 -0.328794393187 -0.00591393031197 0.000757199203184 0.411607203994 1 1 1 1 1 1 1 1 1 1 1 1 1 1 1
89 1068 -0.323047062802 -0.000359433175413 0.00313609734765 0.427079584505 1 1 1 1 1 1 1 1 1 1 1 1 1 1 1
90 1080 -0.325626391998 -0.000871738024551 0.0118586395262 0.422422179853 1 1 1 1 1 1 1 1 1 1 1 1 1 1 1
91 1092 -0.337783435792 -0.00154012519906 0.00106014465195 0.411247881438 1 1 1 1 1 1 1 1 1 1 1 1 1 1 1
92 1104 -0.339450891915 -0.00426466822537 0.00590599835795 0.416196518798 1 1 1 1 1 1 1 1 1 1 1 1 1 1 1
93 1116 -0.336833570384 -0.00539374995652 0.00283152711226 0.4162941595 1 1 1 1 1 1 1 1 1 1 1 1 1 1 1
94 1128 -0.362158644449 -0.00854466080994 0.00797321479449 0.423754570046 1 1 1 1 1 1 1 1 1 1 1 1 1 1 1
95 1140 -0.368634628962 -0.00848457363715 0.000279176559725 0.427386627278 1 1 1 1 1 1 1 1 1 1 1 1 1 1 1
96 1152 -0.367477736834 -0.00496609330903 0.00590210898788 0.459396715614 1 1 1 1 1 1 1 1 1 1 1 1 1 1 1
97 1164 -0.357314022084 -0.00731432110017 0.00220997236601 0.443660681529 1 1 1 1 1 1 1 1 1 1 1 1 1 1 1
98 1176 -0.379753197109 -0.00011275585564 0.00136627517343 0.425023331119 1 1 1 1 1 1 1 1 1 1 1 1 1 1 1
99 1188 -0.386576724788 -0.00109869117936 0.00374145105191 0.413146216665 1 1 1 1 1 1 1 1 1 1 1 1 1 1 1
100 1200 -0.39007155647 -6.33255932486e-05 0.00256499083902 0.394246194122 1 1 1 1 1 1 1 1 1 1 1 1 1 1 1
101 1212 -0.391055720455 -0.00139883540726 0.000257570691791 0.392827082266 1 1 1 1 1 1 1 1 1 1 1 1 1 1 1
102 1224 -0.400676594226 -0.00194973693532 0.00565246650819 0.380604172237 1 1 1 1 1 1 1 1 1 1 1 1 1 1 1
103 1236 -0.426867936796 -0.00720843059884 0.0015372105244 0.392993074986 1 1 1 1 1 1 1 1 1 1 1 1 1 1 1
104 1248 -0.423508721102 -0.000805935354717 0.0074723325833 0.401775639929 1 1 1 1 1 1 1 1 1 1 1 1 1 1 1
105 1260 -0.428561536344 -0.00358312277138 0.00173567749601 0.411590108611 1 1 1 1 1 1 1 1 1 1 1 1 1 1 1
106 1272 -0.424186891794 -0.00543531643925 0.00244564821207 0.401565366877 1 1 1 1 1 1 1 1 1 1 1 1 1 1 1
107 1284 -0.422030231357 -0.00289254348376 0.000144395097319 0.392495550617 1 1 1 1 1 1 1 1 1 1 1 1 1 1 1
108 1296 -0.419812811695 -0.00930411891893 0.00906933326581 0.409648074002 1 1 1 1 1 1 1 1 1 1 1 1 1 1 1
109 1308 -0.422792916587 -0.000917621512345 0.00195489663533 0.40565421574 1 1 1 1 1 1 1 1 1 1 1 1 1 1 1
110 1320 -0.411761024138 -0.000742639223419 0.00453170082505 0.401727843724 1 1 1 1 1 1 1 1 1 1 1 1 1 1 1
111 1332 -0.410905484445 -0.00462011186648 0.0106248258229 0.394909215738 1 1 1 1 1 1 1 1 1 1 1 1 1 1 1
112 1344 -0.390550217339 -0.000623719700389 0.00793856795471 0.393203523111 1 1 1 1 1 1 1 1 1 1 1 1 1 1 1
113 1356 -0.391615928127 -0.00505686536941 0.00424860693289 0.386943175485 1 1 1 1 1 1 1 1 1 1 1 1 1 1 1
114 1368 -0.396979061589 -0.00137494033166 0.00136322706948 0.39155665329 1 1 1 1 1 1 1 1 1 1 1 1 1 1 1
115 1380 -0.395003500826 -0.00118918063958 0.00551085727984 0.394321892969 1 1 1 1 1 1 1 1 1 1 1 1 1 1 1
116 1392 -0.408255553011 -0.015564561536 1.51530137522e-05 0.379570004741 1 1 1 1 1 1 1 1 1 1 1 1 1 1 1
117 1404 -0.403331916881 -0.00297659405195 0.00130907903722 0.367761153448 1 1 1 1 1 1 1 1 1 1 1 1 1 1 1
118 1416 -0.422491228472 -0.00290126070363 0.00205057492526 0.397714272792 1 1 1 1 1 1 1 1 1 1 1 1 1 1 1
119 1428 -0.437767375193 -0.0079139079505 0.00640963426657 0.410515972052 1 1 1 1 1 1 1 1 1 1 1 1 1 1 1
120 1440 -0.427296529814 -0.00333041359737 0.000262169060395 0.394078546342 1 1 1 1 1 1 1 1 1 1 1 1 1 1 1
121 1452 -0.429869253491 -0.00162549475259 0.00185998881077 0.390731735951 1 1 1 1 1 1 1 1 1 1 1 1 1 1 1
122 1464 -0.417945590713 -0.000372381683778 9.05060139398e-06 0.389058623903 1 1 1 1 1 1 1 1 1 1 1 1 1 1 1
123 1476 -0.407791019525 -0.00104648236262 0.00195708823065 0.382500317653 1 1 1 1 1 1 1 1 1 1 1 1 1 1 1
124 1488 -0.404162691091 -0.000322411563604 0.00407609317049 0.39629522896 1 1 1 1 1 1 1 1 1 1 1 1 1 1 1
125 1500 -0.418185799628 -0.00797954163523 0.0023476913463 0.406785735836 1 1 1 1 1 1 1 1 1 1 1 1 1 1 1
126 1512 -0.405469924307 -8.0369154578e-05 0.00333393452568 0.404364106697 1 1 1 1 1 1 1 1 1 1 1 1 1 1 1
127 1524 -0.395031085714 -0.00221159491053 0.0010848359327 0.39797971171 1 1 1 1 1 1 1 1 1 1 1 1 1 1 1
128 1536 -0.395964814954 -0.000784493371072 0.000517103413623 0.395433684003 1 1 1 1 1 1 1 1 1 1 1 1 1 1 1
129 1548 -0.39668447617 -0.000140234220043 0.010244013107 0.396715146437 1 1 1 1 1 1 1 1 1 1 1 1 1 1 1
130 1560 -0.395266754366 -0.00174404856002 0.0129246096911 0.401730753164 1 1 1 1 1 1 1 1 1 1 1 1 1 1 1
131 1572 -0.391265342997 -0.000988552937271 0.00373565081962 0.395430376935 1 1 1 1 1 1 1 1 1 1 1 1 1 1 1
132 1584 -0.399071693531 -0.00163035535798 0.00678901475603 0.393557935151 1 1 1 1 1 1 1 1 1 1 1 1 1 1 1
133 1596 -0.409372544891 -0.00317928331296 0.00474123381471 0.413263729545 1 1 1 1 1 1 1 1 1 1 1 1 1 1 1
134 1608 -0.409589227046 -0.00810875820175 0.000144063059612 0.401487203226 1 1 1 1 1 1 1 1 1 1 1 1 1 1 1
135 1620 -0.394306354392 -0.00516641767494 0.00126745528242 0.41289913856 1 1 1 1 1 1 1 1 1 1 1 1 1 1 1
136 1632 -0.388653413375 -0.00260323814865 0.00354956559197 0.438218511901 1 1 1 1 1 1 1 1 1 1 1 1 1 1 1
137 1644 -0.38831892233 -0.0120801303409 0.00100933356131 0.435672680258 1 1 1 1 1 1 1 1 1 1 1 1 1 1 1
138 1656 -0.398921285314 -0.015681226888 0.00572696948814 0.430071873037 1 1 1 1 1 1 1 1 1 1 1 1 1 1 1
139 1668 -0.404562627062 -0.0106530425834 0.00332679723392 0.411479839099 1 1 1 1 1 1 1 1 1 1 1 1 1 1 1
140 1680 -0.433579097399 -0.000973084460961 0.0214591636968 0.430125824961 1 1 1 1 1 1 1 1 1 1 1 1 1 1 1
141 1692 -0.440703432365 -0.000455299911393 0.00143406499534 0.462188567493 1 1 1 1 1 1 1 1 1 1 1 1 1 1 1
142 1704 -0.453307943542 -0.00384108602109 0.0116566814729 0.504896855653 1 1 1 1 1 1 1 1 1 1 1 1 1 1 1
143 1716 -0.453388594678 -0.000861838189353 0.0124852163432 0.505944837869 1 1 1 1 1 1 1 1 1 1 1 1 1 1 1
144 1728 -0.466739869195 -0.00339607769527 0.00918928424012 0.507580023102 1 1 1 1 1 1 1 1 1 1 1 1 1 1 1
145 1740 -0.451856667924 -0.00362924864658 0.00587540189558 0.500790190053 1 1 1 1 1 1 1 1 1 1 1 1 1 1 1
146 1752 -0.44753684883 -0.0103417893734 0.00162335384215 0.501433484226 1 1 1 1 1 1 1 1 1 1 1 1 1 1 1
147 1764 -0.454815549109 -0.0053474177673 0.00161552522831 0.508335988285 1 1 1 1 1 1 1 1 1 1 1 1 1 1 1
148 1776 -0.448291043399 -0.0226818432954 0.00341111060999 0.511818717245 1 1 1 1 1 1 1 1 1 1 1 1 1 1 1
149 1788 -0.452702903737 -0.000711295109496 0.00321826978172 0.519182017502 1 1 1 1 1 1 1 1 1 1 1 1 1 1 1
150 1800 -0.451395133269 -0.00333127752098 0.00233540812087 0.523332346457 1 1 1 1 1 1 1 1 1 1 1 1 1 1 1
151 1812 -0.446148999054 -0.00217362834789 0.00195219542932 0.512321661548 1 1 1 1 1 1 1 1 1 1 1 1 1 1 1
152 1824 -0.447694532257 -0.00352167258643 0.000545844902906 0.508287241338 1 1 1 1 1 1 1 1 1 1 1 1 1 1 1
153 1836 -0.440580985901 -0.00766137921338 0.00351174202807 0.498832851999 1 1 1 1 1 1 1 1 1 1 1 1 1 1 1
154 1848 -0.439234270054 -0.00524095240091 0.000767869408133 0.482331764025 1 1 1 1 1 1 1 1 1 1 1 1 1 1 1
155 1860 -0.477494815401 -0.00156178136928 0.00341228727444 0.493406184047 1 1 1 1 1 1 1 1 1 1 1 1 1 1 1
156 1872 -0.488638017914 -0.00523181195215 0.000989981418244 0.481784759681 1 1 1 1 1 1 1 1 1 1 1 1 1 1 1
157 1884 -0.506464373308 -0.00367134919008 0.000824190068467 0.512096505222 1 1 1 1 1 1 1 1 1 1 1 1 1 1 1
158 1896 -0.530366033788 -0.00378647085813 0.00449054176306 0.501316056086 1 1 1 1 1 1 1 1 1 1 1 1 1 1 1
159 1908 -0.544814296955 -0.00809107199113 0.0025632290782 0.50057585705 1 1 1 1 1 1 1 1 1 1 1 1 1 1 1
160 1920 -0.542971965301 -0.00409363236451 0.00344545827059 0.497075950384 1 1 1 1 1 1 1 1 1 1 1 1 1 1 1
161 1932 -0.556877507347 -0.00541148439692 0.00174109446125 0.480060535054 1 1 1 1 1 1 1 1 1 1 1 1 1 1 1
162 1944 -0.556743324103 -0.0019009554388 0.0113616984935 0.471901376296 1 1 1 1 1 1 1 1 1 1 1 1 1 1 1
163 1956 -0.559862468094 -0.000600675537703 0.00337460121139 0.481875552464 1 1 1 1 1 1 1 1 1 1 1 1 1 1 1
164 1968 -0.566604217775 -0.0102302696523 0.00379044270714 0.503418357005 1 1 1 1 1 1 1 1 1 1 1 1 1 1 1
165 1980 -0.576954169483 -0.000820296275148 0.00885764198808 0.518113625626 1 1 1 1 1 1 1 1 1 1 1 1 1 1 1
166 1992 -0.573313725682 -0.00979082993057 0.00148016511478 0.519936228541 1 1 1 1 1 1 1 1 1 1 1 1 1 1 1
167 2004 -0.587175232995 -0.00374734204149 0.000400505240271 0.528666573608 1 1 1 1 1 1 1 1 1 1 1 1 1 1 1
168 2016 -0.593710198499 -0.00438740423111 0.00055507929844 0.536270990287 1 1 1 1 1 1 1 1 1 1 1 1 1 1 1
169 2028 -0.593761093965 -0.000925480207389 0.00187598120957 0.54088262824 1 1 1 1 1 1 1 1 1 1 1 1 1 1 1
170 2040 -0.591822403021 -0.00501051571162 0.00155420202716 0.541405069647 1 1 1 1 1 1 1 1 1 1 1 1 1 1 1
171 2052 -0.618604061904 -0.0122972199942 0.004825274349 0.54360449302 1 1 1 1 1 1 1 1 1 1 1 1 1 1 1
172 2064 -0.624198530991 -0.0159278452561 0.0101891377736 0.546786766758 1 1 1 1 1 1 1 1 1 1 1 1 1 1 1
173 2076 -0.622674534478 -0.00631054045628 0.0016262133944 0.559963221112 1 1 1 1 1 1 1 1 1 1 1 1 1 1 1
174 2088 -0.615080128214 -0.00657998516842 0.000855445323665 0.570676920843 1 1 1 1 1 1 1 1 1 1 1 1 1 1 1
175 2100 -0.611800665341 -0.0128371856897 0.00267061668088 0.573694037595 1 1 1 1 1 1 1 1 1 1 1 1 1 1 1
176 2112 -0.602214280282 -0.00246612631645 0.00383055481114 0.573184718777 1 1 1 1 1 1 1 1 1 1 1 1 1 1 1
177 2124 -0.582563774007 -0.0185048357154 0.00289922365992 0.571117473508 1 1 1 1 1 1 1 1 1 1 1 1 1 1 1
178 2136 -0.603419391005 -0.00849327015428 0.0204088429723 0.575942617069 1 1 1 1 1 1 1 1 1 1 1 1 1 1 1
179 2148 -0.603955587728 -0.00209437031735 0.000344955968952 0.587182168261 1 1 1 1 1 1 1 1 1 1 1 1 1 1 1
180 2160 -0.599620182422 -0.016980379852 0.00133178250948 0.602784934201 1 1 1 1 1 1 1 1 1 1 1 1 1 1 1
181 2172 -0.609844874815 -0.00268358568415 0.0017933008779 0.611950356254 1 1 1 1 1 1 1 1 1 1 1 1 1 1 1
182 2184 -0.605314278889 -0.00567507438695 0.0075926373527 0.608222682375 1 1 1 1 1 1 1 1 1 1 1 1 1 1 1
183 2196 -0.604075454827 -0.0132004487037 0.00686435316928 0.594307986483 1 1 1 1 1 1 1 1 1 1 1 1 1 1 1
184 2208 -0.603808573193 -0.020234707203 0.00127188404675 0.600308643532 1 1 1 1 1 1 1 1 1 1 1 1 1 1 1
185 2220 -0.608865217257 -0.0143357837419 0.00607371658385 0.609938826583 1 1 1 1 1 1 1 1 1 1 1 1 1 1 1
186 2232 -0.604967811656 -0.00170249341119 0.00848414967647 0.608106173955 1 1 1 1 1 1 1 1 1 1 1 1 1 1 1
187 2244 -0.60412131407 -0.00279689715302 6.63037365598e-05 0.60525651076 1 1 1 1 1 1 1 1 1 1 1 1 1 1 1
188 2256 -0.599143378834 -0.00486139775253 0.000238719701624 0.614339935827 1 1 1 1 1 1 1 1 1 1 1 1 1 1 1
189 2268 -0.599168290793 -0.00490451070576 0.00777522139896 0.612779639205 1 1 1 1 1 1 1 1 1 1 1 1 1 1 1
190 2280 -0.590142450156 -0.00763652409415 0.00439042531243 0.608713399419 1 1 1 1 1 1 1 1 1 1 1 1 1 1 1
191 2292 -0.596686470693 -0.000907762070855 0.0115572575758 0.600429815086 1 1 1 1 1 1 1 1 1 1 1 1 1 1 1
192 2304 -0.5920023223 -0.00211233933347 0.00831860093908 0.596808261459 1 1 1 1 1 1 1 1 1 1 1 1 1 1 1
193 2316 -0.580844472965 -0.00970625466839 1.59134750602e-05 0.595621627169 1 1 1 1 1 1 1 1 1 1 1 1 1 1 1
194 2328 -0.575800328904 -0.000236977878746 0.00307128078 0.593541099711 1 1 1 1 1 1 1 1 1 1 1 1 1 1 1
195 2340 -0.572719269853 -0.00433962572036 0.00444334220005 0.594907445765 1 1 1 1 1 1 1 1 1 1 1 1 1 1 1
196 2352 -0.569086006806 -0.000805675524577 0.00174907842078 0.593489494573 1 1 1 1 1 1 1 1 1 1 1 1 1 1 1
197 2364 -0.576003771215 -0.00166646569068 0.00177660249877 0.613682624374 1 1 1 1 1 1 1 1 1 1 1 1 1 1 1
198 2376 -0.569983099462 -0.00240160079788 0.0150940682955 0.612067012543 1 1 1 1 1 1 1 1 1 1 1 1 1 1 1
199 2388 -0.573864647488 -0.0038964815651 0.00548093891138 0.607509371398 1 1 1 1 1 1 1 1 1 1 1 1 1 1 1
200 2400 -0.569221465544 -0.0034866448158 0.00473227654481 0.606916195428 1 1 1 1 1 1 1 1 1 1 1 1 1 1 1
201 2412 -0.572276078669 -0.0154739511204 0.00145323238738 0.615633314597 1 1 1 1 1 1 1 1 1 1 1 1 1 1 1
202 2424 -0.572651314262 -0.000248707855172 0.0143150317193 0.604516851049 1 1 1 1 1 1 1 1 1 1 1 1 1 1 1
203 2436 -0.575402934592 -0.00278275526041 0.00556017708252 0.602508108317 1 1 1 1 1 1 1 1 1 1 1 1 1 1 1
204 2448 -0.575959895918 -0.00182289393118 0.00372872645066 0.592345474779 1 1 1 1 1 1 1 1 1 1 1 1 1 1 1
205 2460 -0.580975014038 -0.0040749888792 0.00173353699779 0.580313595006 1 1 1 1 1 1 1 1 1 1 1 1 1 1 1
206 2472 -0.595301342184 -0.00151279945759 0.00878680120619 0.586243561811 1 1 1 1 1 1 1 1 1 1 1 1 1 1 1
207 2484 -0.592858469975 -0.0137884228599 0.00384628078334 0.586194305999 1 1 1 1 1 1 1 1 1 1 1 1 1 1 1
208 2496 -0.58931036142 -0.00290538086068 0.000758212240479 0.600425348118 1 1 1 1 1 1 1 1 1 1 1 1 1 1 1
209 2508 -0.593903077399 -0.00343926901991 0.0125037416191 0.602475059521 1 1 1 1 1 1 1 1 1 1 1 1 1 1 1
210 2520 -0.595193189211 -0.0061857077416 0.000815866810899 0.606856894283 1 1 1 1 1 1 1 1 1 1 1 1 1 1 1
211 2532 -0.602555988722 -0.00400157011507 0.0055258213858 0.608716015002 1 1 1 1 1 1 1 1 1 1 1 1 1 1 1
212 2544 -0.586122629858 -0.00374257555006 0.00011731716278 0.603012901492 1 1 1 1 1 1 1 1 1 1 1 1 1 1 1
213 2556 -0.593969225068 -0.000831408698049 0.00146081123873 0.621805085066 1 1 1 1 1 1 1 1 1 1 1 1 1 1 1
214 2568 -0.598419624897 -0.000725497015984 0.00226676176188 0.606236461489 1 1 1 1 1 1 1 1 1 1 1 1 1 1 1
215 2580 -0.595032848099 -0.0108539489271 0.00557038053738 0.618666484943 1 1 1 1 1 1 1 1 1 1 1 1 1 1 1
216 2592 -0.578166369589 -0.00633666582341 0.028306619342 0.608322547252 1 1 1 1 1 1 1 1 1 1 1 1 1 1 1
217 2604 -0.566369054509 -0.00714065557371 0.0130577763988 0.600718410152 1 1 1 1 1 1 1 1 1 1 1 1 1 1 1
218 2616 -0.56565094903 -0.00575724825386 0.017586576373 0.605952708172 1 1 1 1 1 1 1 1 1 1 1 1 1 1 1
219 2628 -0.557300601202 -0.00462760672521 0.00776557680263 0.604929275252 1 1 1 1 1 1 1 1 1 1 1 1 1 1 1
220 2640 -0.562313426027 -0.00156896871837 0.00158006198469 0.603172623523 1 1 1 1 1 1 1 1 1 1 1 1 1 1 1
221 2652 -0.557845059421 -0.000662561455589 0.00160999250145 0.619877621466 1 1 1 1 1 1 1 1 1 1 1 1 1 1 1
222 2664 -0.553648203519 -0.00550348674386 0.00185905145761 0.613765136426 1 1 1 1 1 1 1 1 1 1 1 1 1 1 1
223 2676 -0.550819863265 -0.00170345182338 0.0016917315894 0.604283164553 1 1 1 1 1 1 1 1 1 1 1 1 1 1 1
224 2688 -0.521238461523 -0.000722966298731 0.00429948889223 0.593503159579 1 1 1 1 1 1 1 1 1 1 1 1 1 1 1
225 2700 -0.524235105502 -0.00898423576573 0.00713102518374 0.603114241122 1 1 1 1 1 1 1 1 1 1 1 1 1 1 1
226 2712 -0.52726101256 -0.0235823642333 0.000380634502827 0.613767301515 1 1 1 1 1 1 1 1 1 1 1 1 1 1 1
227 2724 -0.513080820243 -0.0109439701258 0.00270205657284 0.60829744727 1 1 1 1 1 1 1 1 1 1 1 1 1 1 1
228 2736 -0.501524970244 -0.0040928379152 0.00789009169606 0.614507358857 1 1 1 1 1 1 1 1 1 1 1 1 1 1 1
229 2748 -0.499523740426 -0.00251746459609 0.0105775922163 0.622562226587 1 1 1 1 1 1 1 1 1 1 1 1 1 1 1
230 2760 -0.493440347116 -0.000643628423384 0.000437636204077 0.614223292848 1 1 1 1 1 1 1 1 1 1 1 1 1 1 1
231 2772 -0.484058925887 -0.0029171502917 0.00442929144211 0.609398725069 1 1 1 1 1 1 1 1 1 1 1 1 1 1 1
232 2784 -0.488666155614 -0.00114961308207 0.00860039055786 0.602061071722 1 1 1 1 1 1 1 1 1 1 1 1 1 1 1
233 2796 -0.504218463341 -0.00100855716907 0.00164927174293 0.60117345328 1 1 1 1 1 1 1 1 1 1 1 1 1 1 1
234 2808 -0.52868548955 -0.00386111239218 0.0044638990097 0.616043553821 1 1 1 1 1 1 1 1 1 1 1 1 1 1 1
235 2820 -0.539569442361 -0.00123695726173 0.0101917514921 0.619011710823 1 1 1 1 1 1 1 1 1 1 1 1 1 1 1
236 2832 -0.566789859999 -0.00191679595841 0.0011971749159 0.620211615912 1 1 1 1 1 1 1 1 1 1 1 1 1 1 1
237 2844 -0.5867696267 -0.00209391606093 0.00154471618582 0.607527984213 1 1 1 1 1 1 1 1 1 1 1 1 1 1 1
238 2856 -0.591360134914 -0.00442795195565 0.00767939499878 0.613685699139 1 1 1 1 1 1 1 1 1 1 1 1 1 1 1
239 2868 -0.600135235902 -0.00670855561172 0.00386448061666 0.610037110212 1 1 1 1 1 1 1 1 1 1 1 1 1 1 1
240 2880 -0.610810107889 -0.024356269463 0.00206336996761 0.605056213226 1 1 1 1 1 1 1 1 1 1 1 1 1 1 1
241 2892 -0.629097037661 -0.000357410209841 0.0027693389579 0.594828774324 1 1 1 1 1 1 1 1 1 1 1 1 1 1 1
242 2904 -0.621275614803 -0.00633108781495 0.000902934273995 0.599869318226 1 1 1 1 1 1 1 1 1 1 1 1 1 1 1
243 2916 -0.626953520309 -0.00388078092619 0.00919981557104 0.606267634535 1 1 1 1 1 1 1 1 1 1 1 1 1 1 1
244 2928 -0.6489274008 -0.0152314610735 0.00136253863941 0.611405060719 1 1 1 1 1 1 1 1 1 1 1 1 1 1 1
245 2940 -0.658384509144 -0.013194747507 0.00179739037194 0.608638687245 1 1 1 1 1 1 1 1 1 1 1 1 1 1 1
246 2952 -0.648472069933 -0.00606726103538 0.00146691814592 0.609363589866 1 1 1 1 1 1 1 1 1 1 1 1 1 1 1
247 2964 -0.643791891176 -0.0153764018374 0.00648094114439 0.588768279907 1 1 1 1 1 1 1 1 1 1 1 1 1 1 1
248 2976 -0.648722109922 -4.77385798531e-05 0.00176747430804 0.587256718595 1 1 1 1 1 1 1 1 1 1 1 1 1 1 1
249 2988 -0.646135449497 -2.57113448585e-05 0.00128446987376 0.578261157939 1 1 1 1 1 1 1 1 1 1 1 1 1 1 1
250 3000 -0.649217476274 -0.00759114332719 0.00148320855037 0.591681955995 1 1 1 1 1 1 1 1 1 1 1 1 1 1 1
251 3012 -0.652896204374 -0.00271257746136 0.00705304984499 0.592555183499 1 1 1 1 1 1 1 1 1 1 1 1 1 1 1
252 3024 -0.636251918519 -0.00451078128398 0.0137702863384 0.597142484174 1 1 1 1 1 1 1 1 1 1 1 1 1 1 1
253 3036 -0.624121131027 -0.0102063599972 0.0182319466436 0.598208569264 1 1 1 1 1 1 1 1 1 1 1 1 1 1 1
254 3048 -0.595345901421 -0.00135159465383 0.0155405657697 0.592780728683 1 1 1 1 1 1 1 1 1 1 1 1 1 1 1
255 3060 -0.58760296364 -0.018582773247 0.00239820751193 0.589421591909 1 1 1 1 1 1 1 1 1 1 1 1 1 1 1
256 3072 -0.576532662921 -0.0150830887934 0.0015901165104 0.58666487708 1 1 1 1 1 1 1 1 1 1 1 1 1 1 1
257 3084 -0.55965084096 -0.00661249883848 0.00535161098556 0.580312332959 1 1 1 1 1 1 1 1 1 1 1 1 1 1 1
258 3096 -0.566139226294 -0.0129010628844 0.0062137439273 0.56967967792 1 1 1 1 1 1 1 1 1 1 1 1 1 1 1
259 3108 -0.600322888545 -0.00617646517818 0.00172397403685 0.599520271434 1 1 1 1 1 1 1 1 1 1 1 1 1 1 1
260 3120 -0.616619375443 -0.00294583492808 0.00414138198432 0.605799661032 1 1 1 1 1 1 1 1 1 1 1 1 1 1 1
261 3132 -0.596691426854 -0.0012195361388 0.00880537073193 0.61641192813 1 1 1 1 1 1 1 1 1 1 1 1 1 1 1
262 3144 -0.581405338692 -0.0249162600755 0.000121893643838 0.617851577932 1 1 1 1 1 1 1 1 1 1 1 1 1 1 1
263 3156 -0.59927091506 -0.00802815261725 0.011965164579 0.608692837738 1 1 1 1 1 1 1 1 1 1 1 1 1 1 1
264 3168 -0.586257043806 -0.0113939530857 0.00101695876271 0.603526303351 1 1 1 1 1 1 1 1 1 1 1 1 1 1 1
265 3180 -0.585319897777 -0.0110131006327 0.0105300962297 0.599313838861 1 1 1 1 1 1 1 1 1 1 1 1 1 1 1
266 3192 -0.578511395159 -0.0113943478342 0.0067211218958 0.602206555104 1 1 1 1 1 1 1 1 1 1 1 1 1 1 1
267 3204 -0.579996194896 -0.0217359540739 0.00912362491689 0.608179640021 1 1 1 1 1 1 1 1 1 1 1 1 1 1 1
268 3216 -0.586048332383 -0.00414745159379 0.00673303912967 0.607484039475 1 1 1 1 1 1 1 1 1 1 1 1 1 1 1
269 3228 -0.605426169503 -0.00129744959049 0.000315610364072 0.621466639493 1 1 1 1 1 1 1 1 1 1 1 1 1 1 1
270 3240 -0.627596310363 -0.00159986283698 0.00141362142799 0.608303032571 1 1 1 1 1 1 1 1 1 1 1 1 1 1 1
271 3252 -0.618730748186 -0.00284748499282 0.00429170709186 0.586872282022 1 1 1 1 1 1 1 1 1 1 1 1 1 1 1
272 3264 -0.633087223963 -0.00576239715437 0.00211276939663 0.579416652406 1 1 1 1 1 1 1 1 1 1 1 1 1 1 1
273 3276 -0.633499518966 -0.0239573309846 0.0185063267191 0.580580190817 1 1 1 1 1 1 1 1 1 1 1 1 1 1 1
274 3288 -0.628476431324 -0.0307758644447 0.00931601797595 0.573182681214 1 1 1 1 1 1 1 1 1 1 1 1 1 1 1
275 3300 -0.623351922989 -0.00401035454506 0.0142032331619 0.568160752106 1 1 1 1 1 1 1 1 1 1 1 1 1 1 1
276 3312 -0.6237182614 -0.0161240409431 0.0182350073962 0.572828795869 1 1 1 1 1 1 1 1 1 1 1 1 1 1 1
277 3324 -0.620359466986 -0.0154578720123 0.00762778117264 0.571922776924 1 1 1 1 1 1 1 1 1 1 1 1 1 1 1
278 3336 -0.619198174482 -0.00190756049764 0.0150262457858 0.573645018225 1 1 1 1 1 1 1 1 1 1 1 1 1 1 1
279 3348 -0.618101916617 -0.00265697455464 0.00748377437353 0.580150286924 1 1 1 1 1 1 1 1 1 1 1 1 1 1 1
280 3360 -0.617515104098 -0.00562977611356 0.00203301605612 0.576719669791 1 1 1 1 1 1 1 1 1 1 1 1 1 1 1
281 3372 -0.604508316498 -0.00315572114429 0.00284003939072 0.568735321068 1 1 1 1 1 1 1 1 1 1 1 1 1 1 1
282 3384 -0.605448473143 -0.00211555471211 0.00364793610183 0.562129993756 1 1 1 1 1 1 1 1 1 1 1 1 1 1 1
283 3396 -0.607051265534 -0.000865335440726 0.00722528528204 0.571221446772 1 1 1 1 1 1 1 1 1 1 1 1 1 1 1
284 3408 -0.587765294465 -0.0043730477445 0.000301780390362 0.584619641198 1 1 1 1 1 1 1 1 1 1 1 1 1 1 1
285 3420 -0.582879438018 -0.00345066430066 0.00146715899137 0.579277436611 1 1 1 1 1 1 1 1 1 1 1 1 1 1 1
286 3432 -0.587754251256 -7.1618055099e-05 0.00151893902485 0.576407838704 1 1 1 1 1 1 1 1 1 1 1 1 1 1 1
287 3444 -0.588890079681 -0.00496933982307 0.000280268715815 0.575422487998 1 1 1 1 1 1 1 1 1 1 1 1 1 1 1
288 3456 -0.589062123775 -0.00167045377254 0.00164340726943 0.565200357226 1 1 1 1 1 1 1 1 1 1 1 1 1 1 1
289 3468 -0.595899890252 -0.00229163099966 0.00181296292422 0.562533523866 1 1 1 1 1 1 1 1 1 1 1 1 1 1 1
290 3480 -0.599675588766 -0.00264444193565 0.00291200331342 0.561056728421 1 1 1 1 1 1 1 1 1 1 1 1 1 1 1
291 3492 -0.605817171429 -0.00335160568698 0.00282909684527 0.566549730655 1 1 1 1 1 1 1 1 1 1 1 1 1 1 1
292 3504 -0.599903967218 -0.000195270870734 0.00147288386591 0.563992808523 1 1 1 1 1 1 1 1 1 1 1 1 1 1 1
293 3516 -0.593634389733 -0.000532353375094 0.000734476138829 0.563768332163 1 1 1 1 1 1 1 1 1 1 1 1 1 1 1
294 3528 -0.594829725652 -0.00170114778702 0.000991205213251 0.556694410932 1 1 1 1 1 1 1 1 1 1 1 1 1 1 1
295 3540 -0.597459972738 -0.00168481965019 0.0033831770307 0.541000723972 1 1 1 1 1 1 1 1 1 1 1 1 1 1 1
296 3552 -0.608018156286 -0.00187356144958 0.00220301150713 0.533130027479 1 1 1 1 1 1 1 1 1 1 1 1 1 1 1
297 3564 -0.59889189866 -0.0222306802986 0.0107174679159 0.526745414217 1 1 1 1 1 1 1 1 1 1 1 1 1 1 1
298 3576 -0.607491236771 -0.0188030539338 0.0136393039097 0.52279346609 1 1 1 1 1 1 1 1 1 1 1 1 1 1 1
299 3588 -0.609483672556 -0.0143201202914 0.00180513190622 0.528649789108 1 1 1 1 1 1 1 1 1 1 1 1 1 1 1
300 3600 -0.602878526804 -0.00585038917334 0.00876340043142 0.530021981046 1 1 1 1 1 1 1 1 1 1 1 1 1 1 1
301 3612 -0.603424533507 -0.0188894933391 0.00367632187492 0.537350971334 1 1 1 1 1 1 1 1 1 1 1 1 1 1 1
302 3624 -0.599388406727 -0.00383558932328 0.0133842429093 0.516519272806 1 1 1 1 1 1 1 1 1 1 1 1 1 1 1
303 3636 -0.598539201474 -0.00402607791792 0.0041329467794 0.50707521333 1 1 1 1 1 1 1 1 1 1 1 1 1 1 1
304 3648 -0.59883526636 -0.00156921501899 0.00659356560849 0.500603831057 1 1 1 1 1 1 1 1 1 1 1 1 1 1 1
305 3660 -0.599665937793 -0.00579607040354 0.00315175933687 0.511449182127 1 1 1 1 1 1 1 1 1 1 1 1 1 1 1
306 3672 -0.600099610557 -0.00100481323202 0.000824221883649 0.50410831589 1 1 1 1 1 1 1 1 1 1 1 1 1 1 1
307 3684 -0.61694201063 -0.00537501022317 0.00437225558262 0.490214652379 1 1 1 1 1 1 1 1 1 1 1 1 1 1 1
308 3696 -0.610139645677 -0.00434920862459 0.00630381943619 0.491097684851 1 1 1 1 1 1 1 1 1 1 1 1 1 1 1
309 3708 -0.62490338956 -0.0149227731407 0.00495731419513 0.492819591176 1 1 1 1 1 1 1 1 1 1 1 1 1 1 1
310 3720 -0.62523661011 -0.00672171320955 0.0062895160735 0.498058191732 1 1 1 1 1 1 1 1 1 1 1 1 1 1 1
311 3732 -0.623295061222 -0.00101974334639 0.0015647844372 0.518078351191 1 1 1 1 1 1 1 1 1 1 1 1 1 1 1
312 3744 -0.628830874526 -0.00557607488381 0.000599174607037 0.509320480373 1 1 1 1 1 1 1 1 1 1 1 1 1 1 1
313 3756 -0.617511177029 -0.0013891917336 0.00255800249476 0.494663267519 1 1 1 1 1 1 1 1 1 1 1 1 1 1 1
314 3768 -0.623559043226 -0.00213487214958 0.00042341134898 0.496121630502 1 1 1 1 1 1 1 1 1 1 1 1 1 1 1
315 3780 -0.627764704777 -0.010011204911 0.0079643692884 0.496135036407 1 1 1 1 1 1 1 1 1 1 1 1 1 1 1
316 3792 -0.620762360989 -0.00455666920194 0.00305797442312 0.497043057764 1 1 1 1 1 1 1 1 1 1 1 1 1 1 1
317 3804 -0.621488807655 -0.00404862379047 0.00415664622228 0.499128872483 1 1 1 1 1 1 1 1 1 1 1 1 1 1 1
318 3816 -0.61926895404 -0.00969392200099 0.00414405260711 0.508520726569 1 1 1 1 1 1 1 1 1 1 1 1 1 1 1
319 3828 -0.622264205841 -0.00189845903188 0.00804061436374 0.500301630356 1 1 1 1 1 1 1 1 1 1 1 1 1 1 1
320 3840 -0.618832289775 -0.00483246263736 0.000636206249473 0.495038285359 1 1 1 1 1 1 1 1 1 1 1 1 1 1 1
321 3852 -0.610711898053 -0.00433723801764 0.0146865213653 0.484193206068 1 1 1 1 1 1 1 1 1 1 1 1 1 1 1
322 3864 -0.597882119563 -0.0113174771939 0.006667805237 0.47729593758 1 1 1 1 1 1 1 1 1 1 1 1 1 1 1
323 3876 -0.588461148949 -0.0102751753518 0.000462967898381 0.475615478999 1 1 1 1 1 1 1 1 1 1 1 1 1 1 1
324 3888 -0.598626478584 -0.000213727610347 0.00449351596324 0.462878442525 1 1 1 1 1 1 1 1 1 1 1 1 1 1 1
325 3900 -0.59326495168 -0.00581746863265 0.00145169708164 0.475394238662 1 1 1 1 1 1 1 1 1 1 1 1 1 1 1
326 3912 -0.592265869224 -0.00402969090619 0.0115610755602 0.458733847139 1 1 1 1 1 1 1 1 1 1 1 1 1 1 1
327 3924 -0.595070151461 -0.000190124610655 0.00607050305842 0.444664081487 1 1 1 1 1 1 1 1 1 1 1 1 1 1 1
328 3936 -0.585693230401 -0.00112653200554 0.00425763469418 0.454011840333 1 1 1 1 1 1 1 1 1 1 1 1 1 1 1
329 3948 -0.58792962174 -0.00181941877836 0.00581313668923 0.44573441572 1 1 1 1 1 1 1 1 1 1 1 1 1 1 1
330 3960 -0.576707900567 -0.00045189293474 0.0116424701175 0.442461968815 1 1 1 1 1 1 1 1 1 1 1 1 1 1 1
331 3972 -0.603125034637 -0.00500018711491 0.000387507473269 0.445367539002 1 1 1 1 1 1 1 1 1 1 1 1 1 1 1
332 3984 -0.611404673765 -0.00217012631367 0.000798951771491 0.446223806365 1 1 1 1 1 1 1 1 1 1 1 1 1 1 1
333 3996 -0.631219974813 -0.000687719663319 0.00153723956879 0.460688892693 1 1 1 1 1 1 1 1 1 1 1 1 1 1 1
334 4008 -0.637886242329 -0.00193800861302 0.000736981846129 0.445939843741 1 1 1 1 1 1 1 1 1 1 1 1 1 1 1
335 4020 -0.639242317751 -0.0038578290406 0.00515963632402 0.439866403497 1 1 1 1 1 1 1 1 1 1 1 1 1 1 1
336 4032 -0.619934445272 -0.0245140050151 0.00463692886032 0.430902892693 1 1 1 1 1 1 1 1 1 1 1 1 1 1 1
337 4044 -0.620495362135 -0.0097623519616 0.00492743053266 0.448793925823 1 1 1 1 1 1 1 1 1 1 1 1 1 1 1
338 4056 -0.626284893085 -0.00290018369556 0.00355318807038 0.449394018866 1 1 1 1 1 1 1 1 1 1 1 1 1 1 1
339 4068 -0.630643473935 -0.00145842881623 0.0065886117186 0.436422469631 1 1 1 1 1 1 1 1 1 1 1 1 1 1 1
340 4080 -0.627069422023 -0.00317366030891 0.0126937879503 0.437865847642 1 1 1 1 1 1 1 1 1 1 1 1 1 1 1
341 4092 -0.641049457978 -0.00307460160547 0.0010664380333 0.43420695773 1 1 1 1 1 1 1 1 1 1 1 1 1 1 1
342 4104 -0.647235233522 -0.00926402181776 0.0022693093752 0.427905049897 1 1 1 1 1 1 1 1 1 1 1 1 1 1 1
343 4116 -0.662465240786 -0.000533709377904 0.00501871128701 0.431248149827 1 1 1 1 1 1 1 1 1 1 1 1 1 1 1
344 4128 -0.680179583196 -0.0152564766031 0.000382626972558 0.43119789714 1 1 1 1 1 1 1 1 1 1 1 1 1 1 1
345 4140 -0.68769460285 -0.00832584998156 0.001424181608 0.427310821834 1 1 1 1 1 1 1 1 1 1 1 1 1 1 1
346 4152 -0.677195234292 -0.0147147216982 0.00808407653297 0.441217965133 1 1 1 1 1 1 1 1 1 1 1 1 1 1 1
347 4164 -0.669506720349 -0.0160987402415 0.00931864369538 0.43824090851 1 1 1 1 1 1 1 1 1 1 1 1 1 1 1
348 4176 -0.658397483322 -0.00331099052436 0.00118763706247 0.453031812558 1 1 1 1 1 1 1 1 1 1 1 1 1 1 1
349 4188 -0.650442450283 -0.002174170428 0.00950820431838 0.45891988639 1 1 1 1 1 1 1 1 1 1 1 1 1 1 1
350 4200 -0.66215232774 -0.00977535056964 7.39355232987e-05 0.45680546349 1 1 1 1 1 1 1 1 1 1 1 1 1 1 1
351 4212 -0.653884353106 -0.00575926518327 0.00357923312777 0.456505609971 1 1 1 1 1 1 1 1 1 1 1 1 1 1 1
352 4224 -0.648004812589 -0.00237223818924 0.00132099445733 0.465860629622 1 1 1 1 1 1 1 1 1 1 1 1 1 1 1
353 4236 -0.637432464964 -0.0115955339724 0.00151324846462 0.463262679892 1 1 1 1 1 1 1 1 1 1 1 1 1 1 1
354 4248 -0.637860654618 -0.000557390250906 0.0101241725843 0.474580305258 1 1 1 1 1 1 1 1 1 1 1 1 1 1 1
355 4260 -0.640575446578 -0.0143079365458 0.00237500996199 0.487738690581 1 1 1 1 1 1 1 1 1 1 1 1 1 1 1
356 4272 -0.642571171188 -0.00803307114634 0.00477906837805 0.475506922359 1 1 1 1 1 1 1 1 1 1 1 1 1 1 1
357 4284 -0.642727261758 -0.00483982023329 0.00591923567475 0.472185246058 1 1 1 1 1 1 1 1 1 1 1 1 1 1 1
358 4296 -0.638549792009 -0.00154420386831 0.00130477919879 0.475022050921 1 1 1 1 1 1 1 1 1 1 1 1 1 1 1
359 4308 -0.631030203858 -0.00354284183097 0.0014657493357 0.477826036254 1 1 1 1 1 1 1 1 1 1 1 1 1 1 1
360 4320 -0.620676371273 -0.000168412430106 0.0180897140929 0.46750813231 1 1 1 1 1 1 1 1 1 1 1 1 1 1 1
361 4332 -0.61782381156 -0.00140191454154 0.0201137331126 0.468988794746 1 1 1 1 1 1 1 1 1 1 1 1 1 1 1
362 4344 -0.611679796183 -0.0036259757062 0.00487369427861 0.480510106366 1 1 1 1 1 1 1 1 1 1 1 1 1 1 1
363 4356 -0.60323843528 -0.0139982042472 0.00814557945382 0.500570698168 1 1 1 1 1 1 1 1 1 1 1 1 1 1 1
364 4368 -0.599998319586 -0.0114387074645 0.00603385028767 0.499974121843 1 1 1 1 1 1 1 1 1 1 1 1 1 1 1
365 4380 -0.595555421663 -0.011425003907 0.00960124871134 0.483808887361 1 1 1 1 1 1 1 1 1 1 1 1 1 1 1
366 4392 -0.585011045602 -0.0135499614367 0.0167449480383 0.482601449733 1 1 1 1 1 1 1 1 1 1 1 1 1 1 1
367 4404 -0.584039403649 -0.00853282462435 0.00461336473836 0.499676753559 1 1 1 1 1 1 1 1 1 1 1 1 1 1 1
368 4416 -0.583589490256 -0.000981321882678 0.00974174727528 0.499594579005 1 1 1 1 1 1 1 1 1 1 1 1 1 1 1
369 4428 -0.582541419586 -0.00334502467473 0.00161569128958 0.509621293157 1 1 1 1 1 1 1 1 1 1 1 1 1 1 1
370 4440 -0.591311009785 -0.0020320193769 0.000549044851057 0.513617640482 1 1 1 1 1 1 1 1 1 1 1 1 1 1 1
371 4452 -0.604818039785 -0.00236446400324 0.00096514147661 0.520962717993 1 1 1 1 1 1 1 1 1 1 1 1 1 1 1
372 4464 -0.609688021407 -0.00418821697179 0.0142465399251 0.533237008673 1 1 1 1 1 1 1 1 1 1 1 1 1 1 1
373 4476 -0.610636763391 -0.00886804216233 0.0107111056347 0.53910648044 1 1 1 1 1 1 1 1 1 1 1 1 1 1 1
374 4488 -0.612164301892 -0.0134462129978 0.0156709641023 0.53062016742 1 1 1 1 1 1 1 1 1 1 1 1 1 1 1
375 4500 -0.636213524154 -0.0118477286145 0.0113633174844 0.543260457963 1 1 1 1 1 1 1 1 1 1 1 1 1 1 1
376 4512 -0.656316843522 -0.0104868746256 0.00281919439686 0.541099542694 1 1 1 1 1 1 1 1 1 1 1 1 1 1 1
377 4524 -0.654953619566 -0.0152683535131 0.0042821340282 0.545804956983 1 1 1 1 1 1 1 1 1 1 1 1 1 1 1
378 4536 -0.645696805328 -0.0311105821795 0.00738628029936 0.552817332432 1 1 1 1 1 1 1 1 1 1 1 1 1 1 1
379 4548 -0.644377756767 -0.0224381667217 0.0106294665794 0.57379101658 1 1 1 1 1 1 1 1 1 1 1 1 1 1 1
380 4560 -0.650627252244 -0.00052711739687 0.00552952203238 0.589251345108 1 1 1 1 1 1 1 1 1 1 1 1 1 1 1
381 4572 -0.651017903012 -0.00278951985152 0.0039647414628 0.596517359503 1 1 1 1 1 1 1 1 1 1 1 1 1 1 1
382 4584 -0.65343713983 -0.00110754823129 0.0012934133421 0.592487956108 1 1 1 1 1 1 1 1 1 1 1 1 1 1 1
383 4596 -0.641063113243 -0.00244733210907 0.0145864271545 0.601727917534 1 1 1 1 1 1 1 1 1 1 1 1 1 1 1
384 4608 -0.626164689291 -0.0107254510388 0.0141502888738 0.612202967505 1 1 1 1 1 1 1 1 1 1 1 1 1 1 1
385 4620 -0.625698665068 -0.00962688176746 0.0111610412529 0.606130988215 1 1 1 1 1 1 1 1 1 1 1 1 1 1 1
386 4632 -0.609586192048 -0.0127582542425 0.0100545166273 0.608276290578 1 1 1 1 1 1 1 1 1 1 1 1 1 1 1
387 4644 -0.620464317372 -0.0144265563643 0.0174644208294 0.606806433205 1 1 1 1 1 1 1 1 1 1 1 1 1 1 1
388 4656 -0.621033123158 -0.00380383019936 0.00613146792358 0.605070973317 1 1 1 1 1 1 1 1 1 1 1 1 1 1 1
389 4668 -0.625477808568 -0.00384292413405 0.00337078225036 0.631047893324 1 1 1 1 1 1 1 1 1 1 1 1 1 1 1
390 4680 -0.622881968603 -0.00627025695602 0.0162576060027 0.645962688263 1 1 1 1 1 1 1 1 1 1 1 1 1 1 1
391 4692 -0.622261909892 -0.0145374416293 0.00279236302887 0.66471890791 1 1 1 1 1 1 1 1 1 1 1 1 1 1 1
392 4704 -0.633228014314 -0.015926928119 0.00324999024907 0.670954970247 1 1 1 1 1 1 1 1 1 1 1 1 1 1 1
393 4716 -0.642109064237 -0.00056615441642 0.0150652231744 0.680843500295 1 1 1 1 1 1 1 1 1 1 1 1 1 1 1
394 4728 -0.65017587505 -0.00230061296409 0.00953727759526 0.681839685642 1 1 1 1 1 1 1 1 1 1 1 1 1 1 1
395 4740 -0.661303316481 -0.00829109302497 0.00210281295084 0.68254936864 1 1 1 1 1 1 1 1 1 1 1 1 1 1 1
396 4752 -0.663510573497 -0.00769037326331 0.00486491140673 0.682170395607 1 1 1 1 1 1 1 1 1 1 1 1 1 1 1
397 4764 -0.656201555824 -0.00450586781167 0.00230447057577 0.667422054203 1 1 1 1 1 1 1 1 1 1 1 1 1 1 1
398 4776 -0.641752954613 -0.00562720819076 0.00566299812686 0.664168730236 1 1 1 1 1 1 1 1 1 1 1 1 1 1 1
399 4788 -0.640958761406 -0.0109817810207 0.0165581112398 0.664103052024 1 1 1 1 1 1 1 1 1 1 1 1 1 1 1
400 4800 -0.640613161648 -0.00677143845205 0.0202405575166 0.664673520614 1 1 1 1 1 1 1 1 1 1 1 1 1 1 1
401 4812 -0.632248109002 -0.00464686094481 0.0137627457081 0.667177463875 1 1 1 1 1 1 1 1 1 1 1 1 1 1 1
402 4824 -0.640460728528 -0.012383147302 0.000923753018828 0.658329854029 1 1 1 1 1 1 1 1 1 1 1 1 1 1 1
403 4836 -0.62715274836 -0.0097762887369 0.000216617772863 0.656417435671 1 1 1 1 1 1 1 1 1 1 1 1 1 1 1
404 4848 -0.625949177111 -0.00526803231028 0.00689518666605 0.6443016921 1 1 1 1 1 1 1 1 1 1 1 1 1 1 1
405 4860 -0.614336268331 -0.00156438751605 0.00480589750519 0.650649106646 1 1 1 1 1 1 1 1 1 1 1 1 1 1 1
406 4872 -0.622325327431 -0.00161097548834 0.00892669600174 0.647224570376 1 1 1 1 1 1 1 1 1 1 1 1 1 1 1
407 4884 -0.617746446684 -0.0123855210995 0.0139400271537 0.634963594145 1 1 1 1 1 1 1 1 1 1 1 1 1 1 1
408 4896 -0.631501806365 -0.00591913017368 0.0102013939738 0.641393866698 1 1 1 1 1 1 1 1 1 1 1 1 1 1 1
409 4908 -0.629667055329 -0.0208895896297 0.00148775657641 0.628502627421 1 1 1 1 1 1 1 1 1 1 1 1 1 1 1
410 4920 -0.622937713778 -0.00918691723753 0.0110816920098 0.620764728684 1 1 1 1 1 1 1 1 1 1 1 1 1 1 1
411 4932 -0.631068167167 -0.000911157726698 0.00630515344198 0.60371428687 1 1 1 1 1 1 1 1 1 1 1 1 1 1 1
412 4944 -0.626256910706 -0.0090781317343 0.00848447411436 0.588511497783 1 1 1 1 1 1 1 1 1 1 1 1 1 1 1
413 4956 -0.636770716183 -0.0323883053272 0.00330942028303 0.591125354069 1 1 1 1 1 1 1 1 1 1 1 1 1 1 1
414 4968 -0.631410466193 -0.00500267765539 0.00550898026802 0.57171079753 1 1 1 1 1 1 1 1 1 1 1 1 1 1 1
415 4980 -0.618014001877 -0.00423288159574 0.000314186513231 0.57477565415 1 1 1 1 1 1 1 1 1 1 1 1 1 1 1
416 4992 -0.626824859126 -0.0111920911333 0.00397030800366 0.572726823614 1 1 1 1 1 1 1 1 1 1 1 1 1 1 1
417 5004 -0.617869877692 -0.00164560901744 0.000200274140366 0.568708192887 1 1 1 1 1 1 1 1 1 1 1 1 1 1 1
418 5016 -0.611390908661 -0.0170314363596 0.000619824928093 0.559306321419 1 1 1 1 1 1 1 1 1 1 1 1 1 1 1
419 5028 -0.610050650161 -0.0048439322302 0.00102903070729 0.558447929758 1 1 1 1 1 1 1 1 1 1 1 1 1 1 1
420 5040 -0.586770721374 -0.00127401094688 0.00599024473274 0.544180801545 1 1 1 1 1 1 1 1 1 1 1 1 1 1 1
421 5052 -0.571234421438 -0.00219270195593 0.00541089685589 0.533504293996 1 1 1 1 1 1 1 1 1 1 1 1 1 1 1
422 5064 -0.576467961959 -0.00283205753035 0.00984020490533 0.528068853866 1 1 1 1 1 1 1 1 1 1 1 1 1 1 1
423 5076 -0.575196228475 -0.00835709229396 0.01109748851 0.527887074338 1 1 1 1 1 1 1 1 1 1 1 1 1 1 1
424 5088 -0.573734461302 -0.00963576351086 0.000646462312397 0.528936465927 1 1 1 1 1 1 1 1 1 1 1 1 1 1 1
425 5100 -0.568871683063 -0.00439022141707 0.000241430885832 0.519747324205 1 1 1 1 1 1 1 1 1 1 1 1 1 1 1
426 5112 -0.562678196692 -0.00563512723271 0.0200010805161 0.524516627505 1 1 1 1 1 1 1 1 1 1 1 1 1 1 1
427 5124 -0.556773237796 -0.0121211153195 0.00709442382533 0.530810259686 1 1 1 1 1 1 1 1 1 1 1 1 1 1 1
428 5136 -0.550684198453 -0.0028809882534 0.00337048947133 0.5412151124 1 1 1 1 1 1 1 1 1 1 1 1 1 1 1
429 5148 -0.551510419546 -0.00353078046045 0.00481724124317 0.537017226189 1 1 1 1 1 1 1 1 1 1 1 1 1 1 1
430 5160 -0.539559685988 -0.00264923249733 0.00598221600021 0.542606366556 1 1 1 1 1 1 1 1 1 1 1 1 1 1 1
431 5172 -0.527683611777 -0.0171859376536 0.00621571556505 0.56563952997 1 1 1 1 1 1 1 1 1 1 1 1 1 1 1
432 5184 -0.542847968433 -0.00932813751725 0.000544117542 0.567356795767 1 1 1 1 1 1 1 1 1 1 1 1 1 1 1
433 5196 -0.558672974748 -0.00784159827313 0.00298718793358 0.562112325787 1 1 1 1 1 1 1 1 1 1 1 1 1 1 1
434 5208 -0.556150671187 -0.00427854507149 0.00451934486688 0.558649451754 1 1 1 1 1 1 1 1 1 1 1 1 1 1 1
435 5220 -0.551363848772 -0.00162220278936 0.0102878415597 0.559822470102 1 1 1 1 1 1 1 1 1 1 1 1 1 1 1
436 5232 -0.549194001018 -0.00213768622385 0.00690480342387 0.55938082114 1 1 1 1 1 1 1 1 1 1 1 1 1 1 1
437 5244 -0.561025678047 -0.000184463566524 0.00191005062821 0.559227982098 1 1 1 1 1 1 1 1 1 1 1 1 1 1 1
438 5256 -0.556053108304 -0.0123626845999 0.00522893566249 0.551432448975 1 1 1 1 1 1 1 1 1 1 1 1 1 1 1
439 5268 -0.558397829537 -0.00389520249163 0.0114450228533 0.535148257397 1 1 1 1 1 1 1 1 1 1 1 1 1 1 1
440 5280 -0.549284764315 -0.00114648981244 0.000858601065553 0.533187982835 1 1 1 1 1 1 1 1 1 1 1 1 1 1 1
441 5292 -0.55107683274 -0.00189839081349 0.00191356174625 0.544965320918 1 1 1 1 1 1 1 1 1 1 1 1 1 1 1
442 5304 -0.558993169505 -0.00327224870326 0.00181225335463 0.536829961676 1 1 1 1 1 1 1 1 1 1 1 1 1 1 1
443 5316 -0.549413065987 -0.000788447507641 0.0139917017535 0.536606454147 1 1 1 1 1 1 1 1 1 1 1 1 1 1 1
444 5328 -0.559327065383 -0.00827934499902 0.00889871508278 0.529537088406 1 1 1 1 1 1 1 1 1 1 1 1 1 1 1
445 5340 -0.564904624424 -0.0118380038505 0.0125965124409 0.525129669968 1 1 1 1 1 1 1 1 1 1 1 1 1 1 1
446 5352 -0.572422808621 -0.00485411264763 0.00745041206523 0.537811695269 1 1 1 1 1 1 1 1 1 1 1 1 1 1 1
447 5364 -0.565615358211 -0.000548595874179 1.61350406257e-05 0.545602917827 1 1 1 1 1 1 1 1 1 1 1 1 1 1 1
448 5376 -0.570444184434 -0.00687872110733 0.00650343715828 0.546161229039 1 1 1 1 1 1 1 1 1 1 1 1 1 1 1
449 5388 -0.572512757283 -0.0112930985166 0.00702469155477 0.549567535562 1 1 1 1 1 1 1 1 1 1 1 1 1 1 1
450 5400 -0.558233861044 -0.0176738762983 0.0194269390285 0.558211133157 1 1 1 1 1 1 1 1 1 1 1 1 1 1 1
451 5412 -0.574090930256 -0.00667376994083 0.0226934868847 0.53913284149 1 1 1 1 1 1 1 1 1 1 1 1 1 1 1
452 5424 -0.582425399884 -0.00496083736676 0.00583065441925 0.557737368983 1 1 1 1 1 1 1 1 1 1 1 1 1 1 1
453 5436 -0.579917235214 -0.00359839433353 0.00295999609706 0.550591979001 1 1 1 1 1 1 1 1 1 1 1 1 1 1 1
454 5448 -0.589117558465 -0.00236826148799 0.00580747278162 0.543274858372 1 1 1 1 1 1 1 1 1 1 1 1 1 1 1
455 5460 -0.588708154149 -0.00438282792327 0.00727991904951 0.555370553672 1 1 1 1 1 1 1 1 1 1 1 1 1 1 1
456 5472 -0.598256499399 -0.00529704546759 0.0173691445006 0.566304033234 1 1 1 1 1 1 1 1 1 1 1 1 1 1 1
457 5484 -0.587528136157 -0.0128380639745 0.000604032302884 0.567760357604 1 1 1 1 1 1 1 1 1 1 1 1 1 1 1
458 5496 -0.587170817086 -0.00688656146601 0.000354007869785 0.574435457348 1 1 1 1 1 1 1 1 1 1 1 1 1 1 1
459 5508 -0.598806687799 -0.00156692696347 5.81350072109e-06 0.578637902189 1 1 1 1 1 1 1 1 1 1 1 1 1 1 1
460 5520 -0.594865164352 -0.0125743588604 0.00239158189368 0.582971456757 1 1 1 1 1 1 1 1 1 1 1 1 1 1 1
461 5532 -0.582093655966 -0.00280395363979 0.00046030583029 0.599628797501 1 1 1 1 1 1 1 1 1 1 1 1 1 1 1
462 5544 -0.575672292877 -0.0131162668753 0.00293270127566 0.590309602201 1 1 1 1 1 1 1 1 1 1 1 1 1 1 1
463 5556 -0.583792296003 -0.0071655130394 0.000488492336928 0.558683938948 1 1 1 1 1 1 1 1 1 1 1 1 1 1 1
464 5568 -0.587864513039 -0.00889641230988 0.00192198926193 0.545956672002 1 1 1 1 1 1 1 1 1 1 1 1 1 1 1
465 5580 -0.598467283549 -0.00636565366361 0.0184400073956 0.537380067084 1 1 1 1 1 1 1 1 1 1 1 1 1 1 1
466 5592 -0.609895548715 -0.00118085855678 0.00365385131834 0.54206360399 1 1 1 1 1 1 1 1 1 1 1 1 1 1 1
467 5604 -0.61259716196 -0.00552951174811 0.000970996179905 0.544725236044 1 1 1 1 1 1 1 1 1 1 1 1 1 1 1
468 5616 -0.621896494647 -0.000133354485679 0.00726224126644 0.54752185406 1 1 1 1 1 1 1 1 1 1 1 1 1 1 1
469 5628 -0.620422772373 -0.00435747046282 0.000845280670508 0.549339253442 1 1 1 1 1 1 1 1 1 1 1 1 1 1 1
470 5640 -0.624633419428 -0.00318321436918 0.00148894585741 0.544881242847 1 1 1 1 1 1 1 1 1 1 1 1 1 1 1
471 5652 -0.631498374906 -0.0135099833144 0.000978400918916 0.556464026105 1 1 1 1 1 1 1 1 1 1 1 1 1 1 1
472 5664 -0.642632130703 -0.00188303068853 0.00119663808447 0.559968204297 1 1 1 1 1 1 1 1 1 1 1 1 1 1 1
473 5676 -0.658622684831 -0.00795206862136 0.00123419235865 0.554687120521 1 1 1 1 1 1 1 1 1 1 1 1 1 1 1
474 5688 -0.651251696901 -0.000822724689009 0.00394482221616 0.552265003154 1 1 1 1 1 1 1 1 1 1 1 1 1 1 1
475 5700 -0.655307515668 -0.0108769760792 0.0060257853183 0.543428170102 1 1 1 1 1 1 1 1 1 1 1 1 1 1 1
476 5712 -0.65823463765 -0.00718102877096 0.00577061788949 0.535530414332 1 1 1 1 1 1 1 1 1 1 1 1 1 1 1
477 5724 -0.654992097671 -0.0102768376659 0.00574864132536 0.550528571173 1 1 1 1 1 1 1 1 1 1 1 1 1 1 1
478 5736 -0.65200150953 -0.00459132670131 0.0166391000243 0.551894861286 1 1 1 1 1 1 1 1 1 1 1 1 1 1 1
479 5748 -0.6600145985 -0.00877685121218 0.0283224091217 0.554804176087 1 1 1 1 1 1 1 1 1 1 1 1 1 1 1
480 5760 -0.660637963076 -0.00950940570396 0.00213940990298 0.554464756931 1 1 1 1 1 1 1 1 1 1 1 1 1 1 1
481 5772 -0.654831869276 -0.011573233349 0.00703278259029 0.560441202033 1 1 1 1 1 1 1 1 1 1 1 1 1 1 1
482 5784 -0.653851980158 -0.0108618327267 0.00865901802309 0.562525512143 1 1 1 1 1 1 1 1 1 1 1 1 1 1 1
483 5796 -0.659605854705 -0.0138066965209 0.000756423285985 0.56694329526 1 1 1 1 1 1 1 1 1 1 1 1 1 1 1
484 5808 -0.661306887693 -0.00858745457223 0.000373499378832 0.552848227156 1 1 1 1 1 1 1 1 1 1 1 1 1 1 1
485 5820 -0.662120615743 -0.00550275021841 0.000343297842069 0.553704623265 1 1 1 1 1 1 1 1 1 1 1 1 1 1 1
486 5832 -0.663005578965 -0.0026387227912 0.00283538568079 0.549653573957 1 1 1 1 1 1 1 1 1 1 1 1 1 1 1
487 5844 -0.665253776254 -0.00301095366042 0.00135285274411 0.555324615103 1 1 1 1 1 1 1 1 1 1 1 1 1 1 1
488 5856 -0.659970322118 -0.00108344481515 0.00922057950619 0.559281349082 1 1 1 1 1 1 1 1 1 1 1 1 1 1 1
489 5868 -0.66225869076 -0.00961746485537 2.45173243411e-05 0.574381250575 1 1 1 1 1 1 1 1 1 1 1 1 1 1 1
490 5880 -0.660209578581 -0.00109598814126 0.0111873012804 0.57028266115 1 1 1 1 1 1 1 1 1 1 1 1 1 1 1
491 5892 -0.671298101736 -0.00522026184165 0.000491425801042 0.585419863303 1 1 1 1 1 1 1 1 1 1 1 1 1 1 1
492 5904 -0.686692954272 -4.72755118532e-05 0.017565994419 0.578115228918 1 1 1 1 1 1 1 1 1 1 1 1 1 1 1
493 5916 -0.66663322158 -0.000240163871407 0.00556002318234 0.57972008998 1 1 1 1 1 1 1 1 1 1 1 1 1 1 1
494 5928 -0.660128069017 -0.000209151515907 0.00742835936362 0.578107966212 1 1 1 1 1 1 1 1 1 1 1 1 1 1 1
495 5940 -0.663575320291 -0.00203891197237 0.0072007972794 0.575224853327 1 1 1 1 1 1 1 1 1 1 1 1 1 1 1
496 5952 -0.667530348375 -0.000565832696845 0.0071123398855 0.582198294177 1 1 1 1 1 1 1 1 1 1 1 1 1 1 1
497 5964 -0.663381532163 -0.00411714660108 0.00629033053936 0.581160715269 1 1 1 1 1 1 1 1 1 1 1 1 1 1 1
498 5976 -0.654985752361 -0.00829404310944 0.00902272193606 0.586576622455 1 1 1 1 1 1 1 1 1 1 1 1 1 1 1
499 5988 -0.637672979093 -0.00547738671974 0.000747200555918 0.585727583566 1 1 1 1 1 1 1 1 1 1 1 1 1 1 1
500 6000 -0.637322198162 -0.00342788962316 0.001713301148 0.585002681833 1 1 1 1 1 1 1 1 1 1 1 1 1 1 1
501 6012 -0.651057510782 -0.00297227010641 0.00386969056819 0.57692245089 1 1 1 1 1 1 1 1 1 1 1 1 1 1 1
502 6024 -0.65245457978 -0.000740144347289 0.00115805484449 0.570768759342 1 1 1 1 1 1 1 1 1 1 1 1 1 1 1
503 6036 -0.648260948521 -0.00237299398641 0.00222509422049 0.57847529769 1 1 1 1 1 1 1 1 1 1 1 1 1 1 1
504 6048 -0.647874698039 -0.0130773209859 0.00113253917026 0.573941563422 1 1 1 1 1 1 1 1 1 1 1 1 1 1 1
505 6060 -0.661068871418 -0.00206751667877 0.00156410482228 0.586453804083 1 1 1 1 1 1 1 1 1 1 1 1 1 1 1
506 6072 -0.672635383141 -0.0033861309839 0.000401125016371 0.621284422719 1 1 1 1 1 1 1 1 1 1 1 1 1 1 1
507 6084 -0.678610836255 -7.55493704484e-05 0.00184307579661 0.650788869952 1 1 1 1 1 1 1 1 1 1 1 1 1 1 1
508 6096 -0.685398933654 -0.00584540328575 0.000379683745284 0.646567668176 1 1 1 1 1 1 1 1 1 1 1 1 1 1 1
509 6108 -0.673617057027 -0.00597321604269 0.0122129698085 0.64446764257 1 1 1 1 1 1 1 1 1 1 1 1 1 1 1
510 6120 -0.675810534049 -0.00092610630039 0.00203474518617 0.649575105503 1 1 1 1 1 1 1 1 1 1 1 1 1 1 1
511 6132 -0.673112029073 -0.000741972981331 0.00114902604321 0.647117119832 1 1 1 1 1 1 1 1 1 1 1 1 1 1 1
512 6144 -0.688838216435 -0.00109659801169 0.000505263440631 0.646474924513 1 1 1 1 1 1 1 1 1 1 1 1 1 1 1
513 6156 -0.693193207058 -0.00513141854205 0.00745947465362 0.66385134983 1 1 1 1 1 1 1 1 1 1 1 1 1 1 1
514 6168 -0.694757257901 -6.66273944933e-05 0.00362753220309 0.657324423168 1 1 1 1 1 1 1 1 1 1 1 1 1 1 1
515 6180 -0.696176950357 -0.00175866784245 0.00151786479117 0.663673855177 1 1 1 1 1 1 1 1 1 1 1 1 1 1 1
516 6192 -0.697405418684 -0.00969163560831 0.00315112008308 0.664218813186 1 1 1 1 1 1 1 1 1 1 1 1 1 1 1
517 6204 -0.690456040288 -0.0114163931333 0.00121667485104 0.653547449247 1 1 1 1 1 1 1 1 1 1 1 1 1 1 1
518 6216 -0.688850707249 -0.00381222017068 0.00402019922281 0.643698664016 1 1 1 1 1 1 1 1 1 1 1 1 1 1 1
519 6228 -0.690056338922 -0.00265636429118 0.00283436002344 0.63847288883 1 1 1 1 1 1 1 1 1 1 1 1 1 1 1
520 6240 -0.683415241454 -0.0132471771271 0.00182008439239 0.638711696587 1 1 1 1 1 1 1 1 1 1 1 1 1 1 1
521 6252 -0.680564966212 -0.00120612458468 0.00854331162203 0.641223109374 1 1 1 1 1 1 1 1 1 1 1 1 1 1 1
522 6264 -0.674696495939 -0.00121378118554 0.00217993181883 0.64132048388 1 1 1 1 1 1 1 1 1 1 1 1 1 1 1
523 6276 -0.678861747767 -0.00668417072285 0.00287771185475 0.642085999235 1 1 1 1 1 1 1 1 1 1 1 1 1 1 1
524 6288 -0.670709913017 -0.000838839578314 0.000997698160852 0.647183572718 1 1 1 1 1 1 1 1 1 1 1 1 1 1 1
525 6300 -0.675133650576 -0.000240096234539 0.00119246692766 0.634046591821 1 1 1 1 1 1 1 1 1 1 1 1 1 1 1
526 6312 -0.670252262016 -0.00382571200417 0.00190282945415 0.632749036624 1 1 1 1 1 1 1 1 1 1 1 1 1 1 1
527 6324 -0.658997917699 -0.00733304621184 0.00231438582234 0.616448103119 1 1 1 1 1 1 1 1 1 1 1 1 1 1 1
528 6336 -0.634729716189 -0.000832237252098 0.00875378216786 0.622747618543 1 1 1 1 1 1 1 1 1 1 1 1 1 1 1
529 6348 -0.631127605278 -0.00274394494524 0.014446919366 0.627437872678 1 1 1 1 1 1 1 1 1 1 1 1 1 1 1
530 6360 -0.630251764123 -0.00591303188551 0.00202488196496 0.620352143213 1 1 1 1 1 1 1 1 1 1 1 1 1 1 1
531 6372 -0.61954261771 -0.0122214997672 0.0129937596097 0.624051798464 1 1 1 1 1 1 1 1 1 1 1 1 1 1 1
532 6384 -0.626332096963 -0.01103592297 0.00878024554905 0.628703523086 1 1 1 1 1 1 1 1 1 1 1 1 1 1 1
533 6396 -0.628958411483 -0.0204790367407 0.00765608887714 0.627019202514 1 1 1 1 1 1 1 1 1 1 1 1 1 1 1
534 6408 -0.629898507038 -0.00290301984835 0.00335426945386 0.623404640198 1 1 1 1 1 1 1 1 1 1 1 1 1 1 1
535 6420 -0.632875666892 -0.00688135256172 0.00268179193919 0.606258573774 1 1 1 1 1 1 1 1 1 1 1 1 1 1 1
536 6432 -0.631795746542 -0.0061664880141 0.000955022435505 0.60511943091 1 1 1 1 1 1 1 1 1 1 1 1 1 1 1
537 6444 -0.640004944042 -0.00989659868395 0.00342286540349 0.592773305032 1 1 1 1 1 1 1 1 1 1 1 1 1 1 1
538 6456 -0.641824347547 -0.00132292750657 0.00259674862739 0.594614643124 1 1 1 1 1 1 1 1 1 1 1 1 1 1 1
539 6468 -0.644113596833 -0.0210607106589 0.00200981875757 0.604647701619 1 1 1 1 1 1 1 1 1 1 1 1 1 1 1
540 6480 -0.655050130606 -0.0038221178009 0.00129660772193 0.613500210108 1 1 1 1 1 1 1 1 1 1 1 1 1 1 1
541 6492 -0.660319067794 -0.00128163428336 0.00878932170843 0.616855689165 1 1 1 1 1 1 1 1 1 1 1 1 1 1 1
542 6504 -0.637603048187 -0.0162746420139 0.00561855285343 0.623988872139 1 1 1 1 1 1 1 1 1 1 1 1 1 1 1
543 6516 -0.628165441374 -0.0240555629964 0.00127911563604 0.622656215012 1 1 1 1 1 1 1 1 1 1 1 1 1 1 1
544 6528 -0.615368135259 -0.0140409407816 0.00668469275051 0.630441573288 1 1 1 1 1 1 1 1 1 1 1 1 1 1 1
545 6540 -0.613614030414 -0.0042702572784 0.0584067683189 0.630364845426 1 1 1 1 1 1 1 1 1 1 1 1 1 1 1
546 6552 -0.606766565725 -0.00282072790178 0.0276768499326 0.628313799548 1 1 1 1 1 1 1 1 1 1 1 1 1 1 1
547 6564 -0.609076037155 -0.0118888051165 0.00496610905295 0.630361326119 1 1 1 1 1 1 1 1 1 1 1 1 1 1 1
548 6576 -0.600386768908 -0.00247941986241 0.00541194080063 0.629819676772 1 1 1 1 1 1 1 1 1 1 1 1 1 1 1
549 6588 -0.60457548242 -0.0106203265883 0.0114691055758 0.627520887508 1 1 1 1 1 1 1 1 1 1 1 1 1 1 1
550 6600 -0.609998345034 -0.00143758362079 0.00989938608544 0.621095396448 1 1 1 1 1 1 1 1 1 1 1 1 1 1 1
551 6612 -0.611485208958 -0.0050713468028 0.00457159387268 0.610745181483 1 1 1 1 1 1 1 1 1 1 1 1 1 1 1
552 6624 -0.615391283354 -0.000826364059728 0.0346188094897 0.610162908325 1 1 1 1 1 1 1 1 1 1 1 1 1 1 1
553 6636 -0.618655229755 -0.00143857913142 0.027947528779 0.613782801389 1 1 1 1 1 1 1 1 1 1 1 1 1 1 1
554 6648 -0.615874294942 -0.000892546575801 0.000709119819251 0.612011932513 1 1 1 1 1 1 1 1 1 1 1 1 1 1 1
555 6660 -0.60436896599 -0.00333584791684 0.00430437784034 0.600209825327 1 1 1 1 1 1 1 1 1 1 1 1 1 1 1
556 6672 -0.594134585679 -0.00734258360915 0.0024575001331 0.612543521532 1 1 1 1 1 1 1 1 1 1 1 1 1 1 1
557 6684 -0.594497268556 -0.0115410915322 0.00304842687986 0.61169672667 1 1 1 1 1 1 1 1 1 1 1 1 1 1 1
558 6696 -0.596330538455 -0.000189812346113 0.0228133133177 0.630264321194 1 1 1 1 1 1 1 1 1 1 1 1 1 1 1
559 6708 -0.590427418711 -0.0042192546024 0.000555539627298 0.618022187943 1 1 1 1 1 1 1 1 1 1 1 1 1 1 1
560 6720 -0.590345361757 -0.000660113650294 0.00871912380921 0.616659249171 1 1 1 1 1 1 1 1 1 1 1 1 1 1 1
561 6732 -0.579772946003 -0.0241023971262 0.00488201264411 0.611561718519 1 1 1 1 1 1 1 1 1 1 1 1 1 1 1
562 6744 -0.567296830729 -0.00789221425934 0.00492220558971 0.617900311534 1 1 1 1 1 1 1 1 1 1 1 1 1 1 1
563 6756 -0.581821050707 -0.0148358273332 0.00489503506643 0.617099117664 1 1 1 1 1 1 1 1 1 1 1 1 1 1 1
564 6768 -0.582085022279 -0.00435131026713 0.00452711670014 0.616920360832 1 1 1 1 1 1 1 1 1 1 1 1 1 1 1
565 6780 -0.575249985125 -0.00266631837928 0.00902673920734 0.623249973376 1 1 1 1 1 1 1 1 1 1 1 1 1 1 1
566 6792 -0.58953853815 -0.00511707332313 0.0036634987596 0.619843977938 1 1 1 1 1 1 1 1 1 1 1 1 1 1 1
567 6804 -0.584188133363 -0.00124984911423 0.0154396854054 0.629002926592 1 1 1 1 1 1 1 1 1 1 1 1 1 1 1
568 6816 -0.580780678595 -0.016030038045 0.00415250809867 0.631884443391 1 1 1 1 1 1 1 1 1 1 1 1 1 1 1
569 6828 -0.5789910732 -0.0172296324349 0.000207432593318 0.630058495247 1 1 1 1 1 1 1 1 1 1 1 1 1 1 1
570 6840 -0.587429276568 -0.0030254789342 0.0159692279619 0.624328665101 1 1 1 1 1 1 1 1 1 1 1 1 1 1 1
571 6852 -0.58696046544 -0.00564253747264 0.000198196459139 0.607189176591 1 1 1 1 1 1 1 1 1 1 1 1 1 1 1
572 6864 -0.581278296162 -0.00622486277879 0.0114988383939 0.606976836519 1 1 1 1 1 1 1 1 1 1 1 1 1 1 1
573 6876 -0.583995254913 -0.0110484907996 0.012375720249 0.605025114616 1 1 1 1 1 1 1 1 1 1 1 1 1 1 1
574 6888 -0.590155409488 -0.00762458900235 0.00521299966376 0.606494308784 1 1 1 1 1 1 1 1 1 1 1 1 1 1 1
575 6900 -0.589120745607 -0.0209065244984 0.0097577068725 0.605119831042 1 1 1 1 1 1 1 1 1 1 1 1 1 1 1
576 6912 -0.587947945133 -0.0101121273173 0.0222773127488 0.594698063855 1 1 1 1 1 1 1 1 1 1 1 1 1 1 1
577 6924 -0.596068027643 -0.000859579366594 0.0168872301825 0.582408269444 1 1 1 1 1 1 1 1 1 1 1 1 1 1 1
578 6936 -0.595339648745 -0.00996950826665 0.0182862728816 0.60198559124 1 1 1 1 1 1 1 1 1 1 1 1 1 1 1
579 6948 -0.593862218002 -0.019187794664 0.000728182573757 0.581378644772 1 1 1 1 1 1 1 1 1 1 1 1 1 1 1
580 6960 -0.601410008254 -0.0172194706946 0.0037718481447 0.584460942709 1 1 1 1 1 1 1 1 1 1 1 1 1 1 1
581 6972 -0.6027568517 -0.00404703308017 0.00290577415694 0.589410199061 1 1 1 1 1 1 1 1 1 1 1 1 1 1 1
582 6984 -0.61977370497 -0.00615194752076 0.000133826610191 0.593104599994 1 1 1 1 1 1 1 1 1 1 1 1 1 1 1
583 6996 -0.639558998466 -0.00437516630316 0.0170859525372 0.604338019378 1 1 1 1 1 1 1 1 1 1 1 1 1 1 1
584 7008 -0.646583762155 -0.0049788518394 0.0140326719208 0.606900028416 1 1 1 1 1 1 1 1 1 1 1 1 1 1 1
585 7020 -0.637678601995 -0.00166790593505 0.00668602637821 0.607828890398 1 1 1 1 1 1 1 1 1 1 1 1 1 1 1
586 7032 -0.632687573843 -0.0018251602589 0.00583168338427 0.60239418197 1 1 1 1 1 1 1 1 1 1 1 1 1 1 1
587 7044 -0.645799383144 -0.00435455978468 0.00476208053966 0.606651361166 1 1 1 1 1 1 1 1 1 1 1 1 1 1 1
588 7056 -0.641728898339 -0.0170745706664 0.00838400328013 0.620485731719 1 1 1 1 1 1 1 1 1 1 1 1 1 1 1
589 7068 -0.635018100221 -0.00171184056069 0.00464224179566 0.599726203044 1 1 1 1 1 1 1 1 1 1 1 1 1 1 1
590 7080 -0.629149445616 -0.00217472216952 0.0166511978072 0.601414710696 1 1 1 1 1 1 1 1 1 1 1 1 1 1 1
591 7092 -0.626679293326 -0.0188391643001 0.00681674209528 0.602233667994 1 1 1 1 1 1 1 1 1 1 1 1 1 1 1
592 7104 -0.64540376034 -0.0105205705213 0.0119070422992 0.606481752907 1 1 1 1 1 1 1 1 1 1 1 1 1 1 1
593 7116 -0.649464062747 -0.0124895527257 0.000818969797616 0.605425205548 1 1 1 1 1 1 1 1 1 1 1 1 1 1 1
594 7128 -0.650874461063 -0.0169009645266 0.00437707120044 0.601254669199 1 1 1 1 1 1 1 1 1 1 1 1 1 1 1
595 7140 -0.646235888034 -0.0106466483459 0.00929957247672 0.603357026193 1 1 1 1 1 1 1 1 1 1 1 1 1 1 1
596 7152 -0.63861303155 -0.0106736292111 0.00675920724538 0.615634653002 1 1 1 1 1 1 1 1 1 1 1 1 1 1 1
597 7164 -0.643215573728 -0.0180387497615 0.00327293285532 0.6346372146 1 1 1 1 1 1 1 1 1 1 1 1 1 1 1
598 7176 -0.646885485783 -0.016787909737 0.00140725331131 0.632583426678 1 1 1 1 1 1 1 1 1 1 1 1 1 1 1
599 7188 -0.642535089772 -0.0036245613345 0.0097009750898 0.637191590839 1 1 1 1 1 1 1 1 1 1 1 1 1 1 1
600 7200 -0.647077730743 -0.0178023879833 0.0173080629255 0.654431307368 1 1 1 1 1 1 1 1 1 1 1 1 1 1 1
601 7212 -0.651545363558 -0.0135146305504 0.0121822153177 0.654416997704 1 1 1 1 1 1 1 1 1 1 1 1 1 1 1
602 7224 -0.652739838898 -0.00646404721697 0.016035172801 0.660907611246 1 1 1 1 1 1 1 1 1 1 1 1 1 1 1
603 7236 -0.647421379793 -0.0169741287929 0.00316715362751 0.655596275286 1 1 1 1 1 1 1 1 1 1 1 1 1 1 1
604 7248 -0.642158674079 -0.00641371409968 0.00972677178229 0.655046404229 1 1 1 1 1 1 1 1 1 1 1 1 1 1 1
605 7260 -0.64630213006 -0.02096528686 0.00244242119733 0.639023132315 1 1 1 1 1 1 1 1 1 1 1 1 1 1 1
606 7272 -0.645511921155 -0.0338616552704 0.00687968779683 0.636629694718 1 1 1 1 1 1 1 1 1 1 1 1 1 1 1
607 7284 -0.647890387182 -0.0234820816451 0.000378177199547 0.643802490519 1 1 1 1 1 1 1 1 1 1 1 1 1 1 1
608 7296 -0.637360914488 -0.00637434149426 0.00379931464099 0.639550336297 1 1 1 1 1 1 1 1 1 1 1 1 1 1 1
609 7308 -0.62763368229 -0.00785762415429 0.00860929887413 0.627029694037 1 1 1 1 1 1 1 1 1 1 1 1 1 1 1
610 7320 -0.633243981558 -0.00917049842228 0.0105842246469 0.611838112761 1 1 1 1 1 1 1 1 1 1 1 1 1 1 1
611 7332 -0.632471588469 -0.0103420614961 0.00672323257469 0.602265953918 1 1 1 1 1 1 1 1 1 1 1 1 1 1 1
612 7344 -0.632863540375 -0.00202125700683 0.00768377622626 0.616669975096 1 1 1 1 1 1 1 1 1 1 1 1 1 1 1
613 7356 -0.632126011263 -0.00120561398853 0.00603531872711 0.601809639246 1 1 1 1 1 1 1 1 1 1 1 1 1 1 1
614 7368 -0.636385711826 -0.00126726196668 0.013291276976 0.602720380698 1 1 1 1 1 1 1 1 1 1 1 1 1 1 1
615 7380 -0.645789644021 -0.00640663921648 0.00948095879124 0.603539820377 1 1 1 1 1 1 1 1 1 1 1 1 1 1 1
616 7392 -0.665414999455 -0.00352929283142 0.00791357703745 0.605046592563 1 1 1 1 1 1 1 1 1 1 1 1 1 1 1
617 7404 -0.659611694735 -0.000115226768542 0.00686679050492 0.608630976966 1 1 1 1 1 1 1 1 1 1 1 1 1 1 1
618 7416 -0.669696304692 -0.00430831386168 0.00598811608905 0.614618461683 1 1 1 1 1 1 1 1 1 1 1 1 1 1 1
619 7428 -0.667470258919 -0.00548441939716 0.0115086043019 0.61580999294 1 1 1 1 1 1 1 1 1 1 1 1 1 1 1
620 7440 -0.664910106993 -0.00454788989606 0.00667020646136 0.609458922205 1 1 1 1 1 1 1 1 1 1 1 1 1 1 1
621 7452 -0.662676209799 -0.00397293430362 0.0124984494837 0.60875210704 1 1 1 1 1 1 1 1 1 1 1 1 1 1 1
622 7464 -0.659101196303 -0.0268012791138 0.000411043533907 0.61678838784 1 1 1 1 1 1 1 1 1 1 1 1 1 1 1
623 7476 -0.652625386998 -0.0117855534734 0.00985230496144 0.615583593388 1 1 1 1 1 1 1 1 1 1 1 1 1 1 1
624 7488 -0.64346974981 -0.00399785122671 0.0212643318954 0.619242978355 1 1 1 1 1 1 1 1 1 1 1 1 1 1 1
625 7500 -0.647027983703 -0.00500897807479 0.00825486837603 0.618381787715 1 1 1 1 1 1 1 1 1 1 1 1 1 1 1
626 7512 -0.63242787616 -0.0242823539889 0.00185269660165 0.608616005184 1 1 1 1 1 1 1 1 1 1 1 1 1 1 1
627 7524 -0.624944440038 -0.00222644088028 0.00622123396849 0.608696792697 1 1 1 1 1 1 1 1 1 1 1 1 1 1 1
628 7536 -0.629565717595 -0.014988394145 0.00755274149777 0.613119215914 1 1 1 1 1 1 1 1 1 1 1 1 1 1 1
629 7548 -0.629145685857 -0.00097793938371 0.000480792248007 0.612069394356 1 1 1 1 1 1 1 1 1 1 1 1 1 1 1
630 7560 -0.6178633724 -0.00506478351461 0.00313735212407 0.616825061606 1 1 1 1 1 1 1 1 1 1 1 1 1 1 1
631 7572 -0.621845065291 -0.00289265056709 0.0188054894682 0.601808321712 1 1 1 1 1 1 1 1 1 1 1 1 1 1 1
632 7584 -0.61063918241 -0.00792622968329 0.0247838110683 0.598087573185 1 1 1 1 1 1 1 1 1 1 1 1 1 1 1
633 7596 -0.604844240387 -0.00707150734719 0.0044538872691 0.600605287059 1 1 1 1 1 1 1 1 1 1 1 1 1 1 1
634 7608 -0.614277728174 -0.00061862498844 0.0104706273001 0.61737360881 1 1 1 1 1 1 1 1 1 1 1 1 1 1 1
635 7620 -0.620785879717 -0.00280346952264 0.000707077472961 0.624093105655 1 1 1 1 1 1 1 1 1 1 1 1 1 1 1
636 7632 -0.615256503577 -0.00339961076247 0.00214220336861 0.626639113934 1 1 1 1 1 1 1 1 1 1 1 1 1 1 1
637 7644 -0.619722592201 -0.0122701830579 0.015571358612 0.619749229534 1 1 1 1 1 1 1 1 1 1 1 1 1 1 1
638 7656 -0.635984671419 -0.0188840342491 0.0102613064186 0.617427528782 1 1 1 1 1 1 1 1 1 1 1 1 1 1 1
639 7668 -0.641372255623 -0.00654182262176 0.0149961203168 0.613660873546 1 1 1 1 1 1 1 1 1 1 1 1 1 1 1
640 7680 -0.637261541399 -0.000278342878466 0.0147131798389 0.615169213728 1 1 1 1 1 1 1 1 1 1 1 1 1 1 1
641 7692 -0.635003382739 -0.0220420464888 0.000118486055872 0.607215645308 1 1 1 1 1 1 1 1 1 1 1 1 1 1 1
642 7704 -0.636391906037 -0.00764020680631 0.0068427049373 0.624180565991 1 1 1 1 1 1 1 1 1 1 1 1 1 1 1
643 7716 -0.630125877433 -0.0131115908505 0.000907213491796 0.622644792242 1 1 1 1 1 1 1 1 1 1 1 1 1 1 1
644 7728 -0.617633209819 -0.00508603401032 0.0246211023608 0.63549896407 1 1 1 1 1 1 1 1 1 1 1 1 1 1 1
645 7740 -0.611179778739 -0.000643395195057 0.011616539799 0.642982867497 1 1 1 1 1 1 1 1 1 1 1 1 1 1 1
646 7752 -0.605918663878 -0.0015582878301 0.0133530625121 0.650654305857 1 1 1 1 1 1 1 1 1 1 1 1 1 1 1
647 7764 -0.58185915656 -0.00244611305216 0.000885197955048 0.649940379793 1 1 1 1 1 1 1 1 1 1 1 1 1 1 1
648 7776 -0.569646018393 -0.000673672288395 0.000387414544949 0.641527171864 1 1 1 1 1 1 1 1 1 1 1 1 1 1 1
649 7788 -0.565576382859 -0.000447446833755 0.0254862139705 0.645524647039 1 1 1 1 1 1 1 1 1 1 1 1 1 1 1
650 7800 -0.562115123643 -0.00515044302518 0.00957800964798 0.64636911475 1 1 1 1 1 1 1 1 1 1 1 1 1 1 1
651 7812 -0.556942876542 -0.00982162504522 0.00283714327803 0.648055544881 1 1 1 1 1 1 1 1 1 1 1 1 1 1 1
652 7824 -0.560588898407 -0.0122821831677 0.00982256165118 0.639122923456 1 1 1 1 1 1 1 1 1 1 1 1 1 1 1
653 7836 -0.551031149102 -0.000755071706385 0.00384440136876 0.638147577246 1 1 1 1 1 1 1 1 1 1 1 1 1 1 1
654 7848 -0.551449782735 -0.000113599367568 0.00371021091425 0.631941412747 1 1 1 1 1 1 1 1 1 1 1 1 1 1 1
655 7860 -0.538844027612 -0.00626457211935 0.0010291306192 0.625725480967 1 1 1 1 1 1 1 1 1 1 1 1 1 1 1
656 7872 -0.53453683254 -0.0184250555734 0.00495164047976 0.609449515547 1 1 1 1 1 1 1 1 1 1 1 1 1 1 1
657 7884 -0.52988865172 -0.00100852383944 0.00320885535695 0.615597665683 1 1 1 1 1 1 1 1 1 1 1 1 1 1 1
658 7896 -0.516557211946 -0.00749019275257 0.0178256437053 0.619063986112 1 1 1 1 1 1 1 1 1 1 1 1 1 1 1
659 7908 -0.524843699343 -0.0112896053933 0.00246037969225 0.633485990832 1 1 1 1 1 1 1 1 1 1 1 1 1 1 1
660 7920 -0.540365538056 -0.00127592279131 0.00321626834434 0.644867815306 1 1 1 1 1 1 1 1 1 1 1 1 1 1 1
661 7932 -0.5396651783 -0.00266725944296 0.00717117361515 0.632998828216 1 1 1 1 1 1 1 1 1 1 1 1 1 1 1
662 7944 -0.545576422028 -0.00347536066292 0.00273610112139 0.642951308432 1 1 1 1 1 1 1 1 1 1 1 1 1 1 1
663 7956 -0.546356784043 -0.000285693017317 0.00571381521246 0.629323651989 1 1 1 1 1 1 1 1 1 1 1 1 1 1 1
664 7968 -0.559448057707 -0.000682073861142 0.0018187385432 0.632208212473 1 1 1 1 1 1 1 1 1 1 1 1 1 1 1
665 7980 -0.583018276917 -0.00456201148105 0.017636001311 0.65214135364 1 1 1 1 1 1 1 1 1 1 1 1 1 1 1
666 7992 -0.58671671038 -0.0095075017392 0.0102984812983 0.65999638032 1 1 1 1 1 1 1 1 1 1 1 1 1 1 1
667 8004 -0.583132298599 -0.0111924807524 0.0134344194106 0.660775459564 1 1 1 1 1 1 1 1 1 1 1 1 1 1 1
668 8016 -0.585457010215 -0.00789266146148 0.00732753751557 0.662706359495 1 1 1 1 1 1 1 1 1 1 1 1 1 1 1
669 8028 -0.583298125648 -0.00283009362718 0.0221380707061 0.664889773405 1 1 1 1 1 1 1 1 1 1 1 1 1 1 1
670 8040 -0.599501207301 -0.0103397014923 0.00800086371417 0.663320243079 1 1 1 1 1 1 1 1 1 1 1 1 1 1 1
671 8052 -0.600854040092 -0.00240926094737 0.000311705277067 0.659402261885 1 1 1 1 1 1 1 1 1 1 1 1 1 1 1
672 8064 -0.602712708184 -0.000964354057468 0.000989803101549 0.654130184588 1 1 1 1 1 1 1 1 1 1 1 1 1 1 1
673 8076 -0.600462183683 -0.00772304975483 0.00896769731302 0.649462586464 1 1 1 1 1 1 1 1 1 1 1 1 1 1 1
674 8088 -0.601870871342 -0.00854630479402 0.00824967609471 0.650348423582 1 1 1 1 1 1 1 1 1 1 1 1 1 1 1
675 8100 -0.59916201029 -0.00305011532774 0.0123806624048 0.649438038161 1 1 1 1 1 1 1 1 1 1 1 1 1 1 1
676 8112 -0.592788579354 -0.00749691141925 0.00158807985423 0.670798369569 1 1 1 1 1 1 1 1 1 1 1 1 1 1 1
677 8124 -0.597887107515 -0.00606078847775 0.000387957257576 0.679704112186 1 1 1 1 1 1 1 1 1 1 1 1 1 1 1
678 8136 -0.59593469119 -0.000717552619383 0.00568861275857 0.680934590983 1 1 1 1 1 1 1 1 1 1 1 1 1 1 1
679 8148 -0.612396849767 -0.000546386468438 0.0095835315874 0.678944320531 1 1 1 1 1 1 1 1 1 1 1 1 1 1 1
680 8160 -0.612859623179 -0.0140997756712 0.000436529467465 0.679822061589 1 1 1 1 1 1 1 1 1 1 1 1 1 1 1
681 8172 -0.614527006429 -0.00401031713578 0.00268037301732 0.677965639808 1 1 1 1 1 1 1 1 1 1 1 1 1 1 1
682 8184 -0.612506211564 -0.000873444345114 0.00132925979991 0.678695317163 1 1 1 1 1 1 1 1 1 1 1 1 1 1 1
683 8196 -0.61767035803 -0.0145353728676 0.00107525035967 0.678793745616 1 1 1 1 1 1 1 1 1 1 1 1 1 1 1
684 8208 -0.622299888906 -0.0158585312965 0.00688339355933 0.673169002776 1 1 1 1 1 1 1 1 1 1 1 1 1 1 1
685 8220 -0.613093378717 -0.000725156837047 0.0136410601492 0.675753548313 1 1 1 1 1 1 1 1 1 1 1 1 1 1 1
686 8232 -0.616139474881 -0.00576886651778 0.00686349707742 0.674133285979 1 1 1 1 1 1 1 1 1 1 1 1 1 1 1
687 8244 -0.614280063045 -0.0046223243821 6.32528066996e-05 0.677908643086 1 1 1 1 1 1 1 1 1 1 1 1 1 1 1
688 8256 -0.614370209381 -0.00291609948544 0.0259991933087 0.682515853226 1 1 1 1 1 1 1 1 1 1 1 1 1 1 1
689 8268 -0.625260138971 -0.00538475892796 0.00360457168696 0.682572454523 1 1 1 1 1 1 1 1 1 1 1 1 1 1 1
690 8280 -0.629672385553 -0.00978149259943 0.00566659886107 0.684635516022 1 1 1 1 1 1 1 1 1 1 1 1 1 1 1
691 8292 -0.631571695834 -0.0039971815804 0.00164340666706 0.696729036782 1 1 1 1 1 1 1 1 1 1 1 1 1 1 1
692 8304 -0.637407825551 -0.000324261693583 0.0047020803727 0.696242805484 1 1 1 1 1 1 1 1 1 1 1 1 1 1 1
693 8316 -0.643343809168 -0.00171603862826 0.00965838286948 0.692994156514 1 1 1 1 1 1 1 1 1 1 1 1 1 1 1
694 8328 -0.633694400887 -0.00211006997116 0.0135626919525 0.698511045518 1 1 1 1 1 1 1 1 1 1 1 1 1 1 1
695 8340 -0.640540109164 -9.82700463536e-05 0.00457362149208 0.702699284085 1 1 1 1 1 1 1 1 1 1 1 1 1 1 1
696 8352 -0.633288900283 -0.00719935920039 0.00116085652261 0.702354038809 1 1 1 1 1 1 1 1 1 1 1 1 1 1 1
697 8364 -0.621609433102 -0.0107029435595 0.00400095974028 0.701575208851 1 1 1 1 1 1 1 1 1 1 1 1 1 1 1
698 8376 -0.622707797224 -0.000829224555939 0.000708094744335 0.69928333757 1 1 1 1 1 1 1 1 1 1 1 1 1 1 1
699 8388 -0.631271730414 -0.000153512897357 0.00595263534503 0.711525560967 1 1 1 1 1 1 1 1 1 1 1 1 1 1 1
700 8400 -0.632665829358 -0.000933583898909 0.00740441743424 0.715571575847 1 1 1 1 1 1 1 1 1 1 1 1 1 1 1
701 8412 -0.631119653782 -0.00759117056467 0.00750198672637 0.712224839553 1 1 1 1 1 1 1 1 1 1 1 1 1 1 1
702 8424 -0.635652985944 -0.00228983267368 0.0224209200823 0.717262487571 1 1 1 1 1 1 1 1 1 1 1 1 1 1 1
703 8436 -0.626513182844 -0.00869957036285 0.0112242115749 0.71007492434 1 1 1 1 1 1 1 1 1 1 1 1 1 1 1
704 8448 -0.618871935251 -0.00349840413406 2.65201890831e-05 0.711637219247 1 1 1 1 1 1 1 1 1 1 1 1 1 1 1
705 8460 -0.618347375763 -0.00142180637568 0.00238677529342 0.715658336766 1 1 1 1 1 1 1 1 1 1 1 1 1 1 1
706 8472 -0.619614671375 -0.00181693337593 0.0126780246613 0.723307109971 1 1 1 1 1 1 1 1 1 1 1 1 1 1 1
707 8484 -0.623276826662 -0.00209802553341 0.0103456895957 0.725663079499 1 1 1 1 1 1 1 1 1 1 1 1 1 1 1
708 8496 -0.62149161819 -0.0155738648167 0.00534785547445 0.72922346663 1 1 1 1 1 1 1 1 1 1 1 1 1 1 1
709 8508 -0.609210292238 -0.00279700414177 0.00230730201523 0.718976777176 1 1 1 1 1 1 1 1 1 1 1 1 1 1 1
710 8520 -0.601475843249 -0.00288303154724 0.0050258153907 0.719356126279 1 1 1 1 1 1 1 1 1 1 1 1 1 1 1
711 8532 -0.598739624892 -0.00418712048144 0.00117219788352 0.719089936527 1 1 1 1 1 1 1 1 1 1 1 1 1 1 1
712 8544 -0.592502876204 -0.00613805031687 0.0016803705544 0.713660598687 1 1 1 1 1 1 1 1 1 1 1 1 1 1 1
713 8556 -0.607007389309 -0.00370306601929 0.00287872144835 0.717007549823 1 1 1 1 1 1 1 1 1 1 1 1 1 1 1
714 8568 -0.61029454452 -0.0147032699911 0.000697778778973 0.724171442866 1 1 1 1 1 1 1 1 1 1 1 1 1 1 1
715 8580 -0.609252021897 -0.0111244600172 0.00259530343967 0.723930260562 1 1 1 1 1 1 1 1 1 1 1 1 1 1 1
716 8592 -0.607207898602 -0.0116317775359 0.00656371185136 0.728815653594 1 1 1 1 1 1 1 1 1 1 1 1 1 1 1
717 8604 -0.605529996861 -0.00282530388892 0.0123986905327 0.735126374696 1 1 1 1 1 1 1 1 1 1 1 1 1 1 1
718 8616 -0.611648952127 -0.00499365055413 0.00347614500923 0.750743495808 1 1 1 1 1 1 1 1 1 1 1 1 1 1 1
719 8628 -0.602436796855 -0.00632164417168 0.00680437992254 0.742282404137 1 1 1 1 1 1 1 1 1 1 1 1 1 1 1
720 8640 -0.611476457328 -0.0028524422608 0.00194075689083 0.740386801573 1 1 1 1 1 1 1 1 1 1 1 1 1 1 1
721 8652 -0.600927111775 -0.00154568838027 0.0093632666812 0.735855505577 1 1 1 1 1 1 1 1 1 1 1 1 1 1 1
722 8664 -0.601271529062 -0.00418655334908 0.00856767274027 0.744060330505 1 1 1 1 1 1 1 1 1 1 1 1 1 1 1
723 8676 -0.607551748434 -0.00502145844101 0.0175617623818 0.74383788599 1 1 1 1 1 1 1 1 1 1 1 1 1 1 1
724 8688 -0.608253855694 -0.000660003715064 0.00622603660473 0.752323005057 1 1 1 1 1 1 1 1 1 1 1 1 1 1 1
725 8700 -0.604511902698 -0.00582459449108 0.00360313075404 0.755203138211 1 1 1 1 1 1 1 1 1 1 1 1 1 1 1
726 8712 -0.606472559346 -0.000651151143354 0.00374195019358 0.752512341426 1 1 1 1 1 1 1 1 1 1 1 1 1 1 1
727 8724 -0.605045438251 -0.0310897938174 0.00436400208 0.761241528731 1 1 1 1 1 1 1 1 1 1 1 1 1 1 1
728 8736 -0.61194478606 -0.00803264532794 0.00786963221064 0.761709811936 1 1 1 1 1 1 1 1 1 1 1 1 1 1 1
729 8748 -0.615383298795 -0.0210588739391 0.00120283244734 0.766577542249 1 1 1 1 1 1 1 1 1 1 1 1 1 1 1
730 8760 -0.621779596275 -0.0110327412564 0.0113742189494 0.763809230481 1 1 1 1 1 1 1 1 1 1 1 1 1 1 1
731 8772 -0.622317831022 -0.00915000461365 0.00464639402122 0.754271024161 1 1 1 1 1 1 1 1 1 1 1 1 1 1 1
732 8784 -0.62756700475 -0.00316484671246 0.0148854470357 0.74260222391 1 1 1 1 1 1 1 1 1 1 1 1 1 1 1
733 8796 -0.625442859107 -0.0143787205834 0.00890654062378 0.729518780328 1 1 1 1 1 1 1 1 1 1 1 1 1 1 1
734 8808 -0.629970845907 -0.00976117208556 0.00739961679063 0.714354678109 1 1 1 1 1 1 1 1 1 1 1 1 1 1 1
735 8820 -0.625638804661 -0.00995461721054 0.0139363929542 0.716463790082 1 1 1 1 1 1 1 1 1 1 1 1 1 1 1
736 8832 -0.617268236065 -0.0122187612436 0.0197172758903 0.712997089767 1 1 1 1 1 1 1 1 1 1 1 1 1 1 1
737 8844 -0.610389254872 -0.00545883793851 0.0240059592774 0.712658084709 1 1 1 1 1 1 1 1 1 1 1 1 1 1 1
738 8856 -0.614080652236 -0.000112966327509 0.0117950941761 0.718114511575 1 1 1 1 1 1 1 1 1 1 1 1 1 1 1
739 8868 -0.622774461079 -0.00182285075975 0.00623118821144 0.715428566853 1 1 1 1 1 1 1 1 1 1 1 1 1 1 1
740 8880 -0.621928724381 -0.0100219396391 0.00207958109069 0.714998139266 1 1 1 1 1 1 1 1 1 1 1 1 1 1 1
741 8892 -0.615998926319 -0.00897348077741 0.00740663399044 0.71855480965 1 1 1 1 1 1 1 1 1 1 1 1 1 1 1
742 8904 -0.612164206177 -0.00224056703585 0.00595646735661 0.717223719295 1 1 1 1 1 1 1 1 1 1 1 1 1 1 1
743 8916 -0.625108287736 -0.0142050069872 0.00461036779298 0.721676725365 1 1 1 1 1 1 1 1 1 1 1 1 1 1 1
744 8928 -0.636270510464 -0.00771257298703 0.00425017880211 0.73655528295 1 1 1 1 1 1 1 1 1 1 1 1 1 1 1
745 8940 -0.636213848051 -0.000157113211696 0.012393721109 0.736538371423 1 1 1 1 1 1 1 1 1 1 1 1 1 1 1
