% # columns="iteration, evaluation, sigma, void, void,  stds==sigma*sqrt(diag(C))", seed=17, Thu Feb  1 12:29:44 2018, <python>{}</python>
1 12 1.83673912487 0 0 1.82613000708 1.81037532185 1.88199743022 1.80853118415 1.85324947793 1.82171176766 1.83269533951 1.85865690242 1.82201206026 1.84820394387 1.82378675425 1.82382193849 1.85298955747 1.84019573898 1.83463073969
2 24 1.71639642081 0 0 1.69815257396 1.68779429536 1.75859645406 1.67882626379 1.72218129111 1.68608268351 1.71451182188 1.76252196119 1.69970466902 1.73106347246 1.70019462261 1.67269815081 1.73172398773 1.6835139556 1.70669036259
3 36 1.69625397402 0 0 1.68769944726 1.69438051 1.75306309244 1.63537169741 1.72270277742 1.66025693588 1.6845413851 1.76298513872 1.69895409222 1.69506129709 1.65625239238 1.65432678889 1.72692365406 1.65130084026 1.67883125244
4 48 1.70697926617 0 0 1.69133003777 1.75494890959 1.78418533624 1.64486670506 1.7194204949 1.64895112172 1.69880763947 1.78299311532 1.70012614758 1.69858984556 1.67256176976 1.6802479125 1.72605793001 1.60674241376 1.68286917822
5 60 1.7628481471 0 0 1.71127218116 1.8492848909 1.88211035856 1.69296864339 1.73590336323 1.70223112378 1.75427475161 1.85366495776 1.76883886089 1.74607616592 1.74861181909 1.72862506878 1.7846278495 1.65875638732 1.74307017693
6 72 1.78089443487 0 0 1.71574883576 1.87603825667 1.93091529093 1.66227392486 1.75664695053 1.74689352786 1.75562935725 1.84897565836 1.78311678379 1.76600983189 1.76381985505 1.73214832741 1.80841911495 1.65722450701 1.76398424877
7 84 1.91727273472 0 0 1.84005451337 2.06261305384 2.15677209404 1.79998162678 1.88855332139 1.86039925928 1.88461790515 2.019770018 1.94619311621 1.87842853491 1.89659837345 1.89084448207 1.96123033445 1.79097977318 1.91611142507
8 96 2.05029953495 0 0 1.9646639553 2.26279320878 2.41742918641 1.91160316101 2.02040342286 1.99133708373 1.99942935809 2.18437270618 2.09020142715 2.01138827578 1.9925586288 2.02667077376 2.09463218292 1.8939821013 2.05367827488
9 108 2.11583144256 0 0 2.02171062225 2.39814310441 2.55258227594 1.91887655642 2.05634532176 2.05276746444 2.06719046289 2.25039064691 2.15524038422 2.07566852329 2.05666871781 2.09647253733 2.16735587436 1.9445840784 2.12096920673
10 120 1.97822458579 0 0 1.85333211258 2.26572900841 2.38974014194 1.78627422643 1.89414915362 1.89778841096 1.93910928395 2.06178335248 2.00744239077 1.93431499155 1.92172037274 1.99092952896 2.02242759743 1.82782250053 1.9888563818
11 132 1.79482392632 0 0 1.67907223848 2.05708940745 2.14727874841 1.60470221417 1.72149984664 1.72066752751 1.74519906373 1.86999175414 1.801202388 1.7475995507 1.72534228421 1.78604678677 1.82677779435 1.63688675852 1.79412772804
12 144 1.84310584746 0 0 1.71357919924 2.13132639838 2.25094942891 1.61436819863 1.78206943775 1.76014051584 1.77379212781 1.99032716562 1.86233201336 1.80406854127 1.78012348904 1.82118776036 1.93401770051 1.65772358091 1.84557529697
13 156 1.79977121588 0 0 1.67591030385 2.07939120065 2.20133336586 1.57396230188 1.77441650238 1.72125131039 1.68681239484 1.97390404502 1.86909392136 1.75238627714 1.74948394558 1.79476638713 1.90658073999 1.60362846653 1.76979042681
14 168 1.79034188005 0 0 1.68395719309 2.0546337328 2.18391925249 1.55547622607 1.78782985531 1.68736355919 1.66475037499 1.9625462444 1.86380424246 1.75299449783 1.71304809847 1.78063510548 1.85323848873 1.61005410994 1.74417518335
15 180 1.85274168022 0 0 1.70320710793 2.1138866874 2.30363669994 1.60292009626 1.89932425928 1.75136656139 1.72455713349 2.01557385685 1.90927899077 1.83434856394 1.75971013497 1.85010571664 1.90249796547 1.63621776854 1.82778603197
16 192 1.85122678793 0 0 1.69535749176 2.10605087504 2.3050053021 1.57909767601 1.89837867239 1.74056029703 1.72666374568 2.00941852744 1.90717681319 1.85315216706 1.73043198776 1.84197559469 1.89116247636 1.6250905564 1.78231607423
17 204 1.820871048 0 0 1.67184748662 2.07100120325 2.23910086443 1.55893837605 1.84063694987 1.69468591054 1.69245664669 2.00174099486 1.93140593184 1.81047338204 1.6742592612 1.79935549654 1.86818677522 1.60330402827 1.75854784582
18 216 1.75424286796 0 0 1.59311448053 2.00300979829 2.17043993991 1.48691633389 1.76738269703 1.62286446772 1.62867950964 1.93008477978 1.86288248602 1.7349922917 1.60986641125 1.72105786938 1.75681818294 1.54302398001 1.71354752222
19 228 1.7466660266 0 0 1.57892412792 1.97245841453 2.14233432356 1.50362651151 1.76424941952 1.62148090995 1.61434915111 1.90688659368 1.86216423285 1.7580997654 1.60007452647 1.71652029445 1.75787963668 1.51743330631 1.74342557945
20 240 1.79800463547 0 0 1.62385953469 2.01643602781 2.1981643118 1.5657661596 1.81558663303 1.65955921252 1.67507662241 1.95773771101 1.95428691869 1.79863945188 1.63826844509 1.71589081272 1.81100836423 1.55381536314 1.82544124649
21 252 1.81723259931 0 0 1.62555892073 2.01117756459 2.19804095294 1.58236188451 1.83150681782 1.67905058736 1.69764585495 1.97353390459 2.01511003118 1.7938490182 1.67441658143 1.71278881691 1.82760241838 1.56729221104 1.85729170693
22 264 1.84014000987 0 0 1.64156554128 2.02936533896 2.18554821543 1.59772970336 1.87399836208 1.70007136232 1.70954188288 2.00779685646 2.04765168348 1.80135188726 1.69141320395 1.70822868004 1.85016864397 1.57052579188 1.88559896875
23 276 1.77842475055 0 0 1.59263265295 1.93710766819 2.07379420862 1.53731031346 1.79492623985 1.63445529861 1.63563339827 1.9249154501 1.98973015304 1.73436333221 1.63519357931 1.62774856687 1.79470606887 1.52649846497 1.83390051522
24 288 1.72739907727 0 0 1.5549929475 1.87431147645 1.98858235843 1.50618441199 1.74197727778 1.5701275227 1.60679916258 1.86619717041 1.91265272981 1.68990509144 1.59816969651 1.57819325138 1.73781081561 1.46475404553 1.77873635754
25 300 1.67939912654 0 0 1.52745155249 1.72576941204 1.92664916586 1.47508197255 1.70055783879 1.50740128123 1.57025158133 1.81366316351 1.85760809638 1.62611191849 1.57852878512 1.54328652019 1.6973567413 1.41091333954 1.72615145141
26 312 1.644227752 0 0 1.50222798127 1.66607971181 1.86219134327 1.44148017958 1.67647050595 1.43590170165 1.52031957204 1.75779674539 1.82912299345 1.58809826181 1.54137304423 1.50426382222 1.66963101582 1.38924609601 1.69034880403
27 324 1.58028850098 0 0 1.4450593875 1.6024965412 1.73238610716 1.38744575528 1.62834207521 1.38009282893 1.46275999116 1.70237913368 1.77944651599 1.52526465966 1.48442550149 1.44134456017 1.59013654194 1.32977973944 1.61654588876
28 336 1.54438945743 0 0 1.39947109591 1.54901159161 1.68678643396 1.37691714322 1.5956629376 1.35100967583 1.40626035285 1.67057652745 1.74204516269 1.50532947716 1.43773333745 1.40302009792 1.5388466422 1.30335060369 1.59491386781
29 348 1.51000272471 0 0 1.35957708905 1.52507675932 1.64844060469 1.36713168827 1.55984563582 1.31182032265 1.38091552017 1.61793422668 1.65082479403 1.47128679942 1.3996715641 1.35791033614 1.50307839975 1.27382569318 1.58264253093
30 360 1.47739715151 0 0 1.3377854103 1.48982831219 1.5995688888 1.33538009986 1.52190158528 1.27158621525 1.32383503708 1.57154438019 1.60175346789 1.47045268635 1.38108658911 1.310265954 1.46220937799 1.2610952997 1.53878515049
31 372 1.39434888937 0 0 1.26652771495 1.40708560292 1.51086333725 1.25516122279 1.44523753048 1.18662535889 1.25126164729 1.48540483984 1.47694155332 1.39407788439 1.30914104513 1.2369426559 1.36135617526 1.18989835185 1.44777142431
32 384 1.27696290382 0 0 1.16323593931 1.25944845333 1.36860088728 1.14315562825 1.31968031269 1.08484880095 1.14736842861 1.36278568817 1.33226678427 1.28964443769 1.1865094697 1.12881713929 1.24372330649 1.08785756838 1.3165789634
33 396 1.18152130511 0 0 1.08331160524 1.16358292062 1.2266924305 1.05913727592 1.23501601402 1.00439678339 1.06079698672 1.26600082541 1.23138231165 1.20298971281 1.09786554917 1.03971395347 1.1446382561 0.995969486892 1.20258640994
34 408 1.07867162772 0 0 0.991154913476 1.04961918053 1.11151324477 0.949838701628 1.12626056246 0.904650277029 0.968844231417 1.14839135206 1.12391635688 1.10544608552 0.996753076485 0.941018368995 1.05325369054 0.900767659266 1.10320001405
35 420 1.06264818425 0 0 0.977125158395 1.03637615705 1.09531318172 0.922775892478 1.09936772427 0.892266928941 0.944001462316 1.1337148371 1.10867899482 1.09399118558 0.982955495706 0.9209788093 1.0380665723 0.887730316388 1.09396692513
36 432 1.06064458351 0 0 0.99130725869 1.03431370535 1.07983249557 0.920908890715 1.10866150007 0.896885808934 0.932497048518 1.13715414226 1.10932775605 1.07678303367 0.975212955098 0.91959253522 1.04409117394 0.881310541817 1.10240504765
37 444 1.03515095091 0 0 0.965278424326 1.00759272018 1.04027208059 0.89825740312 1.07333024508 0.874182793778 0.919920935285 1.10558018308 1.07774380516 1.05705201775 0.951802333766 0.898240506117 1.02988679493 0.855756510591 1.05372437988
38 456 0.992220870464 0 0 0.914332053614 0.963322435389 0.967318812476 0.865914094287 1.02536268842 0.839491132945 0.871012100075 1.05819451746 1.03269570715 1.01843411592 0.912493806284 0.859725163993 0.986318348681 0.811538184349 1.01976692603
39 468 0.984892567261 0 0 0.90854251444 0.950084053299 0.942621346181 0.854638301658 1.02478671327 0.84622207136 0.860420802804 1.04482650859 1.03512732641 0.99874893323 0.891283139371 0.84049707469 0.977282740875 0.804629528866 1.01615217501
40 480 0.988821085101 0 0 0.895482232359 0.950225449958 0.944686866882 0.863434194127 1.01987720808 0.870441519423 0.85314948365 1.04117850925 1.04303880073 0.988178676039 0.901007446188 0.843979847736 0.974110131854 0.821414479818 1.02122934488
41 492 1.00046843119 0 0 0.906123284183 0.960058540296 0.943347693903 0.872136117404 1.05043656579 0.882762157209 0.86600174056 1.04536153005 1.06996259616 0.997683992425 0.893622977797 0.856742217373 0.993325947155 0.838880177393 1.02697534285
42 504 1.0385150316 0 0 0.948515065943 0.991559187093 0.970593728212 0.905131117807 1.12140903084 0.91368283855 0.906631088936 1.0852553775 1.11066139224 1.02961616448 0.931822414381 0.87465283857 1.01213482306 0.856543775076 1.06751572705
43 516 1.03553446382 0 0 0.944765250443 0.994501363024 0.967409579767 0.896350526972 1.12114093581 0.915059909363 0.895698656519 1.07221476001 1.10994409704 1.00268825286 0.917694983519 0.868437535589 1.01279606511 0.850786141858 1.08411748157
44 528 1.02974357359 0 0 0.928700787176 0.983804439684 0.959541461862 0.89498132727 1.09822593562 0.908431932249 0.905773601997 1.05260795535 1.08076808131 1.00412212944 0.912962917207 0.86557852861 1.01159259453 0.84820636436 1.0861039829
45 540 0.98114965041 0 0 0.889976257652 0.936632588849 0.903294619783 0.831330954595 1.05207204803 0.865749004301 0.862571944581 1.00593710338 1.02648665585 0.940676650828 0.871694205597 0.820573118501 0.96201114531 0.798927103835 1.03403581568
46 552 0.926503661818 0 0 0.85113099679 0.871217546636 0.84002252061 0.787399915988 0.986950199646 0.812270880224 0.818988002128 0.941452859937 0.985038782125 0.873925609284 0.818472381248 0.773945673549 0.913536373424 0.753755182622 0.970077265001
47 564 0.905176721881 0 0 0.844908429043 0.845369374688 0.823528458093 0.778774335204 0.9684545872 0.787319744012 0.79302468064 0.918819136306 0.951165859753 0.849767568902 0.795105935464 0.764393161784 0.875364339141 0.733004191165 0.952983028951
48 576 0.894906861222 0 0 0.837079813467 0.8327057106 0.81487322648 0.760425524943 0.948802854001 0.781364225429 0.787419881398 0.906721369539 0.928308840115 0.828532497654 0.782100038956 0.751154981733 0.855141870883 0.730310615451 0.941832491408
49 588 0.907819318012 0 0 0.845007722822 0.842274076818 0.831189990397 0.771654472636 0.957905433163 0.794588924436 0.799345078797 0.935521210766 0.938181276434 0.832131353409 0.798856915079 0.752936690436 0.86303190667 0.730753062287 0.961980273679
50 600 0.907271580572 0 0 0.840476488964 0.847864394031 0.826875006197 0.771144664447 0.946101469525 0.788906950048 0.794144510057 0.93847107598 0.952888775668 0.828480811207 0.818412056345 0.753682771936 0.849733466751 0.730372093673 0.965671477635
51 612 0.931947626168 0 0 0.868740681591 0.880359384102 0.843918953637 0.786117419632 0.958890387686 0.824106049169 0.820175866637 0.955963151551 0.980596414434 0.881702509299 0.851753739759 0.787951095947 0.866205970858 0.748516565753 0.985258471851
52 624 0.895258218273 0 0 0.836846991265 0.837016317265 0.817025758013 0.739927341791 0.922102351526 0.792156603848 0.793430939679 0.914651680071 0.951404844492 0.835976877861 0.805650178667 0.756662954072 0.828011781669 0.715787681391 0.958754223442
53 636 0.870372221359 0 0 0.811327784002 0.798195989621 0.788247806695 0.71832538669 0.897092002962 0.757568137061 0.782498563249 0.878788731744 0.931056976276 0.824523386713 0.777914212626 0.737159931349 0.804852694049 0.704013296646 0.947398138655
54 648 0.836337053591 0 0 0.772682074825 0.766147891383 0.746490658337 0.692483609808 0.859475994687 0.730244639848 0.763282295414 0.84522119695 0.913883564676 0.774608297647 0.750471527198 0.705813221926 0.770058312988 0.665413553459 0.906027920318
55 660 0.831218060602 0 0 0.767915018941 0.749711033695 0.738503083618 0.68837389102 0.873692956902 0.719427557495 0.752982512775 0.84029563841 0.910712599271 0.774802265678 0.748686418916 0.688817753759 0.769713310471 0.664239011282 0.900746595993
56 672 0.840405546391 0 0 0.775646988193 0.758454695018 0.743807248768 0.695349506505 0.885625536641 0.726099487314 0.755095378679 0.884166968476 0.914361365335 0.78283120809 0.757977739052 0.690623260133 0.78540656224 0.657401044497 0.914014514677
57 684 0.84812419076 0 0 0.782763904748 0.766040605273 0.747486381772 0.702963934197 0.909221183571 0.720927923313 0.750420245492 0.904421236997 0.931198755598 0.786854260216 0.756193947155 0.686148535433 0.793401229513 0.662396335525 0.923142139848
58 696 0.901421263509 0 0 0.815792188081 0.819031563023 0.781332340788 0.750994677517 1.01086198201 0.763788412675 0.794354151469 0.958941767622 0.991602842513 0.836921114201 0.805379089132 0.729685084339 0.840767725761 0.704525511224 0.987182063732
59 708 0.901672523981 0 0 0.806282084232 0.820066892656 0.764738286473 0.749552296766 1.01061001422 0.764405971502 0.790834262143 0.969917290306 0.987851227813 0.843988618717 0.815958590594 0.739950015107 0.83947127743 0.704517598878 0.986150563541
60 720 0.932842448104 0 0 0.826553376335 0.861353011903 0.792452322751 0.777772485366 1.06983079359 0.780279169812 0.812436770811 1.01884925142 1.02695175621 0.882932765802 0.846099886996 0.751132224537 0.883472217318 0.723173026968 1.02441614451
61 732 0.985885144424 0 0 0.883156799366 0.908209653451 0.833758287218 0.808138359922 1.17171717748 0.827573916528 0.864978613031 1.07455407072 1.07943820666 0.927430143548 0.887278757287 0.784968405814 0.934039153602 0.774200914717 1.08345315228
62 744 0.969472887988 0 0 0.875085756712 0.89650174058 0.826696065437 0.770886174556 1.14692462816 0.819705446552 0.85472911671 1.0556312037 1.07237563267 0.910290014278 0.863572330842 0.774011722878 0.917868780297 0.749697106396 1.06204693896
63 756 0.938956443633 0 0 0.850222100145 0.879045633914 0.803883294305 0.743123857639 1.11583720842 0.785020777209 0.824897371618 1.03389267861 1.03593339296 0.891719507269 0.838158464528 0.745972712077 0.898983800325 0.728658730654 1.04084723708
64 768 0.945136815568 0 0 0.861275811141 0.898519957674 0.807317966297 0.752869827806 1.14412302826 0.786384678027 0.831619288688 1.04212395713 1.04283216236 0.896956996549 0.843177772723 0.748932437688 0.903043901058 0.727914748205 1.07356594209
65 780 0.948242877458 0 0 0.864801350227 0.888890602283 0.804507369699 0.757011144375 1.1564213027 0.781421840865 0.84016284685 1.04235218025 1.04364529429 0.884390763729 0.844698372525 0.743519694284 0.911331919478 0.73239759563 1.07720069071
66 792 0.948576571181 0 0 0.862708109858 0.891381608876 0.79630519112 0.755891184503 1.15469917924 0.778613117766 0.842948139583 1.04355851025 1.02796391401 0.871792324991 0.838739230924 0.736120997251 0.919272903942 0.731780458064 1.07540242736
67 804 0.956271529767 0 0 0.866606851327 0.898209986183 0.802123591183 0.764593270508 1.15381931082 0.786447511643 0.856358492497 1.06135911595 1.03627921453 0.888204931096 0.849775213884 0.713522037038 0.931482327665 0.736189838445 1.08070321496
68 816 0.945994074446 0 0 0.854969144806 0.890150492133 0.78677227993 0.758614461101 1.14604771268 0.761084179094 0.851566139996 1.0487590401 1.0289105563 0.87509715106 0.851621213683 0.707539326057 0.911486914983 0.724678035731 1.07251450054
69 828 0.945942240598 0 0 0.867606454407 0.880779254001 0.786581140649 0.756400749392 1.13667365485 0.766821669265 0.858337775126 1.04063439799 1.0494861416 0.864977360598 0.844508149482 0.701404066022 0.916853677792 0.73558712969 1.07521100711
70 840 0.894117738358 0 0 0.820734873116 0.830598960158 0.740454290706 0.703774641279 1.06904642868 0.725764690492 0.816604792718 0.982610953452 0.973098162982 0.812462769161 0.805263524401 0.660047241358 0.875792113493 0.690234331647 1.00851802667
71 852 0.888799278864 0 0 0.816862711776 0.815861514883 0.726280546241 0.70104093793 1.0685836577 0.72567595804 0.812316026406 0.968732119165 0.96996871595 0.80471715269 0.803863974561 0.664331176926 0.873969876986 0.68285866963 0.998909177875
72 864 0.906429087074 0 0 0.824597089886 0.825252565297 0.723323818037 0.721081095443 1.10018490495 0.736334461356 0.841088785325 0.987800826931 0.984782985858 0.827212651245 0.851521642095 0.671529197682 0.889943073528 0.686973020739 1.01753109399
73 876 0.934741402743 0 0 0.864977485472 0.857518732801 0.743540535297 0.741073594011 1.11584925643 0.778992051474 0.868553440738 1.01755663024 1.02115592285 0.84906632938 0.8669752818 0.699545095674 0.918882403153 0.709525993198 1.03729158612
74 888 0.942122609046 0 0 0.87487267514 0.856986369093 0.749595712892 0.741761138422 1.12095234774 0.798182026701 0.86436588014 1.02744230295 1.01044460403 0.858569441912 0.876226374848 0.702135848599 0.923202442024 0.708620008234 1.04007466498
75 900 0.881657384676 0 0 0.815585453565 0.796901868818 0.69473321834 0.702264683635 1.03647178219 0.745265971949 0.806937231378 0.946454203259 0.946212897011 0.793042266785 0.822307450054 0.661631205579 0.865180427922 0.655520050269 0.979989095465
76 912 0.794496382791 0 0 0.738554118955 0.722335475358 0.626575549841 0.62363927559 0.943667597192 0.668891162727 0.717869845925 0.839354492288 0.847509079015 0.708379004778 0.735001784761 0.600631883319 0.778843791827 0.582321555879 0.880669051874
77 924 0.750135447148 0 0 0.689627127174 0.676933353804 0.594020926749 0.579833366567 0.889013938495 0.632099233614 0.673660397246 0.795082319976 0.782026905491 0.6719176261 0.69333084784 0.565649398905 0.716331443506 0.549677044276 0.833292346321
78 936 0.714751840285 0 0 0.655976570241 0.636692873525 0.562578473962 0.552687702308 0.860801259696 0.602377121652 0.638463433538 0.765911874636 0.742469185492 0.636053663447 0.661743135013 0.536323510815 0.660189429623 0.518445992659 0.79944389932
79 948 0.718820722776 0 0 0.662490835804 0.637446563391 0.559961611382 0.55320967895 0.866155004263 0.60281658909 0.641733931564 0.761955690371 0.745237421964 0.634265605153 0.665906272403 0.544237032833 0.667641722413 0.523667439988 0.805303313425
80 960 0.724673807096 0 0 0.671103918744 0.657519766953 0.558815849704 0.549148683096 0.872336641793 0.608640820421 0.648695535945 0.760444537968 0.756653843317 0.638649026205 0.672060245697 0.547477535082 0.677559970038 0.530452929584 0.803925654774
81 972 0.740316715369 0 0 0.674855515017 0.676028962122 0.575032188614 0.548886183439 0.888232387373 0.615941505848 0.676730225262 0.764644231991 0.769716876401 0.648894814283 0.687163850075 0.566195916526 0.678916741484 0.543129504458 0.822288086457
82 984 0.735815045453 0 0 0.67600416495 0.682903266149 0.563628087606 0.542809661768 0.876632071075 0.602807682904 0.666589120918 0.759388413521 0.775674607023 0.640993306151 0.681729088971 0.565636016536 0.676482052778 0.540658637089 0.816285616227
83 996 0.709989050383 0 0 0.657546361991 0.65547603262 0.543648306235 0.513329764776 0.853144464253 0.575809101148 0.639078888711 0.724290207073 0.759338923706 0.610123574718 0.655624282855 0.538011116766 0.662355269052 0.524683967854 0.770870606808
84 1008 0.714964091033 0 0 0.664423617317 0.657527027859 0.54258736795 0.515175501256 0.871455726338 0.569553655905 0.643155262662 0.730160090678 0.77060521208 0.614449973823 0.661174145953 0.543856776242 0.668336978445 0.519320075923 0.779559329942
85 1020 0.699116180838 0 0 0.65068982279 0.638613977495 0.530557055465 0.503431188953 0.864497122254 0.55324099643 0.632586902362 0.7191005553 0.76680687239 0.582925673973 0.644454373902 0.523839522227 0.648347411965 0.505258704815 0.768894545442
86 1032 0.66045948291 0 0 0.616406333847 0.605666270105 0.502528856563 0.474346324796 0.804915936317 0.523829215563 0.592895242777 0.677010837549 0.729524564975 0.549504618636 0.610454488775 0.494001391692 0.607800815372 0.469963492541 0.723646114967
87 1044 0.66725178847 0 0 0.612388359824 0.605570156782 0.503593703711 0.477886308905 0.815063519743 0.524122056912 0.613700211522 0.687527575621 0.768277419844 0.556538925026 0.609271196688 0.500437739744 0.615295513465 0.469545993314 0.724316589651
88 1056 0.64267838273 0 0 0.581216711401 0.572924377564 0.478270723707 0.456604273432 0.780553611928 0.502446191555 0.595806089122 0.655263257073 0.744434690847 0.542720175194 0.583523214111 0.477601397423 0.588600432702 0.448740535617 0.694089026813
89 1068 0.600629806466 0 0 0.533122203804 0.52976980538 0.44591533056 0.429987260043 0.727169217909 0.465679015001 0.556170815203 0.615537124754 0.699789364107 0.513195630482 0.54370649651 0.436562889969 0.548113703523 0.419425295931 0.645930109629
90 1080 0.564605969034 0 0 0.495869244066 0.500904046712 0.412296229457 0.403348518021 0.682738586929 0.4366996271 0.519931807304 0.571486091139 0.651700398448 0.482556940177 0.507760844676 0.406362538352 0.516481101383 0.388564354851 0.606934827741
91 1092 0.524688453436 0 0 0.458782920009 0.464751125123 0.383632278524 0.372244356699 0.636849806709 0.405881122665 0.482127856829 0.52742848068 0.605107640802 0.445058316908 0.464373288003 0.377999655416 0.473151572735 0.359164489796 0.558801196774
92 1104 0.49605231009 0 0 0.433714130814 0.439788382804 0.364281678071 0.350611420258 0.606102607574 0.384236861246 0.448987702778 0.493178115893 0.569189286954 0.417234617879 0.442158353536 0.357607771771 0.44254489149 0.339209669624 0.528343649838
