% # columns="iteration, evaluation, min max(neg(.)) min(pos(.)) max correlation, correlation matrix principle axes lengths  (sorted square roots of eigenvalues of correlation matrix)", seed=16, Mon Jan 29 12:17:37 2018
1 12 -0.0390361016264 -0.000161556720801 5.64847909194e-05 0.0453398471668 1 1 1 1 1 1 1 1 1 1 1 1 1 1 1
2 24 -0.0615843908121 -0.000146178825781 0.000139021425316 0.0633941447245 1 1 1 1 1 1 1 1 1 1 1 1 1 1 1
3 36 -0.066015465287 -0.000190510721708 0.00202355835709 0.0673918803543 1 1 1 1 1 1 1 1 1 1 1 1 1 1 1
4 48 -0.0984579346368 -0.000105730227495 0.000448621229206 0.0967306461295 1 1 1 1 1 1 1 1 1 1 1 1 1 1 1
5 60 -0.106312747879 -0.000677977743739 0.00120759724461 0.153862011517 1 1 1 1 1 1 1 1 1 1 1 1 1 1 1
6 72 -0.131756001731 -0.00188497906429 0.00398727810694 0.172105358613 1 1 1 1 1 1 1 1 1 1 1 1 1 1 1
7 84 -0.160393078684 -0.000227508713801 0.000673164826978 0.182260810842 1 1 1 1 1 1 1 1 1 1 1 1 1 1 1
8 96 -0.185942824249 -0.00208470945794 0.000392056227562 0.239697098163 1 1 1 1 1 1 1 1 1 1 1 1 1 1 1
9 108 -0.177907687002 -0.000110712040902 0.000233578773822 0.248446046298 1 1 1 1 1 1 1 1 1 1 1 1 1 1 1
10 120 -0.181003926522 -0.000331424427949 0.000724900977023 0.231164765658 1 1 1 1 1 1 1 1 1 1 1 1 1 1 1
11 132 -0.161819160445 -0.000739054108266 0.0024743422753 0.221757179344 1 1 1 1 1 1 1 1 1 1 1 1 1 1 1
12 144 -0.166755440642 -0.000768248453578 0.000854063482749 0.221434617472 1 1 1 1 1 1 1 1 1 1 1 1 1 1 1
13 156 -0.169898859977 -0.00029403472947 0.000680865199837 0.222417144803 1 1 1 1 1 1 1 1 1 1 1 1 1 1 1
14 168 -0.178080628 -0.00015797356822 0.000193246551108 0.224215629921 1 1 1 1 1 1 1 1 1 1 1 1 1 1 1
15 180 -0.178697130901 -0.00105672488944 0.00188716757854 0.247650778891 1 1 1 1 1 1 1 1 1 1 1 1 1 1 1
16 192 -0.180172899893 -0.00167610766216 0.000226448020373 0.237792099427 1 1 1 1 1 1 1 1 1 1 1 1 1 1 1
17 204 -0.1901634094 -0.00350025362864 0.00178297531396 0.224318876572 1 1 1 1 1 1 1 1 1 1 1 1 1 1 1
18 216 -0.194600055132 -0.00263318281289 0.00719608707186 0.225377981227 1 1 1 1 1 1 1 1 1 1 1 1 1 1 1
19 228 -0.163248003381 -0.00482566446651 0.00439925569753 0.192559291204 1 1 1 1 1 1 1 1 1 1 1 1 1 1 1
20 240 -0.152181411206 -0.00407774839532 0.00159040483053 0.219391379683 1 1 1 1 1 1 1 1 1 1 1 1 1 1 1
21 252 -0.170427728604 -0.000617007900198 0.0016090653959 0.221886233406 1 1 1 1 1 1 1 1 1 1 1 1 1 1 1
22 264 -0.143180208617 -1.42870529163e-05 0.00240582296229 0.229332347061 1 1 1 1 1 1 1 1 1 1 1 1 1 1 1
23 276 -0.165619243886 -0.00577101024098 0.000571151384419 0.25585506308 1 1 1 1 1 1 1 1 1 1 1 1 1 1 1
24 288 -0.186201622492 -0.000265783469452 0.000584594537046 0.267416298645 1 1 1 1 1 1 1 1 1 1 1 1 1 1 1
25 300 -0.199196749883 -0.00228289250989 9.01306053411e-05 0.259450765971 1 1 1 1 1 1 1 1 1 1 1 1 1 1 1
26 312 -0.221945446573 -0.00420315998948 3.29877571649e-05 0.278183185181 1 1 1 1 1 1 1 1 1 1 1 1 1 1 1
27 324 -0.217182242143 -0.00225434090651 0.000572139896983 0.294886738985 1 1 1 1 1 1 1 1 1 1 1 1 1 1 1
28 336 -0.227737826034 -0.000473811165418 0.00094388958348 0.293157426905 1 1 1 1 1 1 1 1 1 1 1 1 1 1 1
29 348 -0.236977974499 -0.00143439708772 0.00067182333085 0.300031825747 1 1 1 1 1 1 1 1 1 1 1 1 1 1 1
30 360 -0.245322709133 -0.0024227939933 0.00227457387121 0.295653061619 1 1 1 1 1 1 1 1 1 1 1 1 1 1 1
31 372 -0.217485438253 -0.00166511282531 0.00188036790412 0.283368874102 1 1 1 1 1 1 1 1 1 1 1 1 1 1 1
32 384 -0.213448457967 -0.00190002278575 0.000177396030967 0.284412719482 1 1 1 1 1 1 1 1 1 1 1 1 1 1 1
33 396 -0.214416712436 -0.00232368619693 0.00183231072866 0.286215870129 1 1 1 1 1 1 1 1 1 1 1 1 1 1 1
34 408 -0.230483974841 -4.05924697663e-05 0.00262130752778 0.270254429422 1 1 1 1 1 1 1 1 1 1 1 1 1 1 1
35 420 -0.238254550915 -0.0125040093216 0.00746615789141 0.263172463538 1 1 1 1 1 1 1 1 1 1 1 1 1 1 1
36 432 -0.222561227862 -0.00760981769009 0.00148068326438 0.246281092124 1 1 1 1 1 1 1 1 1 1 1 1 1 1 1
37 444 -0.240915169935 -0.000835297725625 0.00384080641867 0.232778390369 1 1 1 1 1 1 1 1 1 1 1 1 1 1 1
38 456 -0.241089373368 -0.00116001829221 0.00144219850364 0.22923317904 1 1 1 1 1 1 1 1 1 1 1 1 1 1 1
39 468 -0.224342927506 -0.00265120458706 0.0079683866261 0.213929730133 1 1 1 1 1 1 1 1 1 1 1 1 1 1 1
40 480 -0.233073937745 -0.00142073742043 0.00613065307409 0.216842259179 1 1 1 1 1 1 1 1 1 1 1 1 1 1 1
41 492 -0.262572002129 -7.19417587864e-05 0.00272876087132 0.191279224421 1 1 1 1 1 1 1 1 1 1 1 1 1 1 1
42 504 -0.255667780903 -0.000425317728055 0.00283627801522 0.193091029877 1 1 1 1 1 1 1 1 1 1 1 1 1 1 1
43 516 -0.247083526308 -0.00401237260736 0.00287020969318 0.198473495533 1 1 1 1 1 1 1 1 1 1 1 1 1 1 1
44 528 -0.252134225824 -0.000174471455687 0.00178707719688 0.189623822484 1 1 1 1 1 1 1 1 1 1 1 1 1 1 1
45 540 -0.294130346181 -0.00557525377059 0.000900608469684 0.196108335649 1 1 1 1 1 1 1 1 1 1 1 1 1 1 1
46 552 -0.316651670301 -0.00127729647224 0.000735435714601 0.197828187518 1 1 1 1 1 1 1 1 1 1 1 1 1 1 1
47 564 -0.288184191787 -0.00018808233495 0.000985918649421 0.201093950605 1 1 1 1 1 1 1 1 1 1 1 1 1 1 1
48 576 -0.291795605685 -0.00113366289808 0.011570894897 0.20199071699 1 1 1 1 1 1 1 1 1 1 1 1 1 1 1
49 588 -0.289858069079 -0.0030561120338 0.000373545354126 0.202681051691 1 1 1 1 1 1 1 1 1 1 1 1 1 1 1
50 600 -0.303520113658 -0.0018603356827 0.00338293431776 0.200614335742 1 1 1 1 1 1 1 1 1 1 1 1 1 1 1
51 612 -0.294069285051 -0.000327709772764 0.000238291024663 0.198598808594 1 1 1 1 1 1 1 1 1 1 1 1 1 1 1
52 624 -0.301472487324 -0.000533855776602 0.00193373338067 0.182835323338 1 1 1 1 1 1 1 1 1 1 1 1 1 1 1
53 636 -0.316591854706 -0.00692054615548 0.00376278178801 0.191635438416 1 1 1 1 1 1 1 1 1 1 1 1 1 1 1
54 648 -0.321525305672 -0.00174344409171 8.65898322861e-05 0.180743951254 1 1 1 1 1 1 1 1 1 1 1 1 1 1 1
55 660 -0.321685799911 -0.00777514265177 0.00545123681827 0.177688292918 1 1 1 1 1 1 1 1 1 1 1 1 1 1 1
56 672 -0.334617928718 -0.00186749711923 0.00019933230358 0.16761601653 1 1 1 1 1 1 1 1 1 1 1 1 1 1 1
57 684 -0.334192672024 -0.00333643174991 0.00313946882422 0.15540374034 1 1 1 1 1 1 1 1 1 1 1 1 1 1 1
58 696 -0.340610337245 -0.00255613723189 0.00150591692404 0.177206253787 1 1 1 1 1 1 1 1 1 1 1 1 1 1 1
59 708 -0.352132684539 -0.000877027743414 0.000215560893885 0.174654428473 1 1 1 1 1 1 1 1 1 1 1 1 1 1 1
60 720 -0.351035498296 -0.000803819272491 0.000643885561334 0.179808298412 1 1 1 1 1 1 1 1 1 1 1 1 1 1 1
61 732 -0.364129271471 -0.00174530221442 2.58800666686e-05 0.181998403329 1 1 1 1 1 1 1 1 1 1 1 1 1 1 1
62 744 -0.360568464487 -0.000425022629278 0.000307809586367 0.203672731279 1 1 1 1 1 1 1 1 1 1 1 1 1 1 1
63 756 -0.372680005898 -0.000476907987741 0.00369161297797 0.223692948803 1 1 1 1 1 1 1 1 1 1 1 1 1 1 1
64 768 -0.371651887955 -0.000843211743071 0.00200746324353 0.233364936221 1 1 1 1 1 1 1 1 1 1 1 1 1 1 1
65 780 -0.385034958929 -0.000547304571897 0.000136406226334 0.243499131776 1 1 1 1 1 1 1 1 1 1 1 1 1 1 1
66 792 -0.380348153059 -6.89911043302e-05 0.000740082049574 0.236292003359 1 1 1 1 1 1 1 1 1 1 1 1 1 1 1
67 804 -0.389480939858 -0.00221320979742 0.000149698309695 0.244152899592 1 1 1 1 1 1 1 1 1 1 1 1 1 1 1
68 816 -0.394370517651 -0.000390576816004 0.00365650983898 0.259172386768 1 1 1 1 1 1 1 1 1 1 1 1 1 1 1
69 828 -0.378433729345 -0.00242821797013 0.00190834387636 0.250250161357 1 1 1 1 1 1 1 1 1 1 1 1 1 1 1
70 840 -0.379863692636 -0.00560544902331 0.00839204995225 0.213684231999 1 1 1 1 1 1 1 1 1 1 1 1 1 1 1
71 852 -0.395618955004 -0.00319608973041 2.21322439108e-05 0.214920671629 1 1 1 1 1 1 1 1 1 1 1 1 1 1 1
72 864 -0.426075456768 -0.00689004229298 0.00308287487912 0.219395600877 1 1 1 1 1 1 1 1 1 1 1 1 1 1 1
73 876 -0.430486144917 -0.00177654000783 0.000764431150864 0.243752604558 1 1 1 1 1 1 1 1 1 1 1 1 1 1 1
74 888 -0.428386984196 -0.00143970817821 0.00140688395643 0.269810187153 1 1 1 1 1 1 1 1 1 1 1 1 1 1 1
75 900 -0.441225518955 -0.00131522288985 0.00154869123582 0.2900061269 1 1 1 1 1 1 1 1 1 1 1 1 1 1 1
76 912 -0.442611381542 -0.0018341179257 0.00695302166392 0.298794528939 1 1 1 1 1 1 1 1 1 1 1 1 1 1 1
77 924 -0.465265417538 -0.00168370934163 0.00799574712027 0.295708020957 1 1 1 1 1 1 1 1 1 1 1 1 1 1 1
78 936 -0.462955193904 -0.00558251655982 0.00207567833374 0.302241641756 1 1 1 1 1 1 1 1 1 1 1 1 1 1 1
79 948 -0.441149764947 -0.0025531097101 0.00164511035363 0.302892845695 1 1 1 1 1 1 1 1 1 1 1 1 1 1 1
80 960 -0.44171612631 -0.000253514991866 0.000100518748583 0.302716731254 1 1 1 1 1 1 1 1 1 1 1 1 1 1 1
81 972 -0.453044105692 -0.00329273663053 0.000650227820834 0.301875843335 1 1 1 1 1 1 1 1 1 1 1 1 1 1 1
82 984 -0.466664516661 -0.00187815966851 0.0011745006295 0.301771767555 1 1 1 1 1 1 1 1 1 1 1 1 1 1 1
83 996 -0.447338439579 -0.00504106840064 0.00211336944469 0.312033129933 1 1 1 1 1 1 1 1 1 1 1 1 1 1 1
84 1008 -0.4508782635 -0.00129136826007 0.00391312869242 0.31073255141 1 1 1 1 1 1 1 1 1 1 1 1 1 1 1
85 1020 -0.444397507945 -0.0033534534562 0.0024719164351 0.305830402545 1 1 1 1 1 1 1 1 1 1 1 1 1 1 1
86 1032 -0.438790096031 -0.000238300996562 0.00292008220076 0.310383433793 1 1 1 1 1 1 1 1 1 1 1 1 1 1 1
87 1044 -0.452054229802 -0.00944180633024 0.000538874345302 0.302176316497 1 1 1 1 1 1 1 1 1 1 1 1 1 1 1
88 1056 -0.432262502021 -0.00689626686985 0.000796262558948 0.310719075826 1 1 1 1 1 1 1 1 1 1 1 1 1 1 1
89 1068 -0.415953256872 -0.00433929985083 0.0039189747511 0.313942116916 1 1 1 1 1 1 1 1 1 1 1 1 1 1 1
90 1080 -0.42591014514 -0.0004200432534 0.00029464223101 0.320850147437 1 1 1 1 1 1 1 1 1 1 1 1 1 1 1
91 1092 -0.427768682279 -0.00401025397804 0.0011657639132 0.343178226157 1 1 1 1 1 1 1 1 1 1 1 1 1 1 1
92 1104 -0.433931421835 -0.00224306013232 0.00337515953479 0.344904343493 1 1 1 1 1 1 1 1 1 1 1 1 1 1 1
93 1116 -0.433650067689 -0.000385905320248 0.00320865601004 0.373504140032 1 1 1 1 1 1 1 1 1 1 1 1 1 1 1
94 1128 -0.413385462447 -0.00200069440683 0.000349208979583 0.37103170469 1 1 1 1 1 1 1 1 1 1 1 1 1 1 1
95 1140 -0.426051805071 -0.00142062410155 0.000187953993622 0.359408931143 1 1 1 1 1 1 1 1 1 1 1 1 1 1 1
96 1152 -0.44720459803 -0.00728053119924 0.00400058366871 0.367005513989 1 1 1 1 1 1 1 1 1 1 1 1 1 1 1
97 1164 -0.442672822153 -0.00196296344745 0.00505110557617 0.367631522069 1 1 1 1 1 1 1 1 1 1 1 1 1 1 1
98 1176 -0.436561858027 -0.00448128150983 0.00621502181319 0.347708891223 1 1 1 1 1 1 1 1 1 1 1 1 1 1 1
99 1188 -0.447583672031 -0.00209193958277 0.000448994618029 0.338245771821 1 1 1 1 1 1 1 1 1 1 1 1 1 1 1
100 1200 -0.453491700634 -0.000470871083207 0.00324694273352 0.353090150969 1 1 1 1 1 1 1 1 1 1 1 1 1 1 1
101 1212 -0.449336956342 -0.00047237829339 0.000763626970163 0.357868017769 1 1 1 1 1 1 1 1 1 1 1 1 1 1 1
102 1224 -0.457118246576 -0.00307355149951 0.00210534624029 0.356097530159 1 1 1 1 1 1 1 1 1 1 1 1 1 1 1
103 1236 -0.451944035247 -0.00706344244161 0.000966036408235 0.349866748044 1 1 1 1 1 1 1 1 1 1 1 1 1 1 1
104 1248 -0.451853192426 -0.00473084377367 0.00292159561534 0.364906597695 1 1 1 1 1 1 1 1 1 1 1 1 1 1 1
105 1260 -0.467465602163 -0.000282729835868 0.000536354189394 0.373016722989 1 1 1 1 1 1 1 1 1 1 1 1 1 1 1
106 1272 -0.48939711016 -0.00636032390278 0.000515049252763 0.37324829725 1 1 1 1 1 1 1 1 1 1 1 1 1 1 1
107 1284 -0.502618549463 -0.00265885149762 0.00305227445554 0.372074171701 1 1 1 1 1 1 1 1 1 1 1 1 1 1 1
108 1296 -0.520039852391 -0.00402549077162 0.009616947714 0.378772049795 1 1 1 1 1 1 1 1 1 1 1 1 1 1 1
109 1308 -0.54033980785 -0.00492622278553 0.00185730473034 0.388551035141 1 1 1 1 1 1 1 1 1 1 1 1 1 1 1
110 1320 -0.512644643485 -0.00199914287242 0.00462323405361 0.373631627601 1 1 1 1 1 1 1 1 1 1 1 1 1 1 1
111 1332 -0.493592984546 -0.00982149445143 0.00212299427357 0.375867626005 1 1 1 1 1 1 1 1 1 1 1 1 1 1 1
112 1344 -0.485078209941 -0.0179351529105 0.00755480688283 0.388229806457 1 1 1 1 1 1 1 1 1 1 1 1 1 1 1
113 1356 -0.471152741504 -0.0122373281113 0.000467407092305 0.387872500287 1 1 1 1 1 1 1 1 1 1 1 1 1 1 1
114 1368 -0.471011604846 -0.00166944140071 0.00098211260252 0.391600751454 1 1 1 1 1 1 1 1 1 1 1 1 1 1 1
115 1380 -0.480874888961 -7.1017363224e-05 9.3478183204e-06 0.402177505204 1 1 1 1 1 1 1 1 1 1 1 1 1 1 1
116 1392 -0.490936690699 -0.00312175389118 0.00015327486192 0.399327914031 1 1 1 1 1 1 1 1 1 1 1 1 1 1 1
117 1404 -0.49594375135 -0.00159314041229 0.00161061180711 0.405187265873 1 1 1 1 1 1 1 1 1 1 1 1 1 1 1
118 1416 -0.491589945614 -0.0146814347947 0.00928175530583 0.409799602245 1 1 1 1 1 1 1 1 1 1 1 1 1 1 1
119 1428 -0.490168809552 -0.0154974839595 0.00281917745968 0.405277942606 1 1 1 1 1 1 1 1 1 1 1 1 1 1 1
120 1440 -0.499783127952 -0.000537846267144 0.00105746444932 0.383747004328 1 1 1 1 1 1 1 1 1 1 1 1 1 1 1
121 1452 -0.497110384601 -0.00258284817225 0.00473965931423 0.394188736203 1 1 1 1 1 1 1 1 1 1 1 1 1 1 1
122 1464 -0.472319174956 -0.00133401604957 9.22485718812e-05 0.425560571406 1 1 1 1 1 1 1 1 1 1 1 1 1 1 1
123 1476 -0.481222794801 -0.00221165795257 0.00598456521908 0.428083330157 1 1 1 1 1 1 1 1 1 1 1 1 1 1 1
124 1488 -0.470495628338 -0.000122869782737 0.00386844701238 0.433269659043 1 1 1 1 1 1 1 1 1 1 1 1 1 1 1
125 1500 -0.463784506752 -0.000183633334046 0.0016291329576 0.416737208865 1 1 1 1 1 1 1 1 1 1 1 1 1 1 1
126 1512 -0.456259995188 -0.00201834377046 0.000993074846332 0.403727619052 1 1 1 1 1 1 1 1 1 1 1 1 1 1 1
127 1524 -0.461191950379 -0.000712339355127 0.00742315719519 0.41140888285 1 1 1 1 1 1 1 1 1 1 1 1 1 1 1
128 1536 -0.463048336434 -0.00296527180284 0.00789389040235 0.426715956313 1 1 1 1 1 1 1 1 1 1 1 1 1 1 1
129 1548 -0.479578287917 -0.0016006213061 0.00255332721005 0.431268263426 1 1 1 1 1 1 1 1 1 1 1 1 1 1 1
130 1560 -0.484481196579 -0.00335094025429 0.00321052509147 0.457686769603 1 1 1 1 1 1 1 1 1 1 1 1 1 1 1
131 1572 -0.491556316099 -0.00521175026409 0.000640328704918 0.474512519781 1 1 1 1 1 1 1 1 1 1 1 1 1 1 1
132 1584 -0.484901543745 -0.000290496964308 0.00156603020853 0.469062227383 1 1 1 1 1 1 1 1 1 1 1 1 1 1 1
133 1596 -0.496972921655 -0.00106770461603 0.0020964512236 0.466127071861 1 1 1 1 1 1 1 1 1 1 1 1 1 1 1
134 1608 -0.499134405697 -0.0035901950154 0.00538390996075 0.47921529747 1 1 1 1 1 1 1 1 1 1 1 1 1 1 1
135 1620 -0.510756169416 -0.000245077672291 0.00212714041215 0.491115655082 1 1 1 1 1 1 1 1 1 1 1 1 1 1 1
136 1632 -0.506905441371 -0.00157823370487 0.00339834980512 0.500438554076 1 1 1 1 1 1 1 1 1 1 1 1 1 1 1
137 1644 -0.51616236036 -0.00711602584416 0.00179764979591 0.500433746971 1 1 1 1 1 1 1 1 1 1 1 1 1 1 1
138 1656 -0.519829420997 -0.000434807419295 0.00334881413848 0.492863531811 1 1 1 1 1 1 1 1 1 1 1 1 1 1 1
139 1668 -0.524959323745 -0.00342651651311 0.00311654534409 0.483252494115 1 1 1 1 1 1 1 1 1 1 1 1 1 1 1
140 1680 -0.529034152521 -0.0078350508757 0.00365055550866 0.47940397082 1 1 1 1 1 1 1 1 1 1 1 1 1 1 1
141 1692 -0.516963149758 -0.00581265667524 0.0102494894778 0.488033735509 1 1 1 1 1 1 1 1 1 1 1 1 1 1 1
142 1704 -0.521337416466 -0.00243473792272 0.00408144969729 0.494665806274 1 1 1 1 1 1 1 1 1 1 1 1 1 1 1
143 1716 -0.511817365105 -0.00634640404102 0.000596691390173 0.493478004951 1 1 1 1 1 1 1 1 1 1 1 1 1 1 1
144 1728 -0.505348236899 -0.00324651596481 0.00520854763843 0.495589708051 1 1 1 1 1 1 1 1 1 1 1 1 1 1 1
145 1740 -0.511826304083 -0.000834016628501 0.0013978590257 0.500263947838 1 1 1 1 1 1 1 1 1 1 1 1 1 1 1
146 1752 -0.500493574384 -0.000851508653268 0.00521073634141 0.485602041761 1 1 1 1 1 1 1 1 1 1 1 1 1 1 1
147 1764 -0.50045498181 -0.00546047747385 0.00441307557795 0.5103224218 1 1 1 1 1 1 1 1 1 1 1 1 1 1 1
148 1776 -0.501944431283 -0.00305435295975 0.000544738982409 0.531439532428 1 1 1 1 1 1 1 1 1 1 1 1 1 1 1
149 1788 -0.496110981524 -0.00254608901441 0.00126931921889 0.539126409472 1 1 1 1 1 1 1 1 1 1 1 1 1 1 1
150 1800 -0.475584706139 -0.000694169339853 0.00134420864867 0.549507518591 1 1 1 1 1 1 1 1 1 1 1 1 1 1 1
151 1812 -0.473986917549 -0.000974894978536 0.00973221107936 0.539299065997 1 1 1 1 1 1 1 1 1 1 1 1 1 1 1
152 1824 -0.467760249423 -0.000690255813633 0.000810037588495 0.537042082797 1 1 1 1 1 1 1 1 1 1 1 1 1 1 1
153 1836 -0.482058068044 -0.000985846330162 0.0023023888081 0.527681929083 1 1 1 1 1 1 1 1 1 1 1 1 1 1 1
154 1848 -0.487786580327 -0.00194672256209 0.00177103869873 0.545803641025 1 1 1 1 1 1 1 1 1 1 1 1 1 1 1
155 1860 -0.492083986879 -0.00221257522685 0.00514770283914 0.554307645337 1 1 1 1 1 1 1 1 1 1 1 1 1 1 1
156 1872 -0.489858795533 -0.0015150028323 0.0145267898232 0.554661122566 1 1 1 1 1 1 1 1 1 1 1 1 1 1 1
157 1884 -0.483560662493 -0.0138168292073 0.00493423349966 0.558647057736 1 1 1 1 1 1 1 1 1 1 1 1 1 1 1
158 1896 -0.487920297499 -0.00872653145144 0.00652273807654 0.554470650328 1 1 1 1 1 1 1 1 1 1 1 1 1 1 1
159 1908 -0.483031330585 -0.00847177851157 0.00220178795885 0.551226153184 1 1 1 1 1 1 1 1 1 1 1 1 1 1 1
160 1920 -0.49210130409 -0.0056245514178 0.00301086435623 0.540374071912 1 1 1 1 1 1 1 1 1 1 1 1 1 1 1
161 1932 -0.486125702806 -8.24113355704e-05 0.000175974082693 0.52038698708 1 1 1 1 1 1 1 1 1 1 1 1 1 1 1
162 1944 -0.492195406258 -0.00152298565676 0.000455415061101 0.505330455503 1 1 1 1 1 1 1 1 1 1 1 1 1 1 1
163 1956 -0.483580401095 -0.00282500389361 0.00254744334676 0.498312449778 1 1 1 1 1 1 1 1 1 1 1 1 1 1 1
164 1968 -0.491682263739 -0.000640895858528 0.000498820618281 0.496149575269 1 1 1 1 1 1 1 1 1 1 1 1 1 1 1
165 1980 -0.505185186481 -0.00436974420239 0.00445676361915 0.498929806855 1 1 1 1 1 1 1 1 1 1 1 1 1 1 1
166 1992 -0.49536879371 -0.00152789000342 0.000153247102862 0.489916485842 1 1 1 1 1 1 1 1 1 1 1 1 1 1 1
167 2004 -0.477758473512 -0.00302845461268 0.00191523885715 0.479899409388 1 1 1 1 1 1 1 1 1 1 1 1 1 1 1
168 2016 -0.478898752694 -0.00192025839894 0.00108621123132 0.490211801428 1 1 1 1 1 1 1 1 1 1 1 1 1 1 1
169 2028 -0.489452639036 -0.0021753314955 0.000852229719307 0.504358660753 1 1 1 1 1 1 1 1 1 1 1 1 1 1 1
170 2040 -0.497092606247 -0.00256458238866 0.00386389545224 0.506548024173 1 1 1 1 1 1 1 1 1 1 1 1 1 1 1
171 2052 -0.484903383709 -0.00271512068089 0.00532222036055 0.497698095045 1 1 1 1 1 1 1 1 1 1 1 1 1 1 1
172 2064 -0.472075180961 -0.00552304061835 0.000991925222859 0.497552399518 1 1 1 1 1 1 1 1 1 1 1 1 1 1 1
173 2076 -0.47059070833 -0.0036491165657 0.00578920458732 0.519444737649 1 1 1 1 1 1 1 1 1 1 1 1 1 1 1
174 2088 -0.473176938883 -0.00226028531337 0.00268642877188 0.506479935477 1 1 1 1 1 1 1 1 1 1 1 1 1 1 1
175 2100 -0.475069099708 -0.000329618064133 0.0053474207781 0.507778981898 1 1 1 1 1 1 1 1 1 1 1 1 1 1 1
176 2112 -0.478812302864 -0.00838383061203 0.00148711371949 0.496201939417 1 1 1 1 1 1 1 1 1 1 1 1 1 1 1
177 2124 -0.480817243146 -0.00824413225027 0.0048645007744 0.491858319117 1 1 1 1 1 1 1 1 1 1 1 1 1 1 1
178 2136 -0.487247833748 -0.00552449895928 0.00109593562464 0.478571593672 1 1 1 1 1 1 1 1 1 1 1 1 1 1 1
179 2148 -0.485713056118 -0.00166438354623 0.00159306917102 0.464582508134 1 1 1 1 1 1 1 1 1 1 1 1 1 1 1
180 2160 -0.483917401803 -0.00480083967864 0.00108073743768 0.466539792906 1 1 1 1 1 1 1 1 1 1 1 1 1 1 1
181 2172 -0.497400439826 -0.00236703902518 0.0121381773024 0.470537365438 1 1 1 1 1 1 1 1 1 1 1 1 1 1 1
182 2184 -0.497938835794 -0.00458230303035 0.000672178338169 0.453496912374 1 1 1 1 1 1 1 1 1 1 1 1 1 1 1
183 2196 -0.504892819524 -8.78788557535e-05 0.00335476459705 0.463361248696 1 1 1 1 1 1 1 1 1 1 1 1 1 1 1
184 2208 -0.517594447669 -0.00539702334549 0.000551656618748 0.479168671273 1 1 1 1 1 1 1 1 1 1 1 1 1 1 1
185 2220 -0.528975135954 -0.0028893209997 0.00332681815733 0.476753218328 1 1 1 1 1 1 1 1 1 1 1 1 1 1 1
186 2232 -0.531636403562 -0.000897790337887 0.00068234150015 0.469365238517 1 1 1 1 1 1 1 1 1 1 1 1 1 1 1
187 2244 -0.510023353792 -0.00107833362821 0.000783652086468 0.46765618034 1 1 1 1 1 1 1 1 1 1 1 1 1 1 1
188 2256 -0.500085334332 -0.00228432298334 0.00029784127087 0.460914704763 1 1 1 1 1 1 1 1 1 1 1 1 1 1 1
189 2268 -0.490921611644 -0.000140139466329 0.00677703343675 0.447384403576 1 1 1 1 1 1 1 1 1 1 1 1 1 1 1
190 2280 -0.490290632056 -0.00825044515336 0.000464047365712 0.441276180113 1 1 1 1 1 1 1 1 1 1 1 1 1 1 1
191 2292 -0.504709475457 -0.00262959531666 0.0082149776533 0.443087624467 1 1 1 1 1 1 1 1 1 1 1 1 1 1 1
192 2304 -0.51027437462 -0.00230913884528 0.00354635605646 0.444626289559 1 1 1 1 1 1 1 1 1 1 1 1 1 1 1
193 2316 -0.509772321468 -0.00047574621224 0.00223360410811 0.457641945426 1 1 1 1 1 1 1 1 1 1 1 1 1 1 1
194 2328 -0.511841695791 -0.00406757395007 0.000530679557743 0.447162501323 1 1 1 1 1 1 1 1 1 1 1 1 1 1 1
195 2340 -0.505910983364 -0.00170078362166 0.0014649610087 0.435561255695 1 1 1 1 1 1 1 1 1 1 1 1 1 1 1
196 2352 -0.542288386791 -0.004009068612 0.00642357805894 0.446614855398 1 1 1 1 1 1 1 1 1 1 1 1 1 1 1
197 2364 -0.544678678014 -0.00282096588351 0.00204689785707 0.451630067355 1 1 1 1 1 1 1 1 1 1 1 1 1 1 1
198 2376 -0.54430056608 -0.00432459913782 0.00469439012946 0.450470307045 1 1 1 1 1 1 1 1 1 1 1 1 1 1 1
199 2388 -0.559238008521 -0.00235713885943 0.00412874361567 0.444105937734 1 1 1 1 1 1 1 1 1 1 1 1 1 1 1
200 2400 -0.533610281052 -5.11286240791e-05 0.00101266032443 0.447999506874 1 1 1 1 1 1 1 1 1 1 1 1 1 1 1
201 2412 -0.527179002331 -0.00480377176982 0.000229033574756 0.442358202773 1 1 1 1 1 1 1 1 1 1 1 1 1 1 1
202 2424 -0.528317121156 -0.00566932318234 0.00236543681013 0.463214651079 1 1 1 1 1 1 1 1 1 1 1 1 1 1 1
203 2436 -0.522364795554 -0.00232224660281 0.000486527230737 0.45179537947 1 1 1 1 1 1 1 1 1 1 1 1 1 1 1
204 2448 -0.544308857856 -8.19898075129e-05 0.010170810753 0.448951300629 1 1 1 1 1 1 1 1 1 1 1 1 1 1 1
205 2460 -0.558782811831 -0.00457284360929 0.00120968540072 0.46644458358 1 1 1 1 1 1 1 1 1 1 1 1 1 1 1
206 2472 -0.558980032753 -0.00262775975089 0.00491276706018 0.472767538501 1 1 1 1 1 1 1 1 1 1 1 1 1 1 1
207 2484 -0.562364043139 -0.00698470366233 0.00414184641247 0.446746049346 1 1 1 1 1 1 1 1 1 1 1 1 1 1 1
208 2496 -0.549449675591 -0.00158315577444 0.00104335762536 0.445139656557 1 1 1 1 1 1 1 1 1 1 1 1 1 1 1
209 2508 -0.540643846821 -0.000623502428444 0.000582909682423 0.442220692337 1 1 1 1 1 1 1 1 1 1 1 1 1 1 1
210 2520 -0.551836844031 -0.00130047208968 0.0026434837658 0.438528690775 1 1 1 1 1 1 1 1 1 1 1 1 1 1 1
211 2532 -0.553988993108 -0.00343851155523 0.00139969916344 0.445092199037 1 1 1 1 1 1 1 1 1 1 1 1 1 1 1
212 2544 -0.561153326409 -0.00342458321679 0.00335344176221 0.451594488878 1 1 1 1 1 1 1 1 1 1 1 1 1 1 1
213 2556 -0.549101538961 -0.000455230696533 0.0040618180094 0.465418977495 1 1 1 1 1 1 1 1 1 1 1 1 1 1 1
214 2568 -0.565260039038 -0.000855996309437 0.000267909064712 0.471005223588 1 1 1 1 1 1 1 1 1 1 1 1 1 1 1
215 2580 -0.574370139711 -0.00667261284726 0.00299854150704 0.465395019379 1 1 1 1 1 1 1 1 1 1 1 1 1 1 1
216 2592 -0.583880170242 -0.000581491843495 0.00329264450016 0.466364013773 1 1 1 1 1 1 1 1 1 1 1 1 1 1 1
217 2604 -0.582713386046 -0.00401616215905 0.000176263708178 0.479253463838 1 1 1 1 1 1 1 1 1 1 1 1 1 1 1
218 2616 -0.580611392119 -0.00368699044753 0.00639768016221 0.492191787875 1 1 1 1 1 1 1 1 1 1 1 1 1 1 1
219 2628 -0.567901293207 -0.000156968333948 0.00516820708202 0.481019023334 1 1 1 1 1 1 1 1 1 1 1 1 1 1 1
220 2640 -0.544960848007 -0.0105395618724 0.000361061193464 0.473618346358 1 1 1 1 1 1 1 1 1 1 1 1 1 1 1
221 2652 -0.531733543407 -0.0029121947778 0.00158090824268 0.470046695916 1 1 1 1 1 1 1 1 1 1 1 1 1 1 1
222 2664 -0.534011148668 -0.000623893690725 0.00456179106265 0.481241901341 1 1 1 1 1 1 1 1 1 1 1 1 1 1 1
223 2676 -0.557456641316 -0.00383600998449 0.00413538133635 0.482702961453 1 1 1 1 1 1 1 1 1 1 1 1 1 1 1
224 2688 -0.546773979687 -0.00228154227693 0.00738161250339 0.451164744457 1 1 1 1 1 1 1 1 1 1 1 1 1 1 1
225 2700 -0.540064297459 -0.00166778878861 0.00365177003826 0.458726528935 1 1 1 1 1 1 1 1 1 1 1 1 1 1 1
226 2712 -0.542215609303 -0.000843781563287 0.000772455423129 0.467541697111 1 1 1 1 1 1 1 1 1 1 1 1 1 1 1
227 2724 -0.55803304732 -0.00169455136507 0.00722313305032 0.46530130297 1 1 1 1 1 1 1 1 1 1 1 1 1 1 1
228 2736 -0.560693016725 -0.000261724921828 0.00672025867674 0.46625589693 1 1 1 1 1 1 1 1 1 1 1 1 1 1 1
229 2748 -0.572764909046 -0.00280556237999 0.00312569448166 0.459184419138 1 1 1 1 1 1 1 1 1 1 1 1 1 1 1
230 2760 -0.576305835848 -0.00652215601389 0.00410476500012 0.46041845732 1 1 1 1 1 1 1 1 1 1 1 1 1 1 1
231 2772 -0.57810303724 -0.000860591741207 0.0028294137887 0.464561225374 1 1 1 1 1 1 1 1 1 1 1 1 1 1 1
232 2784 -0.569193302525 -0.00614506711161 0.0006001238266 0.447549411056 1 1 1 1 1 1 1 1 1 1 1 1 1 1 1
233 2796 -0.567333775452 -0.00116966192895 0.000556323656245 0.454395476192 1 1 1 1 1 1 1 1 1 1 1 1 1 1 1
234 2808 -0.566598416249 -0.00107637187681 0.00399948891221 0.450030196876 1 1 1 1 1 1 1 1 1 1 1 1 1 1 1
235 2820 -0.546957237203 -0.00122848909587 0.00126068050774 0.420704665692 1 1 1 1 1 1 1 1 1 1 1 1 1 1 1
236 2832 -0.551175082514 -0.00314957147967 0.00312055767616 0.430344619156 1 1 1 1 1 1 1 1 1 1 1 1 1 1 1
237 2844 -0.554151090236 -0.00089990485608 0.000679673864885 0.425002751374 1 1 1 1 1 1 1 1 1 1 1 1 1 1 1
238 2856 -0.528896593668 -0.0030621984818 0.000662606159763 0.424044772919 1 1 1 1 1 1 1 1 1 1 1 1 1 1 1
239 2868 -0.522414137257 -0.000966928084859 0.000218132304403 0.418668984015 1 1 1 1 1 1 1 1 1 1 1 1 1 1 1
240 2880 -0.533778479464 -0.00971437995784 0.00495661472403 0.441237349665 1 1 1 1 1 1 1 1 1 1 1 1 1 1 1
241 2892 -0.53183457518 -0.00160337180793 0.00140284305102 0.42586748604 1 1 1 1 1 1 1 1 1 1 1 1 1 1 1
242 2904 -0.528703075553 -0.000895112849059 0.00234123809339 0.425369620451 1 1 1 1 1 1 1 1 1 1 1 1 1 1 1
243 2916 -0.529784332476 -0.00182526918835 0.00192490450514 0.423009544222 1 1 1 1 1 1 1 1 1 1 1 1 1 1 1
244 2928 -0.540136609238 -0.00285862761464 0.000382812257722 0.420738606892 1 1 1 1 1 1 1 1 1 1 1 1 1 1 1
245 2940 -0.538937602503 -0.00062520284649 0.00645643428814 0.42963263 1 1 1 1 1 1 1 1 1 1 1 1 1 1 1
246 2952 -0.533550000391 -0.00205134776637 0.00644772698982 0.4435012395 1 1 1 1 1 1 1 1 1 1 1 1 1 1 1
247 2964 -0.503375637655 -0.00366356701562 0.000922632086045 0.432643026866 1 1 1 1 1 1 1 1 1 1 1 1 1 1 1
248 2976 -0.499551407415 -0.0057611584528 0.00384554389169 0.429492495072 1 1 1 1 1 1 1 1 1 1 1 1 1 1 1
249 2988 -0.502112441246 -0.0043512421135 7.90598318622e-05 0.433568944621 1 1 1 1 1 1 1 1 1 1 1 1 1 1 1
250 3000 -0.502898781964 -0.00266997789634 0.00647440870518 0.430086834012 1 1 1 1 1 1 1 1 1 1 1 1 1 1 1
251 3012 -0.465460411114 -5.29990690521e-05 0.00185606637534 0.435749653968 1 1 1 1 1 1 1 1 1 1 1 1 1 1 1
252 3024 -0.468731759936 -0.000468234167423 0.0102280066741 0.419391663397 1 1 1 1 1 1 1 1 1 1 1 1 1 1 1
253 3036 -0.488864082215 -0.00421151900838 0.00132135266869 0.422493107393 1 1 1 1 1 1 1 1 1 1 1 1 1 1 1
254 3048 -0.502119268044 -0.000216129266902 0.000565045689546 0.412592882778 1 1 1 1 1 1 1 1 1 1 1 1 1 1 1
255 3060 -0.509044424833 -0.00564592505574 0.00248089732458 0.414639887712 1 1 1 1 1 1 1 1 1 1 1 1 1 1 1
256 3072 -0.488235325795 -0.00114666778107 0.000822769771836 0.414653276008 1 1 1 1 1 1 1 1 1 1 1 1 1 1 1
257 3084 -0.498474603673 -0.00505899535279 0.0168305942268 0.424673801915 1 1 1 1 1 1 1 1 1 1 1 1 1 1 1
258 3096 -0.511180909239 -0.00088695937833 0.00030562027502 0.435211211299 1 1 1 1 1 1 1 1 1 1 1 1 1 1 1
259 3108 -0.513430539375 -0.0102025805433 0.00211546945037 0.418357331745 1 1 1 1 1 1 1 1 1 1 1 1 1 1 1
260 3120 -0.529313658661 -0.00133579015041 0.0042095633863 0.419504081635 1 1 1 1 1 1 1 1 1 1 1 1 1 1 1
261 3132 -0.543922466274 -0.00308735561463 0.0128421124893 0.429076137526 1 1 1 1 1 1 1 1 1 1 1 1 1 1 1
262 3144 -0.552748725537 -0.00309490834916 0.00521809290396 0.429640897816 1 1 1 1 1 1 1 1 1 1 1 1 1 1 1
263 3156 -0.570356764744 -0.00464453022813 0.00350082064606 0.428012737537 1 1 1 1 1 1 1 1 1 1 1 1 1 1 1
264 3168 -0.563327210036 -0.0109457815837 0.00345584315401 0.437095464878 1 1 1 1 1 1 1 1 1 1 1 1 1 1 1
265 3180 -0.580814855011 -0.00362412694308 0.00029623901772 0.44940849193 1 1 1 1 1 1 1 1 1 1 1 1 1 1 1
266 3192 -0.581545976401 -0.00472348341839 0.00361397255501 0.449796596275 1 1 1 1 1 1 1 1 1 1 1 1 1 1 1
267 3204 -0.584710875415 -0.00580093995104 0.00688683520871 0.447448909777 1 1 1 1 1 1 1 1 1 1 1 1 1 1 1
268 3216 -0.582842133968 -0.00384863670123 0.00436474272957 0.443260277366 1 1 1 1 1 1 1 1 1 1 1 1 1 1 1
269 3228 -0.578353207628 -0.00962504350588 0.0120442478699 0.443631165155 1 1 1 1 1 1 1 1 1 1 1 1 1 1 1
270 3240 -0.588463903478 -0.0160056998803 0.00411440771227 0.446171633843 1 1 1 1 1 1 1 1 1 1 1 1 1 1 1
271 3252 -0.590116107703 -0.00741734071183 0.0192137614249 0.44590616023 1 1 1 1 1 1 1 1 1 1 1 1 1 1 1
272 3264 -0.584653987015 -0.00317484599252 0.0023953997873 0.451085433689 1 1 1 1 1 1 1 1 1 1 1 1 1 1 1
273 3276 -0.59934214585 -0.00228554672988 0.00570365147281 0.455596658325 1 1 1 1 1 1 1 1 1 1 1 1 1 1 1
274 3288 -0.602939680015 -5.30260313099e-06 0.00179429534231 0.455197435565 1 1 1 1 1 1 1 1 1 1 1 1 1 1 1
275 3300 -0.610129905638 -0.00181062063282 0.00391004328075 0.46131060198 1 1 1 1 1 1 1 1 1 1 1 1 1 1 1
276 3312 -0.609714138456 -0.000576658510444 0.00740840469202 0.45951961114 1 1 1 1 1 1 1 1 1 1 1 1 1 1 1
277 3324 -0.611724503907 -0.0154163804654 0.0012674181639 0.478787893106 1 1 1 1 1 1 1 1 1 1 1 1 1 1 1
278 3336 -0.606835386748 -0.00364667022839 0.00971815813739 0.474252690873 1 1 1 1 1 1 1 1 1 1 1 1 1 1 1
279 3348 -0.611391125415 -0.0137576257914 0.0035950764202 0.476976904705 1 1 1 1 1 1 1 1 1 1 1 1 1 1 1
280 3360 -0.601557220345 -0.0134194257921 0.00204286837555 0.480500378298 1 1 1 1 1 1 1 1 1 1 1 1 1 1 1
281 3372 -0.603653381003 -0.0116325556946 0.00495932895693 0.484488374647 1 1 1 1 1 1 1 1 1 1 1 1 1 1 1
282 3384 -0.612110070461 -0.00729769192508 0.00149146190217 0.473388110641 1 1 1 1 1 1 1 1 1 1 1 1 1 1 1
283 3396 -0.614708200499 -0.0158347535269 0.00119567753599 0.477911060431 1 1 1 1 1 1 1 1 1 1 1 1 1 1 1
284 3408 -0.601952720712 -0.00108560144481 0.000818756499855 0.475250246086 1 1 1 1 1 1 1 1 1 1 1 1 1 1 1
285 3420 -0.605741681384 -0.0104966658184 0.00931111589916 0.491510309626 1 1 1 1 1 1 1 1 1 1 1 1 1 1 1
286 3432 -0.598989012272 -0.000960531608791 0.000699955126777 0.480846929831 1 1 1 1 1 1 1 1 1 1 1 1 1 1 1
287 3444 -0.59125780594 -0.000376406188223 0.00101749576282 0.473854319622 1 1 1 1 1 1 1 1 1 1 1 1 1 1 1
288 3456 -0.595667242637 -0.00301653047515 0.0104156572661 0.478371744555 1 1 1 1 1 1 1 1 1 1 1 1 1 1 1
289 3468 -0.60194279828 -0.0016934810873 0.000612535445577 0.466968441142 1 1 1 1 1 1 1 1 1 1 1 1 1 1 1
290 3480 -0.596875209877 -0.00408022048133 0.00215752683779 0.459763903247 1 1 1 1 1 1 1 1 1 1 1 1 1 1 1
291 3492 -0.577977587741 -0.00649871916186 0.00362087487191 0.455258004238 1 1 1 1 1 1 1 1 1 1 1 1 1 1 1
292 3504 -0.583160251706 -0.00423343388108 0.00666898767943 0.428814437966 1 1 1 1 1 1 1 1 1 1 1 1 1 1 1
293 3516 -0.570960261223 -0.000997918391181 0.00254489046756 0.430710488643 1 1 1 1 1 1 1 1 1 1 1 1 1 1 1
294 3528 -0.563797666989 -0.000268545280753 0.00707200480801 0.438484032342 1 1 1 1 1 1 1 1 1 1 1 1 1 1 1
295 3540 -0.55608280848 -0.00116299009896 0.000350284807482 0.433270261371 1 1 1 1 1 1 1 1 1 1 1 1 1 1 1
296 3552 -0.549623113088 -0.000808311875643 0.00603641694933 0.434526055064 1 1 1 1 1 1 1 1 1 1 1 1 1 1 1
297 3564 -0.5450724702 -0.00271616304718 0.00507958563304 0.429137660333 1 1 1 1 1 1 1 1 1 1 1 1 1 1 1
298 3576 -0.54875322644 -0.0082929101198 0.000827994035554 0.445578791919 1 1 1 1 1 1 1 1 1 1 1 1 1 1 1
299 3588 -0.554533990082 -0.000960208657111 0.00379283849867 0.420251801109 1 1 1 1 1 1 1 1 1 1 1 1 1 1 1
300 3600 -0.552565930775 -0.0026784282729 0.0101176001741 0.442432248561 1 1 1 1 1 1 1 1 1 1 1 1 1 1 1
301 3612 -0.558156234054 -0.00821963902518 0.000419092374709 0.442983024385 1 1 1 1 1 1 1 1 1 1 1 1 1 1 1
302 3624 -0.553223578681 -0.0064183809087 0.00516385272551 0.452946307477 1 1 1 1 1 1 1 1 1 1 1 1 1 1 1
303 3636 -0.54123655992 -0.0101540776917 0.0042556556862 0.468460894644 1 1 1 1 1 1 1 1 1 1 1 1 1 1 1
304 3648 -0.539824550156 -0.00351741012608 0.00289176491159 0.471338489743 1 1 1 1 1 1 1 1 1 1 1 1 1 1 1
305 3660 -0.54522229438 -0.00670258379915 0.0246457737212 0.485224006629 1 1 1 1 1 1 1 1 1 1 1 1 1 1 1
306 3672 -0.536517492064 -0.0029578349617 0.00109345739096 0.488869718657 1 1 1 1 1 1 1 1 1 1 1 1 1 1 1
307 3684 -0.537707982087 -0.00276216545052 0.00923830360435 0.494437362563 1 1 1 1 1 1 1 1 1 1 1 1 1 1 1
308 3696 -0.549122930887 -0.0174887260724 0.0019129192176 0.498678681461 1 1 1 1 1 1 1 1 1 1 1 1 1 1 1
309 3708 -0.558674421276 -0.00153211580044 0.0106429857346 0.506761437797 1 1 1 1 1 1 1 1 1 1 1 1 1 1 1
310 3720 -0.556445277922 -0.0093680829401 0.00326963238202 0.515384520293 1 1 1 1 1 1 1 1 1 1 1 1 1 1 1
311 3732 -0.566149918571 -7.5907249842e-05 0.00664749839397 0.524159929069 1 1 1 1 1 1 1 1 1 1 1 1 1 1 1
312 3744 -0.57312190138 -0.00683481481997 0.00735800844907 0.53508222501 1 1 1 1 1 1 1 1 1 1 1 1 1 1 1
313 3756 -0.568597095272 -0.00244902851341 0.00108734431526 0.51841807153 1 1 1 1 1 1 1 1 1 1 1 1 1 1 1
314 3768 -0.575904578464 -0.00277987961008 0.000320178469752 0.513059974578 1 1 1 1 1 1 1 1 1 1 1 1 1 1 1
315 3780 -0.574669134831 -0.000280194798051 0.00418806770924 0.511563351754 1 1 1 1 1 1 1 1 1 1 1 1 1 1 1
316 3792 -0.561353895673 -0.00447667515382 0.00712202994804 0.526731131346 1 1 1 1 1 1 1 1 1 1 1 1 1 1 1
317 3804 -0.544019017988 -0.0033127000664 0.00708671702239 0.520725062504 1 1 1 1 1 1 1 1 1 1 1 1 1 1 1
318 3816 -0.536968792356 -0.00933665692869 0.0014094320643 0.513688578116 1 1 1 1 1 1 1 1 1 1 1 1 1 1 1
319 3828 -0.526418383353 -0.00803465347569 0.0110100942424 0.51034582647 1 1 1 1 1 1 1 1 1 1 1 1 1 1 1
320 3840 -0.538686844812 -0.0218417079983 0.0136006935729 0.51519072529 1 1 1 1 1 1 1 1 1 1 1 1 1 1 1
321 3852 -0.540030883516 -0.00399805000976 0.000662466003326 0.490710743534 1 1 1 1 1 1 1 1 1 1 1 1 1 1 1
322 3864 -0.530319006944 -0.0109980514233 0.00853081310139 0.482928802856 1 1 1 1 1 1 1 1 1 1 1 1 1 1 1
323 3876 -0.535514565983 -0.00307265405371 0.0112454923791 0.479461458982 1 1 1 1 1 1 1 1 1 1 1 1 1 1 1
324 3888 -0.535114242617 -0.00620676377791 0.00679946396063 0.481903892744 1 1 1 1 1 1 1 1 1 1 1 1 1 1 1
325 3900 -0.546106435335 -0.00391163601565 0.0015995846432 0.48631774085 1 1 1 1 1 1 1 1 1 1 1 1 1 1 1
326 3912 -0.521441687757 -0.00331937069765 0.00614479834828 0.488997880094 1 1 1 1 1 1 1 1 1 1 1 1 1 1 1
327 3924 -0.534091110725 -0.0149942048221 0.00190568090597 0.479994327711 1 1 1 1 1 1 1 1 1 1 1 1 1 1 1
328 3936 -0.555275384884 -0.00333777503297 0.000316928305596 0.482691488776 1 1 1 1 1 1 1 1 1 1 1 1 1 1 1
329 3948 -0.560878306756 -0.00195504700134 0.000762600826228 0.484974679746 1 1 1 1 1 1 1 1 1 1 1 1 1 1 1
330 3960 -0.550640177662 -0.000242223150209 0.0028567060949 0.469673629355 1 1 1 1 1 1 1 1 1 1 1 1 1 1 1
331 3972 -0.55941568209 -0.00288449578229 0.000195901199247 0.474720597877 1 1 1 1 1 1 1 1 1 1 1 1 1 1 1
332 3984 -0.560032341842 -0.005390130401 0.00362194882152 0.478461433578 1 1 1 1 1 1 1 1 1 1 1 1 1 1 1
333 3996 -0.56229336827 -0.00681626263942 0.00197647018881 0.474909946526 1 1 1 1 1 1 1 1 1 1 1 1 1 1 1
334 4008 -0.554582839835 -0.00501602581987 0.00227405072942 0.488195398266 1 1 1 1 1 1 1 1 1 1 1 1 1 1 1
335 4020 -0.555804164356 -0.00747202415707 0.00958338077291 0.475262970206 1 1 1 1 1 1 1 1 1 1 1 1 1 1 1
336 4032 -0.554614933425 -0.000564964497835 0.00429774003468 0.467946350128 1 1 1 1 1 1 1 1 1 1 1 1 1 1 1
337 4044 -0.562132150694 -0.012378129006 0.00476361475188 0.467723230756 1 1 1 1 1 1 1 1 1 1 1 1 1 1 1
338 4056 -0.573612969455 -0.000153780819722 0.000165864812375 0.451976157984 1 1 1 1 1 1 1 1 1 1 1 1 1 1 1
339 4068 -0.578914497285 -0.00550959259136 0.00904271404055 0.455370406636 1 1 1 1 1 1 1 1 1 1 1 1 1 1 1
340 4080 -0.588103090809 -0.00180540046585 0.000750211159253 0.444613559595 1 1 1 1 1 1 1 1 1 1 1 1 1 1 1
341 4092 -0.593284281993 -0.0016261961254 0.0030748535561 0.446378088122 1 1 1 1 1 1 1 1 1 1 1 1 1 1 1
342 4104 -0.594112614838 -0.00526319765155 0.00770456787614 0.453759688387 1 1 1 1 1 1 1 1 1 1 1 1 1 1 1
343 4116 -0.587742244428 -0.0109927752914 0.00588693647195 0.453030637458 1 1 1 1 1 1 1 1 1 1 1 1 1 1 1
344 4128 -0.576758975586 -0.000245072306315 0.00425792305368 0.45452031633 1 1 1 1 1 1 1 1 1 1 1 1 1 1 1
345 4140 -0.580203015894 -0.0111451781989 0.00368874521495 0.458365051664 1 1 1 1 1 1 1 1 1 1 1 1 1 1 1
346 4152 -0.585161635708 -0.00221919542389 0.00315520997305 0.429850107636 1 1 1 1 1 1 1 1 1 1 1 1 1 1 1
347 4164 -0.572982378092 -0.0425669735278 0.00400999137135 0.419840716725 1 1 1 1 1 1 1 1 1 1 1 1 1 1 1
348 4176 -0.573786163978 -0.00105689304684 0.0152512103466 0.418578531992 1 1 1 1 1 1 1 1 1 1 1 1 1 1 1
349 4188 -0.55625985209 -0.0129012548522 0.00194203975818 0.41661452273 1 1 1 1 1 1 1 1 1 1 1 1 1 1 1
350 4200 -0.558953622529 -0.0186758443804 0.0122003554826 0.405294633614 1 1 1 1 1 1 1 1 1 1 1 1 1 1 1
351 4212 -0.539617383287 -0.0254297651433 0.00710810875968 0.400035177378 1 1 1 1 1 1 1 1 1 1 1 1 1 1 1
352 4224 -0.55785594879 -0.0316790067964 0.0092679094656 0.403618187108 1 1 1 1 1 1 1 1 1 1 1 1 1 1 1
353 4236 -0.547632231078 -0.0171775436944 0.0191670531283 0.399885176574 1 1 1 1 1 1 1 1 1 1 1 1 1 1 1
354 4248 -0.549950112346 -0.00649163621219 0.0192213808008 0.389798976209 1 1 1 1 1 1 1 1 1 1 1 1 1 1 1
355 4260 -0.541958664483 -0.0078681375297 0.00808067410747 0.410616386011 1 1 1 1 1 1 1 1 1 1 1 1 1 1 1
356 4272 -0.529248136586 -0.00322883678771 0.000479847813935 0.420909877082 1 1 1 1 1 1 1 1 1 1 1 1 1 1 1
357 4284 -0.529130798488 -0.00392121444252 0.00278294049327 0.422109960877 1 1 1 1 1 1 1 1 1 1 1 1 1 1 1
358 4296 -0.521311134284 -0.00235388143021 0.000952699723099 0.442001830609 1 1 1 1 1 1 1 1 1 1 1 1 1 1 1
359 4308 -0.515611886533 -0.00289373704104 0.00254463474059 0.451394683109 1 1 1 1 1 1 1 1 1 1 1 1 1 1 1
360 4320 -0.51132241436 -0.000828242193994 0.0047158100581 0.440783202191 1 1 1 1 1 1 1 1 1 1 1 1 1 1 1
361 4332 -0.521369869729 -0.00085789798003 0.0031707522559 0.403824856902 1 1 1 1 1 1 1 1 1 1 1 1 1 1 1
362 4344 -0.5297265113 -0.0140702982978 2.7200891663e-05 0.413485461214 1 1 1 1 1 1 1 1 1 1 1 1 1 1 1
363 4356 -0.537035263911 -0.00769807507605 0.00289346372246 0.406835199799 1 1 1 1 1 1 1 1 1 1 1 1 1 1 1
364 4368 -0.539769620781 -0.000688097253678 0.0049560861817 0.405181708831 1 1 1 1 1 1 1 1 1 1 1 1 1 1 1
365 4380 -0.539605588787 -0.00660917018198 0.0036958049569 0.412296499659 1 1 1 1 1 1 1 1 1 1 1 1 1 1 1
366 4392 -0.548810641961 -0.0021292243068 0.00251835314473 0.420711074723 1 1 1 1 1 1 1 1 1 1 1 1 1 1 1
367 4404 -0.558367689907 -0.00249756251605 0.00994280846588 0.409782500521 1 1 1 1 1 1 1 1 1 1 1 1 1 1 1
368 4416 -0.578472160736 -0.00220330436227 0.00296132324714 0.401627057704 1 1 1 1 1 1 1 1 1 1 1 1 1 1 1
369 4428 -0.595296983348 -0.00483186529566 0.00366774411912 0.401948997269 1 1 1 1 1 1 1 1 1 1 1 1 1 1 1
370 4440 -0.595980073527 -0.00227773203006 0.0116860159735 0.399454889195 1 1 1 1 1 1 1 1 1 1 1 1 1 1 1
371 4452 -0.594387133758 -0.00386180704905 0.000867821988422 0.407152733695 1 1 1 1 1 1 1 1 1 1 1 1 1 1 1
372 4464 -0.602300149771 -0.00256246193209 0.00321010675903 0.410170618747 1 1 1 1 1 1 1 1 1 1 1 1 1 1 1
373 4476 -0.600758203967 -0.00414016254145 0.00413784204464 0.401085768258 1 1 1 1 1 1 1 1 1 1 1 1 1 1 1
374 4488 -0.600983275266 -0.00281097607935 0.000376401538566 0.415472348862 1 1 1 1 1 1 1 1 1 1 1 1 1 1 1
375 4500 -0.619117165464 -0.00113098341859 0.00360307059529 0.42272021698 1 1 1 1 1 1 1 1 1 1 1 1 1 1 1
376 4512 -0.615100149704 -0.000879422117278 0.00754605823227 0.421902083922 1 1 1 1 1 1 1 1 1 1 1 1 1 1 1
377 4524 -0.61128080294 -0.0111964536001 0.00266391533042 0.430256004785 1 1 1 1 1 1 1 1 1 1 1 1 1 1 1
378 4536 -0.612819042416 -0.000410996826043 0.0034761946487 0.441576614114 1 1 1 1 1 1 1 1 1 1 1 1 1 1 1
379 4548 -0.602248790496 -0.00732858394579 0.00635990318042 0.466833929179 1 1 1 1 1 1 1 1 1 1 1 1 1 1 1
380 4560 -0.596281080997 -0.00201168061544 0.00496498423311 0.477554240095 1 1 1 1 1 1 1 1 1 1 1 1 1 1 1
381 4572 -0.59204510631 -0.0018541034113 0.000102244954265 0.466670857794 1 1 1 1 1 1 1 1 1 1 1 1 1 1 1
382 4584 -0.586291004026 -0.0104907980288 7.06237475962e-05 0.464565588542 1 1 1 1 1 1 1 1 1 1 1 1 1 1 1
383 4596 -0.576732519022 -0.00523198118948 0.000335311553994 0.467816582608 1 1 1 1 1 1 1 1 1 1 1 1 1 1 1
384 4608 -0.583266344342 -0.00255922585297 0.00683273076398 0.465258792583 1 1 1 1 1 1 1 1 1 1 1 1 1 1 1
385 4620 -0.594308960415 -0.00234639114752 0.000517192132235 0.458543557386 1 1 1 1 1 1 1 1 1 1 1 1 1 1 1
386 4632 -0.59043722282 -0.00169622059193 0.000847858075207 0.45579766543 1 1 1 1 1 1 1 1 1 1 1 1 1 1 1
387 4644 -0.582321206587 -0.00223559144465 0.00551185810408 0.452855779154 1 1 1 1 1 1 1 1 1 1 1 1 1 1 1
388 4656 -0.58952612174 -0.000296320997377 0.000750777429279 0.456729152315 1 1 1 1 1 1 1 1 1 1 1 1 1 1 1
389 4668 -0.590747268443 -0.00310227696913 0.00032349406109 0.45140924264 1 1 1 1 1 1 1 1 1 1 1 1 1 1 1
390 4680 -0.58774185307 -0.000893356413163 0.0105128024305 0.452443791527 1 1 1 1 1 1 1 1 1 1 1 1 1 1 1
391 4692 -0.591949041522 -0.00734241242968 0.00102841330536 0.459720861548 1 1 1 1 1 1 1 1 1 1 1 1 1 1 1
392 4704 -0.577139633685 -0.000239819847229 0.00150730740216 0.466949884749 1 1 1 1 1 1 1 1 1 1 1 1 1 1 1
393 4716 -0.574282776278 -0.00208984763368 0.00299911525285 0.468471452564 1 1 1 1 1 1 1 1 1 1 1 1 1 1 1
394 4728 -0.577988636686 -0.00769773443969 0.00236362693871 0.473878580899 1 1 1 1 1 1 1 1 1 1 1 1 1 1 1
395 4740 -0.558493677038 -0.00127723203503 0.0010789232459 0.46414438902 1 1 1 1 1 1 1 1 1 1 1 1 1 1 1
396 4752 -0.559158848031 -0.010519920148 8.81377539676e-05 0.47356928455 1 1 1 1 1 1 1 1 1 1 1 1 1 1 1
397 4764 -0.55505587332 -0.00048221515306 0.00759052022782 0.479139830187 1 1 1 1 1 1 1 1 1 1 1 1 1 1 1
398 4776 -0.553893616553 -0.00203030202189 0.000187875891076 0.485716977797 1 1 1 1 1 1 1 1 1 1 1 1 1 1 1
399 4788 -0.565224404531 -3.05633136212e-05 0.00150539307903 0.475816026331 1 1 1 1 1 1 1 1 1 1 1 1 1 1 1
400 4800 -0.578429917164 -0.000779557496521 0.00424119516098 0.466775852527 1 1 1 1 1 1 1 1 1 1 1 1 1 1 1
401 4812 -0.570283960499 -0.0054192514714 0.00442725636586 0.463674732976 1 1 1 1 1 1 1 1 1 1 1 1 1 1 1
402 4824 -0.567724541426 -0.00123099940162 0.0016118218508 0.478253108125 1 1 1 1 1 1 1 1 1 1 1 1 1 1 1
403 4836 -0.565636729819 -0.000803448876463 0.000455153924146 0.470642084037 1 1 1 1 1 1 1 1 1 1 1 1 1 1 1
404 4848 -0.564185178189 -0.00301435721773 0.00480001844218 0.4903865765 1 1 1 1 1 1 1 1 1 1 1 1 1 1 1
405 4860 -0.541509752451 -0.000482538786656 0.00543555957308 0.492491477747 1 1 1 1 1 1 1 1 1 1 1 1 1 1 1
406 4872 -0.527623848862 -0.00760165353314 0.0037480760227 0.492192922322 1 1 1 1 1 1 1 1 1 1 1 1 1 1 1
407 4884 -0.506222941007 -0.00213630303239 0.0127285500719 0.500103664296 1 1 1 1 1 1 1 1 1 1 1 1 1 1 1
408 4896 -0.511716302393 -0.000988980325587 0.00217879264657 0.471474978783 1 1 1 1 1 1 1 1 1 1 1 1 1 1 1
409 4908 -0.506860320287 -0.00229977843604 0.00159876462733 0.45900789966 1 1 1 1 1 1 1 1 1 1 1 1 1 1 1
410 4920 -0.517401900684 -0.000477387123743 0.00356194609309 0.458640250369 1 1 1 1 1 1 1 1 1 1 1 1 1 1 1
411 4932 -0.520640699659 -0.00544745821785 0.00363095867662 0.463378859474 1 1 1 1 1 1 1 1 1 1 1 1 1 1 1
412 4944 -0.516851847133 -0.00339359397626 0.00387597043116 0.43298273989 1 1 1 1 1 1 1 1 1 1 1 1 1 1 1
413 4956 -0.513473891455 -0.000257069533488 0.00255251143489 0.431851306631 1 1 1 1 1 1 1 1 1 1 1 1 1 1 1
414 4968 -0.517245452619 -0.00275164976606 0.00244356662685 0.43933598991 1 1 1 1 1 1 1 1 1 1 1 1 1 1 1
415 4980 -0.526046742804 -0.0108082176867 0.0119077660272 0.423783129406 1 1 1 1 1 1 1 1 1 1 1 1 1 1 1
416 4992 -0.527652562393 -0.00776937232088 0.00202382030152 0.431218865496 1 1 1 1 1 1 1 1 1 1 1 1 1 1 1
417 5004 -0.525080934231 -0.00234994838302 0.0169229890619 0.42666478506 1 1 1 1 1 1 1 1 1 1 1 1 1 1 1
418 5016 -0.517088578531 -0.0232316243554 0.00279141121835 0.41880346744 1 1 1 1 1 1 1 1 1 1 1 1 1 1 1
419 5028 -0.519856567265 -0.00090997372658 0.00353221794828 0.417157567504 1 1 1 1 1 1 1 1 1 1 1 1 1 1 1
420 5040 -0.514526307486 -0.0114862814826 0.00685115154006 0.428357638619 1 1 1 1 1 1 1 1 1 1 1 1 1 1 1
421 5052 -0.511692504466 -0.000464704710821 0.00865011454213 0.42993010451 1 1 1 1 1 1 1 1 1 1 1 1 1 1 1
422 5064 -0.508748888707 -0.00910346107528 0.00292480889534 0.42630671649 1 1 1 1 1 1 1 1 1 1 1 1 1 1 1
423 5076 -0.501088377301 -0.000877897219592 0.0058588186915 0.446096925797 1 1 1 1 1 1 1 1 1 1 1 1 1 1 1
424 5088 -0.51120613291 -0.00156489338094 0.00235748067463 0.454759620406 1 1 1 1 1 1 1 1 1 1 1 1 1 1 1
425 5100 -0.495021116125 -0.00476962002244 0.0134498893438 0.471033573201 1 1 1 1 1 1 1 1 1 1 1 1 1 1 1
426 5112 -0.48337933637 -0.00423357692342 0.00664239100745 0.477749726867 1 1 1 1 1 1 1 1 1 1 1 1 1 1 1
427 5124 -0.479069194024 -0.00624533316882 0.00931450573452 0.480848023425 1 1 1 1 1 1 1 1 1 1 1 1 1 1 1
428 5136 -0.477766027992 -0.00784074836334 0.00933103679805 0.48198960537 1 1 1 1 1 1 1 1 1 1 1 1 1 1 1
429 5148 -0.494171381724 -0.00120940001888 0.000174985803343 0.484511366829 1 1 1 1 1 1 1 1 1 1 1 1 1 1 1
430 5160 -0.473381895395 -0.00728480954963 0.00153666400086 0.475861685927 1 1 1 1 1 1 1 1 1 1 1 1 1 1 1
431 5172 -0.475839307619 -0.00252910123181 0.00547636368525 0.470050033673 1 1 1 1 1 1 1 1 1 1 1 1 1 1 1
432 5184 -0.494683096302 -0.00147838693258 0.00177646730912 0.477869869157 1 1 1 1 1 1 1 1 1 1 1 1 1 1 1
433 5196 -0.486423679899 -0.00468904540645 0.0021927241117 0.490002667653 1 1 1 1 1 1 1 1 1 1 1 1 1 1 1
434 5208 -0.47128658965 -0.00100358779566 0.00120042393234 0.503612872412 1 1 1 1 1 1 1 1 1 1 1 1 1 1 1
435 5220 -0.475976495356 -0.00519205083991 0.00204595143345 0.511752693982 1 1 1 1 1 1 1 1 1 1 1 1 1 1 1
436 5232 -0.472233551562 -0.0139161042552 0.00414681106331 0.501250257678 1 1 1 1 1 1 1 1 1 1 1 1 1 1 1
437 5244 -0.467368797256 -0.00589599549601 0.00183088596697 0.495525939052 1 1 1 1 1 1 1 1 1 1 1 1 1 1 1
438 5256 -0.486243630664 -0.00176613033612 0.0227818325796 0.500102526283 1 1 1 1 1 1 1 1 1 1 1 1 1 1 1
439 5268 -0.48484345244 -0.00407509941985 0.00375191381536 0.458688524842 1 1 1 1 1 1 1 1 1 1 1 1 1 1 1
440 5280 -0.471773478926 -0.00469317394104 0.0047842986175 0.448421266974 1 1 1 1 1 1 1 1 1 1 1 1 1 1 1
441 5292 -0.470050063224 -0.000693475371417 3.52423110901e-05 0.436316893596 1 1 1 1 1 1 1 1 1 1 1 1 1 1 1
442 5304 -0.47869478918 -0.00115848675227 0.00376955104594 0.435020552507 1 1 1 1 1 1 1 1 1 1 1 1 1 1 1
443 5316 -0.470321815202 -7.19349146e-05 0.00421974561953 0.434317419958 1 1 1 1 1 1 1 1 1 1 1 1 1 1 1
444 5328 -0.465021708457 -7.12241682878e-05 0.00386617874759 0.435449844927 1 1 1 1 1 1 1 1 1 1 1 1 1 1 1
445 5340 -0.486711236636 -0.00087843904466 0.0191219478424 0.425800834572 1 1 1 1 1 1 1 1 1 1 1 1 1 1 1
446 5352 -0.486340611618 -0.00409495155492 0.00677750470876 0.42690274397 1 1 1 1 1 1 1 1 1 1 1 1 1 1 1
447 5364 -0.50907492807 -0.00434136640339 0.000710549099073 0.442025409527 1 1 1 1 1 1 1 1 1 1 1 1 1 1 1
448 5376 -0.506375628648 -0.0117641405129 0.00203652370623 0.436533572899 1 1 1 1 1 1 1 1 1 1 1 1 1 1 1
449 5388 -0.512233829244 -0.00193755428994 0.000155189925549 0.451059413634 1 1 1 1 1 1 1 1 1 1 1 1 1 1 1
450 5400 -0.520398189349 -0.00108428682389 0.00417117598175 0.454439022118 1 1 1 1 1 1 1 1 1 1 1 1 1 1 1
451 5412 -0.528807234662 -0.00403007415806 0.00599290104402 0.454276159933 1 1 1 1 1 1 1 1 1 1 1 1 1 1 1
452 5424 -0.521764396074 -0.00218671348177 0.00141702104652 0.467487843504 1 1 1 1 1 1 1 1 1 1 1 1 1 1 1
453 5436 -0.539607136129 -0.00377792824972 0.0047989098007 0.464044430165 1 1 1 1 1 1 1 1 1 1 1 1 1 1 1
454 5448 -0.544253152112 -0.000612091360891 0.00512686699603 0.466830135601 1 1 1 1 1 1 1 1 1 1 1 1 1 1 1
455 5460 -0.543127033045 -0.000144097606433 0.0103289196659 0.464419884267 1 1 1 1 1 1 1 1 1 1 1 1 1 1 1
456 5472 -0.534595194837 -0.00732220160022 0.00279616950654 0.456471105378 1 1 1 1 1 1 1 1 1 1 1 1 1 1 1
457 5484 -0.531828172581 -0.0080790117199 0.00402962482661 0.443554148122 1 1 1 1 1 1 1 1 1 1 1 1 1 1 1
458 5496 -0.534586256491 -0.00900891291595 0.00427168678643 0.453972757372 1 1 1 1 1 1 1 1 1 1 1 1 1 1 1
459 5508 -0.526900969285 -0.00640303537938 0.00355735046126 0.466995274389 1 1 1 1 1 1 1 1 1 1 1 1 1 1 1
460 5520 -0.520440825499 -0.000672700389864 0.000323630306047 0.485725623743 1 1 1 1 1 1 1 1 1 1 1 1 1 1 1
461 5532 -0.521693598109 -0.000525028164438 0.00555283120523 0.475509029267 1 1 1 1 1 1 1 1 1 1 1 1 1 1 1
462 5544 -0.52154694334 -0.00367222223457 0.0148855323517 0.466146330657 1 1 1 1 1 1 1 1 1 1 1 1 1 1 1
463 5556 -0.50940193083 -0.00196175563226 0.000754280117218 0.470941834762 1 1 1 1 1 1 1 1 1 1 1 1 1 1 1
464 5568 -0.510351397078 -0.00274068257643 0.000254517617479 0.473513639729 1 1 1 1 1 1 1 1 1 1 1 1 1 1 1
465 5580 -0.507090399478 -0.0126296808378 0.00249546580593 0.481449961425 1 1 1 1 1 1 1 1 1 1 1 1 1 1 1
466 5592 -0.504478169838 -0.00959671223353 0.00182351253284 0.490495818024 1 1 1 1 1 1 1 1 1 1 1 1 1 1 1
467 5604 -0.517501819172 -0.00700208966239 0.00640264916843 0.478158991055 1 1 1 1 1 1 1 1 1 1 1 1 1 1 1
468 5616 -0.530731112654 -0.00877026476818 0.00290827201523 0.490364448873 1 1 1 1 1 1 1 1 1 1 1 1 1 1 1
469 5628 -0.531552888596 -0.000271251189987 0.0146910355634 0.478748576115 1 1 1 1 1 1 1 1 1 1 1 1 1 1 1
470 5640 -0.534422247367 -0.0157637111427 0.00479332304979 0.470236368956 1 1 1 1 1 1 1 1 1 1 1 1 1 1 1
471 5652 -0.542973333665 -0.0112448564578 0.0156805492892 0.448546853657 1 1 1 1 1 1 1 1 1 1 1 1 1 1 1
472 5664 -0.552817902955 -0.00584477960586 0.0100778685715 0.452367813068 1 1 1 1 1 1 1 1 1 1 1 1 1 1 1
473 5676 -0.547377105606 -0.00733549225758 0.00547367738958 0.438178824681 1 1 1 1 1 1 1 1 1 1 1 1 1 1 1
474 5688 -0.539294636849 -0.00609991387739 0.000806688821735 0.433004952526 1 1 1 1 1 1 1 1 1 1 1 1 1 1 1
475 5700 -0.551103225054 -0.00207514185886 0.0106036815316 0.434942805485 1 1 1 1 1 1 1 1 1 1 1 1 1 1 1
476 5712 -0.564065188865 -0.00829091853117 0.00238966966208 0.44489874705 1 1 1 1 1 1 1 1 1 1 1 1 1 1 1
477 5724 -0.576224415356 -0.00674766804851 0.00473652945187 0.449918084005 1 1 1 1 1 1 1 1 1 1 1 1 1 1 1
478 5736 -0.5817465793 -0.00323729319756 0.00752335200732 0.456612199675 1 1 1 1 1 1 1 1 1 1 1 1 1 1 1
479 5748 -0.576665750923 -0.00717289429703 0.00726734305243 0.45215353754 1 1 1 1 1 1 1 1 1 1 1 1 1 1 1
480 5760 -0.587230250385 -0.0298399787053 0.000885967678388 0.450660856316 1 1 1 1 1 1 1 1 1 1 1 1 1 1 1
481 5772 -0.585554303831 -0.00110337856173 0.00378756757511 0.456624077318 1 1 1 1 1 1 1 1 1 1 1 1 1 1 1
482 5784 -0.626778748169 -0.0134750653375 0.0129823296348 0.459991135697 1 1 1 1 1 1 1 1 1 1 1 1 1 1 1
483 5796 -0.634930857402 -0.0125510171639 0.00880034184112 0.458308601644 1 1 1 1 1 1 1 1 1 1 1 1 1 1 1
484 5808 -0.628404305512 -0.00461964349915 0.00209835690391 0.463401818939 1 1 1 1 1 1 1 1 1 1 1 1 1 1 1
485 5820 -0.635213151159 -0.00518182835986 0.00212267804798 0.459563192394 1 1 1 1 1 1 1 1 1 1 1 1 1 1 1
486 5832 -0.636552472612 -0.00311984800896 0.00403682504875 0.461131986836 1 1 1 1 1 1 1 1 1 1 1 1 1 1 1
487 5844 -0.628715428067 -0.0177720779175 0.00055162578702 0.464607018183 1 1 1 1 1 1 1 1 1 1 1 1 1 1 1
488 5856 -0.63152078163 -0.0057570628728 0.00165304748991 0.46452760913 1 1 1 1 1 1 1 1 1 1 1 1 1 1 1
489 5868 -0.623986142762 -0.0053375312045 0.00226448649501 0.472514414037 1 1 1 1 1 1 1 1 1 1 1 1 1 1 1
490 5880 -0.618635367111 -0.00868226199508 0.00448354475734 0.464144514169 1 1 1 1 1 1 1 1 1 1 1 1 1 1 1
491 5892 -0.614600890981 -0.00769865321665 0.00721201883081 0.468276528399 1 1 1 1 1 1 1 1 1 1 1 1 1 1 1
492 5904 -0.597718993749 -0.00475626137637 0.00223661187074 0.469032173727 1 1 1 1 1 1 1 1 1 1 1 1 1 1 1
493 5916 -0.586337103219 -0.0104715785339 0.00414562564973 0.474802393675 1 1 1 1 1 1 1 1 1 1 1 1 1 1 1
494 5928 -0.583001508979 -0.0102347719315 0.00746350390677 0.471297106542 1 1 1 1 1 1 1 1 1 1 1 1 1 1 1
495 5940 -0.581021427419 -0.0027943310378 0.00286009046437 0.477486383856 1 1 1 1 1 1 1 1 1 1 1 1 1 1 1
496 5952 -0.580129181019 -0.00743346475601 0.0187696023704 0.49143968855 1 1 1 1 1 1 1 1 1 1 1 1 1 1 1
497 5964 -0.567199382676 -0.00656370097063 0.00130545790615 0.475258788136 1 1 1 1 1 1 1 1 1 1 1 1 1 1 1
498 5976 -0.574664973357 -0.00155080351238 0.00138559755152 0.48061136784 1 1 1 1 1 1 1 1 1 1 1 1 1 1 1
499 5988 -0.58741875584 -0.00943476731179 0.00185233813678 0.486704877127 1 1 1 1 1 1 1 1 1 1 1 1 1 1 1
500 6000 -0.589224713822 -0.000417964838546 0.0030730329779 0.479726837298 1 1 1 1 1 1 1 1 1 1 1 1 1 1 1
501 6012 -0.590973455252 -0.00153234990318 0.000204285225278 0.495787074495 1 1 1 1 1 1 1 1 1 1 1 1 1 1 1
502 6024 -0.599139089475 -5.41956779381e-05 0.00223415935234 0.521213551489 1 1 1 1 1 1 1 1 1 1 1 1 1 1 1
503 6036 -0.596071836387 -0.00491180300272 0.00097094249345 0.533409458704 1 1 1 1 1 1 1 1 1 1 1 1 1 1 1
504 6048 -0.579998629749 -0.0179619221636 0.00139696678103 0.522442643523 1 1 1 1 1 1 1 1 1 1 1 1 1 1 1
505 6060 -0.568881517243 -0.00398565331514 0.0140509670975 0.516687109828 1 1 1 1 1 1 1 1 1 1 1 1 1 1 1
506 6072 -0.561264034155 -0.00174831816569 0.00812488916168 0.546134711225 1 1 1 1 1 1 1 1 1 1 1 1 1 1 1
507 6084 -0.556348317812 -0.0117500991328 0.000917503414062 0.544466264866 1 1 1 1 1 1 1 1 1 1 1 1 1 1 1
508 6096 -0.557631890931 -0.00778842124284 0.00347304595949 0.543998807189 1 1 1 1 1 1 1 1 1 1 1 1 1 1 1
509 6108 -0.54949436316 -0.00616310931843 0.0052417694562 0.550474885506 1 1 1 1 1 1 1 1 1 1 1 1 1 1 1
510 6120 -0.545082978746 -0.00624798271691 0.00487212901586 0.545837168249 1 1 1 1 1 1 1 1 1 1 1 1 1 1 1
511 6132 -0.537168606557 -0.00229575984817 0.0127071389801 0.551813492971 1 1 1 1 1 1 1 1 1 1 1 1 1 1 1
512 6144 -0.535581474991 -0.00356428692007 0.0124452387683 0.574636449679 1 1 1 1 1 1 1 1 1 1 1 1 1 1 1
513 6156 -0.529821436235 -0.00780522289553 0.000906409666674 0.59882709804 1 1 1 1 1 1 1 1 1 1 1 1 1 1 1
514 6168 -0.515831466918 -0.0037681043028 0.00421131403156 0.604509480608 1 1 1 1 1 1 1 1 1 1 1 1 1 1 1
515 6180 -0.50960141406 -0.00754705257227 0.00439320346658 0.608515397996 1 1 1 1 1 1 1 1 1 1 1 1 1 1 1
516 6192 -0.507986917697 -0.00822400876006 0.00395400773275 0.598071214396 1 1 1 1 1 1 1 1 1 1 1 1 1 1 1
517 6204 -0.501771845155 -0.000270199501231 0.00277171063577 0.596178999734 1 1 1 1 1 1 1 1 1 1 1 1 1 1 1
518 6216 -0.492284291719 -0.0115174522364 0.00587767297532 0.614614356651 1 1 1 1 1 1 1 1 1 1 1 1 1 1 1
519 6228 -0.495700438615 -0.00146021448686 0.00155746640127 0.606502650818 1 1 1 1 1 1 1 1 1 1 1 1 1 1 1
520 6240 -0.504087649321 -0.00502087494998 0.00745511674465 0.602953974825 1 1 1 1 1 1 1 1 1 1 1 1 1 1 1
521 6252 -0.495732448131 -0.00503105034968 0.0092433744577 0.604922578983 1 1 1 1 1 1 1 1 1 1 1 1 1 1 1
522 6264 -0.504000321599 -0.000177845046105 0.00440971521165 0.62254156277 1 1 1 1 1 1 1 1 1 1 1 1 1 1 1
523 6276 -0.49631172655 -5.33749759067e-05 0.00270830272179 0.621672215126 1 1 1 1 1 1 1 1 1 1 1 1 1 1 1
524 6288 -0.510970700115 -0.0229217425666 0.00502976454838 0.625562447356 1 1 1 1 1 1 1 1 1 1 1 1 1 1 1
525 6300 -0.508568977249 -0.0281128821165 0.00278482964041 0.624555222774 1 1 1 1 1 1 1 1 1 1 1 1 1 1 1
526 6312 -0.507709378444 -0.0022784485631 0.00132244520612 0.63093546511 1 1 1 1 1 1 1 1 1 1 1 1 1 1 1
527 6324 -0.498623696039 -0.00589042970965 0.0120566765187 0.625415402064 1 1 1 1 1 1 1 1 1 1 1 1 1 1 1
528 6336 -0.483945196604 -0.00557203301062 0.00429777161555 0.628282264541 1 1 1 1 1 1 1 1 1 1 1 1 1 1 1
529 6348 -0.492703895819 -0.00892730496903 0.00943717815571 0.62538629101 1 1 1 1 1 1 1 1 1 1 1 1 1 1 1
530 6360 -0.489985626163 -0.000134382806988 0.0320458855412 0.631881428524 1 1 1 1 1 1 1 1 1 1 1 1 1 1 1
531 6372 -0.500764490251 -0.0186930666273 0.0224252273945 0.640207320669 1 1 1 1 1 1 1 1 1 1 1 1 1 1 1
532 6384 -0.490967723317 -0.0145276900945 0.0274830659331 0.646288655951 1 1 1 1 1 1 1 1 1 1 1 1 1 1 1
533 6396 -0.496371077689 -0.0148923531683 0.00806788924086 0.645209106472 1 1 1 1 1 1 1 1 1 1 1 1 1 1 1
534 6408 -0.505987377095 -0.00419040017359 0.000694726392157 0.651742795505 1 1 1 1 1 1 1 1 1 1 1 1 1 1 1
535 6420 -0.511682654341 -0.0133213992391 0.00420227823801 0.643716038533 1 1 1 1 1 1 1 1 1 1 1 1 1 1 1
536 6432 -0.504509484636 -0.00859303533629 0.0112810808235 0.634074968525 1 1 1 1 1 1 1 1 1 1 1 1 1 1 1
537 6444 -0.496444523163 -0.0148164477347 0.00198912116328 0.632143029681 1 1 1 1 1 1 1 1 1 1 1 1 1 1 1
538 6456 -0.501578619923 -0.00356531842267 0.00524430292801 0.629679982509 1 1 1 1 1 1 1 1 1 1 1 1 1 1 1
539 6468 -0.518983826437 -0.000790796032741 0.0100579979176 0.628612158331 1 1 1 1 1 1 1 1 1 1 1 1 1 1 1
540 6480 -0.517690200032 -0.00580814993145 0.00507855836851 0.627717749299 1 1 1 1 1 1 1 1 1 1 1 1 1 1 1
541 6492 -0.498221992744 -0.000590077448324 0.0140722536788 0.630047733014 1 1 1 1 1 1 1 1 1 1 1 1 1 1 1
542 6504 -0.500265799848 -0.00584178728789 0.00606435571261 0.613193181667 1 1 1 1 1 1 1 1 1 1 1 1 1 1 1
543 6516 -0.507794143008 -0.00727312282351 0.00302388816155 0.602758462886 1 1 1 1 1 1 1 1 1 1 1 1 1 1 1
544 6528 -0.498494654218 -0.00791208572096 0.0010944441859 0.614017848954 1 1 1 1 1 1 1 1 1 1 1 1 1 1 1
545 6540 -0.482822325808 -0.000776717266197 0.00207311663123 0.634474303049 1 1 1 1 1 1 1 1 1 1 1 1 1 1 1
546 6552 -0.489868443926 -0.0153911280004 0.00429392799115 0.633337318422 1 1 1 1 1 1 1 1 1 1 1 1 1 1 1
547 6564 -0.480747407808 -9.02001158459e-05 0.00558074569986 0.642438104878 1 1 1 1 1 1 1 1 1 1 1 1 1 1 1
548 6576 -0.489567666716 -0.0182484030195 0.00522917595296 0.629539408174 1 1 1 1 1 1 1 1 1 1 1 1 1 1 1
549 6588 -0.48036954601 -0.0159767087798 0.00576037562295 0.629893422821 1 1 1 1 1 1 1 1 1 1 1 1 1 1 1
550 6600 -0.477792664509 -0.00525717042602 0.00762993947516 0.626030843222 1 1 1 1 1 1 1 1 1 1 1 1 1 1 1
551 6612 -0.498764796863 -0.011515053846 0.00154960710678 0.614541460355 1 1 1 1 1 1 1 1 1 1 1 1 1 1 1
552 6624 -0.517498447692 -0.00341018599958 0.00556662670753 0.596722112144 1 1 1 1 1 1 1 1 1 1 1 1 1 1 1
553 6636 -0.523048332657 -0.00399990898982 0.000777675530403 0.603413810608 1 1 1 1 1 1 1 1 1 1 1 1 1 1 1
554 6648 -0.522931665959 -0.00127857620704 0.00229018718512 0.617049989204 1 1 1 1 1 1 1 1 1 1 1 1 1 1 1
555 6660 -0.541942346636 -0.00113984991137 0.000355500331416 0.614377714055 1 1 1 1 1 1 1 1 1 1 1 1 1 1 1
556 6672 -0.540576794373 -0.00209239097672 0.012534805811 0.611990116142 1 1 1 1 1 1 1 1 1 1 1 1 1 1 1
557 6684 -0.54008995221 -2.79519949411e-05 0.00530851043663 0.624457233172 1 1 1 1 1 1 1 1 1 1 1 1 1 1 1
558 6696 -0.546886027765 -0.000305596136737 0.00481363980779 0.635048080818 1 1 1 1 1 1 1 1 1 1 1 1 1 1 1
559 6708 -0.558208641828 -0.00615772683795 0.00115651737773 0.628746628509 1 1 1 1 1 1 1 1 1 1 1 1 1 1 1
560 6720 -0.559111893041 -0.00791883366781 0.00151342881881 0.630812671052 1 1 1 1 1 1 1 1 1 1 1 1 1 1 1
561 6732 -0.54936038243 -0.00411904990929 0.00651959376705 0.644113736492 1 1 1 1 1 1 1 1 1 1 1 1 1 1 1
562 6744 -0.556757258361 -0.00482007433792 0.000516217069624 0.654484139397 1 1 1 1 1 1 1 1 1 1 1 1 1 1 1
563 6756 -0.569082205629 -0.00432192745387 0.0011978157208 0.660015126798 1 1 1 1 1 1 1 1 1 1 1 1 1 1 1
564 6768 -0.551845980946 -0.00311232307397 0.00160137996467 0.655872121003 1 1 1 1 1 1 1 1 1 1 1 1 1 1 1
565 6780 -0.547126246309 -0.00401802558358 0.00151440158637 0.658768829769 1 1 1 1 1 1 1 1 1 1 1 1 1 1 1
566 6792 -0.543623030651 -0.0091308576073 0.00468911333873 0.670616951329 1 1 1 1 1 1 1 1 1 1 1 1 1 1 1
567 6804 -0.55071059697 -0.00920733664288 0.00857538128376 0.680289062797 1 1 1 1 1 1 1 1 1 1 1 1 1 1 1
568 6816 -0.54308191408 -0.00532208877795 0.000181891806269 0.693201029696 1 1 1 1 1 1 1 1 1 1 1 1 1 1 1
569 6828 -0.548664906615 -0.000872183987057 0.00773828395624 0.691761597419 1 1 1 1 1 1 1 1 1 1 1 1 1 1 1
570 6840 -0.558493837585 -0.00821796463355 0.00165914719353 0.686465848018 1 1 1 1 1 1 1 1 1 1 1 1 1 1 1
571 6852 -0.571547355509 -0.00148078345474 0.00644814527149 0.689959818479 1 1 1 1 1 1 1 1 1 1 1 1 1 1 1
572 6864 -0.572823074434 -0.0169701622542 0.00587367632526 0.672780400686 1 1 1 1 1 1 1 1 1 1 1 1 1 1 1
573 6876 -0.585105948496 -0.0175646867728 0.00168678208166 0.667914872233 1 1 1 1 1 1 1 1 1 1 1 1 1 1 1
574 6888 -0.591806372686 -0.0189396902985 0.00200914646837 0.679121229064 1 1 1 1 1 1 1 1 1 1 1 1 1 1 1
575 6900 -0.587168005818 -0.00379405291116 0.00947778660446 0.679277507036 1 1 1 1 1 1 1 1 1 1 1 1 1 1 1
576 6912 -0.596142572697 -0.000166888721282 0.000984562117612 0.689361747769 1 1 1 1 1 1 1 1 1 1 1 1 1 1 1
577 6924 -0.576655873842 -0.00105880470212 0.000708595215561 0.6959693984 1 1 1 1 1 1 1 1 1 1 1 1 1 1 1
578 6936 -0.565770535123 -0.0037418852566 0.00065861718237 0.706994480518 1 1 1 1 1 1 1 1 1 1 1 1 1 1 1
579 6948 -0.567567060874 -0.00182020469108 0.00599583388563 0.707836614472 1 1 1 1 1 1 1 1 1 1 1 1 1 1 1
580 6960 -0.56789492843 -0.00158212031213 0.00614170435051 0.702834624278 1 1 1 1 1 1 1 1 1 1 1 1 1 1 1
581 6972 -0.583411692919 -0.00358909722425 0.0125762026661 0.697474521481 1 1 1 1 1 1 1 1 1 1 1 1 1 1 1
582 6984 -0.59488823362 -0.00327957983112 0.00428531896753 0.703226289852 1 1 1 1 1 1 1 1 1 1 1 1 1 1 1
583 6996 -0.593356641899 -0.00107876520146 0.00222538226559 0.7151563229 1 1 1 1 1 1 1 1 1 1 1 1 1 1 1
584 7008 -0.582497700855 -0.000633047503035 0.00431290271529 0.71909810434 1 1 1 1 1 1 1 1 1 1 1 1 1 1 1
585 7020 -0.57881780995 -0.00086520877942 0.000965217703878 0.717794786279 1 1 1 1 1 1 1 1 1 1 1 1 1 1 1
586 7032 -0.596489177841 -2.34573182369e-05 0.000607323682474 0.713813959269 1 1 1 1 1 1 1 1 1 1 1 1 1 1 1
587 7044 -0.608583131826 -0.0138027961131 0.00364414906985 0.717994719993 1 1 1 1 1 1 1 1 1 1 1 1 1 1 1
588 7056 -0.606808677826 -0.010613277402 0.00548972495937 0.720048959297 1 1 1 1 1 1 1 1 1 1 1 1 1 1 1
589 7068 -0.600220792176 -0.000269711805339 0.00143122501871 0.722744742285 1 1 1 1 1 1 1 1 1 1 1 1 1 1 1
590 7080 -0.584898582156 -0.00618040411589 0.00183159973724 0.725188375783 1 1 1 1 1 1 1 1 1 1 1 1 1 1 1
591 7092 -0.58549872862 -0.00228237837903 0.00564004295856 0.715165206686 1 1 1 1 1 1 1 1 1 1 1 1 1 1 1
592 7104 -0.58197793002 -0.00840138253291 5.58550415353e-05 0.726499994402 1 1 1 1 1 1 1 1 1 1 1 1 1 1 1
593 7116 -0.573323934725 -0.00588914724927 0.00362581509929 0.734640061555 1 1 1 1 1 1 1 1 1 1 1 1 1 1 1
594 7128 -0.58407747683 -0.0053469134427 0.00663564226478 0.729789305178 1 1 1 1 1 1 1 1 1 1 1 1 1 1 1
595 7140 -0.563985160278 -0.0149695075417 0.00459891302816 0.724809017812 1 1 1 1 1 1 1 1 1 1 1 1 1 1 1
596 7152 -0.568521363177 -0.00978856108606 0.0112739137073 0.731632528912 1 1 1 1 1 1 1 1 1 1 1 1 1 1 1
597 7164 -0.563674063066 -0.00187090440348 0.00103154087944 0.735443248401 1 1 1 1 1 1 1 1 1 1 1 1 1 1 1
598 7176 -0.562412452762 -0.00122584972029 0.00712346307715 0.728885722648 1 1 1 1 1 1 1 1 1 1 1 1 1 1 1
599 7188 -0.55394034788 -0.00864599436511 0.012204402363 0.742513211663 1 1 1 1 1 1 1 1 1 1 1 1 1 1 1
600 7200 -0.554756662193 -0.00887269087874 0.00933048710994 0.747486835982 1 1 1 1 1 1 1 1 1 1 1 1 1 1 1
601 7212 -0.561149962229 -0.00629526410735 0.00465652967582 0.736694282436 1 1 1 1 1 1 1 1 1 1 1 1 1 1 1
602 7224 -0.566346151851 -0.00115744148933 0.000223412101756 0.737035299438 1 1 1 1 1 1 1 1 1 1 1 1 1 1 1
603 7236 -0.56372598253 -0.000476931145195 0.00424969106634 0.736401575348 1 1 1 1 1 1 1 1 1 1 1 1 1 1 1
604 7248 -0.559047361317 -0.00615081424316 0.0113803546548 0.737842214448 1 1 1 1 1 1 1 1 1 1 1 1 1 1 1
605 7260 -0.567448101119 -0.0153166953791 0.0150137945679 0.740559373683 1 1 1 1 1 1 1 1 1 1 1 1 1 1 1
606 7272 -0.563686222396 -0.0139521752206 0.0121724933323 0.728841725492 1 1 1 1 1 1 1 1 1 1 1 1 1 1 1
607 7284 -0.561159255978 -0.0154453998332 0.000378536379342 0.728289052289 1 1 1 1 1 1 1 1 1 1 1 1 1 1 1
608 7296 -0.552519079068 -0.00228902374586 0.00420216297793 0.727961356496 1 1 1 1 1 1 1 1 1 1 1 1 1 1 1
609 7308 -0.557781659061 -0.0102613497403 0.00174261403978 0.72057243396 1 1 1 1 1 1 1 1 1 1 1 1 1 1 1
610 7320 -0.560549228281 -0.00110358312897 0.00262985100378 0.729611256342 1 1 1 1 1 1 1 1 1 1 1 1 1 1 1
611 7332 -0.561722984822 -0.00919916171403 0.00741954341848 0.729023474521 1 1 1 1 1 1 1 1 1 1 1 1 1 1 1
612 7344 -0.564647494135 -0.0113148242076 0.00459081785464 0.727521525113 1 1 1 1 1 1 1 1 1 1 1 1 1 1 1
613 7356 -0.561194375506 -0.00840231710802 0.00541425068807 0.726012295752 1 1 1 1 1 1 1 1 1 1 1 1 1 1 1
614 7368 -0.560843738984 -0.00253969695205 0.0083320889981 0.728930289194 1 1 1 1 1 1 1 1 1 1 1 1 1 1 1
615 7380 -0.567219438593 -0.0183042956377 0.00140936217115 0.747294779376 1 1 1 1 1 1 1 1 1 1 1 1 1 1 1
616 7392 -0.560107617859 -0.00913964732981 0.000647233244675 0.7483648095 1 1 1 1 1 1 1 1 1 1 1 1 1 1 1
617 7404 -0.558106243423 -0.00793370472993 0.00054976771861 0.752315353024 1 1 1 1 1 1 1 1 1 1 1 1 1 1 1
618 7416 -0.564832539911 -0.00465835509649 0.00362381096514 0.765399274887 1 1 1 1 1 1 1 1 1 1 1 1 1 1 1
619 7428 -0.558391507255 -0.00152615951805 0.0013875273117 0.760430950224 1 1 1 1 1 1 1 1 1 1 1 1 1 1 1
620 7440 -0.55923186936 -0.00379929795889 0.00232556524727 0.762728193394 1 1 1 1 1 1 1 1 1 1 1 1 1 1 1
621 7452 -0.542844654459 -0.00411897842523 0.0015793503394 0.765572553416 1 1 1 1 1 1 1 1 1 1 1 1 1 1 1
622 7464 -0.550078534021 -0.0053274521204 0.00223049303639 0.770659864481 1 1 1 1 1 1 1 1 1 1 1 1 1 1 1
623 7476 -0.557011042391 -0.0156383681208 0.0139990286355 0.772180204482 1 1 1 1 1 1 1 1 1 1 1 1 1 1 1
624 7488 -0.554116030858 -0.00399330302611 0.011415229405 0.767177037942 1 1 1 1 1 1 1 1 1 1 1 1 1 1 1
625 7500 -0.544356224777 -0.00374994050147 0.0041644755789 0.776312652719 1 1 1 1 1 1 1 1 1 1 1 1 1 1 1
626 7512 -0.561788163861 -0.00455244471234 0.00157069976345 0.776773367196 1 1 1 1 1 1 1 1 1 1 1 1 1 1 1
627 7524 -0.55326145852 -0.00703282902088 0.00655583938911 0.770217164495 1 1 1 1 1 1 1 1 1 1 1 1 1 1 1
628 7536 -0.543689785192 -0.000301902427841 0.00420994295812 0.773258345669 1 1 1 1 1 1 1 1 1 1 1 1 1 1 1
629 7548 -0.557886944582 -0.00417858393299 0.00928271722702 0.763593811846 1 1 1 1 1 1 1 1 1 1 1 1 1 1 1
630 7560 -0.547525608975 -0.00768004825261 0.00838063274313 0.757113951149 1 1 1 1 1 1 1 1 1 1 1 1 1 1 1
631 7572 -0.560409738617 -0.000218294627592 0.0133419615756 0.748249280751 1 1 1 1 1 1 1 1 1 1 1 1 1 1 1
632 7584 -0.560057746688 -0.00275127928914 0.00457251198748 0.74330755673 1 1 1 1 1 1 1 1 1 1 1 1 1 1 1
633 7596 -0.558791387781 -0.00488009513208 0.00373728044746 0.734648306138 1 1 1 1 1 1 1 1 1 1 1 1 1 1 1
634 7608 -0.552743717379 -0.0137399513125 0.00296718578238 0.733438190025 1 1 1 1 1 1 1 1 1 1 1 1 1 1 1
635 7620 -0.569330901565 -0.00727910383149 0.00060165344857 0.73420769514 1 1 1 1 1 1 1 1 1 1 1 1 1 1 1
636 7632 -0.558867911472 -0.00133616167355 0.00186501240122 0.732868669592 1 1 1 1 1 1 1 1 1 1 1 1 1 1 1
637 7644 -0.568078311666 -0.00794279268793 0.00801823139833 0.728884833643 1 1 1 1 1 1 1 1 1 1 1 1 1 1 1
638 7656 -0.566356130421 -0.00596156153657 0.00466034350372 0.725836008865 1 1 1 1 1 1 1 1 1 1 1 1 1 1 1
639 7668 -0.563164884816 -0.00438313865458 0.00163469973993 0.730650852811 1 1 1 1 1 1 1 1 1 1 1 1 1 1 1
640 7680 -0.56232570191 -0.00300188444953 0.00366706262057 0.730272143406 1 1 1 1 1 1 1 1 1 1 1 1 1 1 1
641 7692 -0.561926731756 -0.000153513112947 0.00934225326987 0.73546915583 1 1 1 1 1 1 1 1 1 1 1 1 1 1 1
642 7704 -0.566343202916 -0.00368073033503 0.0213721126321 0.747933741226 1 1 1 1 1 1 1 1 1 1 1 1 1 1 1
643 7716 -0.564543391355 -0.0040695155677 0.000864747898034 0.754723170911 1 1 1 1 1 1 1 1 1 1 1 1 1 1 1
644 7728 -0.554506175899 -0.00788303008653 0.014387515628 0.752267161172 1 1 1 1 1 1 1 1 1 1 1 1 1 1 1
645 7740 -0.549197232439 -0.00199299366335 0.0377774010947 0.754183171125 1 1 1 1 1 1 1 1 1 1 1 1 1 1 1
646 7752 -0.54963925917 -0.00155113652874 0.0166934485144 0.755592312501 1 1 1 1 1 1 1 1 1 1 1 1 1 1 1
647 7764 -0.565756465098 -0.0050493981731 0.00438920146921 0.746311553919 1 1 1 1 1 1 1 1 1 1 1 1 1 1 1
648 7776 -0.559101699012 -0.00130650048288 0.0103964090639 0.745519232646 1 1 1 1 1 1 1 1 1 1 1 1 1 1 1
649 7788 -0.550643905328 -0.0098701675701 0.00276703784572 0.749196610338 1 1 1 1 1 1 1 1 1 1 1 1 1 1 1
650 7800 -0.543108835354 -0.00179144676545 0.00399760378594 0.753680421944 1 1 1 1 1 1 1 1 1 1 1 1 1 1 1
651 7812 -0.541851757232 -0.00140899204642 0.00161263072685 0.757855811327 1 1 1 1 1 1 1 1 1 1 1 1 1 1 1
652 7824 -0.543165060567 -0.0122709469012 0.000392477017077 0.756933291384 1 1 1 1 1 1 1 1 1 1 1 1 1 1 1
653 7836 -0.546896723503 -0.0120489932632 0.00298684326785 0.759301772855 1 1 1 1 1 1 1 1 1 1 1 1 1 1 1
654 7848 -0.538852716317 -0.00212592792332 0.0161472587072 0.761476083702 1 1 1 1 1 1 1 1 1 1 1 1 1 1 1
655 7860 -0.527675698947 -0.0149432013159 0.0108478295892 0.750028505226 1 1 1 1 1 1 1 1 1 1 1 1 1 1 1
656 7872 -0.5429577973 -0.0247248287295 0.012389086487 0.757846994826 1 1 1 1 1 1 1 1 1 1 1 1 1 1 1
657 7884 -0.561266088263 -0.00819033868662 0.019148737618 0.759958281256 1 1 1 1 1 1 1 1 1 1 1 1 1 1 1
658 7896 -0.553609124471 -0.0013957416224 0.0154480009136 0.758714679757 1 1 1 1 1 1 1 1 1 1 1 1 1 1 1
659 7908 -0.571070370152 -0.00122780771991 0.0128829418167 0.751601906071 1 1 1 1 1 1 1 1 1 1 1 1 1 1 1
660 7920 -0.560207751738 -0.0254463527635 0.0259757014476 0.758571181486 1 1 1 1 1 1 1 1 1 1 1 1 1 1 1
661 7932 -0.549475558074 -0.0171109964796 0.0295708696631 0.75850522764 1 1 1 1 1 1 1 1 1 1 1 1 1 1 1
662 7944 -0.542108142989 -0.00890809582208 0.000295695432846 0.759273259744 1 1 1 1 1 1 1 1 1 1 1 1 1 1 1
663 7956 -0.550806235525 -0.00158132055871 0.00947683216824 0.755827908826 1 1 1 1 1 1 1 1 1 1 1 1 1 1 1
664 7968 -0.537106967959 -0.0131837632191 0.00477864277322 0.756399078881 1 1 1 1 1 1 1 1 1 1 1 1 1 1 1
665 7980 -0.524810506358 -0.0105268470692 0.000644886156536 0.748245662727 1 1 1 1 1 1 1 1 1 1 1 1 1 1 1
666 7992 -0.528744776367 -0.00482296155002 0.0119345731136 0.746529568549 1 1 1 1 1 1 1 1 1 1 1 1 1 1 1
667 8004 -0.524466445194 -0.00714608647429 0.00715787785495 0.746596020419 1 1 1 1 1 1 1 1 1 1 1 1 1 1 1
668 8016 -0.526435592824 -0.00402175163533 0.0123923178335 0.735773530003 1 1 1 1 1 1 1 1 1 1 1 1 1 1 1
669 8028 -0.543699215115 -0.00640857832519 0.000985867961405 0.733604235538 1 1 1 1 1 1 1 1 1 1 1 1 1 1 1
670 8040 -0.53599563712 -0.000955184067204 0.00033248971257 0.727488369915 1 1 1 1 1 1 1 1 1 1 1 1 1 1 1
671 8052 -0.537354018846 -0.000570019283554 0.00181077845585 0.729928649498 1 1 1 1 1 1 1 1 1 1 1 1 1 1 1
672 8064 -0.546362844007 -0.00244201216262 0.0169666429703 0.734764081966 1 1 1 1 1 1 1 1 1 1 1 1 1 1 1
673 8076 -0.541260276393 -0.00728093238829 0.00178727597227 0.726285076383 1 1 1 1 1 1 1 1 1 1 1 1 1 1 1
674 8088 -0.53604695083 -0.00927314795397 0.00325901369754 0.722859838415 1 1 1 1 1 1 1 1 1 1 1 1 1 1 1
675 8100 -0.540592225984 -0.0013832995913 0.00587200257819 0.712922806211 1 1 1 1 1 1 1 1 1 1 1 1 1 1 1
676 8112 -0.539548073906 -0.00245174662611 0.0171198158413 0.71575911148 1 1 1 1 1 1 1 1 1 1 1 1 1 1 1
677 8124 -0.53912232112 -0.00859465204878 0.0135108602507 0.734888867614 1 1 1 1 1 1 1 1 1 1 1 1 1 1 1
678 8136 -0.545391380064 -0.011958758935 0.00891287639259 0.740489646204 1 1 1 1 1 1 1 1 1 1 1 1 1 1 1
679 8148 -0.552872816303 -0.0006739443896 0.00600137269321 0.735591230055 1 1 1 1 1 1 1 1 1 1 1 1 1 1 1
680 8160 -0.55443141899 -0.00169417168044 0.00432890329301 0.737945246482 1 1 1 1 1 1 1 1 1 1 1 1 1 1 1
681 8172 -0.552292536938 -0.0106110098808 0.00330875498826 0.73217087194 1 1 1 1 1 1 1 1 1 1 1 1 1 1 1
682 8184 -0.564970576563 -0.0137926608846 0.00216816002395 0.726327818073 1 1 1 1 1 1 1 1 1 1 1 1 1 1 1
683 8196 -0.572203046065 -0.0132910278952 0.00254189188085 0.72277888058 1 1 1 1 1 1 1 1 1 1 1 1 1 1 1
684 8208 -0.557554428775 -0.00752211464881 0.0037582260731 0.727320633832 1 1 1 1 1 1 1 1 1 1 1 1 1 1 1
685 8220 -0.55244629752 -0.00414555188684 0.00224357949322 0.727791627255 1 1 1 1 1 1 1 1 1 1 1 1 1 1 1
686 8232 -0.559256746498 -0.00157894796992 0.00905602703297 0.729170902103 1 1 1 1 1 1 1 1 1 1 1 1 1 1 1
687 8244 -0.557976328712 -0.00421336922695 0.000938493999407 0.719563756864 1 1 1 1 1 1 1 1 1 1 1 1 1 1 1
688 8256 -0.55785767734 -0.000815780502411 0.01251398296 0.725911370822 1 1 1 1 1 1 1 1 1 1 1 1 1 1 1
689 8268 -0.55180758558 -0.00626767326693 0.0069599156993 0.735986448308 1 1 1 1 1 1 1 1 1 1 1 1 1 1 1
690 8280 -0.550937152373 -0.00191275632415 0.0109781113931 0.734530447654 1 1 1 1 1 1 1 1 1 1 1 1 1 1 1
691 8292 -0.551593159704 -0.00963073001012 0.00109819906347 0.72659532445 1 1 1 1 1 1 1 1 1 1 1 1 1 1 1
692 8304 -0.543308616483 -0.00161672262581 0.00650369523516 0.718616708837 1 1 1 1 1 1 1 1 1 1 1 1 1 1 1
693 8316 -0.546698274814 -0.0168685202591 0.0141217543715 0.718578986005 1 1 1 1 1 1 1 1 1 1 1 1 1 1 1
694 8328 -0.536265540985 -0.00420783018691 7.38451488089e-05 0.718373397064 1 1 1 1 1 1 1 1 1 1 1 1 1 1 1
695 8340 -0.531664374003 -0.0110934688698 0.00264714988685 0.722398032697 1 1 1 1 1 1 1 1 1 1 1 1 1 1 1
696 8352 -0.531524130372 -0.00789996660522 0.000174347212092 0.689528767673 1 1 1 1 1 1 1 1 1 1 1 1 1 1 1
697 8364 -0.538075163079 -0.000496813259833 0.000144859269363 0.67650213017 1 1 1 1 1 1 1 1 1 1 1 1 1 1 1
698 8376 -0.539021644142 -0.00256408606672 0.00227556736157 0.664830578798 1 1 1 1 1 1 1 1 1 1 1 1 1 1 1
699 8388 -0.563179214818 -0.00158670425513 0.00658901545102 0.66236417586 1 1 1 1 1 1 1 1 1 1 1 1 1 1 1
700 8400 -0.565979240783 -0.00418833571732 0.000227670230786 0.659216406681 1 1 1 1 1 1 1 1 1 1 1 1 1 1 1
701 8412 -0.567692043078 -0.000737613413326 9.31640548424e-05 0.661913728919 1 1 1 1 1 1 1 1 1 1 1 1 1 1 1
702 8424 -0.580436762001 -0.00605897180129 0.00642933136294 0.648846797758 1 1 1 1 1 1 1 1 1 1 1 1 1 1 1
703 8436 -0.56699814409 -0.0112472771523 0.00574529062119 0.636247473939 1 1 1 1 1 1 1 1 1 1 1 1 1 1 1
704 8448 -0.567924951705 -0.00565636714916 0.000630386845553 0.63425745652 1 1 1 1 1 1 1 1 1 1 1 1 1 1 1
705 8460 -0.565893203803 -0.00379824350586 0.000397530020873 0.607697594644 1 1 1 1 1 1 1 1 1 1 1 1 1 1 1
706 8472 -0.565238266269 -0.00446037318956 0.0119772467809 0.617142713393 1 1 1 1 1 1 1 1 1 1 1 1 1 1 1
707 8484 -0.577408603483 -0.000976961492413 0.000332734771586 0.616321452103 1 1 1 1 1 1 1 1 1 1 1 1 1 1 1
708 8496 -0.577141234083 -0.00409803334715 0.00109890833029 0.616222802075 1 1 1 1 1 1 1 1 1 1 1 1 1 1 1
709 8508 -0.567508134231 -0.000991740723372 0.00861710358256 0.618101524738 1 1 1 1 1 1 1 1 1 1 1 1 1 1 1
710 8520 -0.582061173881 -0.000837107157449 0.0011225430784 0.6192809711 1 1 1 1 1 1 1 1 1 1 1 1 1 1 1
711 8532 -0.585496404085 -0.000622808703654 0.00376255239758 0.612530536115 1 1 1 1 1 1 1 1 1 1 1 1 1 1 1
712 8544 -0.574553699197 -0.0146548228313 0.000582068978599 0.615838154981 1 1 1 1 1 1 1 1 1 1 1 1 1 1 1
713 8556 -0.565223835668 -0.00323642129722 0.00110317883359 0.631679970873 1 1 1 1 1 1 1 1 1 1 1 1 1 1 1
714 8568 -0.569119738441 -0.0010979700426 0.00806720327936 0.636443864191 1 1 1 1 1 1 1 1 1 1 1 1 1 1 1
715 8580 -0.581446802752 -0.0155236399016 0.00565344288731 0.63966208166 1 1 1 1 1 1 1 1 1 1 1 1 1 1 1
716 8592 -0.584391076043 -0.00820320731186 0.00610400969689 0.635136137971 1 1 1 1 1 1 1 1 1 1 1 1 1 1 1
717 8604 -0.601589200709 -0.0073820015696 0.00139741481781 0.634346106679 1 1 1 1 1 1 1 1 1 1 1 1 1 1 1
718 8616 -0.602246430058 -0.00304195049116 0.000378890743699 0.635625458366 1 1 1 1 1 1 1 1 1 1 1 1 1 1 1
719 8628 -0.610262458604 -0.00276856329087 0.00426126908827 0.644934686226 1 1 1 1 1 1 1 1 1 1 1 1 1 1 1
720 8640 -0.595889253356 -0.00717689774085 0.0015643068836 0.639304008918 1 1 1 1 1 1 1 1 1 1 1 1 1 1 1
721 8652 -0.591133042006 -0.00275622163983 0.00364444410958 0.632474594839 1 1 1 1 1 1 1 1 1 1 1 1 1 1 1
722 8664 -0.571069541779 -0.0025105806347 0.00677683376033 0.638484713775 1 1 1 1 1 1 1 1 1 1 1 1 1 1 1
723 8676 -0.575362775108 -0.0100450054076 0.0132699112294 0.640990724746 1 1 1 1 1 1 1 1 1 1 1 1 1 1 1
724 8688 -0.56991809657 -0.00598282697695 0.00885361505741 0.647587491549 1 1 1 1 1 1 1 1 1 1 1 1 1 1 1
725 8700 -0.571655557704 -0.000160370146797 0.00387587493903 0.653182184347 1 1 1 1 1 1 1 1 1 1 1 1 1 1 1
726 8712 -0.576513589199 -0.00399151217484 0.0244449487613 0.638919917048 1 1 1 1 1 1 1 1 1 1 1 1 1 1 1
727 8724 -0.574618721584 -0.000519717076937 0.0223146893639 0.637834268525 1 1 1 1 1 1 1 1 1 1 1 1 1 1 1
728 8736 -0.550489042114 -0.0233335171835 0.000153827028341 0.641719330342 1 1 1 1 1 1 1 1 1 1 1 1 1 1 1
729 8748 -0.529682553558 -0.00121626450091 0.00836955331893 0.634587908871 1 1 1 1 1 1 1 1 1 1 1 1 1 1 1
730 8760 -0.523178293294 -0.0109089158614 0.00658056510557 0.628418223134 1 1 1 1 1 1 1 1 1 1 1 1 1 1 1
731 8772 -0.531897623938 -0.000549783385956 0.0103426179105 0.638457233489 1 1 1 1 1 1 1 1 1 1 1 1 1 1 1
732 8784 -0.53630483152 -0.00704930303628 0.0010537421605 0.639830930608 1 1 1 1 1 1 1 1 1 1 1 1 1 1 1
733 8796 -0.538160039895 -0.00475951527984 0.0231089575589 0.650418794473 1 1 1 1 1 1 1 1 1 1 1 1 1 1 1
734 8808 -0.526045164743 -0.00814988462253 0.0230863229604 0.654848309103 1 1 1 1 1 1 1 1 1 1 1 1 1 1 1
735 8820 -0.52842558701 -0.00194317698094 0.00721934955052 0.663158441773 1 1 1 1 1 1 1 1 1 1 1 1 1 1 1
736 8832 -0.53747032451 -0.0140623986789 0.0210034302273 0.659322197418 1 1 1 1 1 1 1 1 1 1 1 1 1 1 1
737 8844 -0.544065028579 -0.00396683366872 0.0058249238407 0.666081431661 1 1 1 1 1 1 1 1 1 1 1 1 1 1 1
738 8856 -0.553830401726 -0.00670073639618 0.00612887787352 0.661899420384 1 1 1 1 1 1 1 1 1 1 1 1 1 1 1
739 8868 -0.55808400769 -0.00279622617939 0.0162835525007 0.655413785195 1 1 1 1 1 1 1 1 1 1 1 1 1 1 1
740 8880 -0.557739282486 -0.000822029521794 0.0201173879224 0.639683558761 1 1 1 1 1 1 1 1 1 1 1 1 1 1 1
741 8892 -0.569504832129 -0.0172382622967 0.0273676651698 0.641184045364 1 1 1 1 1 1 1 1 1 1 1 1 1 1 1
742 8904 -0.555455941793 -0.00277849215621 0.0251328688662 0.62203001773 1 1 1 1 1 1 1 1 1 1 1 1 1 1 1
743 8916 -0.567575550983 -0.00608597720576 0.0239850992834 0.616058323447 1 1 1 1 1 1 1 1 1 1 1 1 1 1 1
744 8928 -0.570615226448 -0.00325337431852 0.0118669503033 0.603299895678 1 1 1 1 1 1 1 1 1 1 1 1 1 1 1
745 8940 -0.572675352441 -0.00793168864654 0.0120459061438 0.608669922629 1 1 1 1 1 1 1 1 1 1 1 1 1 1 1
746 8952 -0.573216654659 -0.0186432642447 0.0156646656559 0.613990364407 1 1 1 1 1 1 1 1 1 1 1 1 1 1 1
747 8964 -0.569589685638 -0.00713080616209 0.0099143225027 0.617747467042 1 1 1 1 1 1 1 1 1 1 1 1 1 1 1
748 8976 -0.570159318361 -0.015022291513 0.0012816046148 0.616530384126 1 1 1 1 1 1 1 1 1 1 1 1 1 1 1
749 8988 -0.567332146912 -0.0238704465579 0.00391848870186 0.637257161286 1 1 1 1 1 1 1 1 1 1 1 1 1 1 1
750 9000 -0.570319171778 -0.00264408361093 0.0279653851896 0.640212003441 1 1 1 1 1 1 1 1 1 1 1 1 1 1 1
751 9012 -0.597771728311 -0.0034750895737 0.0178294684652 0.644216796101 1 1 1 1 1 1 1 1 1 1 1 1 1 1 1
752 9024 -0.604597407098 -0.00627112611119 0.000138898628317 0.641664511144 1 1 1 1 1 1 1 1 1 1 1 1 1 1 1
753 9036 -0.604635171699 -0.0114059430596 0.00161143689753 0.634938077766 1 1 1 1 1 1 1 1 1 1 1 1 1 1 1
754 9048 -0.62108022005 -0.0190322742672 0.00606190183354 0.658264753592 1 1 1 1 1 1 1 1 1 1 1 1 1 1 1
755 9060 -0.618689206257 -0.0106842888702 0.00398050102557 0.653653960197 1 1 1 1 1 1 1 1 1 1 1 1 1 1 1
756 9072 -0.609288724992 -0.00711194507278 0.0111408152445 0.652518965857 1 1 1 1 1 1 1 1 1 1 1 1 1 1 1
757 9084 -0.614473842205 -0.0115087234268 0.00595813107241 0.659481982783 1 1 1 1 1 1 1 1 1 1 1 1 1 1 1
758 9096 -0.622905951758 -0.00772278433978 0.0191153668721 0.652887764273 1 1 1 1 1 1 1 1 1 1 1 1 1 1 1
759 9108 -0.631226955879 -0.00454927672397 0.00613035862951 0.673733800858 1 1 1 1 1 1 1 1 1 1 1 1 1 1 1
760 9120 -0.622326152138 -0.000457794059277 0.00981406196559 0.682942777521 1 1 1 1 1 1 1 1 1 1 1 1 1 1 1
761 9132 -0.629767735519 -0.00798927770419 0.0155320830733 0.694013081679 1 1 1 1 1 1 1 1 1 1 1 1 1 1 1
762 9144 -0.627292670914 -0.00370646190446 0.0051424343712 0.693613424867 1 1 1 1 1 1 1 1 1 1 1 1 1 1 1
763 9156 -0.621695388543 -0.00181672761887 0.00690950155027 0.673209022069 1 1 1 1 1 1 1 1 1 1 1 1 1 1 1
764 9168 -0.618499817382 -0.00223988143176 0.0115499973507 0.675920437943 1 1 1 1 1 1 1 1 1 1 1 1 1 1 1
765 9180 -0.605745213604 -0.0077313637565 0.0116372880729 0.676574152351 1 1 1 1 1 1 1 1 1 1 1 1 1 1 1
766 9192 -0.614081768803 -0.0145852848011 0.00590899468871 0.679788893428 1 1 1 1 1 1 1 1 1 1 1 1 1 1 1
767 9204 -0.623198792347 -0.00392809290215 0.00096801856512 0.68486496476 1 1 1 1 1 1 1 1 1 1 1 1 1 1 1
768 9216 -0.633117578205 -0.000969777925976 0.00248050533105 0.688934858773 1 1 1 1 1 1 1 1 1 1 1 1 1 1 1
769 9228 -0.634369789896 -0.0270890189263 0.000955083614843 0.680652405101 1 1 1 1 1 1 1 1 1 1 1 1 1 1 1
770 9240 -0.648537963025 -0.00156262520019 0.00889859624383 0.670685133267 1 1 1 1 1 1 1 1 1 1 1 1 1 1 1
771 9252 -0.647898317732 -0.00312561702319 0.00598939085389 0.66492102826 1 1 1 1 1 1 1 1 1 1 1 1 1 1 1
772 9264 -0.649911748616 -0.00709641874864 0.00154426513218 0.679100141382 1 1 1 1 1 1 1 1 1 1 1 1 1 1 1
773 9276 -0.651118436407 -0.0054932941703 0.00547635603969 0.696009360682 1 1 1 1 1 1 1 1 1 1 1 1 1 1 1
774 9288 -0.646845067072 -0.0141091797981 0.0109044114074 0.69671086456 1 1 1 1 1 1 1 1 1 1 1 1 1 1 1
775 9300 -0.663574035362 -0.0133071301209 0.00533137670833 0.704258185547 1 1 1 1 1 1 1 1 1 1 1 1 1 1 1
776 9312 -0.658658104512 -0.00417324671273 0.00538754523701 0.710830618763 1 1 1 1 1 1 1 1 1 1 1 1 1 1 1
777 9324 -0.655987739027 -0.00717191510713 0.012381175401 0.713055122069 1 1 1 1 1 1 1 1 1 1 1 1 1 1 1
778 9336 -0.643956923965 -0.00192284071857 0.00340178056631 0.683953169413 1 1 1 1 1 1 1 1 1 1 1 1 1 1 1
779 9348 -0.639185963692 -0.00644269166186 0.000335073171094 0.694231501537 1 1 1 1 1 1 1 1 1 1 1 1 1 1 1
780 9360 -0.667327661762 -5.78711723839e-05 0.0252651437672 0.692524753527 1 1 1 1 1 1 1 1 1 1 1 1 1 1 1
781 9372 -0.641725306768 -0.00221639246733 0.0106343112258 0.69274005708 1 1 1 1 1 1 1 1 1 1 1 1 1 1 1
782 9384 -0.640079893024 -0.00451772180878 0.00504436838357 0.691042923102 1 1 1 1 1 1 1 1 1 1 1 1 1 1 1
783 9396 -0.654960248711 -0.00987158475146 0.0409663706589 0.682602311508 1 1 1 1 1 1 1 1 1 1 1 1 1 1 1
784 9408 -0.640150276706 -0.00599767406009 0.0237904400501 0.677072468742 1 1 1 1 1 1 1 1 1 1 1 1 1 1 1
785 9420 -0.647307900559 -0.00138844672992 0.0103222818722 0.665181210276 1 1 1 1 1 1 1 1 1 1 1 1 1 1 1
786 9432 -0.658983181601 -0.0255646558331 0.00290598234065 0.680045640058 1 1 1 1 1 1 1 1 1 1 1 1 1 1 1
787 9444 -0.662382763587 -0.0357395125865 0.00776030977854 0.687996048944 1 1 1 1 1 1 1 1 1 1 1 1 1 1 1
788 9456 -0.66013448801 -0.0212677774839 0.00285694542815 0.68577701231 1 1 1 1 1 1 1 1 1 1 1 1 1 1 1
789 9468 -0.663372074853 -0.00578807989111 0.00552788722454 0.700391656128 1 1 1 1 1 1 1 1 1 1 1 1 1 1 1
790 9480 -0.657861636495 -0.0040119149476 0.0033739245833 0.694292390743 1 1 1 1 1 1 1 1 1 1 1 1 1 1 1
791 9492 -0.639013544923 -0.00160000750641 0.00575261092207 0.696195172369 1 1 1 1 1 1 1 1 1 1 1 1 1 1 1
792 9504 -0.63749761502 -0.00378116389508 0.0190367915077 0.689378312029 1 1 1 1 1 1 1 1 1 1 1 1 1 1 1
793 9516 -0.640334360128 -0.00404178475643 0.0242478710008 0.678461398157 1 1 1 1 1 1 1 1 1 1 1 1 1 1 1
794 9528 -0.64729344423 -0.00497165699449 0.00766342475634 0.676649866005 1 1 1 1 1 1 1 1 1 1 1 1 1 1 1
795 9540 -0.637752124484 -0.00201423342383 0.0189964411376 0.683958540676 1 1 1 1 1 1 1 1 1 1 1 1 1 1 1
796 9552 -0.635723952831 -0.00869056635371 0.011382023439 0.690213192097 1 1 1 1 1 1 1 1 1 1 1 1 1 1 1
797 9564 -0.624624025664 -0.0450632627114 0.00452800104136 0.690572170476 1 1 1 1 1 1 1 1 1 1 1 1 1 1 1
798 9576 -0.618979740205 -0.0297028024978 0.0102426832268 0.682232388841 1 1 1 1 1 1 1 1 1 1 1 1 1 1 1
799 9588 -0.611128176301 -0.0501754727475 0.00654151308359 0.675601414102 1 1 1 1 1 1 1 1 1 1 1 1 1 1 1
800 9600 -0.598591052245 -0.0576025888823 0.00949655482943 0.672071237177 1 1 1 1 1 1 1 1 1 1 1 1 1 1 1
801 9612 -0.598702207412 -0.0320132537094 0.00668644243995 0.674465882172 1 1 1 1 1 1 1 1 1 1 1 1 1 1 1
802 9624 -0.594111954147 -0.0338342654952 0.00227506302494 0.676590039023 1 1 1 1 1 1 1 1 1 1 1 1 1 1 1
803 9636 -0.583994282685 -0.0488967861412 0.00182053819014 0.670367976248 1 1 1 1 1 1 1 1 1 1 1 1 1 1 1
804 9648 -0.577702599164 -0.016521584321 0.0218394121492 0.665020942017 1 1 1 1 1 1 1 1 1 1 1 1 1 1 1
805 9660 -0.582931028016 -0.0221462777943 0.0169703294099 0.663880976412 1 1 1 1 1 1 1 1 1 1 1 1 1 1 1
806 9672 -0.585131383638 -0.0118056214521 0.013477385492 0.679681796689 1 1 1 1 1 1 1 1 1 1 1 1 1 1 1
807 9684 -0.579612951582 -0.0191666785573 0.0063424758167 0.672035772798 1 1 1 1 1 1 1 1 1 1 1 1 1 1 1
808 9696 -0.578860408983 -0.0138735492622 0.0132166425529 0.680696519664 1 1 1 1 1 1 1 1 1 1 1 1 1 1 1
809 9708 -0.581830599837 -0.00561240259132 0.0118186081803 0.683091550421 1 1 1 1 1 1 1 1 1 1 1 1 1 1 1
810 9720 -0.574848099683 -0.00851641245118 0.00120114567999 0.68287673412 1 1 1 1 1 1 1 1 1 1 1 1 1 1 1
811 9732 -0.572028669067 -0.00016033769356 0.0100814703788 0.682100536393 1 1 1 1 1 1 1 1 1 1 1 1 1 1 1
812 9744 -0.566260274896 -0.011029448958 0.00762569938504 0.688243670018 1 1 1 1 1 1 1 1 1 1 1 1 1 1 1
813 9756 -0.575420500941 -0.00357318470461 0.0114612320443 0.694746822669 1 1 1 1 1 1 1 1 1 1 1 1 1 1 1
814 9768 -0.578246759223 -0.019323027888 0.0247650530758 0.695245423455 1 1 1 1 1 1 1 1 1 1 1 1 1 1 1
815 9780 -0.58393203355 -0.0175139962387 0.0076456269925 0.693140030467 1 1 1 1 1 1 1 1 1 1 1 1 1 1 1
816 9792 -0.580683004488 -0.0124300112852 0.0100778225894 0.689513964052 1 1 1 1 1 1 1 1 1 1 1 1 1 1 1
817 9804 -0.581917859045 -0.0119562985981 0.0206228290695 0.697840036815 1 1 1 1 1 1 1 1 1 1 1 1 1 1 1
818 9816 -0.599000757067 -0.00766238712972 0.00119498077941 0.686091584733 1 1 1 1 1 1 1 1 1 1 1 1 1 1 1
819 9828 -0.592448648171 -0.0169339630973 0.000381450903893 0.678397842564 1 1 1 1 1 1 1 1 1 1 1 1 1 1 1
820 9840 -0.58824041741 -0.00260663353357 0.0268526032134 0.6700246863 1 1 1 1 1 1 1 1 1 1 1 1 1 1 1
821 9852 -0.582206920226 -5.42231342055e-05 0.0187626982687 0.670728785211 1 1 1 1 1 1 1 1 1 1 1 1 1 1 1
822 9864 -0.593445035946 -0.0178086392636 0.0226127500087 0.681783180304 1 1 1 1 1 1 1 1 1 1 1 1 1 1 1
823 9876 -0.614846232509 -0.0383927469235 0.00664361040306 0.665367405306 1 1 1 1 1 1 1 1 1 1 1 1 1 1 1
824 9888 -0.610612631928 -0.00398985353484 0.0440347633395 0.660197594755 1 1 1 1 1 1 1 1 1 1 1 1 1 1 1
825 9900 -0.606052750698 -0.00565669245713 0.0264170892429 0.659599169749 1 1 1 1 1 1 1 1 1 1 1 1 1 1 1
826 9912 -0.609812003873 -0.00959428646231 0.00823847996047 0.656659289089 1 1 1 1 1 1 1 1 1 1 1 1 1 1 1
827 9924 -0.606349608183 -0.0204453139595 0.00246015733009 0.643701797418 1 1 1 1 1 1 1 1 1 1 1 1 1 1 1
828 9936 -0.609823064338 -0.011436746222 0.00141697620752 0.643741408237 1 1 1 1 1 1 1 1 1 1 1 1 1 1 1
829 9948 -0.618177532578 -0.0109683562418 4.54421573332e-05 0.64276456298 1 1 1 1 1 1 1 1 1 1 1 1 1 1 1
830 9960 -0.634185452452 -0.0107468717995 0.00500623803666 0.643977654151 1 1 1 1 1 1 1 1 1 1 1 1 1 1 1
831 9972 -0.63745143712 -0.00810617452858 0.0121390479703 0.635531983302 1 1 1 1 1 1 1 1 1 1 1 1 1 1 1
832 9984 -0.641370662711 -0.00976153815689 0.00940195421699 0.630175247547 1 1 1 1 1 1 1 1 1 1 1 1 1 1 1
833 9996 -0.64359279491 -0.000530429357328 0.00658225250218 0.630197806379 1 1 1 1 1 1 1 1 1 1 1 1 1 1 1
834 10008 -0.643632384175 -0.0490860791211 0.00222595863881 0.627795878271 1 1 1 1 1 1 1 1 1 1 1 1 1 1 1
835 10020 -0.639150791921 -0.0575910412962 0.00235500544439 0.644214238495 1 1 1 1 1 1 1 1 1 1 1 1 1 1 1
836 10032 -0.643365388499 -0.00442622663539 0.0043073367056 0.647831417976 1 1 1 1 1 1 1 1 1 1 1 1 1 1 1
837 10044 -0.639102515155 -0.0194683193168 0.00100099536029 0.679453033235 1 1 1 1 1 1 1 1 1 1 1 1 1 1 1
838 10056 -0.638618188854 -0.000106611652766 0.0183825289344 0.683019027903 1 1 1 1 1 1 1 1 1 1 1 1 1 1 1
839 10068 -0.647678922056 -0.0127900198862 0.00845331315217 0.688775593795 1 1 1 1 1 1 1 1 1 1 1 1 1 1 1
840 10080 -0.653330378806 -0.00955084935959 0.00228103560302 0.678441890101 1 1 1 1 1 1 1 1 1 1 1 1 1 1 1
841 10092 -0.666069951952 -0.0222262859294 0.0207116353133 0.680046551944 1 1 1 1 1 1 1 1 1 1 1 1 1 1 1
842 10104 -0.66749739562 -0.0214751823597 0.000425623044619 0.692360966236 1 1 1 1 1 1 1 1 1 1 1 1 1 1 1
843 10116 -0.68196950802 -0.00747291344209 0.0266602128841 0.693937477432 1 1 1 1 1 1 1 1 1 1 1 1 1 1 1
844 10128 -0.683518235642 -0.000657980342912 0.0139260721225 0.69420210339 1 1 1 1 1 1 1 1 1 1 1 1 1 1 1
845 10140 -0.684536229365 -0.000935226827549 0.0140444546753 0.695371529388 1 1 1 1 1 1 1 1 1 1 1 1 1 1 1
846 10152 -0.690929828168 -0.00528356849349 0.011698272356 0.705031357834 1 1 1 1 1 1 1 1 1 1 1 1 1 1 1
847 10164 -0.688487762902 -0.00989208662074 0.0022548193999 0.70565026884 1 1 1 1 1 1 1 1 1 1 1 1 1 1 1
848 10176 -0.68485650625 -0.00229183761653 0.00474418717847 0.707427452572 1 1 1 1 1 1 1 1 1 1 1 1 1 1 1
849 10188 -0.681089501956 -0.000404027208995 0.00680561719215 0.707090076225 1 1 1 1 1 1 1 1 1 1 1 1 1 1 1
850 10200 -0.680278527034 -0.00336860787102 0.00555341260113 0.723366494168 1 1 1 1 1 1 1 1 1 1 1 1 1 1 1
851 10212 -0.685684449622 -0.00120957501275 0.00931501933506 0.729317133048 1 1 1 1 1 1 1 1 1 1 1 1 1 1 1
852 10224 -0.682086370851 -0.0171711551591 0.00443899361334 0.732500681998 1 1 1 1 1 1 1 1 1 1 1 1 1 1 1
853 10236 -0.684594026784 -0.0140329640734 0.0100541545623 0.742091724197 1 1 1 1 1 1 1 1 1 1 1 1 1 1 1
854 10248 -0.682466772379 -0.000851987579215 0.00837805701702 0.74287501284 1 1 1 1 1 1 1 1 1 1 1 1 1 1 1
855 10260 -0.677035512177 -0.00473353747782 0.0202017718184 0.741611725237 1 1 1 1 1 1 1 1 1 1 1 1 1 1 1
