% # columns="iteration, evaluation, sigma, max axis length,  min axis length, all principle axes lengths  (sorted square roots of eigenvalues of C)", seed=20, Wed Aug 15 10:39:08 2018
1 12 1.89370451899 1.00004705993 1.0 1.0 1.00000294118 1.00000588237 1.00000882357 1.00001176478 1.00001470599 1.00001764721 1.00002058845 1.00002352969 1.00002647094 1.0000294122 1.00003235346 1.00003529474 1.00003823603 1.00004117732 1.00004411862 1.00004705993
2 24 1.78748338163 1.0592592078 0.934937823727 0.934937823727 0.964555274865 0.978462525018 0.987176376894 0.994981842804 0.997433088338 1.00001037412 1.00001580973 1.00002011192 1.00002971495 1.00003559127 1.00077876952 1.0026610901 1.00831093375 1.01408376083 1.02557113875 1.0592592078
3 36 1.71017230549 1.0652160404 0.928805917873 0.928805917873 0.948401518228 0.963130673019 0.971610767232 0.975583327567 0.985534855776 0.991409276457 0.995567522739 0.997356473457 1.00068773039 1.00300368417 1.00373202086 1.00701647976 1.01567911029 1.02806325175 1.03959143772 1.0652160404
4 48 1.66011139609 1.07557719414 0.915765440548 0.915765440548 0.929001349697 0.949192046403 0.951901706982 0.975524495824 0.97943487437 0.981471973689 0.988678514799 0.993474676484 0.997088287262 0.999572892226 1.00581313391 1.00835420853 1.01986532289 1.02848383364 1.0548588985 1.07557719414
5 60 1.62220852607 1.08950849126 0.901805431414 0.901805431414 0.92737812535 0.940886048961 0.951697251639 0.960273109671 0.966623352956 0.976356531192 0.989984727433 0.993052434339 0.999427639212 1.0018285086 1.00480549191 1.01518659742 1.0271049705 1.03680390947 1.0528430164 1.08950849126
6 72 1.70356618793 1.09570062383 0.902835635019 0.902835635019 0.918868048001 0.939439660477 0.943602978598 0.955157594088 0.968466198022 0.972738183493 0.977712542271 0.996067803804 0.999633916276 1.00408081179 1.00884472262 1.01600782577 1.02378875154 1.04110493889 1.06923122289 1.09570062383
7 84 1.69249464072 1.17998281012 0.883082606911 0.883082606911 0.916737709826 0.927982909321 0.938019924076 0.955726019391 0.960608647123 0.964542218898 0.97776902789 0.992855078291 0.996125358213 0.999022697964 1.01007326213 1.02088198101 1.02349740067 1.03932074032 1.07680777428 1.17998281012
8 96 1.64491358054 1.20523039364 0.879916057984 0.879916057984 0.908211371353 0.921051243533 0.936653341198 0.941368770029 0.957654746204 0.962830940164 0.967891322268 0.984966336509 0.987796340236 1.00001382679 1.01318786101 1.01749750207 1.0272593849 1.05029861394 1.07411849313 1.20523039364
9 108 1.58349010322 1.21540104715 0.873704748166 0.873704748166 0.8996460679 0.918620684969 0.921518634251 0.943422954475 0.945076173459 0.955788305617 0.959168751651 0.981006797548 0.99100526096 0.998691078823 1.00727814815 1.0192584107 1.03779010947 1.04868037027 1.09176483103 1.21540104715
10 120 1.58399337864 1.22718079709 0.854680921248 0.854680921248 0.898685016583 0.905573929535 0.91366138595 0.921661341085 0.944513490297 0.954952944639 0.963717496752 0.976221929246 0.982430709071 0.999749782158 1.0071728748 1.01644348199 1.03977619321 1.0624067066 1.09002649894 1.22718079709
11 132 1.56153959 1.21639556823 0.860296578452 0.860296578452 0.887783978454 0.897737405671 0.908702503579 0.926569733343 0.931666871937 0.94376684674 0.965154892237 0.980696439956 0.985385740953 0.992741928328 1.00613917697 1.018480184 1.03452467204 1.0770288995 1.10666023531 1.21639556823
12 144 1.50175660826 1.23120654936 0.847516854909 0.847516854909 0.876334338068 0.890619357873 0.900216410602 0.926989530075 0.932793801723 0.941750229941 0.96597082756 0.975847549734 0.979315427414 0.991159306803 1.00266828963 1.00801228203 1.03073011137 1.06973608502 1.11384357003 1.23120654936
13 156 1.40916529434 1.23262813336 0.840352337095 0.840352337095 0.855048253109 0.889867565117 0.893380158952 0.925050248112 0.928277965889 0.948665457094 0.96150428165 0.975585234501 0.980609879724 0.992603633726 1.00131565077 1.01174460703 1.02463255542 1.05991200643 1.11975599391 1.23262813336
14 168 1.34976677948 1.23010520572 0.826842424941 0.826842424941 0.835460144748 0.886582447884 0.887049218253 0.918869051315 0.926310113084 0.948777506648 0.961425656105 0.970080170883 0.975356511406 0.986516639835 0.996615946572 1.01447166846 1.02966318126 1.06105673117 1.12072859248 1.23010520572
15 180 1.26194036235 1.21819046822 0.826800431182 0.826800431182 0.829598395507 0.874200374734 0.884278461143 0.915208602287 0.927359190167 0.934870357533 0.953388938739 0.964736715899 0.974379022872 0.981861380532 0.996520507908 1.02488612969 1.04292055563 1.05787956655 1.11781059875 1.21819046822
16 192 1.28025587933 1.20984199528 0.81921483054 0.81921483054 0.82652127507 0.87338686028 0.877446237658 0.904437146745 0.91880185829 0.935527817699 0.956256049247 0.965032231685 0.970026748499 0.97668013385 0.99318932281 1.03030143692 1.0402779759 1.05801086796 1.12745578734 1.20984199528
17 204 1.31068033954 1.25322036607 0.817771448477 0.817771448477 0.823106628791 0.862624298668 0.884106485713 0.899428904225 0.907742208169 0.920821263228 0.944046388523 0.965523393273 0.970131255925 0.988380018091 1.00997176292 1.04036160402 1.04923691479 1.06007731629 1.1186995271 1.25322036607
