% # columns="iteration, evaluation, sigma, axis ratio, bestever, best, median, worst objective function value, further objective values of best", seed=11, Wed Jan 31 13:59:33 2018, <python>{}</python>
1 12 1.85883918947 1.00004666776 -8.47 -8.4700000000000006e+00 -8.31333333333 -8.11316666667   
2 24 1.83884559506 1.12405716187 -8.5 -8.5000000000000000e+00 -8.44666666667 -8.1965   
3 36 1.855787838 1.17205096035 -8.5 -8.4933333333333341e+00 -8.40666666667 -8.2765   
4 48 1.91318627532 1.23276318771 -8.593333333333334 -8.5933333333333337e+00 -8.41 -8.19316666667   
5 60 1.97749942653 1.31106750429 -8.593333333333334 -8.5733333333333341e+00 -8.43666666667 -8.21983333333   
6 72 2.15867028046 1.34398972527 -8.613333333333333 -8.6133333333333333e+00 -8.54666666667 -8.47333333333   
7 84 2.25114652172 1.45276627185 -8.613333333333333 -8.5966666666666658e+00 -8.46 -3.52357533333   
8 96 2.34463550947 1.56516027823 -8.613333333333333 -8.5833333333333339e+00 -8.44666666667 0.105724666667   
9 108 2.42594782252 1.59302356997 -8.63 -8.6300000000000008e+00 -8.51333333333 -8.08316666667   
10 120 2.3893794039 1.62516138504 -8.63 -8.5466666666666669e+00 -8.40666666667 0.124673333333   
11 132 2.33910875875 1.63606741205 -8.63 -8.4900000000000002e+00 -8.34666666667 0.265764666667   
12 144 2.39224293737 1.68371788937 -8.63 -8.5766666666666662e+00 -8.36333333333 1.0   
13 156 2.29772890369 1.72085853087 -8.63 -8.5766666666666662e+00 -8.41333333333 0.430514   
14 168 2.17818260492 1.74952178231 -8.63 -8.5666666666666664e+00 -8.38333333333 0.584248666667   
15 180 2.17187761831 1.79801414425 -8.63 -8.5999999999999996e+00 -8.43333333333 0.108799333333   
16 192 2.08928045906 1.81555926236 -8.643333333333333 -8.6433333333333326e+00 -8.51 0.255588   
17 204 1.98646215891 1.80465356506 -8.643333333333333 -8.6033333333333335e+00 -8.49 -8.20983333333   
18 216 1.9309649975 1.86593044843 -8.643333333333333 -8.6066666666666674e+00 -8.50333333333 -3.92888666667   
19 228 1.87697603918 1.86446951455 -8.643333333333333 -8.5966666666666658e+00 -8.53333333333 -8.36666666667   
20 240 1.76516742497 1.90540525805 -8.643333333333333 -8.6133333333333333e+00 -8.51666666667 -5.88983533333   
21 252 1.76237118656 1.89445503905 -8.643333333333333 -8.6066666666666674e+00 -8.49 -1.85511333333   
22 264 1.66912317309 1.90824815217 -8.643333333333333 -8.6233333333333331e+00 -8.53666666667 -8.44666666667   
23 276 1.5363336183 1.9221625949 -8.643333333333333 -8.5933333333333337e+00 -8.52333333333 -8.41666666667   
24 288 1.43905132186 1.94837593006 -8.643333333333333 -8.5833333333333339e+00 -8.51333333333 -8.35333333333   
25 300 1.35997436283 1.94869563972 -8.643333333333333 -8.5933333333333337e+00 -8.54 -8.2865   
26 312 1.32932601303 1.9696654197 -8.643333333333333 -8.6066666666666674e+00 -8.56666666667 -1.86828333333   
27 324 1.43717914364 1.99630978361 -8.643333333333333 -8.6133333333333333e+00 -8.57333333333 -8.53333333333   
28 336 1.46087873044 2.0449328711 -8.643333333333333 -8.6199999999999992e+00 -8.52 0.247392666667   
29 348 1.41936185212 2.08161161622 -8.643333333333333 -8.6366666666666667e+00 -8.53666666667 -8.31   
30 360 1.40175800486 2.10115742095 -8.643333333333333 -8.6400000000000006e+00 -8.56 -1.86502733333   
31 372 1.28948765162 2.12796518192 -8.643333333333333 -8.5733333333333341e+00 -8.54333333333 -3.81465466667   
32 384 1.20455176287 2.1240800337 -8.643333333333333 -8.6266666666666669e+00 -8.58333333333 -8.49333333333   
33 396 1.1395783212 2.18377623097 -8.643333333333333 -8.6333333333333329e+00 -8.60666666667 -8.39   
34 408 1.11031667209 2.19395757446 -8.643333333333333 -8.6300000000000008e+00 -8.60666666667 -8.58666666667   
35 420 1.08727361259 2.20816222379 -8.643333333333333 -8.6433333333333326e+00 -8.59333333333 0.081288   
36 432 1.08637173839 2.20891950305 -8.643333333333333 -8.6433333333333326e+00 -8.59666666667 -8.44   
37 444 1.0798894012 2.1824779211 -8.643333333333333 -8.6400000000000006e+00 -8.58666666667 -8.45   
38 456 1.07237288402 2.19879371148 -8.643333333333333 -8.6366666666666667e+00 -8.61666666667 -8.58   
39 468 1.01704976397 2.19310775393 -8.656666666666666 -8.6566666666666663e+00 -8.60666666667 -8.38333333333   
40 480 0.978887360234 2.16782559867 -8.656666666666666 -8.6433333333333326e+00 -8.61333333333 -8.53   
41 492 0.912310597234 2.18256012972 -8.656666666666666 -8.6500000000000004e+00 -8.61333333333 -8.54333333333   
42 504 0.890441788985 2.1536031915 -8.656666666666666 -8.6400000000000006e+00 -8.61333333333 -8.46666666667   
43 516 0.859006262722 2.15903375956 -8.656666666666666 -8.6566666666666663e+00 -8.61666666667 -8.49333333333   
44 528 0.801911793797 2.17950382187 -8.656666666666666 -8.6400000000000006e+00 -8.61333333333 -8.57   
45 540 0.74393278158 2.14452106894 -8.656666666666666 -8.6566666666666663e+00 -8.62333333333 -8.58   
46 552 0.725133806198 2.21968265211 -8.656666666666666 -8.6500000000000004e+00 -8.61 -8.57666666667   
47 564 0.691858613329 2.23180429555 -8.656666666666666 -8.6533333333333342e+00 -8.63666666667 -8.59333333333   
48 576 0.643759087364 2.24336303578 -8.656666666666666 -8.6566666666666663e+00 -8.62 -8.54333333333   
49 588 0.624787382907 2.26539334288 -8.656666666666666 -8.6533333333333342e+00 -8.61666666667 -8.59   
50 600 0.640438587359 2.28081215034 -8.656666666666666 -8.6466666666666665e+00 -8.62666666667 -8.54333333333   
51 612 0.625643026678 2.30689858196 -8.66 -8.6600000000000001e+00 -8.61666666667 -8.60333333333   
52 624 0.610893190521 2.29078447402 -8.66 -8.6500000000000004e+00 -8.62666666667 -8.55   
53 636 0.560337474057 2.26199833353 -8.66 -8.6366666666666667e+00 -8.61333333333 -8.58   
54 648 0.533430577397 2.26106349295 -8.663333333333334 -8.6633333333333340e+00 -8.63 -8.59666666667   
55 660 0.517830315215 2.26919316692 -8.663333333333334 -8.6466666666666665e+00 -8.63 -8.58666666667   
56 672 0.531495874551 2.29659641615 -8.673333333333334 -8.6733333333333338e+00 -8.63 -8.59   
57 684 0.513065515119 2.23078371118 -8.673333333333334 -8.6600000000000001e+00 -8.64666666667 -8.58666666667   
58 696 0.507060897981 2.29535384461 -8.673333333333334 -8.6500000000000004e+00 -8.62666666667 -8.60333333333   
59 708 0.521268152011 2.30869483307 -8.673333333333334 -8.6533333333333342e+00 -8.62666666667 -8.54666666667   
60 720 0.514276451526 2.38283209354 -8.673333333333334 -8.6699999999999999e+00 -8.62666666667 -8.59666666667   
61 732 0.515290404828 2.50948070043 -8.673333333333334 -8.6699999999999999e+00 -8.61 -8.58333333333   
62 744 0.490284643367 2.54175637189 -8.673333333333334 -8.6600000000000001e+00 -8.62333333333 -8.59333333333   
63 756 0.48467788228 2.54753299285 -8.673333333333334 -8.6566666666666663e+00 -8.63333333333 -8.59666666667   
64 768 0.474505153995 2.55777738471 -8.673333333333334 -8.6533333333333342e+00 -8.62333333333 -8.60666666667   
65 780 0.444976655331 2.54894471582 -8.673333333333334 -8.6633333333333340e+00 -8.63 -8.59333333333   
66 792 0.417754212072 2.57984698743 -8.673333333333334 -8.6466666666666665e+00 -8.62666666667 -8.57666666667   
67 804 0.391268860313 2.59668552658 -8.673333333333334 -8.6733333333333338e+00 -8.61666666667 -8.57333333333   
68 816 0.351629644041 2.58081029404 -8.673333333333334 -8.6500000000000004e+00 -8.61 -8.45333333333   
69 828 0.337191492211 2.61316630993 -8.676666666666666 -8.6766666666666659e+00 -8.62333333333 -8.60333333333   
70 840 0.342143329793 2.63514082789 -8.676666666666666 -8.6433333333333326e+00 -8.61333333333 -8.59   
71 852 0.344778056739 2.64441816662 -8.676666666666666 -8.6633333333333340e+00 -8.62333333333 -8.58   
72 864 0.351078595422 2.68671095296 -8.676666666666666 -8.6533333333333342e+00 -8.63 -8.59666666667   
73 876 0.353739728192 2.62504150078 -8.676666666666666 -8.6433333333333326e+00 -8.62333333333 -8.60333333333   
74 888 0.352987073599 2.63645709989 -8.676666666666666 -8.6500000000000004e+00 -8.62333333333 -8.56666666667   
75 900 0.357831071714 2.53139514078 -8.676666666666666 -8.6633333333333340e+00 -8.62 -8.35   
76 912 0.357253514296 2.51047196303 -8.676666666666666 -8.6533333333333342e+00 -8.62666666667 -8.59   
77 924 0.376708141869 2.49593677594 -8.676666666666666 -8.6600000000000001e+00 -8.63 -8.6   
78 936 0.370121703198 2.53735899318 -8.676666666666666 -8.6533333333333342e+00 -8.62333333333 -8.52   
79 948 0.349055562645 2.56916108196 -8.676666666666666 -8.6500000000000004e+00 -8.63 -8.60333333333   
80 960 0.351032244885 2.55139808538 -8.676666666666666 -8.6500000000000004e+00 -8.62333333333 -8.53666666667   
81 972 0.356557999975 2.53253584302 -8.676666666666666 -8.6533333333333342e+00 -8.63 -8.57333333333   
82 984 0.356903355934 2.53722031332 -8.676666666666666 -8.6533333333333342e+00 -8.62666666667 -8.57666666667   
83 996 0.357958479238 2.60712697034 -8.676666666666666 -8.6633333333333340e+00 -8.63 -8.57   
84 1008 0.359353999254 2.63809428434 -8.676666666666666 -8.6699999999999999e+00 -8.63333333333 -8.55333333333   
85 1020 0.362588509453 2.63935250145 -8.676666666666666 -8.6300000000000008e+00 -8.62 -8.55   
86 1032 0.365979713519 2.63429788427 -8.676666666666666 -8.6533333333333342e+00 -8.63 -8.59   
87 1044 0.373190377189 2.67010510652 -8.676666666666666 -8.6533333333333342e+00 -8.63333333333 -8.59   
88 1056 0.379250344641 2.76772954597 -8.676666666666666 -8.6533333333333342e+00 -8.62 -8.57333333333   
89 1068 0.389704875424 2.86361658525 -8.676666666666666 -8.6699999999999999e+00 -8.63333333333 -1.29681333333   
90 1080 0.374267897154 2.91166790243 -8.676666666666666 -8.6666666666666661e+00 -8.62 -8.57333333333   
91 1092 0.37321804832 2.92389433773 -8.676666666666666 -8.6633333333333340e+00 -8.63333333333 -8.58666666667   
92 1104 0.354953567663 2.9174452447 -8.676666666666666 -8.6433333333333326e+00 -8.62666666667 -8.58666666667   
93 1116 0.346296963323 2.92812617583 -8.676666666666666 -8.6566666666666663e+00 -8.63333333333 -8.58333333333   
94 1128 0.357488186872 2.90258719252 -8.676666666666666 -8.6466666666666665e+00 -8.62 -8.48333333333   
95 1140 0.37079014651 2.88735446211 -8.676666666666666 -8.6533333333333342e+00 -8.63333333333 -8.59   
96 1152 0.371773674854 2.8771213624 -8.676666666666666 -8.6566666666666663e+00 -8.62 -8.58666666667   
97 1164 0.358891727068 2.88640392178 -8.676666666666666 -8.6533333333333342e+00 -8.63333333333 -8.59   
98 1176 0.358466202096 2.89175451825 -8.676666666666666 -8.6400000000000006e+00 -8.61333333333 -8.57666666667   
99 1188 0.365353915283 2.98456759448 -8.676666666666666 -8.6699999999999999e+00 -8.62 -8.59333333333   
100 1200 0.366146542791 2.94806679117 -8.676666666666666 -8.6533333333333342e+00 -8.62333333333 -8.35666666667   
101 1212 0.365121358472 3.00001104574 -8.676666666666666 -8.6566666666666663e+00 -8.61333333333 -8.53666666667   
102 1224 0.382920068142 2.99653529627 -8.676666666666666 -8.6600000000000001e+00 -8.61666666667 -8.1665   
103 1236 0.424884320676 2.98314212359 -8.676666666666666 -8.6433333333333326e+00 -8.61 -8.52333333333   
104 1248 0.460816716638 3.02530354307 -8.676666666666666 -8.6366666666666667e+00 -8.61 -8.57333333333   
105 1260 0.492226833622 3.03942933676 -8.676666666666666 -8.6666666666666661e+00 -8.64 -8.61   
106 1272 0.488804516016 3.09046520901 -8.676666666666666 -8.6600000000000001e+00 -8.61666666667 -8.48666666667   
107 1284 0.491089373104 3.08568236686 -8.676666666666666 -8.6500000000000004e+00 -8.62333333333 -5.53237733333   
108 1296 0.496960191637 3.1866447276 -8.68 -8.6799999999999997e+00 -8.61333333333 -8.55   
109 1308 0.527276959759 3.34102524815 -8.68 -8.6433333333333326e+00 -8.61 -8.35666666667   
110 1320 0.577664829677 3.40794457492 -8.68 -8.6699999999999999e+00 -8.58666666667 -8.55   
111 1332 0.580680136117 3.45262640135 -8.68 -8.6333333333333329e+00 -8.57 -8.53666666667   
112 1344 0.555949528749 3.47552348205 -8.68 -8.6699999999999999e+00 -8.63333333333 -8.6   
113 1356 0.551879179578 3.53161564888 -8.68 -8.6500000000000004e+00 -8.62 -8.57666666667   
114 1368 0.561706415369 3.46940053623 -8.68 -8.6400000000000006e+00 -8.61666666667 -8.49   
115 1380 0.564017761519 3.54671003817 -8.68 -8.6666666666666661e+00 -8.63 -8.58   
116 1392 0.559541675185 3.63347307995 -8.68 -8.6500000000000004e+00 -8.61666666667 -8.57333333333   
117 1404 0.560663935224 3.70699255421 -8.68 -8.6633333333333340e+00 -8.61333333333 -8.59666666667   
118 1416 0.549962172613 3.73766625191 -8.68 -8.6400000000000006e+00 -8.61333333333 -8.58666666667   
119 1428 0.521625956157 3.84984397921 -8.68 -8.6533333333333342e+00 -8.61666666667 -8.58333333333   
120 1440 0.485918529963 3.87631092661 -8.68 -8.6533333333333342e+00 -8.62666666667 -8.60333333333   
121 1452 0.474899603489 3.88809068133 -8.68 -8.6500000000000004e+00 -8.62666666667 -8.59666666667   
122 1464 0.457162841168 3.93640414019 -8.68 -8.6566666666666663e+00 -8.61666666667 -8.55666666667   
123 1476 0.456063598253 3.90105204408 -8.68 -8.6600000000000001e+00 -8.62333333333 -8.58666666667   
124 1488 0.459443137381 3.88507485325 -8.68 -8.6500000000000004e+00 -8.61666666667 -8.58   
125 1500 0.503840831113 3.84481614457 -8.68 -8.6666666666666661e+00 -8.63 -8.58666666667   
126 1512 0.542727747436 3.85491318935 -8.68 -8.6633333333333340e+00 -8.62 -8.54   
127 1524 0.599274333536 3.84491497276 -8.68 -8.6433333333333326e+00 -8.61333333333 -8.54   
128 1536 0.65476640332 3.91588931206 -8.68 -8.6666666666666661e+00 -8.63666666667 -8.61   
129 1548 0.710771643503 3.96898282734 -8.68 -8.6633333333333340e+00 -8.62333333333 -8.61   
130 1560 0.682151647596 3.92828620248 -8.68 -8.6633333333333340e+00 -8.64 -8.61666666667   
131 1572 0.640065842633 4.00341776133 -8.68 -8.6633333333333340e+00 -8.63 -8.60333333333   
132 1584 0.628319777722 4.05064967122 -8.68 -8.6500000000000004e+00 -8.62666666667 -8.6   
133 1596 0.644881001441 4.09416213085 -8.68 -8.6733333333333338e+00 -8.64333333333 -8.57666666667   
134 1608 0.642944393677 4.06772740554 -8.68 -8.6533333333333342e+00 -8.62666666667 -8.56666666667   
135 1620 0.62604917787 3.83178593724 -8.68 -8.6733333333333338e+00 -8.62333333333 -8.58   
136 1632 0.61400065553 3.87454412274 -8.68 -8.6633333333333340e+00 -8.63333333333 -8.6   
137 1644 0.600687103465 3.83813714238 -8.68 -8.6699999999999999e+00 -8.64 -8.61   
138 1656 0.592077586441 3.81071192949 -8.68 -8.6566666666666663e+00 -8.63333333333 -8.59333333333   
139 1668 0.570735192166 3.87515490782 -8.68 -8.6566666666666663e+00 -8.63 -8.59   
140 1680 0.575092750563 3.88560866565 -8.68 -8.6566666666666663e+00 -8.63 -8.56333333333   
141 1692 0.604048013527 3.88092597408 -8.68 -8.6699999999999999e+00 -8.62666666667 -8.58   
142 1704 0.600840692257 3.81841432417 -8.68 -8.6566666666666663e+00 -8.61666666667 -8.56666666667   
143 1716 0.610932352298 3.86680645124 -8.68 -8.6600000000000001e+00 -8.63666666667 -8.60333333333   
144 1728 0.587475202123 3.84297761949 -8.68 -8.6733333333333338e+00 -8.64 -8.57666666667   
145 1740 0.572736917472 3.92429852575 -8.68 -8.6566666666666663e+00 -8.63 -8.58666666667   
146 1752 0.561398576543 3.89056114236 -8.68 -8.6699999999999999e+00 -8.64666666667 -8.60666666667   
147 1764 0.548343404039 3.84830983022 -8.68 -8.6666666666666661e+00 -8.63 -8.55333333333   
148 1776 0.530221775559 3.9479139379 -8.68 -8.6566666666666663e+00 -8.63333333333 -8.6   
149 1788 0.512059941483 3.99225458177 -8.68 -8.6400000000000006e+00 -8.61 -8.57666666667   
150 1800 0.509983883218 4.06865472472 -8.68 -8.6699999999999999e+00 -8.63333333333 -8.59333333333   
151 1812 0.512016305489 4.1110497624 -8.68 -8.6566666666666663e+00 -8.64333333333 -8.58666666667   
152 1824 0.502960964741 4.05078185198 -8.68 -8.6799999999999997e+00 -8.65 -8.59666666667   
153 1836 0.484926673466 4.05372832096 -8.68 -8.6666666666666661e+00 -8.64666666667 -8.61   
154 1848 0.468007658154 4.10988644948 -8.68 -8.6666666666666661e+00 -8.64 -8.55333333333   
155 1860 0.458445206775 4.06272430574 -8.68 -8.6666666666666661e+00 -8.63333333333 -8.60666666667   
156 1872 0.446961743752 4.07701303649 -8.68 -8.6766666666666659e+00 -8.65333333333 -8.63   
157 1884 0.454409728206 4.09261545273 -8.68 -8.6566666666666663e+00 -8.64666666667 -8.62   
158 1896 0.46172773742 4.23570779675 -8.68 -8.6600000000000001e+00 -8.63 -8.56   
159 1908 0.443543884658 4.23738244645 -8.68 -8.6733333333333338e+00 -8.65 -8.61666666667   
160 1920 0.433723140792 4.23333458013 -8.68 -8.6766666666666659e+00 -8.64333333333 -8.62333333333   
161 1932 0.437626589044 4.05099503479 -8.68 -8.6566666666666663e+00 -8.63666666667 -8.55333333333   
162 1944 0.43707585063 4.07664252752 -8.68 -8.6633333333333340e+00 -8.64666666667 -8.60333333333   
163 1956 0.449298371676 4.06324105456 -8.68 -8.6633333333333340e+00 -8.64 -8.58666666667   
164 1968 0.452558363342 4.07405231041 -8.68 -8.6600000000000001e+00 -8.64 -8.61666666667   
165 1980 0.461611082632 4.00440184648 -8.68 -8.6500000000000004e+00 -8.62666666667 -8.60333333333   
166 1992 0.47565625025 3.97722879805 -8.68 -8.6633333333333340e+00 -8.62 -8.56   
167 2004 0.496317435365 4.04018559091 -8.68 -8.6766666666666659e+00 -8.64333333333 -8.60666666667   
168 2016 0.484963115758 3.95577083328 -8.68 -8.6733333333333338e+00 -8.63333333333 -8.61   
169 2028 0.462863656335 3.97330364372 -8.683333333333334 -8.6833333333333336e+00 -8.64 -8.6   
170 2040 0.444514505586 3.98055018584 -8.683333333333334 -8.6699999999999999e+00 -8.63 -8.59333333333   
171 2052 0.442463675429 4.01678451575 -8.683333333333334 -8.6566666666666663e+00 -8.64333333333 -8.58666666667   
172 2064 0.45056931866 4.00353321552 -8.683333333333334 -8.6666666666666661e+00 -8.64 -8.58666666667   
173 2076 0.458305098242 4.01409273284 -8.683333333333334 -8.6699999999999999e+00 -8.63666666667 -8.59333333333   
174 2088 0.45123877858 4.15173849311 -8.683333333333334 -8.6533333333333342e+00 -8.62666666667 -8.60333333333   
175 2100 0.440956470777 4.09652919942 -8.683333333333334 -8.6666666666666661e+00 -8.64333333333 -8.62   
176 2112 0.441097116854 4.12713264228 -8.683333333333334 -8.6600000000000001e+00 -8.62666666667 -8.59666666667   
177 2124 0.428046953991 4.18467881226 -8.683333333333334 -8.6633333333333340e+00 -8.63333333333 -8.58   
178 2136 0.427879920194 4.20301868859 -8.683333333333334 -8.6666666666666661e+00 -8.62 -8.53666666667   
179 2148 0.42964317711 4.24528957644 -8.683333333333334 -8.6666666666666661e+00 -8.63333333333 -8.56666666667   
180 2160 0.425103093261 4.1601994821 -8.683333333333334 -8.6666666666666661e+00 -8.63333333333 -8.56666666667   
181 2172 0.408222114406 4.23457427287 -8.683333333333334 -8.6699999999999999e+00 -8.64666666667 -8.59   
182 2184 0.383270991341 4.24205322922 -8.683333333333334 -8.6500000000000004e+00 -8.63 -8.58666666667   
183 2196 0.36399231834 4.28250366081 -8.683333333333334 -8.6799999999999997e+00 -8.61666666667 -8.57333333333   
184 2208 0.354141890778 4.17888749934 -8.683333333333334 -8.6666666666666661e+00 -8.63333333333 -8.61333333333   
185 2220 0.349356075956 4.15795173421 -8.683333333333334 -8.6699999999999999e+00 -8.63333333333 -8.59666666667   
186 2232 0.345865223995 4.22128994612 -8.683333333333334 -8.6633333333333340e+00 -8.61666666667 -8.59   
187 2244 0.347476651607 4.23179472287 -8.683333333333334 -8.6633333333333340e+00 -8.64333333333 -8.58333333333   
188 2256 0.348771455624 4.29979143368 -8.683333333333334 -8.6799999999999997e+00 -8.64333333333 -8.6   
189 2268 0.344215379604 4.36392675668 -8.683333333333334 -8.6699999999999999e+00 -8.64666666667 -8.57   
190 2280 0.35852487469 4.3749489739 -8.683333333333334 -8.6600000000000001e+00 -8.63666666667 -8.54666666667   
191 2292 0.376203681332 4.56900570072 -8.683333333333334 -8.6633333333333340e+00 -8.63 -8.59333333333   
192 2304 0.381657274333 4.66769973577 -8.683333333333334 -8.6766666666666659e+00 -8.63333333333 -8.61333333333   
193 2316 0.385228433179 4.59620166034 -8.683333333333334 -8.6633333333333340e+00 -8.64 -8.60333333333   
194 2328 0.406708209093 4.65728387735 -8.683333333333334 -8.6766666666666659e+00 -8.63666666667 -8.58333333333   
195 2340 0.424516978618 4.70843743033 -8.683333333333334 -8.6733333333333338e+00 -8.64 -8.58   
196 2352 0.425399133458 4.83387909518 -8.683333333333334 -8.6600000000000001e+00 -8.61666666667 -8.58666666667   
197 2364 0.406086879818 4.81660215003 -8.683333333333334 -8.6699999999999999e+00 -8.64666666667 -8.56666666667   
198 2376 0.425158675073 4.77502104991 -8.683333333333334 -8.6799999999999997e+00 -8.62333333333 -8.59   
199 2388 0.43135762637 4.80339531877 -8.683333333333334 -8.6600000000000001e+00 -8.62 -8.40333333333   
200 2400 0.435090296181 4.81097716399 -8.683333333333334 -8.6699999999999999e+00 -8.63333333333 -8.58666666667   
201 2412 0.433836202632 4.88544364469 -8.683333333333334 -8.6533333333333342e+00 -8.63666666667 -8.58   
202 2424 0.447490776158 4.79272247389 -8.683333333333334 -8.6733333333333338e+00 -8.64 -8.59666666667   
203 2436 0.433540380809 4.66236493862 -8.683333333333334 -8.6733333333333338e+00 -8.63 -8.57333333333   
204 2448 0.429878864431 4.6291115068 -8.683333333333334 -8.6733333333333338e+00 -8.62333333333 -8.57   
205 2460 0.392324369024 4.60690039596 -8.683333333333334 -8.6666666666666661e+00 -8.62333333333 -8.59333333333   
206 2472 0.376156025027 4.62781640526 -8.683333333333334 -8.6699999999999999e+00 -8.64 -8.57333333333   
207 2484 0.380450825795 4.64145197498 -8.683333333333334 -8.6699999999999999e+00 -8.63666666667 -8.59666666667   
208 2496 0.375710205197 4.68279264319 -8.683333333333334 -8.6633333333333340e+00 -8.64 -8.60666666667   
209 2508 0.383643649153 4.68875776542 -8.683333333333334 -8.6633333333333340e+00 -8.63333333333 -8.61666666667   
210 2520 0.377824682136 4.65466988489 -8.683333333333334 -8.6600000000000001e+00 -8.61333333333 -8.58666666667   
211 2532 0.390025792574 4.62788343118 -8.683333333333334 -8.6633333333333340e+00 -8.64 -8.60666666667   
212 2544 0.402999435963 4.5843106958 -8.683333333333334 -8.6833333333333336e+00 -8.63333333333 -8.60666666667   
213 2556 0.41420435018 4.54528915841 -8.683333333333334 -8.6633333333333340e+00 -8.63333333333 -8.59   
214 2568 0.408137828718 4.6657564645 -8.683333333333334 -8.6566666666666663e+00 -8.63333333333 -8.61   
215 2580 0.39466455105 4.69762007708 -8.683333333333334 -8.6766666666666659e+00 -8.64333333333 -8.61   
216 2592 0.377268841567 4.79035032693 -8.683333333333334 -8.6666666666666661e+00 -8.63666666667 -8.61333333333   
217 2604 0.347286256863 4.86248570183 -8.683333333333334 -8.6666666666666661e+00 -8.64333333333 -8.61666666667   
218 2616 0.344850222458 4.88588705241 -8.683333333333334 -8.6833333333333336e+00 -8.64666666667 -8.60666666667   
219 2628 0.341076220711 4.80695767615 -8.683333333333334 -8.6533333333333342e+00 -8.64 -8.60666666667   
220 2640 0.338861904115 4.81581790262 -8.683333333333334 -8.6699999999999999e+00 -8.63333333333 -8.62   
221 2652 0.339826177609 4.86358908757 -8.683333333333334 -8.6500000000000004e+00 -8.62333333333 -8.61   
222 2664 0.337870737546 4.94182057282 -8.683333333333334 -8.6566666666666663e+00 -8.64 -8.6   
223 2676 0.339862132521 4.90688676006 -8.683333333333334 -8.6699999999999999e+00 -8.64 -8.60333333333   
224 2688 0.337049761205 4.86199712934 -8.683333333333334 -8.6799999999999997e+00 -8.65 -8.61333333333   
225 2700 0.340126495183 4.93651318303 -8.683333333333334 -8.6733333333333338e+00 -8.65 -8.62666666667   
226 2712 0.337336823292 4.95289102407 -8.683333333333334 -8.6733333333333338e+00 -8.63666666667 -8.58333333333   
227 2724 0.343668497393 5.15524281667 -8.683333333333334 -8.6766666666666659e+00 -8.64666666667 -8.57666666667   
228 2736 0.342938830196 5.12505478575 -8.683333333333334 -8.6666666666666661e+00 -8.64 -8.59666666667   
229 2748 0.343391017578 5.18086733736 -8.683333333333334 -8.6600000000000001e+00 -8.64666666667 -8.6   
230 2760 0.345084373546 5.15592458015 -8.683333333333334 -8.6633333333333340e+00 -8.63333333333 -8.62   
231 2772 0.345896284307 5.15410641477 -8.683333333333334 -8.6666666666666661e+00 -8.63333333333 -8.56666666667   
232 2784 0.346926639642 5.22807314894 -8.683333333333334 -8.6566666666666663e+00 -8.64 -8.61666666667   
233 2796 0.345108158663 5.25178218625 -8.683333333333334 -8.6633333333333340e+00 -8.63666666667 -8.58666666667   
234 2808 0.345997329361 5.31361884295 -8.683333333333334 -8.6766666666666659e+00 -8.64 -8.61333333333   
235 2820 0.345451249641 5.35350614584 -8.683333333333334 -8.6666666666666661e+00 -8.63666666667 -8.60666666667   
236 2832 0.348935877487 5.390587563 -8.683333333333334 -8.6600000000000001e+00 -8.63 -8.61666666667   
237 2844 0.34496575532 5.4614704847 -8.683333333333334 -8.6699999999999999e+00 -8.63 -8.6   
238 2856 0.34428970175 5.46207272513 -8.683333333333334 -8.6566666666666663e+00 -8.62333333333 -8.54333333333   
239 2868 0.345326486328 5.49278696411 -8.683333333333334 -8.6533333333333342e+00 -8.63666666667 -8.6   
240 2880 0.340303880379 5.41725698126 -8.683333333333334 -8.6633333333333340e+00 -8.62666666667 -8.6   
241 2892 0.344228063919 5.42580820025 -8.683333333333334 -8.6633333333333340e+00 -8.64333333333 -8.61666666667   
242 2904 0.338573623708 5.52316102385 -8.683333333333334 -8.6666666666666661e+00 -8.64 -8.60666666667   
243 2916 0.335011517569 5.56605950687 -8.683333333333334 -8.6699999999999999e+00 -8.64333333333 -8.62   
244 2928 0.336967703871 5.6064031369 -8.683333333333334 -8.6666666666666661e+00 -8.64 -8.60666666667   
245 2940 0.339257149675 5.7299041512 -8.683333333333334 -8.6666666666666661e+00 -8.65333333333 -8.60666666667   
246 2952 0.340094249818 5.86065993072 -8.683333333333334 -8.6733333333333338e+00 -8.63 -8.58   
247 2964 0.343441727036 5.93597499316 -8.683333333333334 -8.6633333333333340e+00 -8.63 -8.6   
248 2976 0.342067386187 5.82287763034 -8.683333333333334 -8.6666666666666661e+00 -8.64666666667 -8.60666666667   
249 2988 0.343210742121 5.76942014368 -8.683333333333334 -8.6600000000000001e+00 -8.65333333333 -8.61666666667   
250 3000 0.343684446177 5.83930045702 -8.683333333333334 -8.6766666666666659e+00 -8.63666666667 -8.60333333333   
251 3012 0.359473503639 5.98683410178 -8.683333333333334 -8.6666666666666661e+00 -8.64333333333 -8.62333333333   
252 3024 0.351403608583 6.04460557547 -8.683333333333334 -8.6600000000000001e+00 -8.61333333333 -8.53666666667   
253 3036 0.357590755172 5.94333183939 -8.683333333333334 -8.6600000000000001e+00 -8.64333333333 -8.56666666667   
254 3048 0.361169671264 5.92320583663 -8.683333333333334 -8.6600000000000001e+00 -8.63666666667 -8.58666666667   
255 3060 0.365141840338 5.9116004469 -8.683333333333334 -8.6600000000000001e+00 -8.64 -8.57   
256 3072 0.37696046683 6.17021924008 -8.683333333333334 -8.6600000000000001e+00 -8.64666666667 -8.60666666667   
257 3084 0.377517313835 6.28209163733 -8.683333333333334 -8.6699999999999999e+00 -8.63666666667 -8.61666666667   
258 3096 0.384995272207 6.38437613836 -8.683333333333334 -8.6666666666666661e+00 -8.62666666667 -8.60666666667   
259 3108 0.386660399233 6.40279216738 -8.683333333333334 -8.6733333333333338e+00 -8.65 -8.54333333333   
260 3120 0.400551888411 6.40947968428 -8.683333333333334 -8.6633333333333340e+00 -8.64333333333 -8.59333333333   
261 3132 0.389968550471 6.39792616777 -8.683333333333334 -8.6699999999999999e+00 -8.62666666667 -8.59   
262 3144 0.389576967348 6.53693576604 -8.683333333333334 -8.6766666666666659e+00 -8.64333333333 -8.61333333333   
263 3156 0.391962070513 6.4649036654 -8.683333333333334 -8.6666666666666661e+00 -8.64333333333 -8.61   
264 3168 0.400931102562 6.30735282677 -8.683333333333334 -8.6699999999999999e+00 -8.64333333333 -8.57333333333   
265 3180 0.404497225662 6.22167196569 -8.683333333333334 -8.6733333333333338e+00 -8.64333333333 -8.58333333333   
266 3192 0.417640789963 6.28024150353 -8.683333333333334 -8.6600000000000001e+00 -8.63666666667 -8.58333333333   
267 3204 0.441523858332 6.1519048632 -8.683333333333334 -8.6766666666666659e+00 -8.63666666667 -8.58   
268 3216 0.467183108272 6.09654082811 -8.683333333333334 -8.6566666666666663e+00 -8.62 -8.41   
269 3228 0.489470550423 6.11828805133 -8.683333333333334 -8.6666666666666661e+00 -8.62666666667 -8.59333333333   
270 3240 0.507775124741 5.90651184439 -8.683333333333334 -8.6600000000000001e+00 -8.61666666667 -8.56   
271 3252 0.502448441409 5.83822175604 -8.683333333333334 -8.6433333333333326e+00 -8.62666666667 -8.56666666667   
272 3264 0.515492032314 5.94727592049 -8.683333333333334 -8.6566666666666663e+00 -8.63333333333 -8.54   
273 3276 0.494679082842 5.93317926573 -8.683333333333334 -8.6600000000000001e+00 -8.62333333333 -8.58666666667   
274 3288 0.473941455934 6.1338799354 -8.683333333333334 -8.6600000000000001e+00 -8.62333333333 -8.58   
275 3300 0.463618221791 6.20512018717 -8.683333333333334 -8.6666666666666661e+00 -8.63 -8.56333333333   
276 3312 0.473959238545 6.23816291836 -8.683333333333334 -8.6699999999999999e+00 -8.61666666667 -8.58333333333   
277 3324 0.458409140074 6.25334222628 -8.683333333333334 -8.6533333333333342e+00 -8.62666666667 -8.59666666667   
278 3336 0.442898617801 6.14363872856 -8.683333333333334 -8.6533333333333342e+00 -8.63333333333 -8.6   
279 3348 0.422078099105 6.12903777486 -8.683333333333334 -8.6733333333333338e+00 -8.63666666667 -8.58   
280 3360 0.417985482533 5.94351876306 -8.683333333333334 -8.6766666666666659e+00 -8.64333333333 -8.59   
281 3372 0.429635884977 5.96399320126 -8.683333333333334 -8.6533333333333342e+00 -8.64 -8.59333333333   
282 3384 0.456819905478 6.09636745799 -8.683333333333334 -8.6600000000000001e+00 -8.62666666667 -8.57333333333   
283 3396 0.477579423118 6.23292681551 -8.683333333333334 -8.6600000000000001e+00 -8.63666666667 -8.54666666667   
284 3408 0.510540014586 6.42882869389 -8.683333333333334 -8.6633333333333340e+00 -8.62 -8.56666666667   
285 3420 0.559038363264 6.57481495767 -8.683333333333334 -8.6733333333333338e+00 -8.63666666667 -8.59666666667   
286 3432 0.604491597844 6.75494651885 -8.683333333333334 -8.6566666666666663e+00 -8.64666666667 -8.59333333333   
287 3444 0.613707220489 7.08023301844 -8.683333333333334 -8.6666666666666661e+00 -8.65 -8.61   
288 3456 0.647131808643 7.23736930975 -8.683333333333334 -8.6733333333333338e+00 -8.63333333333 -8.6   
289 3468 0.693926285218 7.36855143359 -8.683333333333334 -8.6566666666666663e+00 -8.63666666667 -8.62   
290 3480 0.685964363154 7.38712498717 -8.683333333333334 -8.6633333333333340e+00 -8.64333333333 -8.59666666667   
291 3492 0.66238146284 7.20715140161 -8.683333333333334 -8.6666666666666661e+00 -8.60666666667 -8.56666666667   
292 3504 0.664579823906 7.3584864461 -8.683333333333334 -8.6633333333333340e+00 -8.63333333333 -8.58333333333   
293 3516 0.70018218325 7.3888147147 -8.683333333333334 -8.6566666666666663e+00 -8.64333333333 -8.59666666667   
294 3528 0.768927414156 7.50170274754 -8.683333333333334 -8.6766666666666659e+00 -8.64333333333 -8.53333333333   
295 3540 0.774800699283 7.46139160863 -8.683333333333334 -8.6733333333333338e+00 -8.63333333333 -8.53   
296 3552 0.783961411318 7.23307095815 -8.683333333333334 -8.6699999999999999e+00 -8.63666666667 -8.58   
297 3564 0.765174605839 7.08857356039 -8.683333333333334 -8.6633333333333340e+00 -8.62666666667 -8.59   
298 3576 0.792870342061 6.79653318705 -8.683333333333334 -8.6633333333333340e+00 -8.62666666667 -8.58   
299 3588 0.777357179276 6.86221427713 -8.683333333333334 -8.6466666666666665e+00 -8.62333333333 -8.59333333333   
300 3600 0.738458008795 6.81311500415 -8.683333333333334 -8.6366666666666667e+00 -8.62333333333 -8.57666666667   
301 3612 0.698812205252 6.82234505528 -8.683333333333334 -8.6600000000000001e+00 -8.63666666667 -8.58666666667   
302 3624 0.680835528546 6.73351180913 -8.683333333333334 -8.6633333333333340e+00 -8.63333333333 -8.58   
303 3636 0.658839225856 6.60859303929 -8.683333333333334 -8.6799999999999997e+00 -8.63 -8.56   
304 3648 0.639584968488 6.65917095583 -8.683333333333334 -8.6533333333333342e+00 -8.63333333333 -8.60333333333   
305 3660 0.631432061247 6.54407688865 -8.683333333333334 -8.6433333333333326e+00 -8.62666666667 -8.61   
306 3672 0.653267531217 6.58251786167 -8.683333333333334 -8.6566666666666663e+00 -8.63333333333 -8.56333333333   
307 3684 0.659528907927 6.49971475046 -8.683333333333334 -8.6566666666666663e+00 -8.60333333333 -8.33333333333   
308 3696 0.684527085159 6.29621275266 -8.683333333333334 -8.6666666666666661e+00 -8.62333333333 -8.58333333333   
309 3708 0.735505629057 6.24450861781 -8.683333333333334 -8.6733333333333338e+00 -8.62666666667 -8.59333333333   
310 3720 0.758067912187 6.41204178123 -8.683333333333334 -8.6699999999999999e+00 -8.61666666667 -8.45   
311 3732 0.775640271505 6.46060901709 -8.683333333333334 -8.6533333333333342e+00 -8.62666666667 -8.53   
312 3744 0.804886384586 6.41772846443 -8.683333333333334 -8.6766666666666659e+00 -8.63333333333 -8.55   
313 3756 0.778871290163 6.36373130099 -8.683333333333334 -8.6600000000000001e+00 -8.62333333333 -8.00983333333   
314 3768 0.757356506192 6.31469656525 -8.683333333333334 -8.6733333333333338e+00 -8.64333333333 -8.60666666667   
315 3780 0.780970595039 6.40137847452 -8.683333333333334 -8.6566666666666663e+00 -8.61333333333 -8.56333333333   
316 3792 0.83408414841 6.31767462536 -8.683333333333334 -8.6666666666666661e+00 -8.63333333333 -8.61   
317 3804 0.846162782514 6.46759510425 -8.683333333333334 -8.6633333333333340e+00 -8.62 -8.56   
318 3816 0.814167428628 6.54265668631 -8.683333333333334 -8.6600000000000001e+00 -8.64 -8.60333333333   
319 3828 0.853057511711 6.53010125198 -8.683333333333334 -8.6600000000000001e+00 -8.62666666667 -8.58   
320 3840 0.860282848321 6.27879829824 -8.683333333333334 -8.6699999999999999e+00 -8.63 -8.58666666667   
321 3852 0.843865043842 6.23906957108 -8.683333333333334 -8.6600000000000001e+00 -8.63666666667 -8.59333333333   
322 3864 0.850797962495 6.26255207518 -8.683333333333334 -8.6500000000000004e+00 -8.61666666667 -8.61   
323 3876 0.85519687079 6.2909431017 -8.683333333333334 -8.6766666666666659e+00 -8.61333333333 -8.56666666667   
324 3888 0.849191489241 6.35736600684 -8.683333333333334 -8.6766666666666659e+00 -8.63333333333 -8.58333333333   
325 3900 0.827890851959 6.3459836759 -8.683333333333334 -8.6566666666666663e+00 -8.63666666667 -8.55333333333   
326 3912 0.848029430634 6.48962131759 -8.683333333333334 -8.6699999999999999e+00 -8.63333333333 -8.59333333333   
327 3924 0.801470303623 6.5126800995 -8.683333333333334 -8.6500000000000004e+00 -8.63 -8.59   
328 3936 0.768202125524 6.48057731972 -8.683333333333334 -8.6666666666666661e+00 -8.63 -8.55333333333   
329 3948 0.689713942343 6.52185718943 -8.683333333333334 -8.6500000000000004e+00 -8.61333333333 -8.56333333333   
330 3960 0.662056722289 6.63983810307 -8.683333333333334 -8.6666666666666661e+00 -8.62333333333 -8.36333333333   
331 3972 0.63351955147 6.6231254236 -8.683333333333334 -8.6533333333333342e+00 -8.63666666667 -8.61666666667   
332 3984 0.602975225713 6.69538051537 -8.683333333333334 -8.6666666666666661e+00 -8.63333333333 -8.59666666667   
333 3996 0.613593656626 6.74315614388 -8.683333333333334 -8.6633333333333340e+00 -8.63666666667 -8.59666666667   
334 4008 0.620008021274 6.76241874898 -8.683333333333334 -8.6633333333333340e+00 -8.63666666667 -8.62333333333   
335 4020 0.638753471208 6.77115123511 -8.683333333333334 -8.6733333333333338e+00 -8.64 -8.58666666667   
336 4032 0.625714668978 6.61145541219 -8.683333333333334 -8.6533333333333342e+00 -8.63333333333 -8.62666666667   
337 4044 0.612706942618 6.82029689664 -8.683333333333334 -8.6633333333333340e+00 -8.63 -8.59333333333   
338 4056 0.606386140898 7.04074164177 -8.683333333333334 -8.6633333333333340e+00 -8.64 -8.61666666667   
339 4068 0.611543143642 7.10869418167 -8.683333333333334 -8.6699999999999999e+00 -8.62333333333 -8.41   
340 4080 0.585018840062 7.00900540742 -8.683333333333334 -8.6566666666666663e+00 -8.64333333333 -8.59666666667   
341 4092 0.558215374466 7.05951163894 -8.683333333333334 -8.6666666666666661e+00 -8.62 -8.59666666667   
342 4104 0.542922484669 7.12927645559 -8.683333333333334 -8.6566666666666663e+00 -8.64333333333 -8.59666666667   
343 4116 0.556501926945 7.06050801841 -8.683333333333334 -8.6733333333333338e+00 -8.64 -8.61333333333   
344 4128 0.550219212897 7.29405534621 -8.683333333333334 -8.6600000000000001e+00 -8.64 -8.35   
345 4140 0.552844346482 7.38182237468 -8.683333333333334 -8.6699999999999999e+00 -8.64333333333 -8.61   
346 4152 0.540240194638 7.35054874156 -8.683333333333334 -8.6733333333333338e+00 -8.63 -8.56333333333   
347 4164 0.534786791005 7.44655864129 -8.683333333333334 -8.6633333333333340e+00 -8.63666666667 -8.48333333333   
348 4176 0.514112935612 7.42763482339 -8.683333333333334 -8.6533333333333342e+00 -8.61666666667 -8.60333333333   
349 4188 0.507125181378 7.38504701785 -8.683333333333334 -8.6833333333333336e+00 -8.63333333333 -8.59333333333   
350 4200 0.50119158998 7.40360984092 -8.683333333333334 -8.6633333333333340e+00 -8.63 -8.6   
351 4212 0.481816960654 7.42545560417 -8.683333333333334 -8.6766666666666659e+00 -8.64333333333 -8.61333333333   
352 4224 0.478550044837 7.35749774579 -8.683333333333334 -8.6699999999999999e+00 -8.64 -8.60333333333   
353 4236 0.506027055454 7.27598320507 -8.683333333333334 -8.6666666666666661e+00 -8.64666666667 -8.63333333333   
354 4248 0.525775355021 7.31831418492 -8.683333333333334 -8.6766666666666659e+00 -8.63 -8.60666666667   
355 4260 0.537724388561 7.32722077678 -8.683333333333334 -8.6533333333333342e+00 -8.63333333333 -8.55666666667   
356 4272 0.570408786606 7.38312365332 -8.683333333333334 -8.6466666666666665e+00 -8.63333333333 -8.61   
357 4284 0.57723094276 7.48541671906 -8.683333333333334 -8.6733333333333338e+00 -8.64666666667 -8.6   
358 4296 0.576385892828 7.58880795037 -8.683333333333334 -8.6566666666666663e+00 -8.63666666667 -8.60666666667   
359 4308 0.538510624011 7.62288775541 -8.683333333333334 -8.6566666666666663e+00 -8.63333333333 -8.58   
360 4320 0.526091752786 7.60423848884 -8.683333333333334 -8.6666666666666661e+00 -8.61666666667 -8.45666666667   
361 4332 0.532392410073 7.43231241465 -8.683333333333334 -8.6466666666666665e+00 -8.62333333333 -8.6   
362 4344 0.524254676453 7.44630682753 -8.683333333333334 -8.6566666666666663e+00 -8.63333333333 -8.60666666667   
363 4356 0.539495294801 7.42056545526 -8.683333333333334 -8.6666666666666661e+00 -8.64 -8.58666666667   
364 4368 0.558837656112 7.36318103314 -8.683333333333334 -8.6633333333333340e+00 -8.64 -8.61333333333   
365 4380 0.589887779678 7.31409834252 -8.683333333333334 -8.6600000000000001e+00 -8.64333333333 -8.63666666667   
366 4392 0.624225457056 7.46041469574 -8.683333333333334 -8.6600000000000001e+00 -8.64333333333 -8.61   
367 4404 0.696471200529 7.53257312893 -8.683333333333334 -8.6733333333333338e+00 -8.63666666667 -8.62   
368 4416 0.734586492252 7.68730073908 -8.683333333333334 -8.6500000000000004e+00 -8.62333333333 -8.6   
369 4428 0.747092750555 7.65920642672 -8.683333333333334 -8.6600000000000001e+00 -8.63 -8.61   
370 4440 0.748938847127 7.7435310612 -8.683333333333334 -8.6633333333333340e+00 -8.63333333333 -8.6   
371 4452 0.726380342007 7.73267328593 -8.683333333333334 -8.6699999999999999e+00 -8.64 -8.62333333333   
372 4464 0.730045046231 7.54541161782 -8.683333333333334 -8.6533333333333342e+00 -8.63666666667 -8.53333333333   
373 4476 0.74445179301 7.57039844259 -8.683333333333334 -8.6633333333333340e+00 -8.63333333333 -8.6   
374 4488 0.750891590138 7.65312755 -8.683333333333334 -8.6600000000000001e+00 -8.62666666667 -8.61   
375 4500 0.772035463302 7.6489430578 -8.683333333333334 -8.6633333333333340e+00 -8.61333333333 -8.51666666667   
376 4512 0.772994950642 7.58472105013 -8.683333333333334 -8.6633333333333340e+00 -8.63333333333 -8.59666666667   
377 4524 0.756329574709 7.59516684801 -8.683333333333334 -8.6466666666666665e+00 -8.62 -8.58   
378 4536 0.737071076063 7.66708880168 -8.683333333333334 -8.6666666666666661e+00 -8.62333333333 -8.58333333333   
379 4548 0.744261121309 7.61360931546 -8.683333333333334 -8.6533333333333342e+00 -8.63333333333 -8.61   
380 4560 0.760716329488 7.69334220395 -8.683333333333334 -8.6600000000000001e+00 -8.61 -8.57   
381 4572 0.760963544318 7.91120896557 -8.683333333333334 -8.6699999999999999e+00 -8.62333333333 -8.58   
382 4584 0.697053309199 7.84064759421 -8.686666666666667 -8.6866666666666674e+00 -8.61 -8.54666666667   
383 4596 0.627590029784 7.78395252083 -8.686666666666667 -8.6666666666666661e+00 -8.63 -8.42   
384 4608 0.588223804442 7.68870107297 -8.686666666666667 -8.6733333333333338e+00 -8.62666666667 -8.45666666667   
385 4620 0.583414780802 7.90135001231 -8.686666666666667 -8.6533333333333342e+00 -8.63333333333 -8.51   
386 4632 0.536865927069 7.91281353091 -8.686666666666667 -8.6533333333333342e+00 -8.59333333333 0.125698666667   
387 4644 0.499380965865 8.0882638212 -8.686666666666667 -8.6600000000000001e+00 -8.62666666667 -8.60333333333   
388 4656 0.487788489545 8.14597481404 -8.686666666666667 -8.6633333333333340e+00 -8.63666666667 -8.59333333333   
389 4668 0.480653159982 7.95289895036 -8.686666666666667 -8.6533333333333342e+00 -8.63666666667 -8.60666666667   
390 4680 0.474377735891 7.7448866729 -8.686666666666667 -8.6566666666666663e+00 -8.62 -8.53666666667   
391 4692 0.463028887338 7.73889242851 -8.686666666666667 -8.6833333333333336e+00 -8.62333333333 -8.34333333333   
392 4704 0.460372686561 7.83714073377 -8.686666666666667 -8.6733333333333338e+00 -8.65333333333 -8.61   
393 4716 0.478746418377 7.68858254929 -8.686666666666667 -8.6799999999999997e+00 -8.62333333333 -8.39   
394 4728 0.481800496879 7.77549086863 -8.686666666666667 -8.6733333333333338e+00 -8.63666666667 -8.54666666667   
395 4740 0.460486774871 7.83014263843 -8.686666666666667 -8.6699999999999999e+00 -8.64 -8.55333333333   
396 4752 0.46159226676 7.81904213109 -8.686666666666667 -8.6733333333333338e+00 -8.64666666667 -8.2865   
397 4764 0.463490169617 8.18555634992 -8.686666666666667 -8.6799999999999997e+00 -8.64666666667 -8.41333333333   
398 4776 0.470678983856 8.15864555894 -8.686666666666667 -8.6799999999999997e+00 -8.63666666667 -8.60666666667   
399 4788 0.492900058943 8.36988780237 -8.686666666666667 -8.6866666666666674e+00 -8.64666666667 -8.46   
400 4800 0.500380713243 8.305727029 -8.686666666666667 -8.6699999999999999e+00 -8.63666666667 -8.56666666667   
401 4812 0.476323841009 8.3029805262 -8.686666666666667 -8.6600000000000001e+00 -8.64666666667 -8.58333333333   
402 4824 0.446406953989 8.14849787518 -8.686666666666667 -8.6799999999999997e+00 -8.64 -8.54333333333   
403 4836 0.444473136746 8.08867345894 -8.686666666666667 -8.6799999999999997e+00 -8.63333333333 -8.49666666667   
404 4848 0.447973192528 7.93990273499 -8.686666666666667 -8.6633333333333340e+00 -8.63333333333 -8.62   
405 4860 0.457846072711 7.89843171218 -8.686666666666667 -8.6699999999999999e+00 -8.63666666667 -1.92057333333   
406 4872 0.450702686123 7.95099253414 -8.686666666666667 -8.6733333333333338e+00 -8.64 -8.61   
407 4884 0.433537123881 8.00646478041 -8.686666666666667 -8.6766666666666659e+00 -8.63666666667 -8.43666666667   
408 4896 0.41644167111 7.86494861056 -8.686666666666667 -8.6566666666666663e+00 -8.64 -8.59333333333   
409 4908 0.404887399229 7.96381606984 -8.686666666666667 -8.6699999999999999e+00 -8.61333333333 -8.52666666667   
410 4920 0.395284398675 8.11071659443 -8.686666666666667 -8.6766666666666659e+00 -8.63666666667 -8.51   
411 4932 0.387501495336 8.25398079658 -8.686666666666667 -8.6733333333333338e+00 -8.62 -8.55   
412 4944 0.379116429766 8.42900097555 -8.686666666666667 -8.6733333333333338e+00 -8.62333333333 -8.30666666667   
413 4956 0.386170145526 8.72995311104 -8.686666666666667 -8.6799999999999997e+00 -8.64333333333 -8.58333333333   
414 4968 0.394702481407 8.83598962255 -8.686666666666667 -8.6666666666666661e+00 -8.64333333333 -8.44666666667   
415 4980 0.399950499891 8.91431753786 -8.686666666666667 -8.6733333333333338e+00 -8.6 -3.91948   
416 4992 0.39667169102 9.13200261436 -8.686666666666667 -8.6666666666666661e+00 -8.6 -8.31666666667   
417 5004 0.394147497884 9.33581993862 -8.686666666666667 -8.6600000000000001e+00 -8.62666666667 -8.18983333333   
418 5016 0.374504542429 9.53497511897 -8.686666666666667 -8.6666666666666661e+00 -8.62666666667 -5.375542   
419 5028 0.365588278453 9.41178013219 -8.686666666666667 -8.6500000000000004e+00 -8.62333333333 -8.55333333333   
420 5040 0.364394180703 9.4426639412 -8.686666666666667 -8.6733333333333338e+00 -8.62666666667 -8.41   
421 5052 0.368013038006 9.382388118 -8.686666666666667 -8.6733333333333338e+00 -8.62666666667 -8.58333333333   
422 5064 0.365638358335 9.57399048055 -8.686666666666667 -8.6666666666666661e+00 -8.63666666667 -8.60333333333   
423 5076 0.375524196552 9.50430080787 -8.686666666666667 -8.6566666666666663e+00 -8.63333333333 -8.55333333333   
424 5088 0.375299843424 9.52388531349 -8.696666666666667 -8.6966666666666672e+00 -8.62333333333 -8.54   
425 5100 0.360174672599 9.46508028596 -8.696666666666667 -8.6699999999999999e+00 -8.63 -8.0965   
426 5112 0.363745271243 9.53755296543 -8.696666666666667 -8.6633333333333340e+00 -8.64 -8.57   
427 5124 0.355508969644 9.71527876767 -8.696666666666667 -8.6766666666666659e+00 -8.62 -8.58666666667   
428 5136 0.350115477199 9.49041489503 -8.696666666666667 -8.6500000000000004e+00 -8.61666666667 -8.3   
429 5148 0.339415732621 9.59515475769 -8.696666666666667 -8.6899999999999995e+00 -8.64333333333 -8.45   
430 5160 0.348658993564 9.65890657433 -8.696666666666667 -8.6733333333333338e+00 -8.64333333333 -8.56333333333   
431 5172 0.35726911445 9.63235727473 -8.696666666666667 -8.6833333333333336e+00 -8.62333333333 -8.49333333333   
432 5184 0.346464405215 9.69532423852 -8.696666666666667 -8.6733333333333338e+00 -8.62333333333 -8.03316666667   
433 5196 0.337349855884 10.0139614575 -8.696666666666667 -8.6600000000000001e+00 -8.61 -8.35   
434 5208 0.353189497162 10.0790648364 -8.696666666666667 -8.6699999999999999e+00 -8.64333333333 -8.60333333333   
435 5220 0.360464470066 10.1499197372 -8.696666666666667 -8.6433333333333326e+00 -8.60666666667 -3.576428   
436 5232 0.345413672642 10.2006525024 -8.696666666666667 -8.6733333333333338e+00 -8.62333333333 -8.32333333333   
437 5244 0.347980361927 10.1202333246 -8.696666666666667 -8.6699999999999999e+00 -8.62 -8.57666666667   
438 5256 0.346444521442 9.86861166449 -8.696666666666667 -8.6633333333333340e+00 -8.64333333333 -8.54   
439 5268 0.366928055796 9.97687530469 -8.696666666666667 -8.6766666666666659e+00 -8.64333333333 -8.48666666667   
440 5280 0.366748658568 9.80903633151 -8.696666666666667 -8.6933333333333334e+00 -8.64333333333 -8.53333333333   
441 5292 0.366970692507 9.94240470733 -8.696666666666667 -8.6666666666666661e+00 -8.64 -8.60666666667   
442 5304 0.379064266266 10.1523520927 -8.696666666666667 -8.6733333333333338e+00 -8.64666666667 -8.54333333333   
443 5316 0.403296265729 9.98110055012 -8.696666666666667 -8.6666666666666661e+00 -8.63666666667 -8.51   
444 5328 0.416470699652 10.0461055358 -8.696666666666667 -8.6799999999999997e+00 -8.64666666667 -8.60333333333   
445 5340 0.427574858348 10.1638676089 -8.696666666666667 -8.6600000000000001e+00 -8.63 -8.57666666667   
446 5352 0.445131549319 10.1399490078 -8.696666666666667 -8.6733333333333338e+00 -8.64 -8.57666666667   
447 5364 0.443073403491 10.088013384 -8.696666666666667 -8.6633333333333340e+00 -8.64333333333 -8.60333333333   
448 5376 0.411637208835 10.0375859962 -8.696666666666667 -8.6699999999999999e+00 -8.64 -8.58   
449 5388 0.408587317823 9.98841815503 -8.696666666666667 -8.6699999999999999e+00 -8.64 -8.55333333333   
450 5400 0.392389103671 10.0155851232 -8.696666666666667 -8.6766666666666659e+00 -8.64333333333 -8.44   
451 5412 0.365563252993 9.75501615181 -8.696666666666667 -8.6566666666666663e+00 -8.62333333333 -8.57   
452 5424 0.369351388754 9.68884006306 -8.696666666666667 -8.6833333333333336e+00 -8.64 -8.6   
453 5436 0.376320596457 9.67499416551 -8.696666666666667 -8.6699999999999999e+00 -8.64 -8.58   
454 5448 0.377466272686 9.64614944721 -8.696666666666667 -8.6666666666666661e+00 -8.64 -8.40333333333   
455 5460 0.373527420855 9.67339771645 -8.696666666666667 -8.6699999999999999e+00 -8.64666666667 -8.54666666667   
456 5472 0.389206075419 9.84433520499 -8.696666666666667 -8.6666666666666661e+00 -8.63 -8.62333333333   
457 5484 0.401743750757 9.97362430931 -8.696666666666667 -8.6633333333333340e+00 -8.62333333333 -8.58   
458 5496 0.394941881534 9.901227027 -8.696666666666667 -8.6566666666666663e+00 -8.63 -8.59666666667   
459 5508 0.414285954146 9.92233970914 -8.696666666666667 -8.6633333333333340e+00 -8.64666666667 -8.59666666667   
460 5520 0.432486401385 10.0047278296 -8.696666666666667 -8.6699999999999999e+00 -8.64333333333 -8.61333333333   
461 5532 0.446155820246 10.0584500273 -8.696666666666667 -8.6666666666666661e+00 -8.64666666667 -8.59333333333   
462 5544 0.460041519579 9.93131323665 -8.696666666666667 -8.6600000000000001e+00 -8.64333333333 -8.61   
463 5556 0.478263433996 9.96169958378 -8.696666666666667 -8.6833333333333336e+00 -8.63666666667 -8.58333333333   
464 5568 0.503662362878 10.1037900446 -8.696666666666667 -8.6666666666666661e+00 -8.63333333333 -8.6   
465 5580 0.506342699745 10.1609816791 -8.696666666666667 -8.6633333333333340e+00 -8.63 -8.59666666667   
466 5592 0.506506346613 10.1866851498 -8.696666666666667 -8.6899999999999995e+00 -8.64666666667 -8.61   
467 5604 0.522137375084 10.1042002288 -8.696666666666667 -8.6833333333333336e+00 -8.65333333333 -8.61   
468 5616 0.52668088011 10.2627781185 -8.696666666666667 -8.6666666666666661e+00 -8.64 -8.59   
469 5628 0.526705389383 10.3633907209 -8.696666666666667 -8.6633333333333340e+00 -8.64333333333 -8.60333333333   
470 5640 0.493332213848 10.2873647879 -8.696666666666667 -8.6633333333333340e+00 -8.64 -8.61   
471 5652 0.486529803285 10.4224062874 -8.696666666666667 -8.6799999999999997e+00 -8.64666666667 -8.61   
472 5664 0.493810788818 10.2614613373 -8.696666666666667 -8.6699999999999999e+00 -8.64333333333 -8.53666666667   
473 5676 0.480959680977 10.061636904 -8.696666666666667 -8.6733333333333338e+00 -8.65 -8.61   
474 5688 0.481776815917 10.2572757928 -8.696666666666667 -8.6766666666666659e+00 -8.63666666667 -8.58   
475 5700 0.487389439872 10.0084704829 -8.696666666666667 -8.6600000000000001e+00 -8.63 -8.55666666667   
476 5712 0.462573675922 10.1093342584 -8.696666666666667 -8.6533333333333342e+00 -8.64333333333 -8.57666666667   
477 5724 0.439301145086 10.1898950171 -8.696666666666667 -8.6733333333333338e+00 -8.63666666667 -8.60666666667   
478 5736 0.423193582488 10.1128176927 -8.696666666666667 -8.6566666666666663e+00 -8.64333333333 -8.59333333333   
479 5748 0.416899887533 10.1287802051 -8.696666666666667 -8.6600000000000001e+00 -8.63333333333 -8.59666666667   
480 5760 0.42657574435 10.1661371663 -8.696666666666667 -8.6733333333333338e+00 -8.64666666667 -8.48   
481 5772 0.436043085721 10.0704777204 -8.696666666666667 -8.6666666666666661e+00 -8.65 -8.61333333333   
482 5784 0.438590690984 10.1035040192 -8.696666666666667 -8.6666666666666661e+00 -8.63333333333 -8.57666666667   
483 5796 0.429644478514 10.1836756382 -8.696666666666667 -8.6766666666666659e+00 -8.63 -8.56666666667   
484 5808 0.402641808257 10.3606414179 -8.696666666666667 -8.6699999999999999e+00 -8.64 -8.15983333333   
485 5820 0.377237098203 10.4527229828 -8.696666666666667 -8.6666666666666661e+00 -8.65666666667 -8.61   
486 5832 0.388915105146 10.5699089394 -8.696666666666667 -8.6666666666666661e+00 -8.63666666667 -8.60666666667   
487 5844 0.397675958283 10.421807097 -8.696666666666667 -8.6600000000000001e+00 -8.63666666667 -8.57333333333   
488 5856 0.379667439315 10.4710724768 -8.696666666666667 -8.6799999999999997e+00 -8.65 -8.53666666667   
489 5868 0.38003153369 10.6044832896 -8.696666666666667 -8.6766666666666659e+00 -8.65333333333 -8.63666666667   
490 5880 0.387957757621 10.6846491084 -8.696666666666667 -8.6666666666666661e+00 -8.65 -8.60666666667   
491 5892 0.388498330945 10.5410263042 -8.696666666666667 -8.6733333333333338e+00 -8.64 -8.61333333333   
492 5904 0.386636436973 10.742802838 -8.696666666666667 -8.6733333333333338e+00 -8.63333333333 -8.59   
493 5916 0.388679569471 10.8344986978 -8.696666666666667 -8.6600000000000001e+00 -8.63666666667 -8.62333333333   
494 5928 0.392504612417 10.6505866379 -8.696666666666667 -8.6799999999999997e+00 -8.64666666667 -8.63   
495 5940 0.40113587994 10.7201122295 -8.696666666666667 -8.6699999999999999e+00 -8.62666666667 -8.55333333333   
496 5952 0.399020224595 10.853181663 -8.696666666666667 -8.6733333333333338e+00 -8.63666666667 -8.59   
497 5964 0.402005353969 10.8877453655 -8.696666666666667 -8.6699999999999999e+00 -8.65 -8.60333333333   
498 5976 0.404754477072 10.7744275395 -8.696666666666667 -8.6699999999999999e+00 -8.63666666667 -8.49   
499 5988 0.40668131665 10.6896175002 -8.696666666666667 -8.6766666666666659e+00 -8.64666666667 -8.62333333333   
500 6000 0.425837959923 10.5013505024 -8.696666666666667 -8.6699999999999999e+00 -8.64 -8.61666666667   
501 6012 0.45771940541 10.5713946725 -8.696666666666667 -8.6633333333333340e+00 -8.64 -8.62333333333   
502 6024 0.488170629611 10.5916393918 -8.696666666666667 -8.6833333333333336e+00 -8.64333333333 -8.61333333333   
503 6036 0.498545636182 10.6803269016 -8.696666666666667 -8.6733333333333338e+00 -8.63 -8.59666666667   
504 6048 0.49003983467 10.7006814903 -8.696666666666667 -8.6633333333333340e+00 -8.64333333333 -8.6   
505 6060 0.49196399111 10.4846485612 -8.696666666666667 -8.6699999999999999e+00 -8.64666666667 -8.55   
506 6072 0.499243592913 10.6066713357 -8.696666666666667 -8.6733333333333338e+00 -8.64666666667 -8.62   
507 6084 0.494160307729 10.4591929125 -8.696666666666667 -8.6600000000000001e+00 -8.64 -8.54333333333   
508 6096 0.479107804539 10.4201093061 -8.696666666666667 -8.6833333333333336e+00 -8.64666666667 -8.62333333333   
509 6108 0.492727214242 10.495566533 -8.696666666666667 -8.6766666666666659e+00 -8.65 -8.61   
510 6120 0.48790735695 10.4327233953 -8.696666666666667 -8.6699999999999999e+00 -8.64666666667 -8.6   
511 6132 0.463049527033 10.4288321301 -8.696666666666667 -8.6733333333333338e+00 -8.64666666667 -8.61333333333   
512 6144 0.441249968266 10.6161615982 -8.696666666666667 -8.6766666666666659e+00 -8.64666666667 -8.55333333333   
513 6156 0.44532584313 10.4594349333 -8.696666666666667 -8.6600000000000001e+00 -8.62666666667 -8.61   
514 6168 0.445664698609 10.5571105666 -8.696666666666667 -8.6766666666666659e+00 -8.62333333333 -8.36333333333   
515 6180 0.443428117937 10.5566103742 -8.696666666666667 -8.6733333333333338e+00 -8.65 -8.56666666667   
516 6192 0.451185668947 10.5559718748 -8.696666666666667 -8.6733333333333338e+00 -8.64 -8.60666666667   
517 6204 0.454620420599 10.6008660462 -8.696666666666667 -8.6733333333333338e+00 -8.64666666667 -8.62   
518 6216 0.460341365132 10.6811203159 -8.696666666666667 -8.6866666666666674e+00 -8.64333333333 -8.37   
519 6228 0.487606570063 10.7133052506 -8.696666666666667 -8.6733333333333338e+00 -8.64333333333 -8.56666666667   
520 6240 0.489139974935 10.8155677066 -8.696666666666667 -8.6533333333333342e+00 -8.63666666667 -8.59333333333   
521 6252 0.505199682614 10.8211055765 -8.696666666666667 -8.6733333333333338e+00 -8.63666666667 -8.58666666667   
522 6264 0.49921555797 10.7773172487 -8.696666666666667 -8.6766666666666659e+00 -8.63666666667 -8.6   
523 6276 0.492356367185 10.7849979927 -8.696666666666667 -8.6600000000000001e+00 -8.64333333333 -8.52666666667   
524 6288 0.511246944446 10.9320988995 -8.696666666666667 -8.6666666666666661e+00 -8.64333333333 -8.61   
525 6300 0.542809998694 10.9908698689 -8.696666666666667 -8.6766666666666659e+00 -8.65 -8.55666666667   
526 6312 0.592400612607 11.3945466809 -8.696666666666667 -8.6833333333333336e+00 -8.63 -8.61333333333   
527 6324 0.640789659362 11.4257787173 -8.696666666666667 -8.6733333333333338e+00 -8.64 -8.59333333333   
528 6336 0.680881793986 11.4349746294 -8.696666666666667 -8.6633333333333340e+00 -8.62666666667 -8.61   
529 6348 0.708856381086 11.9048748132 -8.696666666666667 -8.6799999999999997e+00 -8.62666666667 -8.36333333333   
530 6360 0.708581252312 11.8640652251 -8.696666666666667 -8.6600000000000001e+00 -8.64 -8.52666666667   
531 6372 0.710260840476 11.7909401494 -8.696666666666667 -8.6600000000000001e+00 -8.63333333333 -8.61333333333   
532 6384 0.718116621281 11.7839593719 -8.696666666666667 -8.6666666666666661e+00 -8.62333333333 -8.48   
533 6396 0.70350124543 11.8235800291 -8.696666666666667 -8.6566666666666663e+00 -8.64 -8.62   
534 6408 0.769280856695 11.4279474361 -8.696666666666667 -8.6666666666666661e+00 -8.64 -8.58666666667   
535 6420 0.766510284514 11.3426541503 -8.696666666666667 -8.6566666666666663e+00 -8.62666666667 -8.53   
536 6432 0.762635182406 11.3783129591 -8.696666666666667 -8.6666666666666661e+00 -8.62666666667 -8.42333333333   
537 6444 0.739507043 11.5425400837 -8.696666666666667 -8.6600000000000001e+00 -8.62666666667 -8.60666666667   
538 6456 0.689281768832 11.716611989 -8.696666666666667 -8.6733333333333338e+00 -8.64333333333 -8.57   
539 6468 0.679155320942 11.8697509541 -8.696666666666667 -8.6533333333333342e+00 -8.63666666667 -8.55333333333   
540 6480 0.637636894392 12.3144468512 -8.696666666666667 -8.6633333333333340e+00 -8.63333333333 -8.6   
541 6492 0.598680243935 12.5870385655 -8.696666666666667 -8.6633333333333340e+00 -8.64666666667 -8.59333333333   
542 6504 0.544762650801 12.5954013128 -8.696666666666667 -8.6600000000000001e+00 -8.63 -8.57333333333   
543 6516 0.505349782775 12.7886187586 -8.696666666666667 -8.6600000000000001e+00 -8.62333333333 -8.42666666667   
544 6528 0.483139299813 12.9177268749 -8.696666666666667 -8.6433333333333326e+00 -8.61 -8.55333333333   
545 6540 0.472833599925 12.6255074932 -8.696666666666667 -8.6566666666666663e+00 -8.63 -8.58   
546 6552 0.450841726852 12.2113614711 -8.696666666666667 -8.6733333333333338e+00 -8.63666666667 -8.37333333333   
547 6564 0.427945018797 12.2259131498 -8.696666666666667 -8.6733333333333338e+00 -8.64 -8.61666666667   
548 6576 0.414580445972 12.1249325328 -8.696666666666667 -8.6533333333333342e+00 -8.64 -8.60333333333   
549 6588 0.424760452863 11.7585352492 -8.696666666666667 -8.6600000000000001e+00 -8.63 -8.57666666667   
550 6600 0.435557588856 11.6416054005 -8.696666666666667 -8.6600000000000001e+00 -8.63666666667 -8.49333333333   
551 6612 0.471685474639 11.5343868525 -8.696666666666667 -8.6699999999999999e+00 -8.64333333333 -8.63333333333   
552 6624 0.479795652356 11.4748609531 -8.696666666666667 -8.6866666666666674e+00 -8.64 -8.61   
553 6636 0.484128976116 11.4702341815 -8.696666666666667 -8.6533333333333342e+00 -8.64 -8.62333333333   
554 6648 0.48115467943 11.5113340178 -8.696666666666667 -8.6766666666666659e+00 -8.63666666667 -8.61   
555 6660 0.491709208867 11.2768632647 -8.696666666666667 -8.6600000000000001e+00 -8.62666666667 -8.6   
556 6672 0.484769120048 11.3362768576 -8.696666666666667 -8.6699999999999999e+00 -8.63 -8.58666666667   
557 6684 0.522515138637 11.2682756591 -8.696666666666667 -8.6533333333333342e+00 -8.63333333333 -8.57   
558 6696 0.575758569066 11.2629870537 -8.696666666666667 -8.6500000000000004e+00 -8.61666666667 -8.53333333333   
559 6708 0.597620643685 11.3184898519 -8.696666666666667 -8.6600000000000001e+00 -8.62666666667 -8.60666666667   
560 6720 0.607273770917 11.3381106916 -8.696666666666667 -8.6600000000000001e+00 -8.63 -8.60333333333   
561 6732 0.566947810165 11.4734387526 -8.696666666666667 -8.6533333333333342e+00 -8.62333333333 -8.52333333333   
562 6744 0.520856708958 11.5011111398 -8.696666666666667 -8.6600000000000001e+00 -8.63333333333 -8.59333333333   
563 6756 0.491647300292 11.4571248786 -8.696666666666667 -8.6699999999999999e+00 -8.64333333333 -8.60333333333   
564 6768 0.489435272706 11.5095931995 -8.696666666666667 -8.6766666666666659e+00 -8.63666666667 -8.60666666667   
565 6780 0.517539771019 11.5425589626 -8.696666666666667 -8.6566666666666663e+00 -8.63666666667 -8.61333333333   
566 6792 0.548439794683 11.8194218773 -8.696666666666667 -8.6600000000000001e+00 -8.63 -8.60666666667   
567 6804 0.54240123572 11.9193260695 -8.696666666666667 -8.6633333333333340e+00 -8.62 -8.35666666667   
568 6816 0.555012858605 12.1171578114 -8.696666666666667 -8.6600000000000001e+00 -8.64 -8.62333333333   
569 6828 0.554573384621 12.1714405417 -8.696666666666667 -8.6566666666666663e+00 -8.64666666667 -8.62   
570 6840 0.537934343215 12.4160741493 -8.696666666666667 -8.6799999999999997e+00 -8.64333333333 -8.59666666667   
571 6852 0.521282992015 12.5616351765 -8.696666666666667 -8.6600000000000001e+00 -8.63 -8.59333333333   
572 6864 0.495525665532 12.5041618379 -8.696666666666667 -8.6600000000000001e+00 -8.65 -8.62666666667   
573 6876 0.459644365937 12.4265515912 -8.696666666666667 -8.6699999999999999e+00 -8.64666666667 -8.55333333333   
574 6888 0.434168925704 12.5253009172 -8.696666666666667 -8.6666666666666661e+00 -8.64 -8.59333333333   
575 6900 0.430137335673 12.4775928071 -8.696666666666667 -8.6633333333333340e+00 -8.63666666667 -8.60333333333   
576 6912 0.418363100099 12.54850894 -8.696666666666667 -8.6633333333333340e+00 -8.64333333333 -8.61333333333   
577 6924 0.416923926392 12.3196436115 -8.696666666666667 -8.6699999999999999e+00 -8.64666666667 -8.61333333333   
578 6936 0.415467725663 12.1667799514 -8.696666666666667 -8.6699999999999999e+00 -8.64666666667 -8.59666666667   
579 6948 0.415490120191 12.2302056122 -8.696666666666667 -8.6600000000000001e+00 -8.65 -8.63   
580 6960 0.416244877822 12.0708042315 -8.696666666666667 -8.6600000000000001e+00 -8.64333333333 -8.61333333333   
581 6972 0.416762796783 12.151493705 -8.696666666666667 -8.6733333333333338e+00 -8.64666666667 -8.61666666667   
582 6984 0.415757315733 12.3887366243 -8.696666666666667 -8.6766666666666659e+00 -8.64666666667 -8.56666666667   
583 6996 0.416194213261 12.3575595494 -8.696666666666667 -8.6666666666666661e+00 -8.63666666667 -8.62666666667   
584 7008 0.412298691766 12.4089190772 -8.696666666666667 -8.6733333333333338e+00 -8.64 -8.61333333333   
585 7020 0.416987030504 12.5404828323 -8.696666666666667 -8.6600000000000001e+00 -8.64666666667 -8.62   
586 7032 0.445580987722 12.3334300308 -8.696666666666667 -8.6733333333333338e+00 -8.64333333333 -8.63   
587 7044 0.46015672088 12.4057295902 -8.696666666666667 -8.6666666666666661e+00 -8.63 -8.60666666667   
588 7056 0.449202462049 12.4411399194 -8.696666666666667 -8.6733333333333338e+00 -8.64 -8.59666666667   
589 7068 0.437228797593 12.4723848891 -8.696666666666667 -8.6766666666666659e+00 -8.64 -8.60333333333   
590 7080 0.436165860795 12.3880762409 -8.696666666666667 -8.6866666666666674e+00 -8.65333333333 -8.63666666667   
591 7092 0.439251067503 12.5518926157 -8.696666666666667 -8.6666666666666661e+00 -8.64333333333 -8.57333333333   
592 7104 0.44200621418 12.5970852039 -8.696666666666667 -8.6699999999999999e+00 -8.64 -8.59333333333   
593 7116 0.44133061178 12.4247133809 -8.696666666666667 -8.6633333333333340e+00 -8.63333333333 -8.62   
594 7128 0.437320364907 12.4303636123 -8.696666666666667 -8.6866666666666674e+00 -8.65 -8.62333333333   
595 7140 0.434784988917 12.5899662492 -8.696666666666667 -8.6600000000000001e+00 -8.63 -8.60333333333   
596 7152 0.435597470951 12.6989101172 -8.696666666666667 -8.6833333333333336e+00 -8.64333333333 -8.61   
597 7164 0.44620690163 12.4727749976 -8.696666666666667 -8.6866666666666674e+00 -8.64333333333 -8.58333333333   
598 7176 0.455012406444 12.177235491 -8.696666666666667 -8.6733333333333338e+00 -8.65 -8.57   
599 7188 0.462747744205 12.213873333 -8.696666666666667 -8.6566666666666663e+00 -8.63333333333 -8.61   
600 7200 0.464614499649 12.1033097443 -8.696666666666667 -8.6566666666666663e+00 -8.62666666667 -8.58   
601 7212 0.465585634708 12.1542546836 -8.696666666666667 -8.6666666666666661e+00 -8.63333333333 -8.58333333333   
602 7224 0.469063002704 12.2789626327 -8.696666666666667 -8.6600000000000001e+00 -8.64666666667 -8.6   
603 7236 0.466798376236 12.3720395222 -8.696666666666667 -8.6566666666666663e+00 -8.63 -8.54333333333   
604 7248 0.47382056383 12.1933729694 -8.696666666666667 -8.6633333333333340e+00 -8.64666666667 -8.62333333333   
605 7260 0.476333487344 12.0220757843 -8.696666666666667 -8.6666666666666661e+00 -8.64333333333 -8.58666666667   
606 7272 0.479898751359 12.0982048436 -8.696666666666667 -8.6733333333333338e+00 -8.65333333333 -8.62666666667   
607 7284 0.475704648101 11.8119768244 -8.696666666666667 -8.6533333333333342e+00 -8.63333333333 -8.53333333333   
608 7296 0.473013057448 11.7940088465 -8.696666666666667 -8.6633333333333340e+00 -8.63666666667 -8.60666666667   
609 7308 0.471753374665 11.7808646534 -8.696666666666667 -8.6566666666666663e+00 -8.64 -8.58333333333   
610 7320 0.475612118321 12.1639960836 -8.696666666666667 -8.6699999999999999e+00 -8.62666666667 -8.54   
611 7332 0.476612953982 12.2423963697 -8.696666666666667 -8.6766666666666659e+00 -8.62666666667 -8.57666666667   
612 7344 0.480728691239 12.402911254 -8.696666666666667 -8.6600000000000001e+00 -8.62666666667 -8.56333333333   
613 7356 0.484345979528 12.6277254079 -8.696666666666667 -8.6833333333333336e+00 -8.64333333333 -8.57666666667   
614 7368 0.492801098013 12.5388861996 -8.696666666666667 -8.6766666666666659e+00 -8.63666666667 -8.6   
615 7380 0.511746759252 12.6155723135 -8.696666666666667 -8.6733333333333338e+00 -8.63333333333 -8.57   
616 7392 0.494693683647 12.7743050798 -8.696666666666667 -8.6699999999999999e+00 -8.65333333333 -8.60333333333   
617 7404 0.48619712612 12.9981739498 -8.696666666666667 -8.6699999999999999e+00 -8.65 -8.61333333333   
618 7416 0.504556235764 13.0918902122 -8.696666666666667 -8.6799999999999997e+00 -8.64333333333 -8.62333333333   
619 7428 0.515050328724 13.0692435012 -8.696666666666667 -8.6666666666666661e+00 -8.64333333333 -8.60333333333   
620 7440 0.56074425268 12.9788682858 -8.696666666666667 -8.6633333333333340e+00 -8.63666666667 -8.62   
621 7452 0.575439775288 12.7493843308 -8.696666666666667 -8.6699999999999999e+00 -8.63 -8.38   
622 7464 0.580725622895 12.7027207641 -8.696666666666667 -8.6533333333333342e+00 -8.63666666667 -8.58666666667   
623 7476 0.580601776528 12.9258966205 -8.696666666666667 -8.6799999999999997e+00 -8.64 -8.61333333333   
624 7488 0.578413146443 13.0527737471 -8.696666666666667 -8.6799999999999997e+00 -8.64 -8.56666666667   
625 7500 0.547368549822 13.0854343255 -8.696666666666667 -8.6766666666666659e+00 -8.63666666667 -8.59666666667   
626 7512 0.516409677046 13.0519470429 -8.696666666666667 -8.6733333333333338e+00 -8.65 -8.57   
627 7524 0.511555912907 13.1934879418 -8.696666666666667 -8.6600000000000001e+00 -8.64333333333 -5.56977266667   
628 7536 0.515946165781 13.2605766067 -8.696666666666667 -8.6733333333333338e+00 -8.64333333333 -8.61   
629 7548 0.53136195905 13.1710950484 -8.696666666666667 -8.6866666666666674e+00 -8.63666666667 -8.59   
630 7560 0.556084170221 13.0479275732 -8.696666666666667 -8.6766666666666659e+00 -8.62 -8.50333333333   
631 7572 0.586553328059 13.0634170345 -8.696666666666667 -8.6600000000000001e+00 -8.64 -8.62666666667   
632 7584 0.61238866713 13.2943341955 -8.696666666666667 -8.6566666666666663e+00 -8.65 -8.56   
633 7596 0.632071704046 13.4866180968 -8.696666666666667 -8.6600000000000001e+00 -8.64 -8.60333333333   
634 7608 0.649449338592 13.4164267306 -8.696666666666667 -8.6566666666666663e+00 -8.59666666667 -8.57   
635 7620 0.676624755863 13.2487386916 -8.696666666666667 -8.6566666666666663e+00 -8.63666666667 -8.59   
636 7632 0.651416928823 13.3273779315 -8.696666666666667 -8.6699999999999999e+00 -8.63666666667 -8.58666666667   
637 7644 0.611871477226 13.542348677 -8.696666666666667 -8.6699999999999999e+00 -8.63333333333 -8.45333333333   
638 7656 0.614251114349 13.4580046871 -8.696666666666667 -8.6566666666666663e+00 -8.63666666667 -8.56666666667   
639 7668 0.597347008359 13.4907255634 -8.696666666666667 -8.6600000000000001e+00 -8.64333333333 -8.58333333333   
640 7680 0.580073507063 13.4920249897 -8.696666666666667 -8.6500000000000004e+00 -8.62333333333 -8.60666666667   
641 7692 0.560411704074 13.5520445085 -8.696666666666667 -8.6766666666666659e+00 -8.65333333333 -8.62666666667   
642 7704 0.530629181058 13.4506820746 -8.696666666666667 -8.6500000000000004e+00 -8.63 -8.49666666667   
643 7716 0.518340516621 13.3875957693 -8.696666666666667 -8.6866666666666674e+00 -8.63333333333 -8.60666666667   
644 7728 0.513786489927 13.4130453471 -8.696666666666667 -8.6500000000000004e+00 -8.63333333333 -8.61333333333   
645 7740 0.531969322701 13.5686910331 -8.696666666666667 -8.6633333333333340e+00 -8.63333333333 -8.56333333333   
646 7752 0.507708038315 13.5827826997 -8.696666666666667 -8.6666666666666661e+00 -8.62666666667 -8.6   
647 7764 0.498329207357 13.6600231248 -8.696666666666667 -8.6666666666666661e+00 -8.64 -8.56   
648 7776 0.504577445799 13.4972437124 -8.696666666666667 -8.6600000000000001e+00 -8.63666666667 -8.57333333333   
649 7788 0.510239856991 13.4309739156 -8.696666666666667 -8.6633333333333340e+00 -8.63333333333 -8.56666666667   
650 7800 0.490097543606 13.5731699198 -8.696666666666667 -8.6633333333333340e+00 -8.64333333333 -8.63   
651 7812 0.483468680863 13.7398945675 -8.696666666666667 -8.6699999999999999e+00 -8.63666666667 -8.59333333333   
652 7824 0.492515877203 13.7934784029 -8.696666666666667 -8.6500000000000004e+00 -8.63666666667 -8.58666666667   
653 7836 0.519006027204 14.0551510675 -8.696666666666667 -8.6733333333333338e+00 -8.63666666667 -8.61333333333   
654 7848 0.549943748975 14.1749387506 -8.696666666666667 -8.6600000000000001e+00 -8.63333333333 -8.59333333333   
655 7860 0.522279695391 14.5277535372 -8.696666666666667 -8.6699999999999999e+00 -8.64666666667 -8.62   
656 7872 0.497645284126 14.7592710112 -8.696666666666667 -8.6666666666666661e+00 -8.65333333333 -8.63666666667   
657 7884 0.499345685537 14.2858197632 -8.696666666666667 -8.6566666666666663e+00 -8.63666666667 -8.62   
658 7896 0.504459891278 14.4855236628 -8.696666666666667 -8.6666666666666661e+00 -8.64 -8.54   
659 7908 0.506144534024 14.4280271677 -8.696666666666667 -8.6600000000000001e+00 -8.63 -8.58333333333   
660 7920 0.496879342533 14.7622524939 -8.696666666666667 -8.6733333333333338e+00 -8.65 -8.44333333333   
661 7932 0.497310469664 14.4445155074 -8.696666666666667 -8.6833333333333336e+00 -8.64333333333 -8.57666666667   
662 7944 0.498213527644 15.0207012034 -8.696666666666667 -8.6766666666666659e+00 -8.64 -8.61333333333   
663 7956 0.492799397632 15.0552201803 -8.696666666666667 -8.6699999999999999e+00 -8.63666666667 -8.41   
664 7968 0.493342527515 15.1074602166 -8.696666666666667 -8.6633333333333340e+00 -8.63666666667 -8.41333333333   
665 7980 0.500740565475 15.2643542126 -8.696666666666667 -8.6666666666666661e+00 -8.63666666667 -8.54333333333   
666 7992 0.501528142202 15.3583219536 -8.696666666666667 -8.6666666666666661e+00 -8.64666666667 -8.63333333333   
667 8004 0.498149841713 15.6552043273 -8.696666666666667 -8.6600000000000001e+00 -8.62 -8.38333333333   
668 8016 0.499981073848 16.2214325221 -8.696666666666667 -8.6633333333333340e+00 -8.64 -8.58   
669 8028 0.501331872026 16.185157755 -8.696666666666667 -8.6666666666666661e+00 -8.64333333333 -8.60666666667   
670 8040 0.496852720196 16.1568862783 -8.696666666666667 -8.6666666666666661e+00 -8.63666666667 -8.59333333333   
671 8052 0.497871203782 16.2365668405 -8.696666666666667 -8.6633333333333340e+00 -8.64333333333 -8.63   
672 8064 0.497492935624 16.1642772629 -8.696666666666667 -8.6699999999999999e+00 -8.63333333333 -8.61   
673 8076 0.501928059504 15.9393405837 -8.696666666666667 -8.6633333333333340e+00 -8.64 -8.57333333333   
674 8088 0.511244174141 16.0178168641 -8.696666666666667 -8.6566666666666663e+00 -8.63666666667 -8.57333333333   
675 8100 0.514258442275 15.9205101123 -8.696666666666667 -8.6766666666666659e+00 -8.62666666667 -8.48   
676 8112 0.535422073147 15.8717718846 -8.696666666666667 -8.6766666666666659e+00 -8.64666666667 -8.54   
677 8124 0.520073548698 15.5539037759 -8.696666666666667 -8.6666666666666661e+00 -8.64 -8.57666666667   
678 8136 0.517479097409 15.1085291634 -8.696666666666667 -8.6566666666666663e+00 -8.63333333333 -8.56666666667   
679 8148 0.521812208567 15.2539118073 -8.696666666666667 -8.6699999999999999e+00 -8.64333333333 -8.61333333333   
680 8160 0.529547760061 15.2878338079 -8.696666666666667 -8.6766666666666659e+00 -8.64 -5.30686   
681 8172 0.53136921322 15.4631398435 -8.696666666666667 -8.6699999999999999e+00 -8.63666666667 -8.2465   
682 8184 0.535950113957 15.6676963068 -8.696666666666667 -8.6533333333333342e+00 -8.63666666667 -8.56666666667   
683 8196 0.536657555104 16.3503582863 -8.696666666666667 -8.6699999999999999e+00 -8.64 -8.61333333333   
684 8208 0.528810332937 16.245475215 -8.696666666666667 -8.6500000000000004e+00 -8.63666666667 -8.37666666667   
685 8220 0.527334978127 16.1928779492 -8.696666666666667 -8.6500000000000004e+00 -8.64 -8.62333333333   
686 8232 0.528437701918 15.9317209694 -8.696666666666667 -8.6566666666666663e+00 -8.63666666667 -8.59666666667   
687 8244 0.518020302272 15.8267702471 -8.696666666666667 -8.6566666666666663e+00 -8.63666666667 -8.61666666667   
688 8256 0.512145333786 15.8113864031 -8.696666666666667 -8.6600000000000001e+00 -8.64 -8.56333333333   
689 8268 0.510253260688 15.700722853 -8.696666666666667 -8.6666666666666661e+00 -8.63666666667 -8.62333333333   
690 8280 0.522466791934 15.7365884426 -8.696666666666667 -8.6600000000000001e+00 -8.64 -8.62333333333   
691 8292 0.518843255526 15.8345622528 -8.696666666666667 -8.6666666666666661e+00 -8.64 -8.57666666667   
692 8304 0.510206251272 15.9111088651 -8.696666666666667 -8.6766666666666659e+00 -8.65 -8.60333333333   
693 8316 0.51317333871 15.8424300789 -8.696666666666667 -8.6733333333333338e+00 -8.64666666667 -8.62   
694 8328 0.517381126957 15.9295863036 -8.696666666666667 -8.6633333333333340e+00 -8.63333333333 -8.57666666667   
695 8340 0.517135868486 16.0529627833 -8.696666666666667 -8.6566666666666663e+00 -8.64333333333 -8.57666666667   
696 8352 0.526046059732 16.0958623573 -8.696666666666667 -8.6633333333333340e+00 -8.64333333333 -8.62666666667   
697 8364 0.57872041074 16.1583156517 -8.696666666666667 -8.6799999999999997e+00 -8.64333333333 -8.62333333333   
698 8376 0.619820356802 16.2554289736 -8.696666666666667 -8.6766666666666659e+00 -8.64666666667 -8.59666666667   
699 8388 0.59455232471 16.8165541228 -8.696666666666667 -8.6766666666666659e+00 -8.65 -8.39333333333   
700 8400 0.590245506501 16.86325597 -8.696666666666667 -8.6766666666666659e+00 -8.64333333333 -8.61666666667   
701 8412 0.566658925927 16.820154733 -8.696666666666667 -8.6600000000000001e+00 -8.64 -8.62666666667   
702 8424 0.56373059057 16.7354558823 -8.696666666666667 -8.6633333333333340e+00 -8.64666666667 -8.63   
703 8436 0.582402673812 16.5548268852 -8.696666666666667 -8.6766666666666659e+00 -8.64666666667 -8.59   
704 8448 0.593104387797 16.3140048696 -8.696666666666667 -8.6600000000000001e+00 -8.63333333333 -8.62   
705 8460 0.578919528696 16.6211539302 -8.696666666666667 -8.6899999999999995e+00 -8.63666666667 -8.61   
706 8472 0.528301859477 16.8297194692 -8.696666666666667 -8.6666666666666661e+00 -8.64666666667 -8.58   
707 8484 0.527901622521 16.7285149748 -8.696666666666667 -8.6666666666666661e+00 -8.64 -8.43   
708 8496 0.532379142386 17.0000087965 -8.696666666666667 -8.6866666666666674e+00 -8.65 -8.60666666667   
709 8508 0.535726197969 17.1671834943 -8.696666666666667 -8.6766666666666659e+00 -8.64 -8.6   
710 8520 0.548109614625 17.1746690029 -8.696666666666667 -8.6766666666666659e+00 -8.64 -8.61   
711 8532 0.553435881599 16.9195758573 -8.696666666666667 -8.6699999999999999e+00 -8.65 -8.62   
712 8544 0.551077995473 17.1198653339 -8.696666666666667 -8.6666666666666661e+00 -8.64 -8.62666666667   
713 8556 0.556983902169 17.029041101 -8.696666666666667 -8.6600000000000001e+00 -8.64666666667 -8.5   
714 8568 0.575003836689 17.002350909 -8.696666666666667 -8.6633333333333340e+00 -8.64333333333 -8.63333333333   
715 8580 0.574822432038 16.6567027598 -8.696666666666667 -8.6666666666666661e+00 -8.61666666667 -8.47333333333   
716 8592 0.566985297207 16.5059815391 -8.696666666666667 -8.6799999999999997e+00 -8.63666666667 -8.60333333333   
717 8604 0.572431333726 16.6111149349 -8.696666666666667 -8.6633333333333340e+00 -8.63666666667 -8.51666666667   
718 8616 0.586524024075 16.4685038605 -8.696666666666667 -8.6600000000000001e+00 -8.64 -8.50666666667   
719 8628 0.625099690151 16.352019039 -8.696666666666667 -8.6766666666666659e+00 -8.65 -8.59666666667   
720 8640 0.686235186558 16.1661429778 -8.696666666666667 -8.6600000000000001e+00 -8.64333333333 -8.62666666667   
721 8652 0.715493019823 16.3870904589 -8.696666666666667 -8.6633333333333340e+00 -8.64 -8.60333333333   
722 8664 0.780626247423 16.0194255336 -8.696666666666667 -8.6766666666666659e+00 -8.64 -8.61666666667   
723 8676 0.786168682779 16.1906783365 -8.696666666666667 -8.6699999999999999e+00 -8.62666666667 -8.56333333333   
724 8688 0.76726119901 16.3570724834 -8.696666666666667 -8.6633333333333340e+00 -8.63333333333 -8.59333333333   
725 8700 0.742223226919 16.649591163 -8.696666666666667 -8.6666666666666661e+00 -8.64666666667 -8.57333333333   
726 8712 0.750994504709 16.6766723534 -8.696666666666667 -8.6666666666666661e+00 -8.64333333333 -8.61666666667   
727 8724 0.738859277053 16.6034112466 -8.696666666666667 -8.6600000000000001e+00 -8.63 -8.61333333333   
728 8736 0.727816465072 16.4121214859 -8.696666666666667 -8.6766666666666659e+00 -8.63 -8.59   
729 8748 0.763737366263 16.3847896003 -8.696666666666667 -8.6600000000000001e+00 -8.64 -8.61   
730 8760 0.822135709057 16.2416485643 -8.696666666666667 -8.6766666666666659e+00 -8.62 -8.54666666667   
731 8772 0.907254234838 16.2529570681 -8.696666666666667 -8.6633333333333340e+00 -8.63666666667 -8.6   
732 8784 0.981036504151 16.2599041631 -8.696666666666667 -8.6666666666666661e+00 -8.63666666667 -8.52333333333   
733 8796 1.07083718503 16.4150519819 -8.696666666666667 -8.6699999999999999e+00 -8.63666666667 -8.6   
734 8808 1.12314409359 16.3460985448 -8.696666666666667 -8.6699999999999999e+00 -8.62666666667 -8.56666666667   
735 8820 1.15566258 16.4994892907 -8.696666666666667 -8.6600000000000001e+00 -8.64 -8.51333333333   
736 8832 1.15747072425 16.8120790854 -8.696666666666667 -8.6433333333333326e+00 -8.61666666667 -8.51666666667   
737 8844 1.15177877005 16.3775348215 -8.696666666666667 -8.6633333333333340e+00 -8.64 -8.58666666667   
738 8856 1.1159810663 16.2311714745 -8.696666666666667 -8.6566666666666663e+00 -8.63333333333 -8.54333333333   
739 8868 1.106514056 16.5524731704 -8.696666666666667 -8.6500000000000004e+00 -8.63666666667 -8.55333333333   
740 8880 1.05270960495 16.3307995822 -8.696666666666667 -8.6733333333333338e+00 -8.64333333333 -8.6   
741 8892 1.02142195143 16.5307873172 -8.696666666666667 -8.6666666666666661e+00 -8.63 -8.59   
742 8904 1.00290803695 16.4172166455 -8.696666666666667 -8.6566666666666663e+00 -8.63333333333 -8.34666666667   
743 8916 1.00369314025 16.3360466565 -8.696666666666667 -8.6500000000000004e+00 -8.62 -8.60666666667   
744 8928 0.952274569597 15.4332929434 -8.696666666666667 -8.6633333333333340e+00 -8.62 -8.60666666667   
745 8940 0.86432846963 15.4241405263 -8.696666666666667 -8.6633333333333340e+00 -8.64 -8.61   
746 8952 0.806551545567 15.4660450283 -8.696666666666667 -8.6566666666666663e+00 -8.63666666667 -8.60333333333   
747 8964 0.75694097586 15.8286756995 -8.696666666666667 -8.6533333333333342e+00 -8.63666666667 -8.56666666667   
748 8976 0.737680607734 15.8467012253 -8.696666666666667 -8.6633333333333340e+00 -8.64333333333 -8.6   
749 8988 0.722393037822 15.10464212 -8.696666666666667 -8.6633333333333340e+00 -8.63 -8.58666666667   
750 9000 0.74525488636 14.4621491881 -8.696666666666667 -8.6666666666666661e+00 -8.60333333333 -8.48666666667   
751 9012 0.806407997485 14.3944269205 -8.696666666666667 -8.6633333333333340e+00 -8.62333333333 -8.51666666667   
752 9024 0.846513134043 14.3229401511 -8.696666666666667 -8.6333333333333329e+00 -8.62333333333 -8.58666666667   
753 9036 0.854532682872 14.277166152 -8.696666666666667 -8.6466666666666665e+00 -8.63 -8.58   
754 9048 0.848956392057 14.4523019562 -8.696666666666667 -8.6600000000000001e+00 -8.62666666667 -8.56   
755 9060 0.853604110597 14.3134234668 -8.696666666666667 -8.6533333333333342e+00 -8.63 -8.55333333333   
756 9072 0.833477024324 14.5336924289 -8.696666666666667 -8.6633333333333340e+00 -8.63333333333 -8.62   
757 9084 0.761607259207 14.5326200264 -8.696666666666667 -8.6766666666666659e+00 -8.62 -8.6   
758 9096 0.749790181981 14.7617032454 -8.696666666666667 -8.6600000000000001e+00 -8.63 -8.59   
759 9108 0.739870121746 14.8610237413 -8.696666666666667 -8.6699999999999999e+00 -8.63666666667 -8.57333333333   
760 9120 0.717099517331 15.0306214908 -8.696666666666667 -8.6500000000000004e+00 -8.63333333333 -8.6   
761 9132 0.650572924077 15.0490161078 -8.696666666666667 -8.6766666666666659e+00 -8.65 -8.58666666667   
762 9144 0.647602798288 14.6606238079 -8.696666666666667 -8.6600000000000001e+00 -8.62333333333 -8.60333333333   
763 9156 0.652581364941 14.38503788 -8.696666666666667 -8.6433333333333326e+00 -8.62333333333 -8.55333333333   
764 9168 0.681225595144 14.4114334902 -8.696666666666667 -8.6666666666666661e+00 -8.64 -8.59   
765 9180 0.724552367053 14.0473907521 -8.696666666666667 -8.6466666666666665e+00 -8.62666666667 -8.59666666667   
766 9192 0.774501322328 14.2877782705 -8.696666666666667 -8.6500000000000004e+00 -8.63666666667 -8.59666666667   
767 9204 0.826644830619 13.7168862328 -8.696666666666667 -8.6633333333333340e+00 -8.64 -8.60333333333   
768 9216 0.828105566203 13.4780903611 -8.696666666666667 -8.6566666666666663e+00 -8.62 -8.57   
769 9228 0.850702042302 13.5836794701 -8.696666666666667 -8.6566666666666663e+00 -8.63333333333 -8.56333333333   
770 9240 0.837168060898 13.6623623568 -8.696666666666667 -8.6666666666666661e+00 -8.64 -8.61666666667   
771 9252 0.800674332114 13.806374398 -8.696666666666667 -8.6566666666666663e+00 -8.61666666667 -8.58666666667   
772 9264 0.762268234026 13.7992483792 -8.696666666666667 -8.6600000000000001e+00 -8.63666666667 -8.53333333333   
773 9276 0.706579900806 14.0018894406 -8.696666666666667 -8.6400000000000006e+00 -8.63 -8.52666666667   
774 9288 0.69268180849 14.0565051451 -8.696666666666667 -8.6500000000000004e+00 -8.62666666667 -8.58666666667   
775 9300 0.714236822777 14.1752156631 -8.696666666666667 -8.6500000000000004e+00 -8.62666666667 -8.55666666667   
776 9312 0.718277748427 14.5098733232 -8.696666666666667 -8.6600000000000001e+00 -8.63333333333 -8.59666666667   
777 9324 0.691009140742 14.6500223526 -8.696666666666667 -8.6799999999999997e+00 -8.63333333333 -8.58333333333   
778 9336 0.673797188686 14.9154607468 -8.696666666666667 -8.6566666666666663e+00 -8.64 -8.59333333333   
779 9348 0.638251303279 15.0905670074 -8.696666666666667 -8.6466666666666665e+00 -8.64 -8.57666666667   
780 9360 0.635001811276 15.1598430979 -8.696666666666667 -8.6666666666666661e+00 -8.64 -8.56   
781 9372 0.629578605067 15.2481554395 -8.696666666666667 -8.6533333333333342e+00 -8.63333333333 -8.61666666667   
782 9384 0.632638723219 15.2189930688 -8.696666666666667 -8.6899999999999995e+00 -8.64 -8.59   
783 9396 0.625014580526 14.9598407953 -8.696666666666667 -8.6466666666666665e+00 -8.62 -8.6   
784 9408 0.632214870229 14.8009080411 -8.696666666666667 -8.6533333333333342e+00 -8.63666666667 -8.60666666667   
785 9420 0.662715960368 14.3707192322 -8.696666666666667 -8.6533333333333342e+00 -8.63 -8.61333333333   
786 9432 0.683968440242 14.4034963738 -8.696666666666667 -8.6633333333333340e+00 -8.63333333333 -8.58333333333   
787 9444 0.700500728422 14.6036599979 -8.696666666666667 -8.6533333333333342e+00 -8.63 -8.59666666667   
788 9456 0.689394941193 14.2950719812 -8.696666666666667 -8.6600000000000001e+00 -8.63333333333 -8.59666666667   
789 9468 0.6775503718 14.2563501671 -8.696666666666667 -8.6666666666666661e+00 -8.63333333333 -8.6   
790 9480 0.661987954869 14.0974739294 -8.696666666666667 -8.6600000000000001e+00 -8.64 -8.60333333333   
791 9492 0.675102149305 14.082011231 -8.696666666666667 -8.6633333333333340e+00 -8.63333333333 -8.57333333333   
792 9504 0.672055937954 14.2945689398 -8.696666666666667 -8.6666666666666661e+00 -8.64666666667 -8.60333333333   
793 9516 0.704270594543 14.395744388 -8.696666666666667 -8.6666666666666661e+00 -8.64333333333 -8.59333333333   
794 9528 0.710603579194 14.5273009067 -8.696666666666667 -8.6633333333333340e+00 -8.62333333333 -8.56666666667   
795 9540 0.704048531432 14.588518822 -8.696666666666667 -8.6466666666666665e+00 -8.63333333333 -8.61   
796 9552 0.664652845109 14.0167372381 -8.696666666666667 -8.6666666666666661e+00 -8.64666666667 -8.62333333333   
797 9564 0.664821954342 14.1840740163 -8.696666666666667 -8.6533333333333342e+00 -8.63333333333 -8.61666666667   
798 9576 0.663728112331 14.3193774465 -8.696666666666667 -8.6833333333333336e+00 -8.64333333333 -8.62666666667   
799 9588 0.651485675978 14.2336585139 -8.696666666666667 -8.6633333333333340e+00 -8.62666666667 -8.59666666667   
800 9600 0.650486264976 13.9993483734 -8.696666666666667 -8.6699999999999999e+00 -8.61666666667 -8.56   
801 9612 0.643706676013 13.9318076339 -8.696666666666667 -8.6533333333333342e+00 -8.63333333333 -8.50666666667   
802 9624 0.646702877971 13.905014646 -8.696666666666667 -8.6699999999999999e+00 -8.65333333333 -8.59666666667   
803 9636 0.661075039814 13.5893611989 -8.696666666666667 -8.6533333333333342e+00 -8.64 -8.61666666667   
804 9648 0.641188614892 13.7093916383 -8.696666666666667 -8.6733333333333338e+00 -8.64333333333 -8.59333333333   
805 9660 0.62683363951 13.7571659022 -8.696666666666667 -8.6733333333333338e+00 -8.63666666667 -8.60333333333   
806 9672 0.629571464186 13.6833866836 -8.696666666666667 -8.6566666666666663e+00 -8.63666666667 -8.61   
807 9684 0.63057515568 13.9581726789 -8.696666666666667 -8.6600000000000001e+00 -8.64 -8.57   
808 9696 0.640233826406 14.0064056777 -8.696666666666667 -8.6733333333333338e+00 -8.63666666667 -8.61   
809 9708 0.641562747178 13.9833961887 -8.696666666666667 -8.6533333333333342e+00 -8.63666666667 -8.62333333333   
810 9720 0.641472863254 13.8080567655 -8.696666666666667 -8.6666666666666661e+00 -8.63666666667 -8.61333333333   
811 9732 0.64758534274 13.8238282092 -8.696666666666667 -8.6466666666666665e+00 -8.63333333333 -8.61   
812 9744 0.651374241792 13.5288656462 -8.696666666666667 -8.6566666666666663e+00 -8.62666666667 -8.6   
813 9756 0.648635380884 13.6794075731 -8.696666666666667 -8.6600000000000001e+00 -8.64 -8.6   
814 9768 0.647536329651 13.9576033872 -8.696666666666667 -8.6533333333333342e+00 -8.62666666667 -8.59333333333   
815 9780 0.653771241239 14.230609584 -8.696666666666667 -8.6500000000000004e+00 -8.63666666667 -8.60666666667   
