% # columns="iteration, evaluation, void, void, void, xmean", seed=19, Fri Feb  2 20:37:52 2018, <python>{}</python> # scaling_of_variables: 1, typical_x: 0
1 12 0 0 0 -0.165350504349 2.56604062726 0.781366105787 2.68437733754 -0.680835912776 7.81741020118 5.2168188889 2.89462817687 3.27669571954 6.03193430164 3.69029371249 7.89619602274 5.18126153619 4.66872235488 6.43946538608 10.0018232279 4.6646688642
2 24 0 0 0 -1.88808633061 1.75987591302 0.291740951978 2.57138615411 0.164851251243 7.42310797962 4.44504390458 1.37487239156 3.13832880348 6.38821832723 2.79376906682 7.88521574819 7.04539503366 4.71095175877 5.38502472374 9.386943609 3.55479664221
3 36 0 0 0 -1.37323230979 1.24042508701 -1.21189390034 2.75304553953 -0.550751394223 7.65401431881 5.54406050102 2.79488173035 2.62200630658 5.03516030466 4.52647528074 7.76394600865 7.29621050665 4.60023102204 6.6462136616 7.58042292137 3.20150523539
4 48 0 0 0 -0.661149858772 -0.059649579654 -0.492226885576 0.96413991987 -0.296307222919 6.09842037485 3.2995929853 3.53623470406 1.66422625288 5.72228691217 4.07652139268 7.08171043554 7.23171835126 4.61045262252 5.62881312173 7.62875352195 3.92915083317
5 60 0 0 0 -0.120363834062 1.51804729228 -0.168778446805 1.28027468578 0.691634101299 7.60993785183 3.81951665737 4.58906373863 1.63714921741 4.63275693557 4.30561732417 6.25817125415 8.5627086434 4.07870243607 7.57190086846 7.71843562586 2.39342607414
6 72 0 0 0 0.323576259263 0.288869958687 -1.0815769729 1.03190240646 0.945030464359 9.47840917605 3.27224682483 3.55297693706 1.7693807553 4.13402319122 5.7360318872 5.73759093632 8.05237471991 4.54059845898 7.80549738503 7.74263150273 3.84604996424
7 84 0 0 0 -1.0574073607 2.06541220798 -1.00035017272 1.09033586673 1.79380629193 10.1167261764 3.15783581588 4.73143389939 0.868361539526 5.29657726426 6.66713886107 5.58247328901 7.80041383272 6.47807801382 9.04181248344 7.31497222665 3.35474329125
8 96 0 0 0 -0.920348928396 2.45777934833 -1.19412361076 0.262008942656 2.21033987904 10.3697265221 4.60974832111 5.39521085505 1.46779038673 6.32453318487 6.21491055531 6.09655202825 7.21444553907 4.92837218709 9.54549880506 8.57628413049 3.58056917139
9 108 0 0 0 -2.50547580805 1.78983610893 -2.66132260837 0.335629203967 3.06925364899 9.54328353405 5.4477771385 5.88101664302 2.59354934838 6.39063433042 6.33844299199 7.22494786695 6.8899927658 3.82538661346 9.29534112429 9.4471890319 3.82069232987
10 120 0 0 0 -2.95950430384 3.48734550628 -1.10684346185 2.18588120321 1.56963328356 10.704983861 4.77533220326 5.80225243945 2.26486532045 7.22720598081 6.53487999742 7.29637132959 6.69412332328 3.87962056362 8.26614359571 9.82747873424 4.54525088616
11 132 0 0 0 -3.4198798955 4.85998163623 -1.89287562124 3.29408173885 1.7709606473 12.2604051366 5.78218085159 5.29314782796 1.52219643078 8.62006471284 7.56687801638 7.78140316323 8.83157520304 3.92388605534 9.21299472354 10.3196981801 4.44195233208
12 144 0 0 0 -3.87860676249 5.61179215351 -1.55329312322 4.78404201697 2.08502930164 12.2718816062 6.02774519704 5.96410078636 2.11882727407 8.15806536139 7.44276768168 5.86320649298 9.15462556154 3.19280657425 11.2966073581 10.5621274904 5.52337276316
13 156 0 0 0 -3.35024905587 5.42993453499 -1.68406446592 4.03306133478 0.358993520483 11.366978952 7.493121268 4.31441699145 0.825712442696 9.060925769 8.28607253461 6.31765496242 9.14794760175 4.59041031311 11.841367728 9.40619832896 6.89031835725
14 168 0 0 0 -2.4949185324 5.69332667184 -1.91989819143 5.24980495796 0.261032157592 11.8929986076 7.25710528029 4.09651768231 0.367806969787 8.9587524631 8.39073436008 7.36586187624 9.76572096415 5.18451316314 11.2954584768 8.55947997755 6.5444100897
15 180 0 0 0 -2.96474730033 4.70031416477 0.515267309523 5.05229368355 1.72666301581 11.6757518419 7.83689983169 4.52265434078 0.348321990232 9.59814980536 9.50304566336 7.0062467154 9.53432462923 4.1815057633 11.5081662046 8.3974230354 5.99121187652
16 192 0 0 0 -3.39879166692 4.80970441739 1.06244497071 4.89502093012 1.70760283835 10.8765012886 7.3430146073 4.51567196651 -0.420525439029 9.92685296864 9.53515077582 7.41139064716 8.8762401776 4.6307617073 11.3561251402 7.24077137227 4.2150381493
17 204 0 0 0 -3.7143306763 5.52177424552 0.531658225037 4.75057241862 0.938840418376 10.8689498353 8.29816893469 2.21796519138 -0.0268307479602 9.8853098365 7.66494657768 6.90640512623 8.47384691315 6.03209282138 10.3535171971 7.52018676136 3.95213438514
18 216 0 0 0 -2.68700667438 5.90208701292 -0.27313504466 4.40672701651 1.40641373383 10.771252629 7.67301919258 2.49493016627 -0.605495395031 10.3042393406 8.44755985694 6.68763547363 8.98500058599 5.41525291869 11.0404862738 7.54783012328 3.45905254226
19 228 0 0 0 -2.04957542121 6.7101377945 -0.900545488942 3.56761628528 2.1547973353 10.4832017504 9.10579317455 2.51433617973 -0.637628723983 10.3836879248 8.43909812944 6.24375256948 9.19430346422 4.91292743667 11.253440695 7.17769035157 3.86208745891
20 240 0 0 0 -1.39860004449 5.93172856682 -1.0884562921 2.80717939419 2.26891614539 9.18327138977 7.27508685734 1.41106135987 -1.32686083828 10.7730852354 8.24400030778 6.84141129907 9.98448878652 4.6465370799 10.7497708425 6.92989860304 3.22006553433
21 252 0 0 0 -1.42926384607 6.38207113005 -1.65640564552 2.82949481519 3.83868630688 10.5660538376 8.05062081022 1.60783111985 -0.028156504406 12.3965383367 7.66326785069 7.75495231106 11.2871533166 4.37034244013 11.6096238719 6.3105182572 2.33457456018
22 264 0 0 0 -1.68692959856 5.69276531375 -2.37336916405 3.56909201418 3.76872212431 10.5104302182 8.42296164369 1.5343340102 -0.406646630918 11.8714617746 9.87414284198 8.93758490623 10.4058268256 2.84513998324 12.3336187351 6.98611617865 3.17035281374
23 276 0 0 0 -1.59942085938 4.82083059419 -1.33618384998 3.56409729766 4.20140593871 10.3715961336 8.60300813646 1.53958897578 -0.569519685294 12.5778111971 10.8720009425 9.53786106043 10.9053082662 3.32408101879 12.0278827893 6.96297901341 3.78721102962
24 288 0 0 0 -2.76716130437 3.47699833468 -2.18550382192 3.92243299105 4.61313357497 10.8740577932 8.45886233439 0.926019937976 -0.792041920324 12.3480187769 11.429766779 10.805849743 10.226703295 1.62944875263 10.7010362679 6.37019227966 3.68213888546
25 300 0 0 0 -3.6450223105 4.50243451846 -3.07373990365 4.7351321191 5.75250138376 11.3570263831 8.05458182662 1.34262228072 -1.30919218536 13.1752377638 12.8839193075 11.7904025631 10.0946716418 1.06412851256 10.8866421932 6.11531893486 4.46808018307
26 312 0 0 0 -3.92317369268 3.9557549448 -2.70753450689 5.13693894639 5.21207008816 10.6371569279 6.74279608289 1.84606010028 -0.596937472592 12.4691166682 12.9056061452 10.875465157 8.68036400392 -0.768485014959 9.73543652746 6.74389430917 3.31591795562
27 324 0 0 0 -3.53210399715 5.00406672424 -2.62265826735 4.2095058274 5.46513521213 10.2009176584 6.26726211603 1.74518992468 -0.743961770076 12.557578323 13.5706305645 11.2612371765 10.0798941195 -2.03987779108 11.2204375629 6.81511330331 2.68070685885
28 336 0 0 0 -3.66673652983 5.11393775578 -2.37879057431 5.63415796765 5.87511815694 11.4841837033 8.12704897378 3.0437395796 -0.112211313183 12.6258250524 12.866079279 11.3353761388 10.275530594 -3.56561419837 11.3573516204 5.90130248291 2.88648328144
29 348 0 0 0 -3.53318014826 5.18873095552 -1.32680008263 6.3805644504 5.81326636289 10.5359627036 7.62737107871 3.0142760315 1.10968037235 12.3633379972 11.7030947629 11.552147148 10.8968227926 -4.40309171237 10.9477294301 5.89103441038 2.25392350385
30 360 0 0 0 -3.47857103517 4.73391396709 -0.884107363252 5.70466523233 6.44200484346 11.1211675562 8.27067894471 2.73537193495 0.389772783527 13.2929092344 11.5719087402 12.2293198823 9.39989411415 -2.04438724572 11.2789549066 5.69143871117 3.10772561115
31 372 0 0 0 -4.63309087627 5.82970986146 -0.117411927334 7.34820631891 5.72052449 10.6946368981 10.1855861032 2.60335954368 0.0696726166451 12.6447952568 12.813894061 12.7008608225 9.73242631717 -3.77028740735 12.0734978152 5.61737462214 3.33224024035
32 384 0 0 0 -4.54120651413 6.73891490606 -0.0914841854555 7.98250305233 5.59413378015 10.7730692031 11.0759099601 1.81345253035 -0.291565874085 12.488017345 13.2848233353 12.1195562287 10.6659315026 -3.31457689541 12.9795123825 6.80444351455 2.12948064539
33 396 0 0 0 -3.33531788541 7.61406962524 -0.154322843588 7.57979595464 4.63608170761 10.2901822972 9.93121718205 1.84645764674 -0.11093578416 11.188506338 13.0534849062 11.6104313532 10.9691472743 -2.55715253906 12.7093252881 8.00288699354 2.03869248342
34 408 0 0 0 -3.63893458218 7.34407576695 -0.826641873611 6.39476372172 5.55318715987 10.5164205527 10.493065058 0.921997952229 -0.0282278265981 11.4037671765 12.8300465912 11.5491164932 10.702656049 -1.62031206119 12.248700604 6.93152831498 3.45020888259
35 420 0 0 0 -2.87666704933 7.86320834267 -2.0188738433 7.09603533854 5.59318102164 10.6660990324 10.7520819072 0.274645890389 0.236612006792 10.8564321968 11.8596175096 10.3279762056 9.49072032916 -2.66126842701 10.8550362259 7.53153463085 2.13816246546
36 432 0 0 0 -2.78564560482 8.06811490145 -2.2085389018 7.11562504451 5.65197850187 9.89922571107 10.150935529 -0.751794403139 0.522988909839 10.7200891927 12.6272574834 9.51710640391 9.68577222086 -2.48460492483 10.9022415261 7.89554134445 2.2258095469
37 444 0 0 0 -2.99790625498 7.93515818689 -3.4280819309 7.66789249447 6.60043865545 10.2107907782 10.7150817247 -0.696597189567 0.0194553515567 10.79684675 13.9100628515 10.1555689526 10.7683766387 -3.36667577189 11.8264055759 7.87399703282 2.57092177104
38 456 0 0 0 -2.88571750825 8.04543371075 -3.64690243276 8.38749437647 5.51958447751 10.962946409 9.64369741246 -0.739355687383 -0.345577905022 10.5444934846 13.7570805424 9.92926112809 10.6968078975 -3.16402168741 12.6248919216 7.69835624654 1.93095181083
39 468 0 0 0 -3.42222472502 7.89934524166 -3.28814331615 8.28874768418 5.28684158245 10.9277372691 9.76179157959 -0.910892908397 -0.682692584244 10.3904003199 13.129838068 11.1258676927 11.0782845303 -3.2852732084 13.394278045 7.5822965001 2.88205442136
40 480 0 0 0 -2.33144669155 7.12203299663 -3.76162378648 8.02153091099 4.04889773634 11.1031974176 10.5152210397 -0.515506572342 -0.182198492741 10.063512297 12.7120536973 10.7978117457 11.8203527877 -2.88436320911 13.9354923319 8.07137513201 1.46388284035
41 492 0 0 0 -2.44037602585 6.10217165912 -4.0348700917 7.23237860338 4.14884764867 11.0366595309 11.1409874052 -0.56600806809 -0.293185853833 10.33790036 12.5214106176 11.2878055289 11.4063988817 -2.14674635285 13.4892395741 7.67727819804 1.47670123142
42 504 0 0 0 -2.51219929399 6.17879212991 -4.58731833646 6.27565581993 4.90977288698 10.4224811405 11.5018675847 -1.24305499752 -0.688755832932 10.8852156665 13.1078799086 11.8589370199 11.76443378 -3.14678363354 13.3639051455 7.53020786571 0.599325350018
43 516 0 0 0 -2.63004567301 6.0022271978 -5.63387848551 6.19807912859 5.28449859673 9.97315247956 11.3315009424 -0.977453317052 -0.752558514224 11.3232370855 13.6631238292 11.3370706726 13.5766382327 -4.14875622492 13.903530991 8.15904162229 1.0119124021
44 528 0 0 0 -2.79114529665 6.17571326053 -7.18099049815 5.26786986005 5.33767299952 10.1252851725 11.5547809885 -1.58788736192 -0.534047571375 11.0546683529 14.0385825034 12.0361104059 13.5135747505 -4.02161364016 13.9093109564 8.27614805306 0.89065920799
45 540 0 0 0 -2.04289620201 5.7764900296 -7.5431516748 4.98131177418 4.84132075397 10.0989935188 11.4386085028 -1.45028079746 -0.354782724037 11.0733564358 13.4176336862 11.5914295688 14.1495031641 -4.63516222672 14.1365096912 8.74894155398 1.33779194961
46 552 0 0 0 -1.73542367603 4.48547984523 -7.90557587163 4.63868571557 4.87004880629 10.6184812062 11.3372650629 -1.27791823404 -0.232567485463 10.6218190005 13.7818565355 12.2720018582 13.8390850488 -5.06702847305 13.24168553 8.42110108896 1.28877479826
47 564 0 0 0 -1.47841123266 3.61395172102 -9.02563864622 4.79631361868 4.97961929536 9.77859094725 10.7782530593 -1.56387117902 -0.818022597545 10.11346785 13.4465428798 11.6890110187 13.1008907691 -5.56529500477 11.8631919762 8.2035706354 0.846302255432
48 576 0 0 0 -1.75023276442 3.52509452694 -7.39879707947 5.17083975033 5.0609240684 9.53086917812 10.2372639163 -1.41757303661 -0.376233878656 9.90845237897 13.3366023846 11.181969095 12.3780276004 -6.77207658461 11.5536877812 8.50071894722 1.16996313263
49 588 0 0 0 -1.21339260378 3.97889057514 -8.16757571548 6.06705672917 5.57934684892 9.71383486239 10.2943188583 -1.18544476756 -0.32280293133 10.4005069695 13.449089421 11.2928752913 12.9887053854 -7.40707926978 11.7647371108 9.48000524448 0.854057847253
50 600 0 0 0 -1.59239264971 3.942063568 -9.27479816948 5.47641852781 5.61287551128 10.2064216675 10.7508297218 -1.60160004098 -0.635779983694 10.1564967317 13.7851805024 10.3768622678 14.0500845579 -7.65148752315 11.5938380159 9.87376178755 1.27672023854
51 612 0 0 0 -1.78567276623 4.601537985 -8.19656356294 5.47540359109 5.26244314885 10.1132957428 10.0940364672 -1.11809873392 -0.18922214942 9.95430810893 14.0089791034 10.2231086931 13.8891359103 -6.77247545725 11.3531071413 10.0871689522 1.13390723104
52 624 0 0 0 -2.16381971075 5.39452141758 -7.05283710299 6.6796770542 5.34721423651 11.092145701 10.1500596208 -0.898382023458 0.281124117916 10.7664071907 14.4007868341 10.523119054 13.5588921738 -7.42392349254 12.3426039948 9.72742255376 0.653574385394
53 636 0 0 0 -1.45826395935 5.0521320293 -7.21473986391 6.9829113353 5.34662732761 10.9042097234 10.0004499295 -2.35604561009 0.376849677834 11.0557205281 14.9244037146 11.1515536228 12.6106957789 -6.64432520953 12.6664063 9.46654758873 0.474601394519
54 648 0 0 0 -2.24205485115 5.48719981984 -8.53498393335 7.28841708663 5.36545062553 10.8451754233 11.0035387862 -3.06866443338 0.369696936172 11.2722660321 16.2102774318 10.8588848295 13.1236930049 -7.06064776546 12.6951361565 10.4793552175 0.402471460358
55 660 0 0 0 -2.58884313993 5.59332974857 -9.43536256409 7.17925142233 5.79644653149 10.5289027951 11.3318012477 -3.1971175069 -0.316166975235 11.8434685741 16.1922459775 11.5250963108 13.8998269205 -7.67563228151 12.4515989521 11.0851223666 1.51846275211
56 672 0 0 0 -2.48646155232 4.85246391286 -9.59656289693 7.00903672724 6.22575405383 10.3745558797 10.8818031335 -2.33824263381 -0.622826469007 11.8797872257 16.1505661399 12.0755264244 14.3185443362 -8.22893599439 12.3325120379 11.3294905004 1.26678279403
57 684 0 0 0 -3.10697108126 5.33430706053 -8.80668797938 6.95645780739 5.28778899667 10.1957711503 11.0587561805 -2.36253313952 -0.948101723584 11.5314611191 15.9454398512 12.1093914256 13.993003507 -8.10101570505 12.4241254891 12.0267702048 1.67621457553
58 696 0 0 0 -2.89471180829 5.74389784542 -9.50865647483 7.06705775974 6.07713224669 10.3400075272 11.6093468309 -2.86880478684 -1.02953113766 11.3790773548 16.8680627217 12.0145095829 14.3287613826 -9.45766481865 12.3491622545 11.4406493609 1.09726060999
59 708 0 0 0 -3.98063447278 6.47338142338 -8.8514682215 7.87688903672 6.64497115857 9.95524666777 10.8559895416 -3.48355181573 -1.5781151083 11.5672669786 17.482745404 12.413108708 14.5470034957 -10.5512453882 12.3604368228 11.992353728 1.60742180395
60 720 0 0 0 -4.27884247915 7.04041539977 -9.51260275084 7.9044532779 7.143286853 10.3839197933 11.7259061026 -3.20640038844 -1.32428273891 11.9608427813 18.8490122021 12.1339641657 14.5741937703 -11.124503928 12.4025762499 11.6122671037 0.904690414407
61 732 0 0 0 -4.76522510185 7.26858066427 -9.52020424263 8.06506224806 7.50383050583 10.0843961092 11.8326476916 -3.44248141288 -1.61436977329 12.3666586711 19.4014774126 12.3197365305 13.9522319762 -10.7821607962 12.4044203829 11.724203148 0.977635444322
62 744 0 0 0 -4.20160314672 6.84956006348 -9.76640778525 8.98069513836 7.72329728602 10.604856335 12.0912494219 -4.00903625386 -1.33133219196 12.3934258383 19.4266453248 12.3553683789 13.5355816263 -9.49045181011 12.2001469057 11.5862546543 1.43377920108
63 756 0 0 0 -4.75293744545 6.40926711756 -10.2530816669 8.2436858077 7.95079807225 10.6109782087 12.4869602414 -3.49202026084 -1.26232160135 12.6557527974 19.9112395672 12.0365933463 14.0512451755 -9.81709857964 12.5129588101 12.2668364269 1.32339911168
64 768 0 0 0 -3.71877704926 6.40956009347 -10.2261730213 7.26501440206 7.40040471441 10.9495392626 12.7905327428 -3.98834758555 -1.33457842314 12.5523268992 18.8656697027 11.9276708143 14.1015983409 -8.74120228723 12.0511819985 11.4671037682 1.00615115601
65 780 0 0 0 -3.7948120229 5.85235378613 -10.3716578485 7.209181707 7.46431125307 11.013369028 13.4794578436 -3.50877060083 -1.40741631401 12.7012801774 18.5323549287 12.0255373914 14.2830259417 -8.74244404363 11.8645673967 10.984983814 1.39753251882
66 792 0 0 0 -3.40297228737 5.26687604442 -10.9209295144 6.3241436716 7.65348388924 10.6589656444 13.1975389557 -3.47318533372 -1.3790416408 13.0363976897 18.6445191228 11.5928603507 14.4309864795 -8.26464247996 11.7222239863 11.1675863352 1.67597951869
67 804 0 0 0 -3.66987125806 5.71024789806 -10.806804642 6.62982759821 7.84598162532 10.2323867928 13.3257887464 -3.99681473513 -1.60977155924 12.7393756828 18.9174045373 11.7895396068 14.4836588046 -8.88249075651 11.6251001223 11.1461404109 1.38750138675
68 816 0 0 0 -3.71554217423 4.83298295807 -10.9677589632 6.20933561731 8.19221422566 10.0676448003 13.3335531855 -3.68599642325 -1.47374841807 12.5727276413 19.7223778263 11.8111548725 14.1609345597 -9.49472625304 11.8506618031 10.7774961077 1.34692522676
69 828 0 0 0 -3.72729007743 5.39036604262 -9.7239790545 7.16042982646 7.75302874378 9.62854533163 12.6187593865 -2.89507751331 -1.7800832007 12.8283791193 19.6011569229 12.1115167388 13.5885738075 -9.24351958341 12.3395238002 10.9729952026 1.9522401365
70 840 0 0 0 -3.68399375135 5.46754524786 -10.1438866637 7.33431190659 7.94695678256 9.45671950806 13.1583734047 -3.36742504635 -1.90637144696 12.7557431982 19.9946768781 11.9624813775 13.3097656263 -9.88969751478 12.4168483051 10.8081157988 1.27757680687
71 852 0 0 0 -3.10881031039 4.85906596652 -9.63625226607 7.48075214751 8.22584973948 9.37903438575 13.1392926765 -2.58952939375 -1.78027509128 13.0762970157 19.4487434251 11.8764382524 13.4052195728 -9.73578204077 11.8298156537 10.3728906147 1.37220580199
72 864 0 0 0 -3.47913421501 5.27137557902 -9.59979263275 7.89970164293 8.60674378396 9.75315463837 13.378565498 -2.01713678885 -1.40552698174 13.5455974178 19.1923391621 11.46288266 14.1681577963 -10.7852910144 11.9802752751 10.3430295381 1.62493382763
73 876 0 0 0 -3.12090727069 5.3887312307 -9.72622080363 7.09969245969 8.56222766426 9.65823889918 13.9146027191 -2.40607178231 -1.53307098829 13.8502760506 19.4085083465 11.8982083565 13.9055281883 -10.545504598 11.6099083784 10.9944060067 1.37835497191
74 888 0 0 0 -3.24025761457 5.40826736241 -8.90262894604 7.30289978469 8.4162438437 9.72012200919 13.4497711055 -2.31696972437 -1.44355824889 14.0826923288 19.2795583864 11.3754327679 13.6104017174 -9.71447009637 11.3948991227 11.0318509398 1.73369914954
