% # columns="iteration, evaluation, sigma, max axis length,  min axis length, all principle axes lengths  (sorted square roots of eigenvalues of C)", seed=19, Fri Feb  2 20:37:52 2018
1 12 1.90414708843 1.00004705993 1.0 1.0 1.00000294118 1.00000588237 1.00000882357 1.00001176478 1.00001470599 1.00001764721 1.00002058845 1.00002352969 1.00002647094 1.0000294122 1.00003235346 1.00003529474 1.00003823603 1.00004117732 1.00004411862 1.00004705993
2 24 1.91028134212 1.04692551895 0.953977989188 0.953977989188 0.960522994975 0.976441890434 0.987696162605 0.991810307367 0.99868628593 1.00001224407 1.00001603354 1.0000194879 1.00002659549 1.00004128994 1.00198492589 1.003036669 1.00862066708 1.0115542437 1.01798411125 1.04692551895
3 36 1.84584673308 1.09537236373 0.93514995349 0.93514995349 0.943996189477 0.953531159101 0.972991657013 0.981509687792 0.986429606888 0.990006944802 0.995603657974 0.999338116493 1.00067084552 1.00344662672 1.00578875744 1.00706927354 1.01175678507 1.01761451479 1.0277224623 1.09537236373
4 48 1.83729314878 1.1066488963 0.917937273234 0.917937273234 0.938531908099 0.942240732712 0.964048646134 0.967244826767 0.974936666533 0.979536682365 0.990824191798 0.994526713052 1.00154638276 1.00364303938 1.0065604835 1.00981525618 1.01989858473 1.03395499553 1.04985998439 1.1066488963
5 60 1.80281969712 1.13651805433 0.909179759692 0.909179759692 0.937071701906 0.945030415599 0.951474832241 0.955285151632 0.970078058161 0.976375999663 0.98004282341 0.987760587325 0.997614328588 1.00419656072 1.00535255534 1.00806056478 1.02102511205 1.03359804331 1.0587519878 1.13651805433
6 72 1.77257551654 1.14665354354 0.897516947367 0.897516947367 0.916769103467 0.930561474401 0.946713232478 0.956193335693 0.963919475154 0.970536988302 0.982097008308 0.987342602916 0.998969556642 1.00187547395 1.00631287347 1.00842322325 1.03027495201 1.03197668057 1.06280730267 1.14665354354
7 84 1.77623508705 1.15033568117 0.891728004754 0.891728004754 0.909680595666 0.92958923989 0.939004592171 0.944199488152 0.958216307584 0.964896920435 0.974270091449 0.985553884643 0.993588335246 0.999532209816 1.01236443761 1.01945598225 1.03424867946 1.03820123135 1.07247637823 1.15033568117
8 96 1.71345026081 1.1496159358 0.878218977198 0.878218977198 0.905233786286 0.931829310415 0.93621718452 0.939772496777 0.947282469802 0.961190705424 0.974611593485 0.978631681002 0.981692283499 1.0045761361 1.0174331758 1.02428133727 1.03297732463 1.05579027812 1.08937301745 1.1496159358
9 108 1.68402217142 1.15428312629 0.866899563374 0.866899563374 0.898876087051 0.926101141267 0.930838909329 0.93976982434 0.949216337614 0.959706938215 0.964655874968 0.979900210606 0.981308701575 0.997426423309 1.00964796145 1.02372100125 1.04663432509 1.05649308863 1.09324770708 1.15428312629
10 120 1.61396718451 1.15350884809 0.865848154137 0.865848154137 0.886208579346 0.913215684871 0.930179763426 0.936839326472 0.941232890741 0.952663175066 0.960121987505 0.981680479655 0.985350707011 0.999117316518 1.00921815531 1.02252527297 1.04258860524 1.0613292133 1.10937867271 1.15350884809
11 132 1.67737007443 1.16496964213 0.862630666704 0.862630666704 0.876854702835 0.899898171382 0.924187708025 0.930398317655 0.936520172564 0.953077892053 0.956486469658 0.974740721598 0.988620477818 0.999137110968 1.01795045789 1.03323551121 1.03945142385 1.06500027267 1.11781632708 1.16496964213
12 144 1.75947127183 1.18996727435 0.845101083273 0.845101083273 0.869528828063 0.89229804366 0.921944109792 0.931405375176 0.933224441098 0.939756924998 0.953974272729 0.96580058547 0.987608195219 1.00061097683 1.03312700648 1.03967322673 1.05371080714 1.07026328264 1.14735972639 1.18996727435
13 156 1.81890032033 1.24456745695 0.830611791878 0.830611791878 0.870338084308 0.89074596844 0.906990532681 0.929063413978 0.930516100563 0.943045862573 0.962342001428 0.968523633414 0.978199399992 1.0090364772 1.01494151707 1.03600136976 1.05919148601 1.06550274751 1.14196580247 1.24456745695
14 168 1.8144854397 1.26003501736 0.835099373859 0.835099373859 0.858013109106 0.871679643265 0.910522564985 0.928612736236 0.931179096364 0.956117005857 0.968608559381 0.973307302998 0.975711677523 1.00920976138 1.0125771064 1.0486514971 1.05189740203 1.06190841662 1.14040502288 1.26003501736
15 180 1.77848624304 1.2749084535 0.824522489554 0.824522489554 0.848433724281 0.862245521122 0.897084059412 0.919595744582 0.924911400567 0.948804888297 0.960633689934 0.969644210303 0.980866784823 1.00750423479 1.01298518151 1.04259203433 1.05025755681 1.07627823546 1.1407319437 1.2749084535
16 192 1.72262648963 1.28588367935 0.816636994859 0.816636994859 0.83628850981 0.860616172466 0.891313477999 0.912598887144 0.93287124084 0.943667193622 0.957115713169 0.966652155728 0.97833583575 1.00820434696 1.01797742303 1.0347968921 1.06167100898 1.0719335675 1.13258715155 1.28588367935
17 204 1.66662737171 1.28462464961 0.815931688241 0.815931688241 0.835707166833 0.849228315821 0.884233405848 0.908156813554 0.929000023817 0.934791439614 0.95632105004 0.964986566942 0.972487121917 0.996573274953 1.02025494241 1.03366428202 1.05899133787 1.08480630575 1.13614677535 1.28462464961
18 216 1.55634108418 1.28881875583 0.80980353155 0.80980353155 0.812598841148 0.846004477304 0.883070683873 0.912997834117 0.926587079781 0.929329624502 0.945211842186 0.955131931901 0.972297094082 0.996053893893 1.02197427662 1.03091329969 1.05998064331 1.08711317143 1.14086788103 1.28881875583
19 228 1.49102628283 1.28026069347 0.797548776987 0.797548776987 0.81334553893 0.845504452665 0.888184674935 0.910261607861 0.917474206463 0.927324165844 0.946083348332 0.95451300015 0.96479939551 1.00044085217 1.00775136416 1.02823249285 1.06549895456 1.09133732038 1.14477122277 1.28026069347
20 240 1.46726073254 1.29328669145 0.79709146817 0.79709146817 0.813049885484 0.850061926587 0.884431003754 0.90754565343 0.911066827394 0.923015056126 0.935172966007 0.958683023216 0.961563753923 1.00083307779 1.00204596175 1.033280104 1.06661543507 1.07386475208 1.15072935255 1.29328669145
21 252 1.50427527391 1.29814428166 0.793992906998 0.793992906998 0.811649063472 0.860352687207 0.880320436221 0.894926799435 0.898255302448 0.917234906124 0.932040131619 0.952651307962 0.964033947755 0.997459649152 1.00685742712 1.03482340841 1.0638409962 1.08844714285 1.13931792831 1.29814428166
22 264 1.48803243211 1.29543914801 0.79350030285 0.79350030285 0.802251963077 0.840859782737 0.865567576938 0.895252354559 0.909660320407 0.922342951288 0.932217616036 0.949519550987 0.96325869704 0.999736925233 1.0164520058 1.0419889331 1.06183219975 1.09054389798 1.16377012474 1.29543914801
23 276 1.46343953168 1.30467234134 0.785551542809 0.785551542809 0.798953282755 0.840390137036 0.86571522937 0.890840476145 0.910114635577 0.914353009819 0.935598461936 0.94064500533 0.962596653374 0.996499375268 1.01776371383 1.0360033758 1.056265204 1.09339361252 1.17509558357 1.30467234134
24 288 1.50881523835 1.31617011941 0.773775122897 0.773775122897 0.796176107932 0.837916055365 0.864756993906 0.888898126833 0.902621674186 0.911574753592 0.930505203068 0.934631518397 0.962273426797 0.990768392494 1.00772932528 1.03362768242 1.053973479 1.07841114325 1.18153053495 1.31617011941
25 300 1.58814116075 1.32154525012 0.765687886034 0.765687886034 0.794026304595 0.838478791025 0.863191925547 0.875886176149 0.901265017825 0.905867778121 0.927066376029 0.942103121711 0.962409015934 0.976724091118 1.00487209679 1.04709028984 1.05464969625 1.12567843534 1.20181988102 1.32154525012
26 312 1.63983563662 1.35827013624 0.765747051878 0.765747051878 0.781339869944 0.836676898078 0.85755394376 0.865059021548 0.884756236294 0.903425886836 0.923526348748 0.935345514262 0.961763897311 0.973970171124 1.00430791798 1.03726556145 1.05397754809 1.1503818269 1.21841311939 1.35827013624
27 324 1.66846846768 1.36441775193 0.742070997572 0.742070997572 0.78028467844 0.837499400889 0.856962218364 0.8650223993 0.876629550207 0.901952815623 0.913617829902 0.930723064146 0.960475656018 0.979383540273 1.00909653367 1.03466184141 1.06640950558 1.15558305724 1.24726981374 1.36441775193
28 336 1.6979410247 1.38320387854 0.742254493643 0.742254493643 0.76949250433 0.835685224758 0.853871240229 0.863201445093 0.868287044936 0.895353233575 0.916097937315 0.937982543286 0.960086102537 0.987911005768 1.00897486413 1.02099721531 1.0562157047 1.15302999546 1.25556429621 1.38320387854
29 348 1.72823728885 1.40414970507 0.744432422696 0.744432422696 0.763885939204 0.833351994724 0.852890840672 0.855340595977 0.863514492811 0.875689693637 0.910642928469 0.943278287597 0.964870459296 0.983830251333 1.00593547963 1.03074635863 1.06626128218 1.15051001031 1.25088375591 1.40414970507
30 360 1.61575167146 1.40268780922 0.751060378883 0.751060378883 0.759771464329 0.81994377393 0.834601398357 0.851456411146 0.86195230445 0.875495428046 0.917368755464 0.93169265118 0.965053687954 0.995113628854 1.01774674275 1.02904168445 1.06633159495 1.13220901447 1.25757634343 1.40268780922
31 372 1.61676335479 1.39959903957 0.754301950118 0.754301950118 0.759443822678 0.820075554266 0.823754813334 0.832841133215 0.861743642174 0.882456298067 0.915673726554 0.928904134573 0.961802069525 0.991801941075 1.02098764661 1.05112033975 1.0679128156 1.13013886755 1.24208005755 1.39959903957
32 384 1.61452964747 1.41843953301 0.732024521496 0.732024521496 0.756425525424 0.814699381135 0.825345675934 0.831942622668 0.85758412805 0.889211985015 0.921352146387 0.933075384069 0.959704509943 0.980750392307 1.02086844693 1.0579745527 1.07914903828 1.13587931796 1.24963410914 1.41843953301
33 396 1.56118063206 1.4252848109 0.717306736809 0.717306736809 0.75488108802 0.810208418928 0.815714993639 0.825959776244 0.866327664418 0.888350750163 0.922592146944 0.93314201838 0.957992446251 0.976539938615 1.0104463617 1.05443567944 1.09057938868 1.13999336198 1.25137040174 1.4252848109
34 408 1.43337055583 1.41987188654 0.713983099357 0.713983099357 0.753683766866 0.796192259138 0.809780286806 0.817111610133 0.865185434934 0.890478567941 0.913873119565 0.934104521745 0.94750532771 0.975688206653 1.01229546753 1.05677431162 1.10318486241 1.14765822276 1.2652153267 1.41987188654
35 420 1.40549721076 1.41243400799 0.707232312153 0.707232312153 0.753001496927 0.796212965061 0.800324574515 0.81552150403 0.857608988439 0.89368769217 0.914872230199 0.926772782331 0.936679635858 0.977958295607 1.00555969502 1.05012078267 1.10569899589 1.14225171892 1.26332060418 1.41243400799
36 432 1.39030699604 1.41371506271 0.694231225711 0.694231225711 0.736216134531 0.796030840498 0.801686288193 0.825890193939 0.858026216834 0.891316040609 0.907654160101 0.928204325675 0.937001680252 0.986020119493 1.00310758808 1.0577631521 1.10888791446 1.12361391404 1.2688173107 1.41371506271
37 444 1.35725056326 1.41291205226 0.67900474892 0.67900474892 0.730149244815 0.793584618257 0.801337767822 0.822213306609 0.857474822111 0.891562610598 0.90044636977 0.92521182367 0.940683183553 0.982238178557 1.00289065971 1.07407617386 1.11099239313 1.1324634486 1.25540155369 1.41291205226
38 456 1.31785434605 1.42791136849 0.67711373604 0.67711373604 0.721753165729 0.77408581236 0.796940173665 0.82301113623 0.855413885969 0.88160347174 0.900696893117 0.919082514599 0.943134041454 0.980035697474 1.0067869843 1.08411265216 1.11079664777 1.1437492255 1.25672104648 1.42791136849
39 468 1.26333538345 1.42550765756 0.685856711259 0.685856711259 0.718716725333 0.7619003659 0.797663639811 0.817584032698 0.843139469964 0.876037015739 0.898284602356 0.919025805788 0.938324349937 0.976674995642 1.0104164897 1.08156413479 1.1114657195 1.14826622055 1.25242734702 1.42550765756
40 480 1.24174514326 1.41316469296 0.679370590659 0.679370590659 0.710573138992 0.754680699 0.806245410486 0.816994119505 0.84258476454 0.867693341761 0.889492440369 0.918574072997 0.934328803283 0.979846611845 1.00350267858 1.08191674934 1.09778899983 1.15264395658 1.25626133271 1.41316469296
41 492 1.19108853585 1.40578268197 0.680748889913 0.680748889913 0.697822416641 0.755550179318 0.809322161243 0.811856292631 0.846069491849 0.863138445503 0.890643226352 0.908571073783 0.926830439554 0.992807003585 1.00935052052 1.0731167911 1.09949442177 1.16652951955 1.25378341571 1.40578268197
42 504 1.15538862516 1.40906339783 0.674449750072 0.674449750072 0.693102823549 0.753971875421 0.788143297434 0.811752704132 0.845120960184 0.85716487804 0.891713905602 0.909953347101 0.93131880574 0.997445931007 1.00412997244 1.07035312827 1.09445809906 1.17563305919 1.24827486031 1.40906339783
43 516 1.15499415504 1.41078610067 0.669513700392 0.669513700392 0.688850596989 0.744942676264 0.793099765228 0.808493637618 0.839894968512 0.848960135532 0.891976267165 0.908481311476 0.933558748526 0.990803268658 1.00307170524 1.07507935642 1.09785996093 1.19937920127 1.231052654 1.41078610067
44 528 1.17874013018 1.42998265089 0.663270472421 0.663270472421 0.690443113258 0.745011316283 0.780204906159 0.800261462401 0.839847829907 0.847916066302 0.895640309437 0.900149245582 0.938588211278 0.990789861667 1.00431219039 1.07494928762 1.09407850991 1.21754880294 1.23287517176 1.42998265089
45 540 1.19435640566 1.44332992027 0.66554220735 0.66554220735 0.677638118801 0.744663163418 0.776362568852 0.790726914724 0.841338117786 0.846025873414 0.87805408812 0.89519917434 0.942511756096 0.990686964063 1.00025175246 1.07447377947 1.09407494229 1.2296770633 1.24853977777 1.44332992027
46 552 1.20584177613 1.44719062677 0.653651005509 0.653651005509 0.676385384159 0.746277452519 0.774268216679 0.787262247977 0.830949308014 0.834812095962 0.875584414785 0.888947149416 0.949093331875 0.98650761326 0.99393920542 1.07979609378 1.08970431733 1.22192453503 1.27383630457 1.44719062677
47 564 1.23625328874 1.4474531461 0.653196255782 0.653196255782 0.674230001738 0.742583181181 0.770968039633 0.790343860727 0.828126545224 0.83140013734 0.875138855103 0.889812581921 0.946266083398 0.970816228613 0.989773124847 1.05662243401 1.09608599762 1.24617624967 1.30253672626 1.4474531461
48 576 1.20919320241 1.45329336286 0.6442796751 0.6442796751 0.669872706945 0.732522204237 0.771420584186 0.786061320331 0.830992276941 0.83483835056 0.864837464344 0.90239248743 0.948465532157 0.964355512939 0.982806285906 1.05296848328 1.09979295056 1.25243333501 1.34739337623 1.45329336286
49 588 1.16730280357 1.44511182866 0.621488503142 0.621488503142 0.667375800575 0.729583900635 0.772718798546 0.78712982543 0.827988256837 0.834244093629 0.855619820055 0.906613240185 0.942384114446 0.961331908064 0.984303189399 1.04977009414 1.10229919524 1.26366161572 1.36031634263 1.44511182866
50 600 1.15353556652 1.45240188507 0.61545073958 0.61545073958 0.664328153888 0.733704099413 0.77135218866 0.793037698987 0.819170516537 0.828346487298 0.85751085216 0.902150111744 0.939688773515 0.955699558532 0.979246072114 1.03761350127 1.10013383286 1.26009413421 1.33246849227 1.45240188507
51 612 1.08106605519 1.47706794502 0.612370518654 0.612370518654 0.661668571166 0.725654027857 0.769239725874 0.784533989592 0.814807832819 0.833685990872 0.852719799328 0.898264064641 0.938745640939 0.950790226133 0.985851694012 1.03018457137 1.09646648097 1.26728998461 1.32405918483 1.47706794502
52 624 1.03921219325 1.488489389 0.612649014442 0.612649014442 0.657294914367 0.711287110911 0.765724407866 0.783982553136 0.816939502511 0.82927985405 0.848596396352 0.901479282643 0.933418900443 0.940864342325 0.990371167661 1.02685496211 1.10160762351 1.26283290297 1.31846018204 1.488489389
53 636 1.01140848863 1.46972760465 0.602938810921 0.602938810921 0.660128964872 0.710626867573 0.759775045754 0.780955940327 0.811061208131 0.825903648059 0.849480804175 0.905070434734 0.930488011727 0.941329336233 0.988224219708 1.01663436887 1.12485094232 1.268634064 1.33302479016 1.46972760465
54 648 1.03171504433 1.46065011612 0.60419115187 0.60419115187 0.658786693364 0.707792239163 0.761508306789 0.775032956162 0.803897288407 0.809336586314 0.853319362187 0.896184687806 0.912945799466 0.94533037781 0.996107586622 1.02813184112 1.13148403104 1.27056914169 1.32853985845 1.46065011612
55 660 1.04401273766 1.4737504557 0.599417810682 0.599417810682 0.657577402 0.703450621303 0.75791582958 0.77926386047 0.791553032406 0.810169034786 0.849220135886 0.895158604369 0.907169627456 0.944432779711 1.00439126508 1.03822686395 1.14594046661 1.27322375076 1.34938098747 1.4737504557
56 672 1.02202439416 1.48853267449 0.596103077235 0.596103077235 0.654395510472 0.696956788263 0.753743603925 0.77556399269 0.793742697943 0.804581620827 0.845547703981 0.892121745075 0.911134475938 0.95281165486 1.01001636244 1.04226494808 1.13661737602 1.24460352691 1.36481488715 1.48853267449
57 684 1.00378486991 1.51774501054 0.595459713258 0.595459713258 0.648991809654 0.686814678422 0.750921483217 0.770508152363 0.783875072752 0.799155862346 0.848697775683 0.895654843573 0.905075858399 0.945574831341 1.00395562979 1.05639339817 1.12929779748 1.24011580854 1.36807373602 1.51774501054
58 696 0.969450915964 1.52153730465 0.581680764654 0.581680764654 0.647950609064 0.678507288033 0.743645910117 0.763250251591 0.784431681764 0.799652688935 0.849646336187 0.896461694137 0.914467245983 0.945190859584 1.00261679866 1.05754713842 1.12601043776 1.23666514952 1.36469528122 1.52153730465
59 708 1.01855127201 1.55476806772 0.571355880655 0.571355880655 0.643863455359 0.680459291399 0.740870607852 0.763605145466 0.780038196138 0.799733909899 0.853575935107 0.8828668647 0.901807509084 0.953583871329 1.00282619496 1.04924673242 1.11525938867 1.22654439702 1.36888391223 1.55476806772
60 720 1.05034866382 1.59102664703 0.567050932964 0.567050932964 0.638891168252 0.680622577332 0.72184333251 0.760018008685 0.790978489465 0.805388644294 0.853269840571 0.878159862651 0.907163915853 0.957232968095 1.0084399506 1.06165341205 1.11212773885 1.2426532591 1.39744496856 1.59102664703
61 732 1.06462062149 1.63596096354 0.563124249256 0.563124249256 0.63028452578 0.674319985931 0.717357971105 0.764124451978 0.786579777835 0.808137102935 0.855053889222 0.870024054464 0.919611424483 0.961848241607 1.00105293804 1.06772990083 1.10432074645 1.23253306004 1.41603055516 1.63596096354
62 744 1.04812323227 1.6783297579 0.563344085503 0.563344085503 0.630659420196 0.670607369745 0.708180629953 0.760396971699 0.787347262431 0.808146695035 0.839487760052 0.863333840025 0.914125790577 0.961192110152 0.995005984478 1.0690125311 1.10341078527 1.21699571785 1.42148171437 1.6783297579
63 756 1.01644841409 1.69027669412 0.557389162258 0.557389162258 0.630368670098 0.666038969217 0.707037224698 0.751664089374 0.774985328413 0.806840576635 0.828409655825 0.868189482253 0.914541467313 0.964355482689 0.990697805622 1.06897000326 1.10892622619 1.21281696249 1.41714010881 1.69027669412
64 768 0.950886645658 1.70225150946 0.547060883392 0.547060883392 0.625235938816 0.668697163304 0.701436862088 0.742711956211 0.774812773892 0.811648473584 0.825338009863 0.863476313633 0.916451554007 0.960883316635 0.997617847824 1.06173289712 1.10595154686 1.21457242291 1.42034656357 1.70225150946
65 780 0.902618668531 1.69753831217 0.533917574818 0.533917574818 0.627148109679 0.667410776361 0.693225682162 0.741801438041 0.764846795447 0.802857110798 0.831451655144 0.862759015188 0.917203824958 0.960922412954 0.989803066335 1.05994936177 1.10878077089 1.22275203371 1.42153410823 1.69753831217
66 792 0.877250278147 1.67728004938 0.529737727064 0.529737727064 0.62508213397 0.656420173128 0.694593410846 0.739205709121 0.768183201963 0.811929310421 0.832804988582 0.85999456823 0.907456006099 0.952035994678 0.979877732825 1.06052976675 1.11348003801 1.23049165623 1.41507833417 1.67728004938
67 804 0.812503209544 1.67348445459 0.513311746242 0.513311746242 0.624054598796 0.652005944484 0.693239067911 0.734336374547 0.766152504576 0.80411563862 0.834010092902 0.857508671599 0.90864642026 0.947958095026 0.979663670207 1.06549812575 1.12106362347 1.23736488981 1.42136514646 1.67348445459
68 816 0.795272002425 1.67541295633 0.51584979374 0.51584979374 0.618487985544 0.654456726171 0.679864113231 0.7349177956 0.760656767733 0.795375666736 0.834488806594 0.855088444827 0.904533222505 0.945926039976 0.979552174505 1.06527262888 1.12057157258 1.24391611198 1.41243675053 1.67541295633
69 828 0.784166230875 1.67264895206 0.510886683235 0.510886683235 0.61702775937 0.643110720658 0.687740135778 0.730187078252 0.765911094892 0.793013683192 0.84192458401 0.853361549124 0.905299208624 0.943047413164 0.971013189323 1.06815205121 1.12138000506 1.24238748367 1.41489321845 1.67264895206
70 840 0.769035779874 1.6611189167 0.507357919264 0.507357919264 0.622202933325 0.64801810985 0.687196657078 0.733405758496 0.763410308851 0.783521288677 0.836827667585 0.853606000649 0.896217458464 0.949796569667 0.963250412219 1.0675639018 1.10893674008 1.24593571465 1.43783011512 1.6611189167
71 852 0.758980369007 1.65882810231 0.504413702114 0.504413702114 0.628535543834 0.649667674545 0.682003493647 0.731671261304 0.770334403674 0.785088568128 0.834721489728 0.854984823183 0.897702899165 0.940845971642 0.951930061432 1.04776933431 1.11517711643 1.2304045444 1.43126746659 1.65882810231
72 864 0.75607551701 1.66309243037 0.493841534372 0.493841534372 0.625477745175 0.654941458899 0.683960449899 0.734809933507 0.771903727125 0.779954211613 0.826820724604 0.856192246536 0.891123901161 0.927421699697 0.950405934046 1.06221580974 1.11492942173 1.22897739947 1.42479861833 1.66309243037
73 876 0.736122398869 1.68440560492 0.481312559502 0.481312559502 0.622884393811 0.657142996843 0.679259743756 0.737536930828 0.758242253007 0.777291687005 0.823645779348 0.856904270285 0.896711471453 0.927299840723 0.945434174125 1.08398421813 1.1263119801 1.23619979302 1.42448512385 1.68440560492
74 888 0.71311222836 1.68623781246 0.478048896406 0.478048896406 0.625405155873 0.644879347763 0.678644349758 0.737301965646 0.762414069304 0.78441935689 0.818086313946 0.86674310389 0.889422998261 0.923403741073 0.947032318565 1.07855464014 1.11980255519 1.24262758039 1.40852729827 1.68623781246
