% # columns="iteration, evaluation, void, void, void, xmean", seed=8, Fri Feb  2 06:42:01 2018, <python>{}</python> # scaling_of_variables: 1, typical_x: 0
1 12 0 0 0 0.591583721389 4.81862208013 -1.05268953446 4.0881595271 -1.15030786709 9.14351091257 5.36488634297 2.23820755851 3.22425253737 6.52808255081 5.45323107759 7.95975265657 5.71620492553 4.87717829507 4.17003580754 10.4775335255 3.92609884082
2 24 0 0 0 1.52590301324 5.39687157062 0.322335595645 4.30979149604 0.102614808359 9.50446739139 3.6538579366 2.4891143814 1.91552706808 7.66254442325 5.59555624909 8.55788868838 6.00523159283 3.87992664197 4.89302157785 10.3751204227 3.01125817073
3 36 0 0 0 1.37734532937 5.35483498385 1.00611305236 5.36867445613 0.926671340948 9.57366468118 4.93369664609 1.36980182282 1.20185042046 9.44951202984 7.27552257534 7.77830187123 6.69918627016 3.81302623884 4.83755624386 10.6573751849 3.48378933363
4 48 0 0 0 2.14052401744 2.981331412 1.17480552433 4.28131834832 1.51945505613 9.85601284464 3.96010067225 2.66000558559 2.08134874279 9.10191067864 9.1127675774 7.53161878767 7.87701784049 4.53604792647 4.14529387048 12.0313509196 4.51631523021
5 60 0 0 0 1.23172245928 4.61788476418 0.804602210179 3.78625546822 3.67598838548 9.57679419452 4.39300239719 2.34427939173 1.5878838774 9.41318526958 10.4194599457 7.80283568033 8.11631893455 4.40038467521 4.0945695921 12.8193635233 4.61572779567
6 72 0 0 0 -0.296420238944 4.76323426349 -0.33651297536 2.60197939552 3.41193696874 9.4802087999 4.95656936516 3.85023213081 0.769575092842 10.1718140931 11.0264149914 6.99678648112 9.17090202108 4.47219989265 2.5627057196 13.2555898751 4.16998396772
7 84 0 0 0 -0.329771658973 4.36138460136 -2.6612619543 2.11238381086 5.02417929964 11.0681070063 4.70046680457 0.572670263214 0.739374768534 10.1609241661 11.9263831032 6.42438701339 9.57204139138 4.72824065059 4.27578265775 12.3657881958 4.85162067619
8 96 0 0 0 0.77346944261 5.42040455398 -2.37329575515 1.12047897152 4.78247176805 10.4984450934 4.80808423976 2.17338029123 1.29338809975 10.9645580856 12.4259845807 7.35046313413 8.80872428455 3.43416568629 4.76719675361 10.3036089775 4.75832825703
9 108 0 0 0 1.38767558024 4.49938466006 -0.906712658143 2.67043648881 4.34667529032 10.7740569738 2.8095321749 3.56392142567 1.39717787684 10.0723475341 12.302100378 6.82892555981 8.27054217104 3.65874948849 4.65228467714 11.3406150025 4.73985084156
10 120 0 0 0 0.78303498911 6.04372749922 -0.81540179124 2.39602472844 4.70170893528 10.4382045144 3.93007859321 5.12649450776 0.894642652021 10.1588326552 13.4187536681 6.75204843868 7.99084931376 2.64531644348 4.7830153605 11.4836220519 4.4097013433
11 132 0 0 0 2.00110978374 6.4780689509 -0.996883471298 1.98332550483 6.09597783511 10.1502085651 2.74126965525 5.36907971108 1.67057351616 11.3857242355 13.2096515212 4.54583005486 7.64565774521 1.6587424586 4.84786827522 13.5407590637 5.12010885875
12 144 0 0 0 0.933389076912 6.92489208523 -2.16227754167 2.14409975891 5.4628987093 9.09303192665 2.28593629145 3.57202575082 3.01129731209 12.2230364439 13.308848699 3.66502362055 7.51484300039 -1.45080945753 4.0305323758 12.5881402457 4.36504875062
13 156 0 0 0 2.32298646128 6.56567312108 -1.9982248626 3.6976992604 3.88288553617 9.41942896402 2.0537515419 2.12442094812 2.26592584451 11.7510038297 12.4456038139 2.85399850233 7.68882080143 -1.2544048016 4.29979024244 12.0437882904 3.88023805868
14 168 0 0 0 2.76333255101 6.9562026839 -1.84765536657 4.17929400311 4.60297509185 10.9139617498 2.26245379714 2.44757555156 2.840400382 11.144393486 13.1405514167 2.07953674218 8.72915172223 -1.74984089769 4.71203877082 11.8537012794 3.30049264723
15 180 0 0 0 2.87725075041 8.23448754025 -5.08669356102 4.87691869661 4.62955387763 11.5648328224 1.01576682646 1.00746601442 2.73212677403 9.7981009093 11.9548529974 1.1893516795 9.38357344624 -2.04237810671 5.70867736444 9.92455551103 2.07949830131
16 192 0 0 0 5.10865597617 8.26029831862 -7.83573494721 4.64664523002 4.56530291015 11.7765951529 0.901879021465 0.959351926417 1.9131312284 9.71487437163 12.8464950736 1.10933088389 9.04710519895 -2.57315978406 7.42127310852 10.620661808 3.39890355841
17 204 0 0 0 4.34031456443 8.3605277193 -7.24623413579 4.62961675516 3.85540953056 12.3406999237 1.62093609502 0.779809403785 2.4562621453 10.1031292937 10.3357412546 2.97721202439 10.0428703091 -2.44092418684 7.93200170052 9.0176158699 2.83357033596
18 216 0 0 0 4.702061479 7.64502957693 -8.56836502139 5.87361034717 4.54137079936 13.4048410773 1.68048692085 -0.805437902131 3.66861092746 10.0864044833 9.80140754797 2.72428602341 11.1337192241 -2.91437006702 7.72309798159 8.15637326449 2.02623605201
19 228 0 0 0 3.0010668038 8.1282186274 -7.49312800529 7.11352355574 6.00723794253 13.8246897744 0.28517289976 -0.240955068163 4.08035518273 9.61918050121 12.5446821025 3.20526276969 10.8519415451 -4.42928300008 5.67652902192 8.95899529142 0.167198794213
20 240 0 0 0 2.30347075965 8.59010870746 -10.4677244565 5.33231399269 5.77199828231 12.3908322753 1.25554963974 -0.236328819538 2.74483520087 8.03715134456 12.5762089165 1.92410105804 10.1777028683 -2.76158393728 5.30031544611 10.3094767516 0.0604761158089
21 252 0 0 0 2.21433259576 6.4851778498 -10.0658604888 4.74419296458 7.11396353491 12.573818345 1.05064695968 0.938954812451 3.91717884176 7.93797909953 13.2941235572 2.11367565991 11.2038104698 -1.94013720469 2.02341305802 10.5691967925 -0.725343834907
22 264 0 0 0 2.10203638503 6.83381379054 -11.1351321003 4.61582643783 5.68191336361 11.7136400556 0.26937336811 0.843869316049 3.68416365285 8.08210640035 13.4403891299 0.91078928923 10.5696550421 -2.77115964046 1.90041490356 9.73236215728 -0.266656845698
23 276 0 0 0 1.02211135521 6.77743511219 -13.2895962842 4.61192238509 5.13098010111 12.1903039611 0.679378919021 0.489838109329 3.63404527956 9.2326771746 13.007805367 -0.437167895711 8.74407529888 -5.08776554121 2.28319239749 8.92062412874 -0.361243663831
24 288 0 0 0 1.05192171928 5.62356636965 -10.9489635899 5.81209726657 5.84826443896 9.9663801592 1.35251046496 1.0135085231 3.98858715292 9.0432605249 12.2244824332 0.530317708321 7.83581159493 -4.7819352733 1.98283491658 9.53994207558 0.686402461087
25 300 0 0 0 1.20033844076 7.90578157442 -11.0561787367 6.47864832569 6.08383552808 9.25878973079 0.665102441185 1.32470264963 3.55382181297 10.1963274673 11.5614271458 0.856269380258 8.43230541277 -4.62322239663 2.57384336286 9.57025310206 -0.301106677799
26 312 0 0 0 0.687410011812 8.11209693158 -11.7475418927 7.43996182515 5.90947029967 10.6934790859 -0.694748115231 1.38739016419 3.17038881637 11.3022805454 12.629796294 0.891729795068 10.052702717 -4.37271978994 2.97597985741 8.74468556937 -1.33936209847
27 324 0 0 0 -0.337821176412 9.44770039032 -11.7348662253 8.93093789088 5.7389725616 10.1964356489 -0.240515513818 0.799895888895 2.98083378013 10.7085589024 13.2460523008 -0.288701797585 11.3464783783 -6.61196395097 2.91568438749 8.83122497423 -1.79711187792
28 336 0 0 0 1.54506041048 9.38339721049 -9.79735832591 8.7769723086 6.45753735532 10.1753675036 -0.0621607375836 2.05243561426 2.69427781891 10.9254336961 12.04978289 -0.40039898733 10.9304744425 -6.58937987187 2.97059670293 8.15041009503 -1.06776463815
29 348 0 0 0 1.37486443987 9.83576922847 -9.02839340205 7.6219083611 6.33603277964 10.4430904177 1.12702181878 1.45159240836 2.43147821197 11.9308902958 12.7264709516 -1.18605993274 10.9525033078 -6.29474631878 4.03170524014 7.78584094755 -0.16948830007
30 360 0 0 0 1.59150060991 10.7139027185 -8.93513484722 7.68485698051 4.87779350221 10.0580052384 0.810392534551 0.884598004519 3.30236518474 11.9288722769 11.4079472814 -2.60451881746 11.3749642506 -6.92409658464 5.19104870266 8.3258347978 0.093419900374
31 372 0 0 0 2.00119048757 10.222443589 -10.1767977255 7.24496137127 3.74825272802 10.3117175459 1.46512462966 1.62521243297 3.50359122629 11.9609648505 10.653349258 -1.8225229062 10.6008800018 -7.24357080698 4.9249329304 8.86881444577 0.0423743745935
32 384 0 0 0 3.0645832151 11.4224444344 -9.43446923224 6.68309996642 4.14139671215 12.0346597694 0.449182176753 2.19519131324 3.15617771222 13.9071095921 10.2967642632 -1.46099649414 10.5581296522 -7.30182812277 3.78279240926 8.40515296787 0.104591726785
33 396 0 0 0 3.08388503062 11.1931685578 -9.20327560533 6.27708045164 4.61259986227 11.7321358638 -0.554017153383 2.06173029859 3.12439355855 14.4222209128 9.70541896725 0.281422522143 9.82263149054 -6.21964936504 3.39857525916 8.77485840144 -0.185950200942
34 408 0 0 0 2.74025839609 10.5513760195 -9.34651438677 5.74578976223 4.15431615332 11.6825066193 -2.20830874002 1.3421210552 2.98559938259 16.0917644991 8.5225164932 0.567379306879 10.7639977286 -5.84810282247 3.34516335669 8.0398389292 -0.458596790203
35 420 0 0 0 2.63708226668 10.8021437275 -9.20036590269 4.932702532 3.93503681568 11.4314463116 -3.64932380081 2.15290555306 2.22034473136 17.084289091 7.84230762306 1.66110575656 10.9037238941 -6.12353476638 2.1197960882 8.26101360586 -1.18475269157
36 432 0 0 0 0.636486317565 11.7943749097 -10.0692915092 4.9061273955 3.839998803 11.7787592265 -3.16059745486 2.45356022294 2.28957801638 18.0557831785 7.34844034146 1.6565015941 10.7594722123 -7.26750783207 2.14105385955 9.39990383802 -1.02071491264
37 444 0 0 0 0.721990283947 13.0992223486 -9.90423932538 4.2934541977 3.85195716882 11.2978491304 -4.70668973172 2.86706151896 2.37468447449 18.8533600835 7.47703262544 2.6645470789 10.4216526628 -7.47876735406 0.948915007917 8.06752016283 -1.12566185994
38 456 0 0 0 1.0436971529 12.9755164611 -7.36992287157 4.86802558267 3.76093111838 11.111565631 -4.89265295703 2.62190399781 1.84487888103 17.9417370477 7.26535828642 2.30627897739 8.93721234354 -5.44683719912 2.52170987436 7.27255141328 -1.34502540597
39 468 0 0 0 0.857162507308 12.7258201784 -9.21942569651 4.4678991895 3.81794306786 11.6467382204 -5.13512695115 1.27520051841 1.83817917505 18.5996011004 8.47042735536 1.92620781113 9.74300366071 -7.03368877913 1.20799147975 8.17944037361 -1.79552714601
40 480 0 0 0 2.1898534782 13.7994536437 -8.33656387518 4.67527330315 3.88289207451 11.4010681053 -4.37403361158 0.850766060915 1.96661577293 16.934483898 9.24780094256 1.62535398519 8.06378701645 -5.07849098669 2.57218239244 8.66682671238 -0.95041836604
41 492 0 0 0 2.45531715482 12.7057301955 -7.94097589052 4.85041561892 4.17240390077 11.2239777517 -3.54291245787 1.73191555449 2.35977396219 14.1855913078 8.05728523563 1.6716837582 8.50803353257 -3.77394511074 3.75735014262 9.49704072794 -0.338174151848
42 504 0 0 0 1.99722260519 12.1871329896 -9.3419108172 4.65643851914 5.65482211529 10.6627144942 -4.6608153924 1.07308655978 2.05618903406 13.3920803167 6.5054325092 1.20844420931 10.2001338368 -5.09164213841 5.06941600148 8.92851788535 0.466569480614
43 516 0 0 0 2.33569537836 12.7737512746 -9.34253338373 4.94292988443 5.91491892351 10.5341365331 -5.9587086404 1.3591957557 1.45601031014 12.960374418 8.27690888091 1.35340268992 10.9779211262 -6.45762463323 3.0261757686 9.18938946127 -0.252926782311
44 528 0 0 0 2.52916833531 12.1013649875 -9.34260734587 4.61363513171 6.59574704493 11.0683959108 -7.866202071 1.03250398612 0.985796507303 12.7200360624 8.07996701955 1.9843712599 10.5576554267 -5.07935446683 2.79095651839 9.75422491405 -0.913979345367
45 540 0 0 0 2.03921896237 11.8839051812 -9.82763980377 5.01443104824 6.9748199865 9.83855578904 -7.9642978958 1.05582622626 0.669342479788 11.231278872 9.87628955322 1.81739970769 11.6988839152 -4.82465563356 3.78558601546 10.0948043209 -0.622711764054
46 552 0 0 0 2.48583320062 12.5267617569 -9.74752345107 5.33990346314 8.08417877387 9.58306523169 -7.28020867215 0.571637791297 1.03322550514 11.1475841287 9.76711666911 2.7979357793 12.9037375285 -5.96458277158 3.77373370358 8.62533892278 -0.555708576207
47 564 0 0 0 1.93686301994 12.9766928174 -10.2601063689 6.22188698794 7.97836784256 9.82796971324 -6.65644237765 0.997353859884 1.50577901189 10.7333389502 9.99703423789 1.13025718804 11.572661662 -6.5575095017 4.18458623093 9.18142500934 -0.666491423207
48 576 0 0 0 2.27854107169 13.0284671581 -9.65253501065 6.33210378514 7.36124869974 10.887755051 -6.18166461768 0.118657472021 2.27534038433 10.1208302772 9.51189198767 1.18096712913 11.5872457482 -6.97105406968 4.44987262079 8.70098901494 -2.00567539583
49 588 0 0 0 1.78193385295 13.3720876755 -9.93987766926 6.37454264139 7.65887615331 10.9779263427 -7.09322526112 1.17277939444 1.90509657425 10.1387206562 8.59962660064 1.08000588453 11.4987031146 -6.48414696732 4.83182616841 8.82168057912 -2.77271819456
50 600 0 0 0 0.54166510782 14.3130828914 -10.5728425515 5.74123746244 7.41983971139 10.9397240404 -6.18060263587 1.2957943088 1.66901334476 10.4172484134 8.1214390032 2.45354477869 11.1850042858 -7.22360266851 5.64038492096 9.26886089839 -3.16603148424
51 612 0 0 0 0.875915227533 15.0964861686 -12.2213684317 5.79621982047 8.597755257 11.2525334472 -5.94352111271 0.715121331499 2.0435390798 10.464599211 8.07468973054 3.30489514114 11.7367413808 -8.16893877861 5.36642600293 7.35131986246 -1.95970548256
52 624 0 0 0 0.840620678899 16.3419668435 -13.0123871596 5.83995691941 8.94802076963 11.4911517554 -6.33978509138 0.147239856628 1.98732050668 10.9731583501 7.20963726481 5.27575827557 12.2458358658 -9.80051171538 6.68530021489 7.7121982919 -1.94499664483
53 636 0 0 0 2.04310061809 17.1355659748 -12.5943411621 6.17575830506 8.1028949522 10.776416332 -5.98811286321 0.551853274097 1.97041585637 11.2187275747 7.33859118126 5.65740973371 11.1299473277 -8.40263856113 6.33987100303 8.18494897956 -1.28125215901
54 648 0 0 0 2.60122414692 16.3637409687 -14.1229617403 5.99771934777 7.87656656229 11.6026652396 -6.24392891775 -0.100187118157 1.79487306398 11.1986819513 7.71835662489 6.79287728203 11.9303461366 -8.80236584627 6.5339355405 7.93671056834 -0.585094643282
55 660 0 0 0 3.34616508169 16.3935953735 -13.9993194069 5.25165743616 7.14637831837 10.7512836865 -5.71978132196 1.22521317814 1.55758482727 9.95309536315 6.22174211032 7.17831626373 12.2872834461 -8.75296244831 6.18222102794 8.2216627758 -0.736348661902
56 672 0 0 0 2.76710778302 16.5028872266 -14.5552143598 5.54256409559 6.89187513695 10.4632214277 -5.48833981714 1.83900797492 1.40764895127 8.67809471422 5.51206954246 7.3259216993 11.3404437655 -9.58893781062 6.25567874098 8.39408159 -2.07696887152
57 684 0 0 0 2.58934063457 15.679240289 -13.1636468643 4.81530230235 8.36782382651 10.8456747566 -5.14788471942 1.85863261868 1.36190978414 9.0215463752 6.72066121169 8.00457775725 11.2789370058 -10.135919142 6.48142647964 8.59512620267 -1.76050888089
58 696 0 0 0 4.05675421371 14.9240760884 -12.2415603781 4.14679184843 7.56721179092 11.1886899893 -5.85700867831 1.6163212981 2.06290883089 8.41112651886 5.16191613608 7.15379901487 10.989944547 -10.3247414478 6.34385177607 9.21762575251 -1.03422424959
59 708 0 0 0 4.51289687035 14.1263599379 -10.9967000859 4.1885319294 7.03693102232 10.8461488656 -6.72573919925 2.94251324464 1.91655285345 8.78471394338 5.11869969223 6.4518780326 11.1388414214 -11.0111726409 5.38367265054 8.27301004126 -1.38308354639
60 720 0 0 0 4.94212508814 14.4197310857 -10.5663406118 5.2751951131 6.61843387724 11.2612363193 -6.47439677492 3.04755889504 1.69455860053 9.12209399816 5.73932979212 6.24258440607 11.99250598 -10.8787324678 5.18784992413 8.63260618704 -1.10619534594
61 732 0 0 0 5.2193644364 14.5037836791 -9.93326108305 5.74926630975 5.04338407349 10.7607798908 -6.56069595861 3.73830583956 1.49882231231 10.5220555366 5.6337264575 7.66380146096 10.812897201 -11.0239939977 3.67968436471 8.37763463329 -0.433584441626
62 744 0 0 0 5.09129813895 13.6160791914 -9.68581469177 5.28384443242 4.6049725997 10.7346698074 -6.16534253267 3.51353709931 1.21336481781 9.82850303653 4.14935505364 8.1876377621 10.0828975 -11.7038944182 3.1881983914 8.23107222839 -0.833898935188
63 756 0 0 0 4.60925040425 14.19643928 -10.1911867084 5.26705516971 5.26698635778 10.882968026 -6.61404383425 4.06945698225 1.25495332002 11.9002052544 5.0878219844 8.58771439411 11.3438697143 -13.1058875284 3.16618926294 9.26856677363 -0.177289699748
64 768 0 0 0 3.64394020866 14.1747661292 -10.6600471369 4.63875733826 5.47492371783 11.3901079874 -7.68905674579 2.46783925289 1.43199846458 12.3635714133 4.60715790334 9.82353862296 11.7048696905 -14.46400921 3.19804022294 9.99933735523 0.366516300964
65 780 0 0 0 2.39619812426 14.5717075038 -8.90744937236 5.51169819288 6.5015504478 11.1389546974 -6.40491557021 1.99666594414 1.25556433093 12.0502074624 3.53600803767 11.609317703 11.4656531119 -14.1146640412 3.84142403632 8.50239983248 0.960905663025
66 792 0 0 0 2.09693474305 14.0394964085 -10.3364505798 6.5187175241 7.06834199227 10.9810757618 -7.6031632609 1.362724158 0.800747288686 9.37467592794 3.30045025306 11.0105919194 11.5198150788 -14.0615177564 2.97542080296 9.05044590734 -0.016210141528
67 804 0 0 0 1.27724593305 14.757376421 -12.3951502212 5.97356510862 6.51635312768 10.7816561808 -5.97774504175 1.99178809879 1.66414953138 8.38204362647 2.99000918833 10.685695502 10.7156898531 -15.3734196044 5.56498001013 7.17789773321 0.257152154212
68 816 0 0 0 1.39316300676 15.4088798666 -11.6228666456 6.67957332622 6.07457331432 11.0356933607 -6.38874855515 1.28027868749 1.58951414245 9.85780527544 1.94032262088 11.3761736049 9.5368039745 -15.9594797104 4.22874012014 7.65013194634 0.719337946805
69 828 0 0 0 1.46149256265 15.5114102407 -12.7486974006 6.05201025019 7.03463774179 11.1605658571 -6.53490671271 0.411981741958 2.0418692506 9.6876242992 2.27466573326 11.0682911531 10.7362500989 -16.2717305477 5.26427139068 8.33944252569 1.07678746723
70 840 0 0 0 0.963568096038 15.8856293247 -13.1809195502 6.13837686385 6.36605781151 10.5483722823 -6.52082711081 0.565090304853 1.44809416847 9.67705818483 2.38240435842 11.0128314741 11.6513679571 -16.9688829206 5.93163028991 8.50178280295 1.25996967672
71 852 0 0 0 1.16840699885 15.3197916627 -12.4158692836 5.01771166567 5.69759680811 10.1221880681 -6.84010254994 0.519383021027 1.31971395017 9.63777705543 0.56533584221 11.5671778939 10.2781570026 -16.5411153617 5.19790361233 8.06045002482 1.26357352124
72 864 0 0 0 -0.887573970329 16.0076826684 -12.6966148022 5.09436717258 5.36453532064 10.0051052567 -7.02658405006 0.295718211821 1.02514462123 10.4770059867 1.10793179284 11.8877680096 11.1332212354 -17.7961395444 5.90439382672 7.04688984509 1.3575070921
73 876 0 0 0 -1.43252232528 16.406506063 -11.7237557472 5.64615797873 5.18409790853 9.75101377073 -7.28695560163 0.598737381667 0.912410651818 10.7784847125 1.99324985917 11.3385840584 11.5025290253 -18.034310249 5.99196576602 7.32363969058 2.36480870444
74 888 0 0 0 -2.25191862189 17.2280666089 -12.5060662869 5.77181036237 6.59136200309 10.158585172 -8.02227621339 -1.10032934747 0.77597445222 10.8898139374 1.27148856631 11.3010213759 13.3114764839 -16.7527555555 7.21882292032 6.51602550798 3.39489319586
75 900 0 0 0 -2.11905171831 16.8698133176 -13.5186126581 5.19167440642 6.09175984025 10.3674219403 -8.11614683065 -1.8783018821 0.900239029339 10.7408430647 0.825463949999 11.086075619 12.8515834261 -16.9510445914 7.19723118986 6.50017547688 2.50502079036
76 912 0 0 0 -2.19534052103 17.1007044637 -13.5415144956 4.81188147417 4.90118565364 10.0809014175 -8.26381715388 -1.08829199763 0.632881188148 10.7866596709 -0.474627837104 10.7064707854 12.1106541796 -17.1772550852 7.34362604431 5.66226857652 1.87567383314
77 924 0 0 0 -1.35103596296 16.845831663 -12.6735030279 4.86575284853 6.04788314889 10.6316071872 -8.65744348003 -0.930225932658 1.09923385522 11.8178784383 0.405548435577 10.0575972331 12.907932875 -17.4504412622 7.09670560054 6.41018454176 2.30186797971
78 936 0 0 0 -0.581077594025 16.7957056292 -13.1896519648 4.85786616907 5.07538428744 10.7335247631 -8.54624479252 -0.0965238770973 0.831790512415 12.5507739492 -0.779411422931 9.9252667822 11.9441097986 -18.1536148778 7.59632450966 4.41283978091 1.7617497747
79 948 0 0 0 -1.34149351383 16.6020754064 -12.9995785908 5.56955177801 4.85788513392 10.1839580134 -8.83582449874 -0.379018150464 0.81566685212 12.774405254 -1.53955179572 10.6919258119 12.2244288587 -18.9971889605 6.73922408212 3.49364440228 1.76421100395
80 960 0 0 0 -1.46808587828 15.9674415137 -14.426813114 5.26381344225 5.3065067283 9.9294142949 -7.81757113554 -0.976163851218 1.23669883786 12.583484206 -1.1088491623 9.93806629741 11.1838886967 -20.01895762 7.08378633976 3.02924914342 1.40664950715
81 972 0 0 0 -0.958232580088 15.5336368834 -15.456106534 4.68932151668 6.06664925686 9.99066744314 -7.58657855862 0.0205406238632 1.13979994225 12.1009665612 -0.362988871232 9.64706244772 10.9028711277 -20.3882384636 7.88261942634 2.80909028561 1.60614681227
82 984 0 0 0 -0.835975199204 14.9657143591 -14.6800900937 4.34907414198 6.25041613783 10.5974611837 -7.45912902031 -0.685577547576 1.04139538808 12.7472384389 0.248691147665 8.25762599094 12.220041514 -20.2604336117 9.20854360755 2.03261000069 1.6068753963
83 996 0 0 0 -0.795885657787 14.8591307806 -14.6701499659 3.4307847895 5.57553163164 10.0031797297 -6.61825529006 -0.489148056071 1.50636334332 12.6555251956 -1.06991012366 8.267141225 10.2624615261 -20.5640365325 8.88031464221 2.79500243192 1.57219508277
84 1008 0 0 0 -0.354251819413 15.8330317348 -14.4025197345 3.55893530716 5.83325852007 9.81689699023 -6.10173866055 -1.70980122922 1.65232908262 12.7099173505 -2.06892451276 9.13121425661 10.5201848699 -20.5336693361 8.32619303804 2.88440174558 1.46200214411
85 1020 0 0 0 -1.11204229144 16.1569497909 -14.6545775127 4.1659329679 4.99495088685 9.72343861418 -5.36801914637 -2.16728903356 2.01481452118 11.5767597842 -3.23295260312 9.98664944653 9.17408138193 -20.8305565942 7.03167816297 4.0939657154 1.79266130199
86 1032 0 0 0 -1.29674410051 16.1578517491 -16.5832586743 4.5102734481 4.51837316458 10.0471776909 -5.03902111263 -2.14917681922 1.576332108 11.1999528929 -3.51159599852 10.026141398 10.3884632135 -21.4701009325 7.07068982515 4.24164610579 1.53463876312
87 1044 0 0 0 -1.27712438653 16.1760981003 -16.9787899231 3.95258195923 4.8020316633 10.0367358486 -5.50098435096 -2.53400696188 1.69792588358 12.0269732237 -4.24497071855 10.1006085564 10.0150819819 -22.6867223905 6.57012874364 3.95093442055 1.77764943705
88 1056 0 0 0 -0.857583750461 16.0281810492 -15.4283016889 4.75389056581 5.00804945843 10.843579781 -5.05786689546 -2.75579054449 1.68420814668 12.3967355641 -3.92745015963 11.0750239607 10.8354301868 -21.2013769605 5.68819930084 5.05343607159 1.68834020824
89 1068 0 0 0 -1.09041792107 16.628914985 -15.3077419334 4.96652895284 4.93886169746 11.2844365195 -5.49267508793 -1.79013457755 1.72316309753 12.8485787282 -4.3085957463 12.4966699562 11.2624995077 -21.544312168 5.04853040877 5.29797092451 1.32375685092
90 1080 0 0 0 -0.707677454336 16.2867476332 -14.3169785896 5.39001732681 4.90797604944 10.5718122271 -5.45965172277 -1.84644807713 1.39250451221 11.4868649025 -3.6839475373 11.7306948862 9.43234230484 -21.5373861905 4.63919724859 5.31238117025 -0.0018981208021
91 1092 0 0 0 -0.48457096623 16.3272898858 -14.5488573058 6.20772829608 4.41658400165 10.6574504809 -3.62672737843 -1.79615636193 2.0343066457 11.332608132 -4.56276815341 12.0348948546 9.39643268282 -21.8785316015 4.42554878669 5.70816195901 -0.173178165733
92 1104 0 0 0 -1.10145629616 16.0331589859 -14.5530226925 6.27929048287 4.25203683366 10.5053682255 -3.67733500537 -1.68086813722 2.08844599069 11.818072338 -3.41956095746 11.7743758376 9.71747095657 -21.3454643013 3.50875385529 6.59458925115 0.269919424925
93 1116 0 0 0 -0.240553213475 14.8337945205 -12.9519947144 6.80985434622 4.25301207166 10.3517742803 -2.64166879218 -1.79837272686 2.32556994705 11.5559739987 -3.06483482848 11.8763459101 9.3202854409 -19.3151867386 3.6048378477 7.24924099989 -0.219218758235
94 1128 0 0 0 -0.574430043637 14.2794580479 -11.0657850223 6.87232172404 3.71784492598 10.4401267058 -3.33680184667 -1.63135482861 2.16387054592 11.9712391695 -3.09924206386 12.8608442162 8.46331552219 -19.6118057375 2.86810794588 6.69104206602 -0.410648824552
95 1140 0 0 0 -0.620554311494 14.7531163974 -12.2889015102 7.1332739281 5.05424310033 11.0748886256 -3.05618697853 -2.31767902899 2.51181958143 11.6920873443 -2.35569329451 12.4163836276 10.0517705975 -18.9889241607 4.77390391839 6.58642170476 0.38804636446
96 1152 0 0 0 -1.13548270308 14.2306675448 -12.518095021 7.65825061497 4.89094589385 10.8510197694 -3.37899120056 -2.19426470726 2.34989794025 11.9797393888 -2.14750406138 12.588028305 9.78448678618 -19.7904558216 4.54771660172 5.32312824836 1.32785948939
97 1164 0 0 0 -0.436009436574 13.8433379238 -11.669209339 8.41941873493 4.61481029785 10.9967851646 -2.84839539549 -2.79519750601 2.38233297641 11.4164368144 -2.4865060905 13.5646570529 9.47200945712 -19.2196856089 4.17856372176 4.81854890668 0.702517627134
98 1176 0 0 0 -0.66733519052 15.5274900549 -12.1087838253 8.54434346348 5.30937952972 11.0573726492 -3.3234964216 -2.91242623289 2.3484621765 11.8308815843 -3.19473799205 14.4759686449 10.2754155159 -19.439974278 5.3190708404 4.43339979837 0.579866757373
99 1188 0 0 0 -0.3885429364 14.4222750773 -10.9265786655 8.30952147216 5.17231242871 10.8197981138 -3.4836253607 -3.16593931094 2.37572796778 12.5382469223 -2.72118287542 15.1781926537 10.3497129803 -19.2478441801 5.96950896861 4.8657524653 0.768824419534
100 1200 0 0 0 -0.70292267933 14.5102473809 -11.736866516 8.46106461896 5.2738184851 11.1724259993 -3.02210952375 -3.10596413952 2.63157990919 11.9488626631 -3.45916040259 15.4473481451 9.84518200544 -19.3884301906 7.22767190987 3.70082178791 1.26719661479
101 1212 0 0 0 -0.0533285287555 16.0605502559 -12.8816384407 8.76880206986 5.34509045435 11.1098169204 -3.61902253071 -3.11605390477 2.43034820123 12.2749454852 -3.66326353381 15.1227984535 10.2152402167 -20.0610145964 8.40395634863 4.74818171141 0.860539964247
102 1224 0 0 0 0.407328995453 15.6507331607 -12.1835937538 8.37403477817 4.97762214462 11.1079166013 -3.82863204616 -3.34538499732 2.10286026004 12.2367988657 -4.16104992861 16.2679804756 8.93412470415 -20.595015776 8.47088283447 4.92743307147 0.978783793293
103 1236 0 0 0 0.0896895767521 17.437494698 -12.0051499506 8.11739084547 4.99671506236 10.815202194 -4.48364272739 -3.74987693201 2.05450405938 12.4035920401 -4.5210362042 16.1959356675 8.46266356454 -21.3804402165 8.83048128253 3.97927698482 0.519075609244
104 1248 0 0 0 1.14881357962 16.5804872729 -13.2935886838 6.88561904163 4.43673483649 10.8912534591 -4.38871396235 -3.08452047014 2.00672209682 13.038103579 -5.41594453744 15.1055314305 8.35281914857 -21.2088687118 8.47513286407 4.79983273652 0.407589650538
105 1260 0 0 0 2.25275626279 15.3540318559 -13.5267180972 6.06365111073 4.88504171125 10.9164933944 -4.02154076365 -3.70132225703 1.78911893057 12.0257975782 -6.00287326427 15.0863158699 7.9152226703 -20.2084664883 8.61724881401 5.05637501937 0.594539324364
106 1272 0 0 0 1.94426286984 14.4802789572 -13.4779244165 6.61318857919 3.89133588655 10.7168826892 -3.1312410642 -3.6627288087 1.9321735756 12.0575849316 -6.10996064537 14.5596936676 7.56461569293 -21.741088803 7.77897334452 4.92633620673 0.0335606863252
107 1284 0 0 0 2.35004158431 14.7019603925 -12.66860494 6.6658834624 4.32810968104 10.9204050603 -3.51918611464 -3.07933575759 1.99285618483 12.1516375952 -6.55351687626 14.4438753512 8.51222091484 -21.4936361324 6.41127826929 5.8958747304 0.0943955081566
108 1296 0 0 0 2.02160595162 14.0477417433 -13.1805974275 6.42953678521 4.76406354367 10.7506285342 -4.01973691749 -2.93707895991 1.88203795897 11.6231628915 -7.14430287779 14.2382291541 7.66701224387 -21.1234580881 5.76074825119 5.44289794145 -0.0249279529478
109 1308 0 0 0 1.45284221728 13.8507293682 -14.3785517943 6.16767372387 4.65663360462 10.9419676962 -3.27800115626 -2.29799693768 2.21064179718 11.9549143691 -6.42623227243 13.275777653 8.56282362486 -21.0773964558 6.37845677176 5.87304898589 0.062367327731
110 1320 0 0 0 0.468193783699 13.8897407984 -14.5956780179 6.94683893559 4.71137251229 11.1116928241 -3.3086139182 -3.58448997642 2.08422158654 10.5639553983 -6.41031678208 14.3059315488 9.30943899558 -22.0113403384 8.0974704917 6.21328481182 0.0345872988274
111 1332 0 0 0 0.063679784628 13.917774595 -15.6019053885 6.22466908387 4.79644023325 11.0072619017 -3.75772391441 -3.68237627507 1.9316230872 10.2500595475 -6.6612446075 14.4440079863 9.27516263795 -23.0072967291 8.81692525336 6.87770050588 0.154038036362
112 1344 0 0 0 -0.135620769136 14.9255132868 -15.4034458851 5.97577244744 4.4766674358 10.926680408 -3.79954094368 -3.44712575947 1.89276895794 10.5536192451 -6.71641270053 14.2470827309 8.68483864173 -23.3760268673 8.9372962416 6.18878336915 0.671309201944
113 1356 0 0 0 0.523564858019 14.1969878252 -15.6624460246 5.78295039455 4.82623681095 10.9093929834 -3.77063497928 -3.4055436542 1.95978684609 11.4965200268 -6.34380768234 13.8748344974 9.34345829424 -22.7144936026 8.97527036879 5.72911900313 1.22326472479
114 1368 0 0 0 0.417041396013 14.036393827 -14.993864727 6.3733285055 4.9388112362 10.544169265 -2.75763040662 -2.87631487059 2.17128433896 11.5741033741 -6.78670141872 13.7125145759 8.59120928165 -22.7824712535 9.20727827709 5.83533468618 0.725939028668
115 1380 0 0 0 0.379520987369 13.8204736371 -15.2704080708 6.89234648716 5.79152730844 10.4146330913 -1.89748104703 -3.16861794504 2.48633376163 11.1818254745 -5.58279258194 13.0912242603 8.75156564799 -22.9468274194 9.95621939522 5.24175741218 0.9837483586
116 1392 0 0 0 0.19879392521 13.9981224475 -14.3329937931 6.34737235262 6.35824903256 10.3649071327 -2.33949219173 -3.14459988494 2.40716044793 11.7859684131 -5.08538225909 14.7356423922 8.57553322551 -22.2552581695 9.17906476381 5.0300628467 1.21158363854
117 1404 0 0 0 0.296768988114 14.0646144773 -14.6133964929 6.24390921339 6.59428488413 10.5253335889 -1.73094310839 -3.38389094124 2.47412578856 11.6738748439 -5.93437419137 15.7432616153 8.74394706955 -23.3423635899 8.35424861602 5.64407408791 0.730609840833
118 1416 0 0 0 0.732742792475 14.4843533042 -14.6646640348 5.94040996007 6.2870757633 10.5028368023 -2.35148571356 -3.21645374833 2.36460403458 11.8609778113 -7.15936552869 16.6619684825 8.62026776844 -23.22558364 7.48623467057 6.03473892813 0.523057175355
119 1428 0 0 0 1.08526910523 14.6382179845 -13.6397588416 6.55825838456 5.98775659883 10.7262888921 -1.94462553267 -3.10273267279 2.58299931708 11.9371809477 -7.24092208124 16.6828958227 8.15932359336 -23.2395435756 7.17097626925 6.00749913686 0.0707471653189
120 1440 0 0 0 1.25885929662 14.5512674459 -13.5545371509 6.26985704346 6.0389056248 10.5482257489 -2.02545254998 -3.15952105999 2.66212021228 11.6991447323 -7.41925686432 16.9991672484 8.06812521798 -22.2763095908 7.89097112123 6.39924347216 0.0530494958949
121 1452 0 0 0 0.794388151019 15.0023659195 -14.180927962 6.84105027311 5.77749894748 10.9819545062 -2.09511593303 -3.50797534969 2.57380731098 11.5230213162 -7.9001900859 17.101037618 8.38601070169 -21.9698078819 7.84049397163 6.18950476716 0.30694760504
122 1464 0 0 0 0.487083599628 15.4592070692 -14.8212295033 7.12857569266 6.04086264629 10.9869922077 -3.02140557003 -3.46991627013 2.30133691486 10.8336374256 -6.91689586642 16.0813710487 8.71210902128 -21.96029143 8.12295691964 6.0070080951 0.326393072348
123 1476 0 0 0 0.876208057734 15.1836515689 -14.5732279782 7.01661997867 5.92967943163 10.7568631241 -3.11307853534 -4.09182019032 2.1699172246 9.8985806621 -7.01145628718 16.286008459 8.47794897158 -22.327479083 8.11124337715 5.26248920505 0.294750244257
124 1488 0 0 0 1.53012576766 14.1812782283 -13.7229215855 6.39292786103 5.87373932437 10.8072401997 -3.10468736792 -3.69459293709 2.15099198458 10.365060207 -6.77171591841 16.5830667769 7.75021268392 -22.2158840308 7.74419585339 4.90780462957 0.518715216322
125 1500 0 0 0 1.84374000745 14.5578626949 -12.951316776 6.89157561601 5.6278672925 10.9006969794 -3.2052015718 -3.55540910323 2.15296878111 10.4445612057 -6.37323501748 16.9467602795 7.78274801828 -21.6286454806 8.19593315648 4.78334635576 0.99918097447
126 1512 0 0 0 2.82201775943 14.4256536865 -12.2292611416 6.8654397449 5.44770640255 10.7944196227 -3.20246471757 -3.28957304204 2.16234108944 11.1245716344 -6.97538085455 17.3298684562 7.45357176426 -21.0148480048 7.76529618619 4.76411240217 1.3334921012
127 1524 0 0 0 3.33698820157 14.8484206391 -11.9266593613 6.5495420794 5.51656707652 10.6936137074 -3.22112724661 -3.32826227773 2.17765621784 11.7112850496 -7.81850959974 18.5929475037 7.73989608193 -20.9326297742 7.37089656324 5.15445941359 1.63946848717
128 1536 0 0 0 3.41145653078 15.6543499842 -11.0551672961 6.98638274848 5.52946697869 10.3842138192 -3.34315995731 -3.45690635288 2.16562180203 12.4167091034 -7.59608811636 18.871476016 7.77552060551 -20.1517020257 7.69037067386 4.07929368157 2.44297903995
129 1548 0 0 0 3.32498754222 15.7780632265 -10.9907749041 6.54110337712 5.42685173883 10.5021483183 -4.46358367751 -3.59592685614 1.95223263487 12.4702775442 -8.37762782162 18.7712309117 7.64319441203 -19.8199511104 7.57159600792 3.85826244711 2.43447471163
130 1560 0 0 0 2.72968565209 15.5540343266 -11.1704835344 6.67234512945 5.50350257949 10.4991312598 -4.02866065422 -3.72399234333 1.87195778952 11.9528051494 -8.15829810273 18.31616737 7.68401058004 -19.6773935042 7.23955047427 4.30341238105 1.89366296908
131 1572 0 0 0 2.01165499458 15.4687018408 -11.4945217833 6.86501641832 5.49367247411 10.536354955 -4.01544094489 -4.38320078903 2.06355448623 12.1544430511 -8.43512724453 18.389154157 7.22260601198 -19.8220324402 7.65030933975 4.32687815164 2.31767151539
132 1584 0 0 0 2.3381716002 15.9072517499 -10.8174853825 6.54529555386 5.49404007612 10.3198141104 -3.93709665033 -4.31791249698 2.16718953742 12.0555951731 -8.62386680233 17.7979992576 7.66973733549 -19.4658060939 7.34705022562 4.53934588721 2.42555421614
133 1596 0 0 0 3.04366250959 15.7292817278 -11.3633308284 6.71258193135 5.07196520059 10.3566524999 -4.20381820549 -4.03774161164 1.9763900406 12.0713686883 -8.02967965749 17.301773571 7.25749711909 -19.4638322628 6.99201003009 4.22331559744 2.47594035483
134 1608 0 0 0 3.44882740955 16.14498703 -10.7537089413 6.61795925391 5.17424746493 10.4064281789 -4.01188215235 -3.51964924475 2.1808483806 12.4396118393 -7.73432342291 17.7364668932 7.65336726879 -19.7929708276 6.38914254429 4.41364128093 2.74245027913
135 1620 0 0 0 4.04328620819 15.4303294953 -11.2160820135 7.0335068503 5.22474368393 10.0265689602 -3.91976263153 -3.22042319078 2.20597807715 11.9861834233 -7.7785691408 17.1988789414 7.3860753696 -19.962671929 6.02497323744 4.25581430608 2.99931422899
136 1632 0 0 0 3.9727244307 15.3532184536 -11.5128668755 6.92614643879 5.1174397137 10.2854787 -3.49280226984 -3.38247296875 2.15985278787 11.5181713258 -7.70103430287 16.8356642772 6.8011453743 -20.26501069 5.74886631216 3.76330214751 2.63555599366
