% # columns="iteration, evaluation, min max(neg(.)) min(pos(.)) max correlation, correlation matrix principle axes lengths  (sorted square roots of eigenvalues of correlation matrix)", seed=6, Wed Jan 31 12:50:06 2018
1 12 -0.0631111340376 -9.99146796293e-05 0.000109442342256 0.0520161191136 1 1 1 1 1 1 1 1 1 1 1 1 1 1 1
2 24 -0.0694496036965 -0.000485862564774 0.000475304406442 0.0872708650712 1 1 1 1 1 1 1 1 1 1 1 1 1 1 1
3 36 -0.0944987603714 -0.000397440175938 0.0012054533502 0.130242265026 1 1 1 1 1 1 1 1 1 1 1 1 1 1 1
4 48 -0.115488518627 -0.000311050209982 0.00146683817155 0.168770898221 1 1 1 1 1 1 1 1 1 1 1 1 1 1 1
5 60 -0.14340347939 -0.000392170564997 0.000935752338521 0.203426609581 1 1 1 1 1 1 1 1 1 1 1 1 1 1 1
6 72 -0.146539894627 -0.00191215154522 0.00109310320303 0.242226629297 1 1 1 1 1 1 1 1 1 1 1 1 1 1 1
7 84 -0.149199157723 -0.00262366486093 0.00119296268132 0.273064453454 1 1 1 1 1 1 1 1 1 1 1 1 1 1 1
8 96 -0.17364296461 -0.00114117768155 0.000293906140962 0.291537177102 1 1 1 1 1 1 1 1 1 1 1 1 1 1 1
9 108 -0.219157072475 -0.00155846881835 0.000236282017303 0.296825202671 1 1 1 1 1 1 1 1 1 1 1 1 1 1 1
10 120 -0.230478075937 -0.00100623238544 0.000506105809901 0.275683664345 1 1 1 1 1 1 1 1 1 1 1 1 1 1 1
11 132 -0.237891869545 -2.57858414571e-06 6.00980319714e-05 0.265525979725 1 1 1 1 1 1 1 1 1 1 1 1 1 1 1
12 144 -0.259636292804 -0.00139107431248 0.00115655819747 0.279150895914 1 1 1 1 1 1 1 1 1 1 1 1 1 1 1
13 156 -0.272446648166 -0.00034648740359 0.000432933061375 0.283428650096 1 1 1 1 1 1 1 1 1 1 1 1 1 1 1
14 168 -0.247753863837 -0.00120694741455 0.000103479163474 0.272155538015 1 1 1 1 1 1 1 1 1 1 1 1 1 1 1
15 180 -0.248889340657 -0.00143398228689 0.00135677300697 0.273908782813 1 1 1 1 1 1 1 1 1 1 1 1 1 1 1
16 192 -0.245919662945 -0.000415471104446 0.00016996530735 0.266642710981 1 1 1 1 1 1 1 1 1 1 1 1 1 1 1
17 204 -0.254727895946 -0.0037919137597 0.000134262482718 0.269090509967 1 1 1 1 1 1 1 1 1 1 1 1 1 1 1
18 216 -0.251467971851 -0.00512940731434 0.0010469252043 0.275222511015 1 1 1 1 1 1 1 1 1 1 1 1 1 1 1
19 228 -0.258253356996 -0.0017692069225 0.00019180069939 0.266262992344 1 1 1 1 1 1 1 1 1 1 1 1 1 1 1
20 240 -0.255284191962 -8.59978760142e-05 0.00186510495725 0.265615724077 1 1 1 1 1 1 1 1 1 1 1 1 1 1 1
21 252 -0.258755886505 -0.0013419646942 0.000914387152611 0.273135268192 1 1 1 1 1 1 1 1 1 1 1 1 1 1 1
22 264 -0.241459819658 -0.00160549434095 0.000134822630978 0.275174678149 1 1 1 1 1 1 1 1 1 1 1 1 1 1 1
23 276 -0.236033979269 -0.00261920498626 0.000317011160157 0.272574944649 1 1 1 1 1 1 1 1 1 1 1 1 1 1 1
24 288 -0.241343546685 -0.000840629077037 0.00166153823873 0.266561583204 1 1 1 1 1 1 1 1 1 1 1 1 1 1 1
25 300 -0.235391009716 -0.00186246615493 0.00075459070549 0.274804826028 1 1 1 1 1 1 1 1 1 1 1 1 1 1 1
26 312 -0.235411912701 -0.000260320176008 0.000842840840637 0.285735887699 1 1 1 1 1 1 1 1 1 1 1 1 1 1 1
27 324 -0.240719087148 -0.00124464957177 0.0013193615455 0.280769274334 1 1 1 1 1 1 1 1 1 1 1 1 1 1 1
28 336 -0.240133669647 -0.000526288277637 0.00404705322778 0.267025441387 1 1 1 1 1 1 1 1 1 1 1 1 1 1 1
29 348 -0.244479916666 -0.000183449450782 0.000216532436992 0.270786400977 1 1 1 1 1 1 1 1 1 1 1 1 1 1 1
30 360 -0.270537484423 -0.00125612855851 0.00365646403306 0.272724463982 1 1 1 1 1 1 1 1 1 1 1 1 1 1 1
31 372 -0.257170805159 -0.00264619763147 0.000559510511268 0.267390221362 1 1 1 1 1 1 1 1 1 1 1 1 1 1 1
32 384 -0.233614286015 -0.000144136059454 0.000280488812949 0.275138027361 1 1 1 1 1 1 1 1 1 1 1 1 1 1 1
33 396 -0.216854339685 -0.00214184673079 0.000461455416152 0.32166234472 1 1 1 1 1 1 1 1 1 1 1 1 1 1 1
34 408 -0.211673119263 -0.00398788093504 0.00139316321245 0.316735996574 1 1 1 1 1 1 1 1 1 1 1 1 1 1 1
35 420 -0.206128889443 -0.00318823981172 0.000743865499891 0.323851810176 1 1 1 1 1 1 1 1 1 1 1 1 1 1 1
36 432 -0.207865762728 -0.000743993536219 0.011067471909 0.308727479698 1 1 1 1 1 1 1 1 1 1 1 1 1 1 1
37 444 -0.216629061234 -0.00243453227111 0.005832472923 0.317494183786 1 1 1 1 1 1 1 1 1 1 1 1 1 1 1
38 456 -0.229622732745 -0.00240486637114 0.00343790246844 0.30807263209 1 1 1 1 1 1 1 1 1 1 1 1 1 1 1
39 468 -0.221871766682 -1.709395456e-05 0.000712063238226 0.312180468957 1 1 1 1 1 1 1 1 1 1 1 1 1 1 1
40 480 -0.224992963779 -0.003736695659 0.000114858414746 0.292987308362 1 1 1 1 1 1 1 1 1 1 1 1 1 1 1
41 492 -0.220735482076 -0.00341158005894 0.000228496813459 0.273614000262 1 1 1 1 1 1 1 1 1 1 1 1 1 1 1
42 504 -0.237232903398 -0.00105198180111 0.003417885713 0.273695690081 1 1 1 1 1 1 1 1 1 1 1 1 1 1 1
43 516 -0.241418494728 -0.00183491141974 0.000188307769605 0.26423975569 1 1 1 1 1 1 1 1 1 1 1 1 1 1 1
44 528 -0.232602077397 -0.000272691095744 0.00228725676941 0.261181730474 1 1 1 1 1 1 1 1 1 1 1 1 1 1 1
45 540 -0.209135775727 -0.00688262677166 0.00445673647756 0.260489303728 1 1 1 1 1 1 1 1 1 1 1 1 1 1 1
46 552 -0.234738361811 -0.00570615821145 0.00610408698171 0.293379904453 1 1 1 1 1 1 1 1 1 1 1 1 1 1 1
47 564 -0.239170055574 -0.00517571717595 0.00122850000287 0.287908010898 1 1 1 1 1 1 1 1 1 1 1 1 1 1 1
48 576 -0.24734064741 -0.00199190355967 0.00214982515885 0.284224724507 1 1 1 1 1 1 1 1 1 1 1 1 1 1 1
49 588 -0.237795943734 -0.000115611058805 0.000504168785624 0.288519507728 1 1 1 1 1 1 1 1 1 1 1 1 1 1 1
50 600 -0.228538481421 -0.000829778916167 0.00130929288097 0.281262438453 1 1 1 1 1 1 1 1 1 1 1 1 1 1 1
51 612 -0.231949597839 -0.00671161924358 0.00824838176305 0.283943430827 1 1 1 1 1 1 1 1 1 1 1 1 1 1 1
52 624 -0.222602030164 -0.00458732945426 0.00131827858499 0.282384760274 1 1 1 1 1 1 1 1 1 1 1 1 1 1 1
53 636 -0.233378283777 -0.00111449475374 0.00409861877976 0.291297026007 1 1 1 1 1 1 1 1 1 1 1 1 1 1 1
54 648 -0.229818806682 -0.0072705006824 0.00171178738376 0.303923959273 1 1 1 1 1 1 1 1 1 1 1 1 1 1 1
55 660 -0.229822724342 -0.0011133830294 0.00139431492343 0.326556850578 1 1 1 1 1 1 1 1 1 1 1 1 1 1 1
56 672 -0.24989571592 -0.000518862801944 0.00131018832495 0.320564302326 1 1 1 1 1 1 1 1 1 1 1 1 1 1 1
57 684 -0.25305846245 -0.00029636310688 0.0011375713589 0.321934836663 1 1 1 1 1 1 1 1 1 1 1 1 1 1 1
58 696 -0.262243224697 -0.00149515398027 0.000536697367969 0.31207033388 1 1 1 1 1 1 1 1 1 1 1 1 1 1 1
59 708 -0.255632272324 -0.00274223705299 0.0039452565609 0.314783003777 1 1 1 1 1 1 1 1 1 1 1 1 1 1 1
60 720 -0.259830188127 -0.000426174046175 0.00240910995648 0.325554725546 1 1 1 1 1 1 1 1 1 1 1 1 1 1 1
61 732 -0.278328728468 -0.00235018228947 0.00250540928041 0.337181989998 1 1 1 1 1 1 1 1 1 1 1 1 1 1 1
62 744 -0.298697917877 -0.00335902896947 0.00753727456127 0.324349904148 1 1 1 1 1 1 1 1 1 1 1 1 1 1 1
63 756 -0.299422675611 -0.00130233978062 0.0068442052283 0.318504515568 1 1 1 1 1 1 1 1 1 1 1 1 1 1 1
64 768 -0.318440165195 -0.00120241560776 0.000906542550953 0.308073463702 1 1 1 1 1 1 1 1 1 1 1 1 1 1 1
65 780 -0.307085096228 -0.00077706896811 0.000372905988285 0.296505207642 1 1 1 1 1 1 1 1 1 1 1 1 1 1 1
66 792 -0.326014081685 -0.000283167074624 0.000904396900379 0.30540752705 1 1 1 1 1 1 1 1 1 1 1 1 1 1 1
67 804 -0.312402297202 -0.0027310006076 0.000295949889721 0.295458871169 1 1 1 1 1 1 1 1 1 1 1 1 1 1 1
68 816 -0.305956459671 -0.00752326777716 0.00771723306234 0.297500967007 1 1 1 1 1 1 1 1 1 1 1 1 1 1 1
69 828 -0.307065314068 -0.00578291891335 0.000281476738492 0.295816830544 1 1 1 1 1 1 1 1 1 1 1 1 1 1 1
70 840 -0.312999320651 -0.000108666690848 0.000987859057147 0.295186751196 1 1 1 1 1 1 1 1 1 1 1 1 1 1 1
71 852 -0.324230222772 -0.00114336231069 0.00283884124039 0.309910767048 1 1 1 1 1 1 1 1 1 1 1 1 1 1 1
72 864 -0.321811757741 -0.00555590173161 0.00373536431211 0.320899987751 1 1 1 1 1 1 1 1 1 1 1 1 1 1 1
73 876 -0.35833106954 -0.00245066853897 0.0037048963171 0.320893243293 1 1 1 1 1 1 1 1 1 1 1 1 1 1 1
74 888 -0.338686768008 -0.00199663164553 0.00258039183948 0.30392040738 1 1 1 1 1 1 1 1 1 1 1 1 1 1 1
75 900 -0.340219137275 -0.000558619114648 0.000397374896439 0.313140231524 1 1 1 1 1 1 1 1 1 1 1 1 1 1 1
76 912 -0.343390745396 -0.00294536601682 0.00763058311142 0.329595176168 1 1 1 1 1 1 1 1 1 1 1 1 1 1 1
77 924 -0.362705276633 -0.00306230183432 0.000133072350767 0.322468667419 1 1 1 1 1 1 1 1 1 1 1 1 1 1 1
78 936 -0.388472185344 -0.00171969377765 0.00370156984514 0.337805779632 1 1 1 1 1 1 1 1 1 1 1 1 1 1 1
79 948 -0.395589619211 -0.00203858516053 0.00286775274376 0.346372659128 1 1 1 1 1 1 1 1 1 1 1 1 1 1 1
80 960 -0.373899619272 -0.00249518678803 0.0150291961559 0.345941078728 1 1 1 1 1 1 1 1 1 1 1 1 1 1 1
81 972 -0.388122585663 -0.0012359770092 0.00574164644409 0.336547588078 1 1 1 1 1 1 1 1 1 1 1 1 1 1 1
82 984 -0.377670118162 -0.00475954245999 0.00494304646452 0.33684553106 1 1 1 1 1 1 1 1 1 1 1 1 1 1 1
83 996 -0.374403354417 -0.00199925864084 1.67456075034e-07 0.321882213715 1 1 1 1 1 1 1 1 1 1 1 1 1 1 1
84 1008 -0.38359896291 -0.00640787652761 0.0058923950524 0.323518593873 1 1 1 1 1 1 1 1 1 1 1 1 1 1 1
85 1020 -0.377587158744 -0.0053953156022 4.72801316507e-05 0.340899239485 1 1 1 1 1 1 1 1 1 1 1 1 1 1 1
86 1032 -0.379876717347 -0.00167097685775 0.00476936108014 0.332576556721 1 1 1 1 1 1 1 1 1 1 1 1 1 1 1
87 1044 -0.377557205102 -0.00304734511018 0.00271116836278 0.351521606071 1 1 1 1 1 1 1 1 1 1 1 1 1 1 1
88 1056 -0.389918166257 -0.00292733268697 0.00122607962207 0.370811203221 1 1 1 1 1 1 1 1 1 1 1 1 1 1 1
89 1068 -0.394632286542 -0.00145091926848 0.00626548931092 0.369961641794 1 1 1 1 1 1 1 1 1 1 1 1 1 1 1
90 1080 -0.388341445474 -0.00204683711252 0.00677392023176 0.390657824877 1 1 1 1 1 1 1 1 1 1 1 1 1 1 1
91 1092 -0.42037312302 -0.00253483090497 0.00253662813948 0.390473880343 1 1 1 1 1 1 1 1 1 1 1 1 1 1 1
92 1104 -0.420032938807 -0.000710382623486 0.000528395300391 0.38348056781 1 1 1 1 1 1 1 1 1 1 1 1 1 1 1
93 1116 -0.421516203976 -0.00638409873803 0.000369062560758 0.399941566114 1 1 1 1 1 1 1 1 1 1 1 1 1 1 1
94 1128 -0.409607628491 -0.00435341914901 0.00244475532862 0.393216800163 1 1 1 1 1 1 1 1 1 1 1 1 1 1 1
95 1140 -0.414002091894 -0.00508364401322 0.00582124588701 0.407593369386 1 1 1 1 1 1 1 1 1 1 1 1 1 1 1
96 1152 -0.414937517503 -0.000191992828065 0.00529622016938 0.418356626782 1 1 1 1 1 1 1 1 1 1 1 1 1 1 1
97 1164 -0.405391045086 -0.00367154824117 0.00924714534113 0.426480769299 1 1 1 1 1 1 1 1 1 1 1 1 1 1 1
98 1176 -0.406866978331 -0.0214309547087 0.00901264258455 0.435062039797 1 1 1 1 1 1 1 1 1 1 1 1 1 1 1
99 1188 -0.4120511309 -0.0165037534533 0.0145334213077 0.416634998548 1 1 1 1 1 1 1 1 1 1 1 1 1 1 1
100 1200 -0.413610645768 -0.0156916737251 0.00988946892832 0.405761258835 1 1 1 1 1 1 1 1 1 1 1 1 1 1 1
101 1212 -0.419705708443 -0.0206491704434 0.00454778947661 0.414425961703 1 1 1 1 1 1 1 1 1 1 1 1 1 1 1
102 1224 -0.397747547848 -0.00630135582019 0.00260836154507 0.408043275289 1 1 1 1 1 1 1 1 1 1 1 1 1 1 1
103 1236 -0.406397612225 -0.000731669773977 0.00840656101656 0.408382382804 1 1 1 1 1 1 1 1 1 1 1 1 1 1 1
104 1248 -0.405339033868 -0.00642817820829 0.00686510975853 0.431124797752 1 1 1 1 1 1 1 1 1 1 1 1 1 1 1
105 1260 -0.396748188259 -0.000452526652445 0.02081558927 0.460772973923 1 1 1 1 1 1 1 1 1 1 1 1 1 1 1
106 1272 -0.40962326474 -0.00421956419245 0.00375767218897 0.474644334885 1 1 1 1 1 1 1 1 1 1 1 1 1 1 1
107 1284 -0.420538883307 -0.00360235433135 0.00256976466703 0.477207452045 1 1 1 1 1 1 1 1 1 1 1 1 1 1 1
108 1296 -0.431789610963 -0.00382296205669 0.00299262882541 0.489755999151 1 1 1 1 1 1 1 1 1 1 1 1 1 1 1
109 1308 -0.445618277267 -0.000398172900107 0.00189402818723 0.468649332073 1 1 1 1 1 1 1 1 1 1 1 1 1 1 1
110 1320 -0.432475856447 -0.0098546303405 0.0170352491827 0.451288589597 1 1 1 1 1 1 1 1 1 1 1 1 1 1 1
111 1332 -0.42061451212 -0.00271001868514 7.86009944559e-05 0.443169880333 1 1 1 1 1 1 1 1 1 1 1 1 1 1 1
112 1344 -0.422512446289 -0.000356098104674 0.000683836921254 0.456170734165 1 1 1 1 1 1 1 1 1 1 1 1 1 1 1
113 1356 -0.414683504759 -0.00298925259733 0.0038618205673 0.455984591027 1 1 1 1 1 1 1 1 1 1 1 1 1 1 1
114 1368 -0.417376458876 -0.00568192032764 0.000372334187193 0.468726402216 1 1 1 1 1 1 1 1 1 1 1 1 1 1 1
115 1380 -0.411434089562 -0.000700170516225 0.0033276977251 0.47238021371 1 1 1 1 1 1 1 1 1 1 1 1 1 1 1
116 1392 -0.415487506493 -0.00571069311534 0.00144661948564 0.480706359605 1 1 1 1 1 1 1 1 1 1 1 1 1 1 1
117 1404 -0.415504886411 -0.00354549942582 0.00828690660928 0.512016564904 1 1 1 1 1 1 1 1 1 1 1 1 1 1 1
118 1416 -0.422047405097 -0.0192237062908 0.0060797389235 0.527223002372 1 1 1 1 1 1 1 1 1 1 1 1 1 1 1
119 1428 -0.404179290687 -0.012007324014 0.00121648427182 0.540865691483 1 1 1 1 1 1 1 1 1 1 1 1 1 1 1
120 1440 -0.401710154302 -0.000666636703932 0.00339475980172 0.539057135197 1 1 1 1 1 1 1 1 1 1 1 1 1 1 1
121 1452 -0.377414439798 -0.000659607605921 0.000333535939198 0.537302360805 1 1 1 1 1 1 1 1 1 1 1 1 1 1 1
122 1464 -0.359164621456 -0.000592628483796 0.00491003057778 0.530397006264 1 1 1 1 1 1 1 1 1 1 1 1 1 1 1
123 1476 -0.376791340237 -0.00331032244943 0.0076891706323 0.529453089628 1 1 1 1 1 1 1 1 1 1 1 1 1 1 1
124 1488 -0.386145991995 -0.00083315189032 0.0040073943154 0.517338181609 1 1 1 1 1 1 1 1 1 1 1 1 1 1 1
125 1500 -0.394537002852 -0.00656072579111 0.00383561157672 0.504022100543 1 1 1 1 1 1 1 1 1 1 1 1 1 1 1
126 1512 -0.377920132869 -0.000311989468251 0.00612116852609 0.498431782883 1 1 1 1 1 1 1 1 1 1 1 1 1 1 1
127 1524 -0.391662182379 -0.00168189758415 0.00129439580284 0.487201910543 1 1 1 1 1 1 1 1 1 1 1 1 1 1 1
128 1536 -0.392983042788 -0.00284179251667 0.00156845209735 0.490079752216 1 1 1 1 1 1 1 1 1 1 1 1 1 1 1
129 1548 -0.394737530786 -0.00180730801402 0.000661417936618 0.485208552085 1 1 1 1 1 1 1 1 1 1 1 1 1 1 1
130 1560 -0.413977371047 -0.00141233275143 0.00522367167794 0.482427691017 1 1 1 1 1 1 1 1 1 1 1 1 1 1 1
131 1572 -0.418551573911 -0.00144059129173 0.010698103964 0.48462957652 1 1 1 1 1 1 1 1 1 1 1 1 1 1 1
132 1584 -0.4337268504 -0.0125929284076 0.00115981799087 0.483582272083 1 1 1 1 1 1 1 1 1 1 1 1 1 1 1
133 1596 -0.452932868956 -0.0165410437391 0.00587336901964 0.500097271472 1 1 1 1 1 1 1 1 1 1 1 1 1 1 1
134 1608 -0.442502375205 -0.00526262423559 0.00264832641657 0.507837548727 1 1 1 1 1 1 1 1 1 1 1 1 1 1 1
135 1620 -0.431168267502 -0.000207458948067 0.00347123151332 0.493118346499 1 1 1 1 1 1 1 1 1 1 1 1 1 1 1
136 1632 -0.434113694284 -0.00696051766253 0.00204717940257 0.51094165807 1 1 1 1 1 1 1 1 1 1 1 1 1 1 1
137 1644 -0.463897576876 -0.00059782583353 0.00138623266602 0.527072079481 1 1 1 1 1 1 1 1 1 1 1 1 1 1 1
138 1656 -0.458379360442 -0.00152614685378 0.000679608215588 0.543443167385 1 1 1 1 1 1 1 1 1 1 1 1 1 1 1
139 1668 -0.469208581355 -0.0136390544321 0.0011997013043 0.551755325597 1 1 1 1 1 1 1 1 1 1 1 1 1 1 1
140 1680 -0.455036671479 -0.00293221291495 0.00388239665435 0.548642714762 1 1 1 1 1 1 1 1 1 1 1 1 1 1 1
141 1692 -0.445765845251 -0.00704857807217 0.00660403554004 0.559737448703 1 1 1 1 1 1 1 1 1 1 1 1 1 1 1
142 1704 -0.441889586414 -0.00208424340133 0.00672493571426 0.559328960704 1 1 1 1 1 1 1 1 1 1 1 1 1 1 1
143 1716 -0.45151575714 -0.000239584786023 0.00169547110535 0.567712729336 1 1 1 1 1 1 1 1 1 1 1 1 1 1 1
144 1728 -0.432201721721 -0.000358451687972 0.000395428873786 0.567325718703 1 1 1 1 1 1 1 1 1 1 1 1 1 1 1
145 1740 -0.433818244686 -0.000771604949174 0.0020544184972 0.549209999512 1 1 1 1 1 1 1 1 1 1 1 1 1 1 1
146 1752 -0.427584492331 -0.00612335009894 0.000664734457046 0.54058323549 1 1 1 1 1 1 1 1 1 1 1 1 1 1 1
147 1764 -0.428784641637 -7.99260716661e-05 0.00611306205804 0.537973401603 1 1 1 1 1 1 1 1 1 1 1 1 1 1 1
148 1776 -0.434656917378 -0.000188092500762 0.00149825750025 0.5374301469 1 1 1 1 1 1 1 1 1 1 1 1 1 1 1
149 1788 -0.438919309221 -0.00435166424997 0.00464612644645 0.542053066962 1 1 1 1 1 1 1 1 1 1 1 1 1 1 1
150 1800 -0.443036975161 -0.00624666197853 0.000231721445373 0.544226833509 1 1 1 1 1 1 1 1 1 1 1 1 1 1 1
151 1812 -0.434475372682 -0.00247322515123 0.00940985977794 0.540002095464 1 1 1 1 1 1 1 1 1 1 1 1 1 1 1
152 1824 -0.430006517883 -0.00325108202525 0.00229310052128 0.552190626371 1 1 1 1 1 1 1 1 1 1 1 1 1 1 1
153 1836 -0.41920977291 -0.00227559955846 0.00440106574999 0.539761490281 1 1 1 1 1 1 1 1 1 1 1 1 1 1 1
154 1848 -0.433110081521 -0.00444409096839 0.00151851972019 0.540072296701 1 1 1 1 1 1 1 1 1 1 1 1 1 1 1
155 1860 -0.434605864818 -0.00229639874389 0.0108939197609 0.532562654928 1 1 1 1 1 1 1 1 1 1 1 1 1 1 1
156 1872 -0.450394121558 -0.0170704558793 0.00275519020545 0.518043750516 1 1 1 1 1 1 1 1 1 1 1 1 1 1 1
157 1884 -0.445943894489 -0.00591928389645 0.00510489355636 0.505228310463 1 1 1 1 1 1 1 1 1 1 1 1 1 1 1
158 1896 -0.460030868795 -0.00129277399479 0.00194143038688 0.499284705804 1 1 1 1 1 1 1 1 1 1 1 1 1 1 1
159 1908 -0.472446347746 -0.00533258165371 0.00318509707738 0.504976979804 1 1 1 1 1 1 1 1 1 1 1 1 1 1 1
160 1920 -0.466130805347 -0.00874227650796 0.00458003707758 0.525715861253 1 1 1 1 1 1 1 1 1 1 1 1 1 1 1
161 1932 -0.444569603624 -0.000727070452235 0.00163179135549 0.535716319126 1 1 1 1 1 1 1 1 1 1 1 1 1 1 1
162 1944 -0.448008424203 -0.000805164322019 0.000360561904007 0.555285042393 1 1 1 1 1 1 1 1 1 1 1 1 1 1 1
163 1956 -0.450209446556 -0.00191226925428 0.0039527746862 0.541829501802 1 1 1 1 1 1 1 1 1 1 1 1 1 1 1
164 1968 -0.444256837878 -0.000612789401477 0.00558560108961 0.530669312211 1 1 1 1 1 1 1 1 1 1 1 1 1 1 1
165 1980 -0.471265562356 -0.000949575514599 0.0055585177156 0.526465014905 1 1 1 1 1 1 1 1 1 1 1 1 1 1 1
166 1992 -0.470346986451 -0.00129640130721 0.0012603331408 0.523278918825 1 1 1 1 1 1 1 1 1 1 1 1 1 1 1
167 2004 -0.478227916709 -0.00376601032354 0.000370911908043 0.515227130859 1 1 1 1 1 1 1 1 1 1 1 1 1 1 1
168 2016 -0.453290644554 -0.00288880740494 0.000594596167929 0.517161096341 1 1 1 1 1 1 1 1 1 1 1 1 1 1 1
169 2028 -0.444127190398 -0.00423009083162 0.0166483086509 0.513367248495 1 1 1 1 1 1 1 1 1 1 1 1 1 1 1
170 2040 -0.437581791724 -0.00155699420512 0.00468318866621 0.520486437102 1 1 1 1 1 1 1 1 1 1 1 1 1 1 1
171 2052 -0.444354017353 -0.00483035547275 0.00640855478877 0.529741081489 1 1 1 1 1 1 1 1 1 1 1 1 1 1 1
172 2064 -0.460789084832 -0.0106437632368 0.00845771940978 0.528607529758 1 1 1 1 1 1 1 1 1 1 1 1 1 1 1
173 2076 -0.448937679614 -0.000889945239198 0.00182796372834 0.51478056268 1 1 1 1 1 1 1 1 1 1 1 1 1 1 1
174 2088 -0.443721024264 -0.0145064186303 0.00665885689009 0.521964182826 1 1 1 1 1 1 1 1 1 1 1 1 1 1 1
175 2100 -0.459722955024 -0.00635025039876 0.00112470570369 0.532297060839 1 1 1 1 1 1 1 1 1 1 1 1 1 1 1
176 2112 -0.468297404264 -0.00445255111693 0.00102678598517 0.548843597083 1 1 1 1 1 1 1 1 1 1 1 1 1 1 1
177 2124 -0.485906983952 -0.00448241348442 9.49229130759e-06 0.553473898542 1 1 1 1 1 1 1 1 1 1 1 1 1 1 1
178 2136 -0.485566641314 -0.00224075087768 0.00839670867553 0.564649754743 1 1 1 1 1 1 1 1 1 1 1 1 1 1 1
179 2148 -0.464196749002 -0.00283574042956 0.00421509278676 0.568616645963 1 1 1 1 1 1 1 1 1 1 1 1 1 1 1
180 2160 -0.454532260491 -0.00367130054019 0.00153594224178 0.570014975928 1 1 1 1 1 1 1 1 1 1 1 1 1 1 1
181 2172 -0.450819368138 -5.37233189484e-05 0.00660474534471 0.571643893422 1 1 1 1 1 1 1 1 1 1 1 1 1 1 1
182 2184 -0.442821460956 -0.0153128087295 0.00609874877488 0.558245685446 1 1 1 1 1 1 1 1 1 1 1 1 1 1 1
183 2196 -0.453664589516 -0.00560879265545 0.00551477835488 0.561774590209 1 1 1 1 1 1 1 1 1 1 1 1 1 1 1
184 2208 -0.462008809957 -0.0138340510387 0.00804471335524 0.56876737041 1 1 1 1 1 1 1 1 1 1 1 1 1 1 1
185 2220 -0.46647991263 -0.0036653525695 0.0286068503801 0.546043536095 1 1 1 1 1 1 1 1 1 1 1 1 1 1 1
186 2232 -0.464400387047 -0.00186420657652 0.02228390142 0.541552591697 1 1 1 1 1 1 1 1 1 1 1 1 1 1 1
187 2244 -0.464066750339 -0.011441234996 0.00247405386053 0.539555063959 1 1 1 1 1 1 1 1 1 1 1 1 1 1 1
188 2256 -0.463561611453 -0.00764017029893 0.000707264491875 0.539625731323 1 1 1 1 1 1 1 1 1 1 1 1 1 1 1
189 2268 -0.475279400896 -0.00337759380795 0.00190895463093 0.534035243993 1 1 1 1 1 1 1 1 1 1 1 1 1 1 1
190 2280 -0.488595701088 -0.00380748950589 0.00365291241387 0.531721290931 1 1 1 1 1 1 1 1 1 1 1 1 1 1 1
191 2292 -0.471909861147 -0.00115352374491 0.00177501828332 0.526664040702 1 1 1 1 1 1 1 1 1 1 1 1 1 1 1
192 2304 -0.479806894024 -0.000671734988604 0.00466073322244 0.537987829632 1 1 1 1 1 1 1 1 1 1 1 1 1 1 1
193 2316 -0.502782056345 -0.0116523323793 0.000781843866737 0.553836390897 1 1 1 1 1 1 1 1 1 1 1 1 1 1 1
194 2328 -0.507148653403 -0.00330281368209 0.00442372964161 0.552711855645 1 1 1 1 1 1 1 1 1 1 1 1 1 1 1
195 2340 -0.507836185083 -0.0155965825933 0.0062771503072 0.560947863547 1 1 1 1 1 1 1 1 1 1 1 1 1 1 1
196 2352 -0.532213704788 -0.0133975825724 0.00258626866572 0.566033860287 1 1 1 1 1 1 1 1 1 1 1 1 1 1 1
197 2364 -0.521360175116 -0.00875415320397 0.00840360915767 0.574959626442 1 1 1 1 1 1 1 1 1 1 1 1 1 1 1
198 2376 -0.528145288019 -0.0131886380376 0.00302590764109 0.58284441124 1 1 1 1 1 1 1 1 1 1 1 1 1 1 1
199 2388 -0.553967747337 -0.00418928871971 0.00490972562803 0.597004945946 1 1 1 1 1 1 1 1 1 1 1 1 1 1 1
200 2400 -0.554414409024 -0.000733746700654 0.00275746926972 0.603048963274 1 1 1 1 1 1 1 1 1 1 1 1 1 1 1
201 2412 -0.560354795308 -0.000329346823081 0.0125881464767 0.595755652133 1 1 1 1 1 1 1 1 1 1 1 1 1 1 1
202 2424 -0.572435631765 -3.23358676871e-05 0.00264984069288 0.594412057836 1 1 1 1 1 1 1 1 1 1 1 1 1 1 1
203 2436 -0.565986391628 -0.00722325713139 0.00417452235585 0.590199716943 1 1 1 1 1 1 1 1 1 1 1 1 1 1 1
204 2448 -0.564271515869 -0.00375882824411 0.00718258307312 0.591035895492 1 1 1 1 1 1 1 1 1 1 1 1 1 1 1
205 2460 -0.561619853065 -0.00314494980378 0.000452173027751 0.591155449432 1 1 1 1 1 1 1 1 1 1 1 1 1 1 1
206 2472 -0.551797409901 -0.0140718375893 0.00515863378087 0.597483630686 1 1 1 1 1 1 1 1 1 1 1 1 1 1 1
207 2484 -0.563252287028 -0.00015977899121 0.00366681774403 0.602268652564 1 1 1 1 1 1 1 1 1 1 1 1 1 1 1
208 2496 -0.56124092452 -0.00187323611476 0.0106827571241 0.60007045232 1 1 1 1 1 1 1 1 1 1 1 1 1 1 1
209 2508 -0.56063575425 -0.00340518786361 0.0036580054549 0.607510351313 1 1 1 1 1 1 1 1 1 1 1 1 1 1 1
210 2520 -0.563465182942 -0.00262146235783 0.00119518786706 0.610797609657 1 1 1 1 1 1 1 1 1 1 1 1 1 1 1
211 2532 -0.560790824405 -0.00158206844227 0.0016627014415 0.629751302409 1 1 1 1 1 1 1 1 1 1 1 1 1 1 1
212 2544 -0.562492580931 -0.00537744164776 0.00022395027556 0.62722927917 1 1 1 1 1 1 1 1 1 1 1 1 1 1 1
213 2556 -0.560377687274 -0.00278017278474 0.00439525114432 0.626612219859 1 1 1 1 1 1 1 1 1 1 1 1 1 1 1
214 2568 -0.55423976183 -0.00970767707903 0.00683885211009 0.612179546468 1 1 1 1 1 1 1 1 1 1 1 1 1 1 1
215 2580 -0.556536127785 -0.0010139482759 0.00454530774203 0.611035807747 1 1 1 1 1 1 1 1 1 1 1 1 1 1 1
216 2592 -0.555272547754 -0.0153044471015 0.00610287741204 0.598406086695 1 1 1 1 1 1 1 1 1 1 1 1 1 1 1
217 2604 -0.565449705164 -0.00134831617994 0.0166312735635 0.602502482941 1 1 1 1 1 1 1 1 1 1 1 1 1 1 1
218 2616 -0.566627525951 -0.00857850813825 0.0108343917595 0.599146569211 1 1 1 1 1 1 1 1 1 1 1 1 1 1 1
219 2628 -0.575644400421 -0.0113733768026 0.000677099127869 0.580718670386 1 1 1 1 1 1 1 1 1 1 1 1 1 1 1
220 2640 -0.575069901528 -0.0132247999032 0.000224151315319 0.593326702686 1 1 1 1 1 1 1 1 1 1 1 1 1 1 1
221 2652 -0.565855920931 -0.0120719361038 0.00461748572251 0.599944691926 1 1 1 1 1 1 1 1 1 1 1 1 1 1 1
222 2664 -0.559068568306 -0.000473724216096 0.000198851178168 0.598433514336 1 1 1 1 1 1 1 1 1 1 1 1 1 1 1
223 2676 -0.566389749036 -0.0024654051775 0.0101969029062 0.602361863042 1 1 1 1 1 1 1 1 1 1 1 1 1 1 1
224 2688 -0.560994596575 -0.0026504450976 0.0147850555679 0.614508933838 1 1 1 1 1 1 1 1 1 1 1 1 1 1 1
225 2700 -0.569763122906 -0.00391545081905 0.00747023114884 0.601701063649 1 1 1 1 1 1 1 1 1 1 1 1 1 1 1
226 2712 -0.566379071058 -0.0143460494598 0.00978175956312 0.597742753238 1 1 1 1 1 1 1 1 1 1 1 1 1 1 1
227 2724 -0.574456612181 -0.0178966171799 0.0227616102628 0.604275430554 1 1 1 1 1 1 1 1 1 1 1 1 1 1 1
228 2736 -0.58826361815 -0.0100135882711 0.0159014319133 0.607138381784 1 1 1 1 1 1 1 1 1 1 1 1 1 1 1
229 2748 -0.601540563762 -0.00283228344905 0.0132341563232 0.603520592684 1 1 1 1 1 1 1 1 1 1 1 1 1 1 1
230 2760 -0.617961383441 -0.00549244331411 0.00415288364589 0.610936774419 1 1 1 1 1 1 1 1 1 1 1 1 1 1 1
231 2772 -0.620128173972 -0.0176003456831 0.00191250014183 0.604864512258 1 1 1 1 1 1 1 1 1 1 1 1 1 1 1
232 2784 -0.635705468289 -0.00986645315504 0.00992370905497 0.612077989139 1 1 1 1 1 1 1 1 1 1 1 1 1 1 1
233 2796 -0.632682478528 -0.013343714568 0.00505719292646 0.61773583758 1 1 1 1 1 1 1 1 1 1 1 1 1 1 1
234 2808 -0.628304999106 -0.0065975663389 0.0171769004345 0.622157320436 1 1 1 1 1 1 1 1 1 1 1 1 1 1 1
235 2820 -0.618033712809 -0.01402125697 0.0194781528142 0.628580965985 1 1 1 1 1 1 1 1 1 1 1 1 1 1 1
236 2832 -0.61472226993 -0.0175989552841 0.0211134545383 0.625326176793 1 1 1 1 1 1 1 1 1 1 1 1 1 1 1
237 2844 -0.602383800504 -0.0192813283915 0.0222682950681 0.623639593843 1 1 1 1 1 1 1 1 1 1 1 1 1 1 1
238 2856 -0.606851053489 -0.01506470698 0.0161778691175 0.625710696937 1 1 1 1 1 1 1 1 1 1 1 1 1 1 1
239 2868 -0.60849626325 -0.0217225217785 0.0141370768182 0.628214736489 1 1 1 1 1 1 1 1 1 1 1 1 1 1 1
240 2880 -0.618143115919 -0.00242475171305 0.0138610977942 0.632252309795 1 1 1 1 1 1 1 1 1 1 1 1 1 1 1
241 2892 -0.623229742975 -0.0208770658614 0.00426987633961 0.632254880931 1 1 1 1 1 1 1 1 1 1 1 1 1 1 1
242 2904 -0.630524968131 -0.0103898088211 0.0141513692409 0.627554090729 1 1 1 1 1 1 1 1 1 1 1 1 1 1 1
243 2916 -0.633092013361 -0.00213222225316 0.0149783115617 0.625995174567 1 1 1 1 1 1 1 1 1 1 1 1 1 1 1
244 2928 -0.615618212117 -0.015536465906 0.00796777100262 0.621150557725 1 1 1 1 1 1 1 1 1 1 1 1 1 1 1
245 2940 -0.604581536195 -0.0162588245844 0.0152704855359 0.617045702148 1 1 1 1 1 1 1 1 1 1 1 1 1 1 1
246 2952 -0.59169038994 -0.00355695767172 0.0245429174883 0.605944391713 1 1 1 1 1 1 1 1 1 1 1 1 1 1 1
247 2964 -0.590782235987 -0.00158922164094 0.0290422527122 0.611866892551 1 1 1 1 1 1 1 1 1 1 1 1 1 1 1
248 2976 -0.594688945372 -0.00402298934958 0.00329072945682 0.625244077678 1 1 1 1 1 1 1 1 1 1 1 1 1 1 1
249 2988 -0.590711158193 -0.0045356352665 0.0147821898904 0.626162768196 1 1 1 1 1 1 1 1 1 1 1 1 1 1 1
250 3000 -0.593909511447 -0.00238457394304 0.003913659301 0.625778534712 1 1 1 1 1 1 1 1 1 1 1 1 1 1 1
251 3012 -0.589614786679 -0.00054280288056 0.0139448503011 0.623906210727 1 1 1 1 1 1 1 1 1 1 1 1 1 1 1
252 3024 -0.584951684891 -0.00148874270707 0.00876857531756 0.61880141689 1 1 1 1 1 1 1 1 1 1 1 1 1 1 1
253 3036 -0.599650358735 -0.0156487673542 0.0165623603938 0.622813408748 1 1 1 1 1 1 1 1 1 1 1 1 1 1 1
254 3048 -0.596808994447 -0.00954075831539 0.00517216989601 0.617247975836 1 1 1 1 1 1 1 1 1 1 1 1 1 1 1
255 3060 -0.592582862213 -0.0225445799138 0.0133326666308 0.61161831454 1 1 1 1 1 1 1 1 1 1 1 1 1 1 1
256 3072 -0.598549153329 -0.0152709974794 0.00386265140429 0.636046143268 1 1 1 1 1 1 1 1 1 1 1 1 1 1 1
257 3084 -0.600873885231 -0.00887091153138 0.0272761485015 0.641049425066 1 1 1 1 1 1 1 1 1 1 1 1 1 1 1
258 3096 -0.601970669895 -0.000797832940022 0.0243923147105 0.64883837015 1 1 1 1 1 1 1 1 1 1 1 1 1 1 1
259 3108 -0.620138708065 -0.00652963255599 0.00944643369839 0.664401355944 1 1 1 1 1 1 1 1 1 1 1 1 1 1 1
260 3120 -0.63412117941 -0.00226279391111 0.000908485351099 0.670528150645 1 1 1 1 1 1 1 1 1 1 1 1 1 1 1
261 3132 -0.633466687317 -0.0144671745475 0.0144298618328 0.669208885245 1 1 1 1 1 1 1 1 1 1 1 1 1 1 1
262 3144 -0.63442269458 -0.0098991919023 0.0187922631951 0.674538835041 1 1 1 1 1 1 1 1 1 1 1 1 1 1 1
263 3156 -0.628857826588 -0.0133487350191 0.00537146756907 0.670665807689 1 1 1 1 1 1 1 1 1 1 1 1 1 1 1
264 3168 -0.622142978091 -0.00290368991999 0.00790274777277 0.652803862564 1 1 1 1 1 1 1 1 1 1 1 1 1 1 1
265 3180 -0.618627707351 -0.00584248333593 0.0169623304435 0.645317677603 1 1 1 1 1 1 1 1 1 1 1 1 1 1 1
266 3192 -0.612456986484 -0.0113023932728 0.000665524883068 0.632991242221 1 1 1 1 1 1 1 1 1 1 1 1 1 1 1
267 3204 -0.605441797745 -0.000619820664243 0.0115252955507 0.628180948186 1 1 1 1 1 1 1 1 1 1 1 1 1 1 1
268 3216 -0.605823116404 -0.00608573537244 0.00288989485937 0.625111431852 1 1 1 1 1 1 1 1 1 1 1 1 1 1 1
269 3228 -0.608596360652 -0.00939109590293 0.00437445844055 0.630274049723 1 1 1 1 1 1 1 1 1 1 1 1 1 1 1
270 3240 -0.605193207406 -0.0141649984164 0.0109582176504 0.632868985806 1 1 1 1 1 1 1 1 1 1 1 1 1 1 1
271 3252 -0.616406938048 -0.00261850350205 0.0180628382953 0.64144491869 1 1 1 1 1 1 1 1 1 1 1 1 1 1 1
272 3264 -0.633956767001 -0.00590932884593 0.014135622134 0.644832411203 1 1 1 1 1 1 1 1 1 1 1 1 1 1 1
273 3276 -0.645161107687 -0.0114292617111 0.00626720114298 0.642556266303 1 1 1 1 1 1 1 1 1 1 1 1 1 1 1
274 3288 -0.643745624106 -0.000146558573865 0.0505793119752 0.647764442699 1 1 1 1 1 1 1 1 1 1 1 1 1 1 1
275 3300 -0.656243407142 -0.00258320530241 0.00428717699809 0.644864926677 1 1 1 1 1 1 1 1 1 1 1 1 1 1 1
276 3312 -0.669517606984 -0.000120681012966 0.00913969037168 0.643687420512 1 1 1 1 1 1 1 1 1 1 1 1 1 1 1
277 3324 -0.666571558525 -0.0399769988405 0.000719698397616 0.639471167444 1 1 1 1 1 1 1 1 1 1 1 1 1 1 1
278 3336 -0.652766435369 -0.015705820279 0.0186047148056 0.636330568811 1 1 1 1 1 1 1 1 1 1 1 1 1 1 1
279 3348 -0.666536596389 -0.018917321333 0.0101522441044 0.634142589795 1 1 1 1 1 1 1 1 1 1 1 1 1 1 1
280 3360 -0.686503871801 -0.00995107755112 0.0142178709195 0.628709181785 1 1 1 1 1 1 1 1 1 1 1 1 1 1 1
281 3372 -0.685876630134 -0.0219346611432 0.0202986892851 0.625843734991 1 1 1 1 1 1 1 1 1 1 1 1 1 1 1
282 3384 -0.673061530697 -0.00838574120015 0.0155636031265 0.626368635569 1 1 1 1 1 1 1 1 1 1 1 1 1 1 1
283 3396 -0.664369761634 -0.000866706350939 0.00286397335949 0.624032287329 1 1 1 1 1 1 1 1 1 1 1 1 1 1 1
284 3408 -0.651484987801 -0.00796281733676 0.0102786184618 0.633834311692 1 1 1 1 1 1 1 1 1 1 1 1 1 1 1
285 3420 -0.656619284128 -0.00999461075148 0.0024542898796 0.638987258024 1 1 1 1 1 1 1 1 1 1 1 1 1 1 1
286 3432 -0.657395738757 -0.011004983689 0.0187154771578 0.631375221802 1 1 1 1 1 1 1 1 1 1 1 1 1 1 1
287 3444 -0.669767058583 -0.00389990850527 0.0109910016111 0.629113212127 1 1 1 1 1 1 1 1 1 1 1 1 1 1 1
288 3456 -0.684379571344 -0.0125017016602 0.00642373235316 0.618612036993 1 1 1 1 1 1 1 1 1 1 1 1 1 1 1
289 3468 -0.686581669865 -0.0254002735345 0.000664807275737 0.625065781715 1 1 1 1 1 1 1 1 1 1 1 1 1 1 1
290 3480 -0.681602732705 -0.00471833662436 0.00792630437986 0.623122448186 1 1 1 1 1 1 1 1 1 1 1 1 1 1 1
291 3492 -0.685927679445 -0.0154438936432 0.00211629440415 0.623656397347 1 1 1 1 1 1 1 1 1 1 1 1 1 1 1
292 3504 -0.692747137036 -0.0012051850517 0.0376622265294 0.637873734248 1 1 1 1 1 1 1 1 1 1 1 1 1 1 1
293 3516 -0.694799543357 -0.0132326097853 0.00985566326108 0.608280153725 1 1 1 1 1 1 1 1 1 1 1 1 1 1 1
294 3528 -0.704624645379 -0.00137544144819 0.000781994352432 0.618652794679 1 1 1 1 1 1 1 1 1 1 1 1 1 1 1
295 3540 -0.694993585514 -0.0040124652786 0.00138005700152 0.611231966333 1 1 1 1 1 1 1 1 1 1 1 1 1 1 1
296 3552 -0.697919992815 -0.00166072692011 0.00587839122272 0.611951115208 1 1 1 1 1 1 1 1 1 1 1 1 1 1 1
297 3564 -0.692083965573 -0.00624555131977 0.00616951405807 0.595431905145 1 1 1 1 1 1 1 1 1 1 1 1 1 1 1
298 3576 -0.678764960121 -0.00726694336891 0.007242993431 0.5788884775 1 1 1 1 1 1 1 1 1 1 1 1 1 1 1
299 3588 -0.679847995595 -0.0135637109196 0.00100259930102 0.578788329618 1 1 1 1 1 1 1 1 1 1 1 1 1 1 1
300 3600 -0.675511885182 -0.0028503056528 0.0125502686496 0.59060444111 1 1 1 1 1 1 1 1 1 1 1 1 1 1 1
301 3612 -0.670117468531 -0.0045601415793 0.0017769666308 0.598900150087 1 1 1 1 1 1 1 1 1 1 1 1 1 1 1
302 3624 -0.66505167807 -0.00861658884623 0.00235681673313 0.598792357583 1 1 1 1 1 1 1 1 1 1 1 1 1 1 1
303 3636 -0.656095148099 -0.00224970635514 0.00225273785758 0.615449979143 1 1 1 1 1 1 1 1 1 1 1 1 1 1 1
304 3648 -0.666908372258 -0.00345766041172 0.00115958069851 0.615975162245 1 1 1 1 1 1 1 1 1 1 1 1 1 1 1
305 3660 -0.674009254892 -0.00647249990401 0.000601987603555 0.615394413165 1 1 1 1 1 1 1 1 1 1 1 1 1 1 1
306 3672 -0.661021993563 -0.0176378228866 0.000379350570119 0.612549777998 1 1 1 1 1 1 1 1 1 1 1 1 1 1 1
307 3684 -0.661545196733 -0.00473915585539 0.0133267973641 0.611388967277 1 1 1 1 1 1 1 1 1 1 1 1 1 1 1
308 3696 -0.659508643492 -0.00255389711208 0.0186833027998 0.621326579193 1 1 1 1 1 1 1 1 1 1 1 1 1 1 1
309 3708 -0.646846072573 -0.00819873603534 0.0227260783802 0.635408528643 1 1 1 1 1 1 1 1 1 1 1 1 1 1 1
310 3720 -0.649212572352 -0.00183972304539 0.0189239787347 0.621515641303 1 1 1 1 1 1 1 1 1 1 1 1 1 1 1
311 3732 -0.641476900325 -0.0122616316112 0.00240617301543 0.619550691026 1 1 1 1 1 1 1 1 1 1 1 1 1 1 1
312 3744 -0.617594806991 -0.0076658982203 0.00574615188636 0.63550038713 1 1 1 1 1 1 1 1 1 1 1 1 1 1 1
313 3756 -0.61885351264 -0.011230037758 0.00874204318353 0.633007616902 1 1 1 1 1 1 1 1 1 1 1 1 1 1 1
314 3768 -0.616321272938 -0.0121633285817 0.00878485486018 0.631637791883 1 1 1 1 1 1 1 1 1 1 1 1 1 1 1
315 3780 -0.620295393303 -0.00509945795806 0.00944962932747 0.633252893251 1 1 1 1 1 1 1 1 1 1 1 1 1 1 1
316 3792 -0.620764225639 -0.0152943370566 0.00302594223293 0.643157312643 1 1 1 1 1 1 1 1 1 1 1 1 1 1 1
317 3804 -0.626719750959 -0.00212461354707 0.000855087372037 0.640345926852 1 1 1 1 1 1 1 1 1 1 1 1 1 1 1
318 3816 -0.619046134547 -0.00528564990368 0.0106114033654 0.6363277184 1 1 1 1 1 1 1 1 1 1 1 1 1 1 1
319 3828 -0.633393200214 -0.00629817710892 0.0101738322174 0.637805636295 1 1 1 1 1 1 1 1 1 1 1 1 1 1 1
320 3840 -0.639533368725 -0.00143773668484 0.015974392932 0.642270411905 1 1 1 1 1 1 1 1 1 1 1 1 1 1 1
321 3852 -0.637361135148 -0.0148016999435 0.000831332074024 0.62802901802 1 1 1 1 1 1 1 1 1 1 1 1 1 1 1
322 3864 -0.630579717168 -0.00930191455577 0.000915917074551 0.628012138227 1 1 1 1 1 1 1 1 1 1 1 1 1 1 1
323 3876 -0.624621748567 -0.0140386828747 0.0113852052995 0.629161771844 1 1 1 1 1 1 1 1 1 1 1 1 1 1 1
324 3888 -0.627196152052 -0.00615755387708 0.0249714453183 0.629158163881 1 1 1 1 1 1 1 1 1 1 1 1 1 1 1
325 3900 -0.637212057726 -0.015956829675 0.00262116781994 0.632250675367 1 1 1 1 1 1 1 1 1 1 1 1 1 1 1
326 3912 -0.640862438117 -0.00187838807628 0.00927952005564 0.632278869262 1 1 1 1 1 1 1 1 1 1 1 1 1 1 1
327 3924 -0.641671909186 -0.00394129537194 0.026516398022 0.633828384278 1 1 1 1 1 1 1 1 1 1 1 1 1 1 1
328 3936 -0.639977631899 -0.00294412724555 0.0025696717103 0.633713377981 1 1 1 1 1 1 1 1 1 1 1 1 1 1 1
329 3948 -0.63679939384 -0.002346086936 0.00504445732926 0.642338893462 1 1 1 1 1 1 1 1 1 1 1 1 1 1 1
330 3960 -0.63541289862 -0.00140831585188 0.00136052838913 0.641729546903 1 1 1 1 1 1 1 1 1 1 1 1 1 1 1
331 3972 -0.630862623094 -0.00323648373126 0.000830578245169 0.637969897226 1 1 1 1 1 1 1 1 1 1 1 1 1 1 1
332 3984 -0.648662432511 -0.00202457748722 0.00105101070312 0.630737611991 1 1 1 1 1 1 1 1 1 1 1 1 1 1 1
333 3996 -0.655934403882 -0.0010661941631 0.000129046606754 0.64219414814 1 1 1 1 1 1 1 1 1 1 1 1 1 1 1
334 4008 -0.658051574828 -0.00931159166974 0.00453438293149 0.644345253783 1 1 1 1 1 1 1 1 1 1 1 1 1 1 1
335 4020 -0.657600348265 -0.00541012274931 0.000796571311723 0.645536879648 1 1 1 1 1 1 1 1 1 1 1 1 1 1 1
336 4032 -0.662774419623 -0.00397461918405 0.00386816557325 0.640526389992 1 1 1 1 1 1 1 1 1 1 1 1 1 1 1
337 4044 -0.664230150619 -0.00553599132305 0.00119837484708 0.632038611836 1 1 1 1 1 1 1 1 1 1 1 1 1 1 1
338 4056 -0.665167117228 -0.00594803800977 0.000160856822122 0.634344594432 1 1 1 1 1 1 1 1 1 1 1 1 1 1 1
339 4068 -0.672390975118 -0.00641815265958 0.00423298027629 0.635449277229 1 1 1 1 1 1 1 1 1 1 1 1 1 1 1
340 4080 -0.667015574765 -0.00303940693269 0.00177499923336 0.631960449643 1 1 1 1 1 1 1 1 1 1 1 1 1 1 1
341 4092 -0.659094158033 -0.00900385846981 0.000771873866183 0.636416872343 1 1 1 1 1 1 1 1 1 1 1 1 1 1 1
342 4104 -0.661869419223 -0.0157829987474 0.00452530383 0.630524675171 1 1 1 1 1 1 1 1 1 1 1 1 1 1 1
343 4116 -0.656420109648 -0.00524978923646 0.013154539776 0.617139193978 1 1 1 1 1 1 1 1 1 1 1 1 1 1 1
344 4128 -0.657171768269 -0.00187632103409 0.00291473049024 0.630895341288 1 1 1 1 1 1 1 1 1 1 1 1 1 1 1
345 4140 -0.663064598127 -0.000845631834538 0.00130052541878 0.629643693159 1 1 1 1 1 1 1 1 1 1 1 1 1 1 1
346 4152 -0.661976917396 -0.00231680659457 0.00527386863028 0.623416634071 1 1 1 1 1 1 1 1 1 1 1 1 1 1 1
347 4164 -0.661575598492 -0.000804123148509 0.018953957502 0.625970440609 1 1 1 1 1 1 1 1 1 1 1 1 1 1 1
348 4176 -0.664364477654 -0.00515376997983 0.00793516341985 0.644539202279 1 1 1 1 1 1 1 1 1 1 1 1 1 1 1
349 4188 -0.665572577656 -0.0135032791388 0.00513883707237 0.653491575084 1 1 1 1 1 1 1 1 1 1 1 1 1 1 1
350 4200 -0.668996958695 -0.0148852584829 0.000846779302168 0.671791827296 1 1 1 1 1 1 1 1 1 1 1 1 1 1 1
351 4212 -0.677653419092 -0.00752243351817 0.00172134775524 0.687837800578 1 1 1 1 1 1 1 1 1 1 1 1 1 1 1
352 4224 -0.674954473234 -0.000105682527746 0.0154840721229 0.687875855547 1 1 1 1 1 1 1 1 1 1 1 1 1 1 1
353 4236 -0.673124071856 -0.00695999026171 0.0198600787474 0.681695558092 1 1 1 1 1 1 1 1 1 1 1 1 1 1 1
354 4248 -0.659757413356 -0.000333618377087 0.0150054051758 0.667478032929 1 1 1 1 1 1 1 1 1 1 1 1 1 1 1
355 4260 -0.649298814047 -0.00728653447473 0.00210669551293 0.674697315198 1 1 1 1 1 1 1 1 1 1 1 1 1 1 1
356 4272 -0.649306686791 -0.00213728655665 0.00774945790535 0.680644257634 1 1 1 1 1 1 1 1 1 1 1 1 1 1 1
357 4284 -0.6607705982 -0.00920219680663 0.00300598154844 0.69087605593 1 1 1 1 1 1 1 1 1 1 1 1 1 1 1
358 4296 -0.687253758939 -0.0113600146395 0.00125534923151 0.707886751562 1 1 1 1 1 1 1 1 1 1 1 1 1 1 1
359 4308 -0.705099292467 -0.00445568528896 0.00732194630439 0.730983655665 1 1 1 1 1 1 1 1 1 1 1 1 1 1 1
360 4320 -0.719105947203 -0.00669041784398 0.0236860268229 0.750667517506 1 1 1 1 1 1 1 1 1 1 1 1 1 1 1
361 4332 -0.71859750456 -0.00224759785661 0.00885151000728 0.744614215253 1 1 1 1 1 1 1 1 1 1 1 1 1 1 1
362 4344 -0.722229423638 -0.00789334981865 0.0157401244874 0.746783963497 1 1 1 1 1 1 1 1 1 1 1 1 1 1 1
363 4356 -0.71839021711 -0.00729645797362 0.00104419035701 0.747140570676 1 1 1 1 1 1 1 1 1 1 1 1 1 1 1
364 4368 -0.721155935178 -0.00456118643665 0.000761069932238 0.750599437475 1 1 1 1 1 1 1 1 1 1 1 1 1 1 1
365 4380 -0.706828117104 -0.00145272472319 0.00087364414924 0.755751027111 1 1 1 1 1 1 1 1 1 1 1 1 1 1 1
366 4392 -0.720663327149 -0.00801036831451 0.0143606444035 0.759449049562 1 1 1 1 1 1 1 1 1 1 1 1 1 1 1
367 4404 -0.712289958166 -0.0069414874216 0.0071700488249 0.751212711524 1 1 1 1 1 1 1 1 1 1 1 1 1 1 1
368 4416 -0.716081473666 -0.00117052564899 0.00255689451485 0.751154344388 1 1 1 1 1 1 1 1 1 1 1 1 1 1 1
369 4428 -0.708464847608 -0.00315552617149 0.00872918476816 0.741941380513 1 1 1 1 1 1 1 1 1 1 1 1 1 1 1
370 4440 -0.712493486653 -0.00222034883587 0.0175473618726 0.744470497027 1 1 1 1 1 1 1 1 1 1 1 1 1 1 1
371 4452 -0.714964735963 -0.00665190207297 0.00543123350248 0.748321599721 1 1 1 1 1 1 1 1 1 1 1 1 1 1 1
372 4464 -0.719089222548 -0.00393988829016 0.0139204371549 0.742617266899 1 1 1 1 1 1 1 1 1 1 1 1 1 1 1
373 4476 -0.728962547811 -0.0017488455524 0.00109518298711 0.738742733362 1 1 1 1 1 1 1 1 1 1 1 1 1 1 1
374 4488 -0.72658963425 -0.00468017664906 0.00132869085741 0.736052392185 1 1 1 1 1 1 1 1 1 1 1 1 1 1 1
375 4500 -0.726931347751 -0.00985874762123 0.00968701016968 0.738281700944 1 1 1 1 1 1 1 1 1 1 1 1 1 1 1
376 4512 -0.731441852819 -0.0151055757397 0.00843765131571 0.730928535439 1 1 1 1 1 1 1 1 1 1 1 1 1 1 1
377 4524 -0.735914481763 -0.0194584983687 0.00738092494049 0.730171604123 1 1 1 1 1 1 1 1 1 1 1 1 1 1 1
378 4536 -0.735425755596 -0.0223274950491 0.00669946326897 0.729585324038 1 1 1 1 1 1 1 1 1 1 1 1 1 1 1
379 4548 -0.753363646123 -0.0101961563 0.00619123095653 0.753307224107 1 1 1 1 1 1 1 1 1 1 1 1 1 1 1
380 4560 -0.760691441533 -0.0193864478317 0.00434492184771 0.758971426739 1 1 1 1 1 1 1 1 1 1 1 1 1 1 1
381 4572 -0.772182606423 -0.00336613242127 0.0109843637312 0.775080933688 1 1 1 1 1 1 1 1 1 1 1 1 1 1 1
382 4584 -0.788287107253 -0.00375183486261 0.00417668814793 0.784453859965 1 1 1 1 1 1 1 1 1 1 1 1 1 1 1
383 4596 -0.785551018958 -0.0350803284879 0.00277537040894 0.785098792229 1 1 1 1 1 1 1 1 1 1 1 1 1 1 1
384 4608 -0.779413184067 -0.0129239659683 0.00323174343483 0.780541553643 1 1 1 1 1 1 1 1 1 1 1 1 1 1 1
385 4620 -0.778491517188 -0.00802775690702 0.000506739785673 0.782017834826 1 1 1 1 1 1 1 1 1 1 1 1 1 1 1
386 4632 -0.776874041544 -0.00193848746791 0.00239065970474 0.777698266318 1 1 1 1 1 1 1 1 1 1 1 1 1 1 1
387 4644 -0.77419190283 -0.00524080038494 0.00100193251358 0.772768885655 1 1 1 1 1 1 1 1 1 1 1 1 1 1 1
388 4656 -0.772184552479 -0.000104359175824 0.000264756070498 0.776881302465 1 1 1 1 1 1 1 1 1 1 1 1 1 1 1
389 4668 -0.778329688249 -0.0133923324467 0.00715314675718 0.779685509397 1 1 1 1 1 1 1 1 1 1 1 1 1 1 1
390 4680 -0.786498090459 -0.050923304139 0.00354898505734 0.788867326166 1 1 1 1 1 1 1 1 1 1 1 1 1 1 1
391 4692 -0.791936222126 -0.0263673414221 0.000277920654294 0.798789039051 1 1 1 1 1 1 1 1 1 1 1 1 1 1 1
392 4704 -0.792566700622 -0.00635021259212 0.00559248477003 0.799904804461 1 1 1 1 1 1 1 1 1 1 1 1 1 1 1
393 4716 -0.786290488576 -0.00226378858556 0.00138725402175 0.799259046547 1 1 1 1 1 1 1 1 1 1 1 1 1 1 1
394 4728 -0.785676355715 -0.0041744897272 0.00177898624874 0.803503586179 1 1 1 1 1 1 1 1 1 1 1 1 1 1 1
395 4740 -0.781344191626 -0.0124326213381 0.00106781606631 0.815293632972 1 1 1 1 1 1 1 1 1 1 1 1 1 1 1
396 4752 -0.778844849212 -0.0101200140466 0.00145265821433 0.814177101856 1 1 1 1 1 1 1 1 1 1 1 1 1 1 1
397 4764 -0.766971258773 -0.00713945361849 0.00387241795513 0.807295563391 1 1 1 1 1 1 1 1 1 1 1 1 1 1 1
398 4776 -0.767302830927 -0.00285895388131 0.000695945607098 0.818114610681 1 1 1 1 1 1 1 1 1 1 1 1 1 1 1
399 4788 -0.754387417387 -0.000710232452095 0.00647178913346 0.819169372272 1 1 1 1 1 1 1 1 1 1 1 1 1 1 1
400 4800 -0.751225289476 -0.00242181262192 0.00531504151096 0.820125997171 1 1 1 1 1 1 1 1 1 1 1 1 1 1 1
401 4812 -0.754317577534 -0.00294961464964 0.0124550335028 0.819935750311 1 1 1 1 1 1 1 1 1 1 1 1 1 1 1
402 4824 -0.754101622519 -0.0106604560751 7.22314953898e-05 0.825438668234 1 1 1 1 1 1 1 1 1 1 1 1 1 1 1
403 4836 -0.753678163234 -0.00878435208554 0.0101347855323 0.819138445587 1 1 1 1 1 1 1 1 1 1 1 1 1 1 1
404 4848 -0.757958421566 -0.0122241325973 0.00928087515675 0.819206754606 1 1 1 1 1 1 1 1 1 1 1 1 1 1 1
405 4860 -0.757336112262 -0.0173025247205 0.0113411803521 0.810414955031 1 1 1 1 1 1 1 1 1 1 1 1 1 1 1
406 4872 -0.753132878555 -0.00361694598287 0.016685665843 0.800281342873 1 1 1 1 1 1 1 1 1 1 1 1 1 1 1
407 4884 -0.750248532026 -0.00168084891669 0.0130306545854 0.797813335821 1 1 1 1 1 1 1 1 1 1 1 1 1 1 1
408 4896 -0.752837986073 -0.0153582445448 0.00701581960006 0.796797338821 1 1 1 1 1 1 1 1 1 1 1 1 1 1 1
409 4908 -0.754889566735 -0.0117587425605 0.0042681329288 0.801813326387 1 1 1 1 1 1 1 1 1 1 1 1 1 1 1
410 4920 -0.758401055779 -0.00380164146491 0.0113721188858 0.799655627689 1 1 1 1 1 1 1 1 1 1 1 1 1 1 1
411 4932 -0.761628656967 -0.0111467940921 0.00401333021808 0.803142647083 1 1 1 1 1 1 1 1 1 1 1 1 1 1 1
412 4944 -0.761035450517 -0.00472960795483 0.0136786110522 0.80024574102 1 1 1 1 1 1 1 1 1 1 1 1 1 1 1
413 4956 -0.758531392158 -0.00219844854905 0.00838324367932 0.794994455321 1 1 1 1 1 1 1 1 1 1 1 1 1 1 1
414 4968 -0.759413380293 -0.00134059304526 0.00170670562288 0.793698354832 1 1 1 1 1 1 1 1 1 1 1 1 1 1 1
415 4980 -0.758780458766 -0.0132571697744 0.0115293658155 0.799681661351 1 1 1 1 1 1 1 1 1 1 1 1 1 1 1
416 4992 -0.764651779295 -0.0139964957374 0.0108960625007 0.79849226767 1 1 1 1 1 1 1 1 1 1 1 1 1 1 1
417 5004 -0.771643648087 -0.00508443203667 0.00502936950607 0.797540452314 1 1 1 1 1 1 1 1 1 1 1 1 1 1 1
418 5016 -0.760581485457 -0.0129314261272 0.0012187018948 0.799234260803 1 1 1 1 1 1 1 1 1 1 1 1 1 1 1
419 5028 -0.767604022881 -0.00723375889122 0.00128998819574 0.799396006608 1 1 1 1 1 1 1 1 1 1 1 1 1 1 1
420 5040 -0.759945326069 -0.00400696504534 0.0166521203134 0.793050034683 1 1 1 1 1 1 1 1 1 1 1 1 1 1 1
421 5052 -0.749497950463 -0.00124483419701 0.00449411829888 0.781016365169 1 1 1 1 1 1 1 1 1 1 1 1 1 1 1
422 5064 -0.757391334511 -0.0141884875584 0.0102856599249 0.779972319672 1 1 1 1 1 1 1 1 1 1 1 1 1 1 1
423 5076 -0.761487525016 -0.00851219348489 0.00127965481206 0.787592714661 1 1 1 1 1 1 1 1 1 1 1 1 1 1 1
424 5088 -0.763905449055 -0.00734143293717 0.0208688580654 0.787394759403 1 1 1 1 1 1 1 1 1 1 1 1 1 1 1
425 5100 -0.770027049796 -0.00888264763777 0.00958957953755 0.787220155027 1 1 1 1 1 1 1 1 1 1 1 1 1 1 1
426 5112 -0.765126950474 -0.00376806896967 0.00122787152026 0.786013368145 1 1 1 1 1 1 1 1 1 1 1 1 1 1 1
427 5124 -0.754220858073 -0.00187224550278 0.00843989407867 0.782305435983 1 1 1 1 1 1 1 1 1 1 1 1 1 1 1
428 5136 -0.75278786848 -0.0330733260879 0.000655506217237 0.779809522902 1 1 1 1 1 1 1 1 1 1 1 1 1 1 1
429 5148 -0.748159149769 -0.00238412324277 0.000699744098661 0.772946777576 1 1 1 1 1 1 1 1 1 1 1 1 1 1 1
430 5160 -0.745442081182 -0.0126131786762 0.00498905454171 0.770668526472 1 1 1 1 1 1 1 1 1 1 1 1 1 1 1
431 5172 -0.755605237943 -0.00556669210201 0.00984419675685 0.773000658647 1 1 1 1 1 1 1 1 1 1 1 1 1 1 1
432 5184 -0.757755668247 -0.00903108211796 0.00950867991892 0.765860429804 1 1 1 1 1 1 1 1 1 1 1 1 1 1 1
433 5196 -0.755047918848 -0.0165348755583 0.00423901693791 0.75630501367 1 1 1 1 1 1 1 1 1 1 1 1 1 1 1
434 5208 -0.756907515413 -0.00553455134674 0.00914864835917 0.769423905661 1 1 1 1 1 1 1 1 1 1 1 1 1 1 1
435 5220 -0.754760872013 -0.0146552572761 0.00891093948436 0.764515119838 1 1 1 1 1 1 1 1 1 1 1 1 1 1 1
436 5232 -0.756496258687 -0.00919748602286 0.00597492331027 0.759410569517 1 1 1 1 1 1 1 1 1 1 1 1 1 1 1
437 5244 -0.757595775038 -0.00414893493432 0.0174130141348 0.758016397333 1 1 1 1 1 1 1 1 1 1 1 1 1 1 1
438 5256 -0.757063135623 -0.00207603681796 0.00245108990304 0.757384553495 1 1 1 1 1 1 1 1 1 1 1 1 1 1 1
439 5268 -0.756995642925 -0.0125234159162 0.0090111718381 0.761570971674 1 1 1 1 1 1 1 1 1 1 1 1 1 1 1
440 5280 -0.75879916177 -0.000803146602584 0.00507699095725 0.77098045818 1 1 1 1 1 1 1 1 1 1 1 1 1 1 1
441 5292 -0.764961752651 -0.032706525616 0.00894390607263 0.780507379887 1 1 1 1 1 1 1 1 1 1 1 1 1 1 1
442 5304 -0.766521842885 -0.0313986914582 0.00257190637208 0.785876869006 1 1 1 1 1 1 1 1 1 1 1 1 1 1 1
443 5316 -0.766807374338 -0.00977529162268 0.0152417311745 0.786471159593 1 1 1 1 1 1 1 1 1 1 1 1 1 1 1
444 5328 -0.762879047527 -0.00706304791627 0.0164712821567 0.779280751905 1 1 1 1 1 1 1 1 1 1 1 1 1 1 1
445 5340 -0.750813900029 -0.0196853366376 0.0119299194075 0.777674827234 1 1 1 1 1 1 1 1 1 1 1 1 1 1 1
446 5352 -0.755985550453 -0.0238967315371 0.0155963169265 0.778103370557 1 1 1 1 1 1 1 1 1 1 1 1 1 1 1
447 5364 -0.762351582766 -0.00168807900966 0.0246805616891 0.776822891513 1 1 1 1 1 1 1 1 1 1 1 1 1 1 1
448 5376 -0.757788167252 -0.0225919565056 0.00368036817511 0.776114542648 1 1 1 1 1 1 1 1 1 1 1 1 1 1 1
449 5388 -0.75521031789 -0.0148350578731 0.0312385176399 0.76674199015 1 1 1 1 1 1 1 1 1 1 1 1 1 1 1
450 5400 -0.758082999526 -0.0182606264209 0.000656485510874 0.766070865862 1 1 1 1 1 1 1 1 1 1 1 1 1 1 1
451 5412 -0.749144062814 -0.000268607715696 0.0148030097524 0.759597847041 1 1 1 1 1 1 1 1 1 1 1 1 1 1 1
452 5424 -0.750631917462 -0.0144591223793 0.000995039729176 0.76185555107 1 1 1 1 1 1 1 1 1 1 1 1 1 1 1
453 5436 -0.75380326983 -0.0111826356963 0.00593950542468 0.757395960019 1 1 1 1 1 1 1 1 1 1 1 1 1 1 1
454 5448 -0.758757715836 -0.0042687469528 0.00249668507932 0.766219923463 1 1 1 1 1 1 1 1 1 1 1 1 1 1 1
455 5460 -0.753068387611 -0.0204848854685 0.00305010409905 0.767473230305 1 1 1 1 1 1 1 1 1 1 1 1 1 1 1
456 5472 -0.752733139866 -0.0014447577414 0.00830528181951 0.764413368143 1 1 1 1 1 1 1 1 1 1 1 1 1 1 1
457 5484 -0.769345568732 -0.0252844758611 0.0118575903549 0.776135397302 1 1 1 1 1 1 1 1 1 1 1 1 1 1 1
458 5496 -0.770366270342 -0.0239725549426 0.00429513168789 0.779961016332 1 1 1 1 1 1 1 1 1 1 1 1 1 1 1
459 5508 -0.766787500363 -0.0106166685537 0.0183489611476 0.783023179611 1 1 1 1 1 1 1 1 1 1 1 1 1 1 1
460 5520 -0.761169434994 -0.0105334076952 0.0173211195105 0.775294551309 1 1 1 1 1 1 1 1 1 1 1 1 1 1 1
461 5532 -0.755364626887 -0.00180089078965 0.00248280805023 0.774654310724 1 1 1 1 1 1 1 1 1 1 1 1 1 1 1
462 5544 -0.753858587005 -0.00107897102577 0.00999891442278 0.767327239654 1 1 1 1 1 1 1 1 1 1 1 1 1 1 1
463 5556 -0.753337484688 -0.0274407658262 0.00247538792663 0.764857740906 1 1 1 1 1 1 1 1 1 1 1 1 1 1 1
464 5568 -0.753110605306 -0.0301612385422 0.00221110764885 0.764237977633 1 1 1 1 1 1 1 1 1 1 1 1 1 1 1
465 5580 -0.753170538775 -0.0139509787039 0.0132395598413 0.740340706234 1 1 1 1 1 1 1 1 1 1 1 1 1 1 1
466 5592 -0.746596861451 -0.00266016247779 0.0166293745326 0.731778538482 1 1 1 1 1 1 1 1 1 1 1 1 1 1 1
467 5604 -0.744708427973 -0.00357619322174 0.000236072648608 0.724262252776 1 1 1 1 1 1 1 1 1 1 1 1 1 1 1
468 5616 -0.744155690112 -0.000822794442467 0.0130189124034 0.716266005152 1 1 1 1 1 1 1 1 1 1 1 1 1 1 1
469 5628 -0.749601814975 -0.00350467574546 0.00624835720285 0.718704429236 1 1 1 1 1 1 1 1 1 1 1 1 1 1 1
470 5640 -0.763208366254 -0.00576137404938 0.00329599142626 0.739435279735 1 1 1 1 1 1 1 1 1 1 1 1 1 1 1
471 5652 -0.76478336923 -0.00238776920624 0.00265250633008 0.742304526604 1 1 1 1 1 1 1 1 1 1 1 1 1 1 1
472 5664 -0.759192444093 -0.00121607841673 0.00476242550462 0.730284473569 1 1 1 1 1 1 1 1 1 1 1 1 1 1 1
473 5676 -0.761179014033 -0.00233625411007 0.0118549790482 0.735466728637 1 1 1 1 1 1 1 1 1 1 1 1 1 1 1
474 5688 -0.764799834708 -0.0125720969733 0.00358601363871 0.732429353946 1 1 1 1 1 1 1 1 1 1 1 1 1 1 1
475 5700 -0.771160146155 -0.0099649023942 0.00989973253368 0.733895736354 1 1 1 1 1 1 1 1 1 1 1 1 1 1 1
476 5712 -0.765114272945 -0.00677470861989 0.0121128826586 0.717273329295 1 1 1 1 1 1 1 1 1 1 1 1 1 1 1
477 5724 -0.770911483964 -0.00513275902705 0.00974007929246 0.711833752414 1 1 1 1 1 1 1 1 1 1 1 1 1 1 1
478 5736 -0.772635499088 -0.00514917414768 0.0142738738047 0.71149410063 1 1 1 1 1 1 1 1 1 1 1 1 1 1 1
479 5748 -0.771705955029 -0.00588311534342 0.0165766810847 0.709411467321 1 1 1 1 1 1 1 1 1 1 1 1 1 1 1
480 5760 -0.77147967876 -0.0117190658302 0.0182873866123 0.71045741127 1 1 1 1 1 1 1 1 1 1 1 1 1 1 1
481 5772 -0.776057208453 -0.0029517906373 0.013679545341 0.718205544455 1 1 1 1 1 1 1 1 1 1 1 1 1 1 1
482 5784 -0.777838898965 -0.00205825572914 0.00424759838851 0.71890743867 1 1 1 1 1 1 1 1 1 1 1 1 1 1 1
483 5796 -0.775481957455 -0.00956405739969 0.00102307077154 0.721882851048 1 1 1 1 1 1 1 1 1 1 1 1 1 1 1
484 5808 -0.778748139361 -0.0031043774024 0.0167680251698 0.734553916091 1 1 1 1 1 1 1 1 1 1 1 1 1 1 1
485 5820 -0.781537445491 -0.0103414019489 0.00802863181486 0.746983509587 1 1 1 1 1 1 1 1 1 1 1 1 1 1 1
486 5832 -0.777109955573 -0.002626420773 0.0228481826384 0.746983583596 1 1 1 1 1 1 1 1 1 1 1 1 1 1 1
487 5844 -0.774787074048 -0.00528669485897 0.0115822134887 0.751132809785 1 1 1 1 1 1 1 1 1 1 1 1 1 1 1
488 5856 -0.769141496833 -0.00352618350277 0.00360074605695 0.744556396576 1 1 1 1 1 1 1 1 1 1 1 1 1 1 1
489 5868 -0.768923083031 -0.0199488182025 0.00129013610762 0.740698472081 1 1 1 1 1 1 1 1 1 1 1 1 1 1 1
490 5880 -0.770801947627 -0.00561136816458 0.00464959142003 0.743932626952 1 1 1 1 1 1 1 1 1 1 1 1 1 1 1
491 5892 -0.771755636385 -0.00311585295556 0.00551610014438 0.743018184468 1 1 1 1 1 1 1 1 1 1 1 1 1 1 1
492 5904 -0.767751396095 -0.0278043916841 0.00162133188284 0.754020590756 1 1 1 1 1 1 1 1 1 1 1 1 1 1 1
493 5916 -0.765958957101 -0.00984522873346 0.00180136217347 0.75682476918 1 1 1 1 1 1 1 1 1 1 1 1 1 1 1
494 5928 -0.764471138914 -0.000406854811195 0.000749917075642 0.754839694463 1 1 1 1 1 1 1 1 1 1 1 1 1 1 1
495 5940 -0.768670164714 -0.00350038242466 0.00079437573961 0.758964835873 1 1 1 1 1 1 1 1 1 1 1 1 1 1 1
496 5952 -0.772582913422 -0.00754309051478 0.00506501232534 0.768920530875 1 1 1 1 1 1 1 1 1 1 1 1 1 1 1
497 5964 -0.771341711383 -0.00525622237651 0.0112789564523 0.767844636232 1 1 1 1 1 1 1 1 1 1 1 1 1 1 1
498 5976 -0.768746147365 -0.00829896402453 0.0130797581952 0.770044559541 1 1 1 1 1 1 1 1 1 1 1 1 1 1 1
499 5988 -0.766786856759 -0.000626801086088 0.0136057762991 0.777553914805 1 1 1 1 1 1 1 1 1 1 1 1 1 1 1
500 6000 -0.77156562876 -0.00844853921348 0.0118144394731 0.78192530517 1 1 1 1 1 1 1 1 1 1 1 1 1 1 1
501 6012 -0.772244110946 -0.00727141751583 0.00347768881673 0.783848707815 1 1 1 1 1 1 1 1 1 1 1 1 1 1 1
502 6024 -0.756185816313 -0.0173830931269 0.0388112584238 0.772041730763 1 1 1 1 1 1 1 1 1 1 1 1 1 1 1
503 6036 -0.75519663402 -0.0131629609147 0.0274225907943 0.762768761164 1 1 1 1 1 1 1 1 1 1 1 1 1 1 1
504 6048 -0.754297891368 -0.0132676848109 0.0158254914054 0.756264415679 1 1 1 1 1 1 1 1 1 1 1 1 1 1 1
505 6060 -0.754502647515 -0.000194924023917 0.0121288018246 0.742590889919 1 1 1 1 1 1 1 1 1 1 1 1 1 1 1
506 6072 -0.75575029381 -0.00621416400709 0.00616806880091 0.747364792181 1 1 1 1 1 1 1 1 1 1 1 1 1 1 1
507 6084 -0.763294786993 -0.00743752190135 0.00590090911877 0.748098812626 1 1 1 1 1 1 1 1 1 1 1 1 1 1 1
508 6096 -0.755905255351 -0.00286936184531 0.0219690557361 0.735853434638 1 1 1 1 1 1 1 1 1 1 1 1 1 1 1
509 6108 -0.767110668143 -0.0205432588915 0.00136453085651 0.742124022846 1 1 1 1 1 1 1 1 1 1 1 1 1 1 1
510 6120 -0.771999390769 -0.0157704562304 0.0134839035304 0.742858629 1 1 1 1 1 1 1 1 1 1 1 1 1 1 1
511 6132 -0.769277742442 -0.0157534484986 0.00840856588347 0.739129951659 1 1 1 1 1 1 1 1 1 1 1 1 1 1 1
512 6144 -0.764603205522 -0.00859031235581 0.000254905093859 0.732599702845 1 1 1 1 1 1 1 1 1 1 1 1 1 1 1
513 6156 -0.7717884052 -0.000217086572104 0.00514582663591 0.731512803852 1 1 1 1 1 1 1 1 1 1 1 1 1 1 1
514 6168 -0.768924860916 -0.00234055009034 3.80056704762e-05 0.722889713684 1 1 1 1 1 1 1 1 1 1 1 1 1 1 1
515 6180 -0.773172648784 -0.00238196637062 0.0152041585101 0.723477180463 1 1 1 1 1 1 1 1 1 1 1 1 1 1 1
516 6192 -0.776474833957 -0.010639534531 0.005280968215 0.724570421228 1 1 1 1 1 1 1 1 1 1 1 1 1 1 1
517 6204 -0.774419457298 -0.000265276052741 0.00757257888238 0.721101219729 1 1 1 1 1 1 1 1 1 1 1 1 1 1 1
518 6216 -0.77405449848 -0.0014834340826 0.00764321376383 0.720102516307 1 1 1 1 1 1 1 1 1 1 1 1 1 1 1
519 6228 -0.771328848231 -0.00066925184116 0.000238330111099 0.717934714425 1 1 1 1 1 1 1 1 1 1 1 1 1 1 1
520 6240 -0.778110778846 -0.00380105109768 0.00456053468902 0.723939875812 1 1 1 1 1 1 1 1 1 1 1 1 1 1 1
521 6252 -0.774329222006 -0.0113850021024 0.00742441939319 0.72520368114 1 1 1 1 1 1 1 1 1 1 1 1 1 1 1
522 6264 -0.777320369174 -0.0133724380315 0.00105645782008 0.729312986994 1 1 1 1 1 1 1 1 1 1 1 1 1 1 1
523 6276 -0.779708915883 -0.000353835198405 0.00637398247503 0.732839790388 1 1 1 1 1 1 1 1 1 1 1 1 1 1 1
524 6288 -0.781708772239 -0.00323133937455 0.00844548691406 0.740965527333 1 1 1 1 1 1 1 1 1 1 1 1 1 1 1
525 6300 -0.779483725416 -0.00468721273423 0.0107843103547 0.733648320475 1 1 1 1 1 1 1 1 1 1 1 1 1 1 1
526 6312 -0.779748193855 -0.0177403932787 0.0127649602107 0.731579453924 1 1 1 1 1 1 1 1 1 1 1 1 1 1 1
527 6324 -0.776353526119 -0.0125315910489 0.0123744034488 0.733116523669 1 1 1 1 1 1 1 1 1 1 1 1 1 1 1
528 6336 -0.774035628549 -0.000578326685496 0.00541682536768 0.737567133634 1 1 1 1 1 1 1 1 1 1 1 1 1 1 1
529 6348 -0.772732925189 -0.00494186073653 0.00380153142605 0.733543465276 1 1 1 1 1 1 1 1 1 1 1 1 1 1 1
530 6360 -0.772880287474 -0.0133001816439 0.00555330378058 0.726457201675 1 1 1 1 1 1 1 1 1 1 1 1 1 1 1
531 6372 -0.774776476092 -0.0101001646887 0.0106171584981 0.732014235336 1 1 1 1 1 1 1 1 1 1 1 1 1 1 1
532 6384 -0.784864025849 -0.00939734463371 0.00131269758783 0.733206052526 1 1 1 1 1 1 1 1 1 1 1 1 1 1 1
533 6396 -0.773771089928 -0.00191893708241 0.00967421320095 0.7193077818 1 1 1 1 1 1 1 1 1 1 1 1 1 1 1
534 6408 -0.772859082211 -0.00535850323119 0.000878300662737 0.716618583856 1 1 1 1 1 1 1 1 1 1 1 1 1 1 1
535 6420 -0.761861482765 -0.000303041772693 0.00686395067018 0.721463071883 1 1 1 1 1 1 1 1 1 1 1 1 1 1 1
536 6432 -0.770451286389 -0.00241729608077 0.00208736660885 0.717855952686 1 1 1 1 1 1 1 1 1 1 1 1 1 1 1
537 6444 -0.769791461653 -0.00172427825389 0.00655376814756 0.717340667817 1 1 1 1 1 1 1 1 1 1 1 1 1 1 1
538 6456 -0.767809108929 -0.00732018951101 0.00104178689659 0.715494681812 1 1 1 1 1 1 1 1 1 1 1 1 1 1 1
539 6468 -0.764392681638 -0.00344046237457 0.00603971997762 0.714667310787 1 1 1 1 1 1 1 1 1 1 1 1 1 1 1
540 6480 -0.759729477365 -0.00533639835474 0.00457499063218 0.706241135372 1 1 1 1 1 1 1 1 1 1 1 1 1 1 1
541 6492 -0.761376500801 -0.00687051178673 0.00525639460238 0.711491967709 1 1 1 1 1 1 1 1 1 1 1 1 1 1 1
542 6504 -0.759104821632 -0.0120509962294 0.0147303699609 0.708563237401 1 1 1 1 1 1 1 1 1 1 1 1 1 1 1
543 6516 -0.755225199329 -0.00755044775808 0.00639604979249 0.690834848378 1 1 1 1 1 1 1 1 1 1 1 1 1 1 1
544 6528 -0.751673891968 -0.00428183719911 0.000223015666256 0.708337267295 1 1 1 1 1 1 1 1 1 1 1 1 1 1 1
545 6540 -0.753615768441 -0.00495045567326 0.0179415752192 0.709007264977 1 1 1 1 1 1 1 1 1 1 1 1 1 1 1
546 6552 -0.760001278146 -0.00183518807238 0.00362520135248 0.705623165392 1 1 1 1 1 1 1 1 1 1 1 1 1 1 1
547 6564 -0.76824401921 -0.00309879394809 0.0037590786744 0.704771772034 1 1 1 1 1 1 1 1 1 1 1 1 1 1 1
548 6576 -0.772112826484 -0.00502382180828 0.015499308365 0.707646379442 1 1 1 1 1 1 1 1 1 1 1 1 1 1 1
549 6588 -0.768602292417 -0.00448202765571 0.0145689401364 0.714510867614 1 1 1 1 1 1 1 1 1 1 1 1 1 1 1
550 6600 -0.770518865621 -0.0107073526012 0.0056946592926 0.716729822428 1 1 1 1 1 1 1 1 1 1 1 1 1 1 1
551 6612 -0.759448634571 -0.00425877427869 0.00874246593993 0.703434118394 1 1 1 1 1 1 1 1 1 1 1 1 1 1 1
552 6624 -0.754526870011 -0.000916725826971 0.0132244368555 0.703106375706 1 1 1 1 1 1 1 1 1 1 1 1 1 1 1
553 6636 -0.760531524029 -0.0105719451224 0.0178644332918 0.708362761066 1 1 1 1 1 1 1 1 1 1 1 1 1 1 1
554 6648 -0.764644887856 -0.0153951011464 0.00526041447775 0.706003765567 1 1 1 1 1 1 1 1 1 1 1 1 1 1 1
555 6660 -0.760520204613 -0.00724668625017 0.0165217084743 0.702565404245 1 1 1 1 1 1 1 1 1 1 1 1 1 1 1
556 6672 -0.753388640381 -0.0027102062973 0.00027517680536 0.687212580526 1 1 1 1 1 1 1 1 1 1 1 1 1 1 1
557 6684 -0.752535618352 -0.00360166562752 0.00309916380545 0.689492115353 1 1 1 1 1 1 1 1 1 1 1 1 1 1 1
558 6696 -0.730112321899 -0.00248694482439 0.0193611745008 0.680492529422 1 1 1 1 1 1 1 1 1 1 1 1 1 1 1
559 6708 -0.729851230293 -0.00146236996875 0.0144008345152 0.682332176348 1 1 1 1 1 1 1 1 1 1 1 1 1 1 1
560 6720 -0.734531234359 -0.021333373572 0.0024558050535 0.684417473097 1 1 1 1 1 1 1 1 1 1 1 1 1 1 1
561 6732 -0.718808274097 -0.000218838788913 0.032973393834 0.66400275598 1 1 1 1 1 1 1 1 1 1 1 1 1 1 1
562 6744 -0.724048056998 -0.00526949365336 0.0197047800731 0.657626283619 1 1 1 1 1 1 1 1 1 1 1 1 1 1 1
563 6756 -0.714218204657 -0.00152490001066 0.00283282780409 0.646649026347 1 1 1 1 1 1 1 1 1 1 1 1 1 1 1
564 6768 -0.716030683105 -0.0166750832002 0.00840567095682 0.644094764327 1 1 1 1 1 1 1 1 1 1 1 1 1 1 1
565 6780 -0.707121514622 -0.0154739025979 0.00557492215901 0.653281217637 1 1 1 1 1 1 1 1 1 1 1 1 1 1 1
566 6792 -0.704024476842 -0.00651808417973 0.0241920712176 0.657008119172 1 1 1 1 1 1 1 1 1 1 1 1 1 1 1
567 6804 -0.701053587933 -8.76813805522e-05 0.00302318587959 0.658392541433 1 1 1 1 1 1 1 1 1 1 1 1 1 1 1
568 6816 -0.704418102039 -0.00157010600228 0.00404647079703 0.663146416761 1 1 1 1 1 1 1 1 1 1 1 1 1 1 1
569 6828 -0.712868263324 -0.00761007483392 0.00341457652075 0.67463079515 1 1 1 1 1 1 1 1 1 1 1 1 1 1 1
570 6840 -0.710758567223 -0.00335708668932 0.00440677934059 0.669352967293 1 1 1 1 1 1 1 1 1 1 1 1 1 1 1
571 6852 -0.71326419447 -0.00321730630107 0.00164272320802 0.674490661824 1 1 1 1 1 1 1 1 1 1 1 1 1 1 1
572 6864 -0.711206602936 -0.000835418876747 0.0033819126763 0.664426213167 1 1 1 1 1 1 1 1 1 1 1 1 1 1 1
573 6876 -0.709120730516 -0.00010160103034 0.0217957173026 0.661474123847 1 1 1 1 1 1 1 1 1 1 1 1 1 1 1
574 6888 -0.709825693324 -0.0126877834408 0.0397571074129 0.665617013221 1 1 1 1 1 1 1 1 1 1 1 1 1 1 1
575 6900 -0.717357927143 -0.00291342747351 0.0339950603008 0.681669356867 1 1 1 1 1 1 1 1 1 1 1 1 1 1 1
576 6912 -0.730208735359 -0.00701026681356 0.0030421822799 0.679848899026 1 1 1 1 1 1 1 1 1 1 1 1 1 1 1
577 6924 -0.73599046166 -0.00229954634923 0.00140476464284 0.670233157594 1 1 1 1 1 1 1 1 1 1 1 1 1 1 1
578 6936 -0.746089631996 -0.00540538113469 0.0012242718925 0.670412855353 1 1 1 1 1 1 1 1 1 1 1 1 1 1 1
579 6948 -0.752950081119 -0.0145086072709 0.0118395118314 0.671181264276 1 1 1 1 1 1 1 1 1 1 1 1 1 1 1
580 6960 -0.764133800391 -0.0016592221698 0.0039814782711 0.683126481104 1 1 1 1 1 1 1 1 1 1 1 1 1 1 1
581 6972 -0.763307048445 -0.00348193349773 0.00678975178418 0.68444344536 1 1 1 1 1 1 1 1 1 1 1 1 1 1 1
582 6984 -0.769935782326 -0.0031919691791 0.00470041774484 0.697040422666 1 1 1 1 1 1 1 1 1 1 1 1 1 1 1
583 6996 -0.771898101458 -0.0255036423888 0.00141818111517 0.709380817547 1 1 1 1 1 1 1 1 1 1 1 1 1 1 1
584 7008 -0.770049879243 -0.0203700808255 0.0292349184393 0.722183807315 1 1 1 1 1 1 1 1 1 1 1 1 1 1 1
585 7020 -0.766365932938 -0.0270075145051 0.00807147194602 0.724740489834 1 1 1 1 1 1 1 1 1 1 1 1 1 1 1
586 7032 -0.758882576208 -0.0226832325141 0.00504574983094 0.730252276512 1 1 1 1 1 1 1 1 1 1 1 1 1 1 1
587 7044 -0.761890744317 -0.00507842746399 0.000887430629647 0.730530226429 1 1 1 1 1 1 1 1 1 1 1 1 1 1 1
588 7056 -0.771818421748 -0.0182484502742 0.00407474043466 0.735342817253 1 1 1 1 1 1 1 1 1 1 1 1 1 1 1
589 7068 -0.779535623271 -0.0107145147071 0.0105636000114 0.731480250993 1 1 1 1 1 1 1 1 1 1 1 1 1 1 1
590 7080 -0.79744104964 -0.000321950414948 0.0253744498178 0.734557259024 1 1 1 1 1 1 1 1 1 1 1 1 1 1 1
591 7092 -0.809666076467 -0.00576046332753 0.019526001421 0.741301282835 1 1 1 1 1 1 1 1 1 1 1 1 1 1 1
592 7104 -0.816635055467 -0.00387536617143 0.00337639147607 0.740581713637 1 1 1 1 1 1 1 1 1 1 1 1 1 1 1
593 7116 -0.820684830134 -0.00329946241043 0.00872130387349 0.734080435297 1 1 1 1 1 1 1 1 1 1 1 1 1 1 1
594 7128 -0.817396965671 -0.00467743825336 0.00537674514939 0.724681160623 1 1 1 1 1 1 1 1 1 1 1 1 1 1 1
595 7140 -0.824072405764 -0.00110220350485 0.00283011201168 0.722597708014 1 1 1 1 1 1 1 1 1 1 1 1 1 1 1
596 7152 -0.827741970185 -0.000200578574688 0.0120578989735 0.720725546712 1 1 1 1 1 1 1 1 1 1 1 1 1 1 1
597 7164 -0.8258634123 -0.00462022015291 0.00057875429986 0.710256149244 1 1 1 1 1 1 1 1 1 1 1 1 1 1 1
598 7176 -0.823057303511 -0.025981392038 0.000744311343897 0.697035084106 1 1 1 1 1 1 1 1 1 1 1 1 1 1 1
599 7188 -0.82530689861 -0.00954988308583 0.00246921444267 0.690340694979 1 1 1 1 1 1 1 1 1 1 1 1 1 1 1
600 7200 -0.828030236566 -0.0068021055954 0.0321645543427 0.668337481046 1 1 1 1 1 1 1 1 1 1 1 1 1 1 1
601 7212 -0.826847244432 -0.000337306433206 0.0438963144676 0.66674083431 1 1 1 1 1 1 1 1 1 1 1 1 1 1 1
602 7224 -0.828482698253 -0.000197239958596 0.0357929084719 0.665623871923 1 1 1 1 1 1 1 1 1 1 1 1 1 1 1
603 7236 -0.828500606069 -0.00457963206922 0.038566771123 0.663689007662 1 1 1 1 1 1 1 1 1 1 1 1 1 1 1
604 7248 -0.829607011678 -0.00299427453277 0.0289922109977 0.659620311461 1 1 1 1 1 1 1 1 1 1 1 1 1 1 1
605 7260 -0.83387759574 -0.0016241217567 0.00695349654295 0.666487877554 1 1 1 1 1 1 1 1 1 1 1 1 1 1 1
606 7272 -0.838030364713 -0.00978987590964 0.000703518643228 0.669356233676 1 1 1 1 1 1 1 1 1 1 1 1 1 1 1
607 7284 -0.844517569107 -0.00401969597931 0.0156592301206 0.675493791754 1 1 1 1 1 1 1 1 1 1 1 1 1 1 1
608 7296 -0.849516182824 -0.0248028204126 0.0024275940395 0.677646244798 1 1 1 1 1 1 1 1 1 1 1 1 1 1 1
609 7308 -0.854545692424 -0.000972009219706 0.0116648087395 0.683299252748 1 1 1 1 1 1 1 1 1 1 1 1 1 1 1
610 7320 -0.856584960024 -0.00955565061851 0.000502301035703 0.695480797309 1 1 1 1 1 1 1 1 1 1 1 1 1 1 1
611 7332 -0.856037752111 -0.00379621037169 0.0119531201429 0.689615099491 1 1 1 1 1 1 1 1 1 1 1 1 1 1 1
612 7344 -0.855321046237 -0.00558757206765 0.00398671476237 0.673206053789 1 1 1 1 1 1 1 1 1 1 1 1 1 1 1
613 7356 -0.850815300151 -0.00116180472158 0.00482243048368 0.675966632979 1 1 1 1 1 1 1 1 1 1 1 1 1 1 1
614 7368 -0.847939062852 -0.000250562487546 0.00232095149957 0.668998122773 1 1 1 1 1 1 1 1 1 1 1 1 1 1 1
615 7380 -0.842883700931 -0.00411605615233 0.00420299006505 0.672867667632 1 1 1 1 1 1 1 1 1 1 1 1 1 1 1
616 7392 -0.840089656987 -0.0172436000863 0.00304241076717 0.676948564188 1 1 1 1 1 1 1 1 1 1 1 1 1 1 1
617 7404 -0.837766199131 -0.0163247519017 0.00597747780139 0.684332379526 1 1 1 1 1 1 1 1 1 1 1 1 1 1 1
618 7416 -0.839377909127 -0.00879683443187 0.0026754750291 0.689785766373 1 1 1 1 1 1 1 1 1 1 1 1 1 1 1
619 7428 -0.838015107949 -0.00846420819175 0.00160557411991 0.685002440067 1 1 1 1 1 1 1 1 1 1 1 1 1 1 1
620 7440 -0.854615675437 -0.00933574369491 0.00431282697817 0.702043136289 1 1 1 1 1 1 1 1 1 1 1 1 1 1 1
621 7452 -0.861936620551 -0.00906446436918 0.00773405831248 0.707793591593 1 1 1 1 1 1 1 1 1 1 1 1 1 1 1
622 7464 -0.866355504523 -0.0161193353033 0.00107995753715 0.732193793973 1 1 1 1 1 1 1 1 1 1 1 1 1 1 1
623 7476 -0.877931771577 -0.00356968170658 0.0160033091475 0.744172965836 1 1 1 1 1 1 1 1 1 1 1 1 1 1 1
624 7488 -0.87008666422 -0.00398735588728 0.0248806009511 0.758152357089 1 1 1 1 1 1 1 1 1 1 1 1 1 1 1
625 7500 -0.87018856555 -0.00238310068 0.00549471281255 0.761515032021 1 1 1 1 1 1 1 1 1 1 1 1 1 1 1
626 7512 -0.861604199014 -0.0152328993448 0.0029920853879 0.744570101612 1 1 1 1 1 1 1 1 1 1 1 1 1 1 1
627 7524 -0.859715051169 -0.00189650461347 0.0132544448077 0.748566094279 1 1 1 1 1 1 1 1 1 1 1 1 1 1 1
628 7536 -0.857555935892 -5.35626807683e-05 0.0109142481547 0.754345417237 1 1 1 1 1 1 1 1 1 1 1 1 1 1 1
629 7548 -0.861958189695 -0.00301283140115 0.00289516859626 0.750428860693 1 1 1 1 1 1 1 1 1 1 1 1 1 1 1
630 7560 -0.858520387061 -0.00232123657961 0.0120334563995 0.74350766606 1 1 1 1 1 1 1 1 1 1 1 1 1 1 1
631 7572 -0.851877167656 -0.000718179742718 0.00520506361867 0.739689259456 1 1 1 1 1 1 1 1 1 1 1 1 1 1 1
632 7584 -0.838148193137 -0.00388928384423 0.02191275167 0.729161297226 1 1 1 1 1 1 1 1 1 1 1 1 1 1 1
633 7596 -0.831957289466 -0.00732762133134 0.0112752275231 0.723386554422 1 1 1 1 1 1 1 1 1 1 1 1 1 1 1
634 7608 -0.83236854989 -0.00146153848325 0.00783622995106 0.742540157137 1 1 1 1 1 1 1 1 1 1 1 1 1 1 1
635 7620 -0.833522700555 -0.0102784084147 0.00108876159788 0.740445918356 1 1 1 1 1 1 1 1 1 1 1 1 1 1 1
636 7632 -0.832477901156 -0.0135710627704 0.00593044864105 0.744439479625 1 1 1 1 1 1 1 1 1 1 1 1 1 1 1
637 7644 -0.828973708156 -0.00205143037255 0.000784651267218 0.745816671189 1 1 1 1 1 1 1 1 1 1 1 1 1 1 1
638 7656 -0.827216656322 -0.016416938422 0.0143892829797 0.748078266618 1 1 1 1 1 1 1 1 1 1 1 1 1 1 1
639 7668 -0.832125454256 -0.0114608550033 0.021496956844 0.750838632316 1 1 1 1 1 1 1 1 1 1 1 1 1 1 1
640 7680 -0.832846998179 -0.0236932169928 0.024666274941 0.757377253199 1 1 1 1 1 1 1 1 1 1 1 1 1 1 1
641 7692 -0.835540253334 -0.0147166125286 0.0146743559262 0.760713755424 1 1 1 1 1 1 1 1 1 1 1 1 1 1 1
642 7704 -0.836277303692 -0.00532635307367 0.00333560626971 0.762755105822 1 1 1 1 1 1 1 1 1 1 1 1 1 1 1
643 7716 -0.825698094001 -0.012398686474 0.0052897405121 0.761007929811 1 1 1 1 1 1 1 1 1 1 1 1 1 1 1
644 7728 -0.829985835215 -0.00933407031559 0.000189022780745 0.765751992978 1 1 1 1 1 1 1 1 1 1 1 1 1 1 1
645 7740 -0.828636611047 -0.00235567205074 0.00734526522587 0.767260910706 1 1 1 1 1 1 1 1 1 1 1 1 1 1 1
646 7752 -0.829912181689 -0.0263785963725 0.00319549867879 0.76465187628 1 1 1 1 1 1 1 1 1 1 1 1 1 1 1
647 7764 -0.828130649926 -0.00731353222977 0.00316281652717 0.759706853298 1 1 1 1 1 1 1 1 1 1 1 1 1 1 1
648 7776 -0.819922789153 -0.00222951697599 0.00246010909902 0.749654443783 1 1 1 1 1 1 1 1 1 1 1 1 1 1 1
649 7788 -0.822223081331 -0.00825463422539 0.00324249947092 0.746033567517 1 1 1 1 1 1 1 1 1 1 1 1 1 1 1
650 7800 -0.821973411707 -0.0126086812721 0.00174586544267 0.734445510331 1 1 1 1 1 1 1 1 1 1 1 1 1 1 1
651 7812 -0.822832698701 -0.0110572261356 0.00465636457352 0.733489912076 1 1 1 1 1 1 1 1 1 1 1 1 1 1 1
652 7824 -0.822449079405 -0.0169352511157 0.0184553384497 0.736062211248 1 1 1 1 1 1 1 1 1 1 1 1 1 1 1
653 7836 -0.821471042288 -0.00578011017858 0.0084050842123 0.747332779596 1 1 1 1 1 1 1 1 1 1 1 1 1 1 1
654 7848 -0.82236436934 -0.00193497733184 0.0258914625236 0.747317216275 1 1 1 1 1 1 1 1 1 1 1 1 1 1 1
655 7860 -0.823180033178 -0.0248031467553 0.00599883178558 0.755088309986 1 1 1 1 1 1 1 1 1 1 1 1 1 1 1
656 7872 -0.820178899186 -0.0220556671689 0.00230400101782 0.754033543831 1 1 1 1 1 1 1 1 1 1 1 1 1 1 1
657 7884 -0.818897400395 -0.0290295412631 0.00259578041858 0.750975483185 1 1 1 1 1 1 1 1 1 1 1 1 1 1 1
658 7896 -0.81309378664 -0.0209467444537 0.00535415401634 0.752070144527 1 1 1 1 1 1 1 1 1 1 1 1 1 1 1
659 7908 -0.815136319553 -0.00395689361258 0.0052097581419 0.75855841075 1 1 1 1 1 1 1 1 1 1 1 1 1 1 1
660 7920 -0.817469944521 -0.00019663436751 0.000515238410903 0.757935165304 1 1 1 1 1 1 1 1 1 1 1 1 1 1 1
661 7932 -0.812603146618 -0.0231157462535 0.0160309461183 0.756627462473 1 1 1 1 1 1 1 1 1 1 1 1 1 1 1
662 7944 -0.808503997312 -0.0268612246373 0.0061926688244 0.745895632617 1 1 1 1 1 1 1 1 1 1 1 1 1 1 1
663 7956 -0.802662314315 -0.0178313998313 0.0099228408917 0.740424444533 1 1 1 1 1 1 1 1 1 1 1 1 1 1 1
664 7968 -0.806247278403 -0.0138749404659 0.0124824736106 0.739354924857 1 1 1 1 1 1 1 1 1 1 1 1 1 1 1
665 7980 -0.801120312663 -0.0134558102463 0.0241841543384 0.731282817349 1 1 1 1 1 1 1 1 1 1 1 1 1 1 1
666 7992 -0.802232380908 -0.0179598838875 0.00682907844645 0.71125990076 1 1 1 1 1 1 1 1 1 1 1 1 1 1 1
667 8004 -0.814757156879 -0.00855158912281 0.0354657338116 0.702766273702 1 1 1 1 1 1 1 1 1 1 1 1 1 1 1
668 8016 -0.817172764909 -0.0254813076002 0.00649598035153 0.699716871176 1 1 1 1 1 1 1 1 1 1 1 1 1 1 1
669 8028 -0.815521907181 -0.0289413728918 0.0118374999608 0.697916552754 1 1 1 1 1 1 1 1 1 1 1 1 1 1 1
670 8040 -0.816611096727 -0.0221953999183 0.0022563071017 0.696739070634 1 1 1 1 1 1 1 1 1 1 1 1 1 1 1
671 8052 -0.826519158208 -0.0283554703699 0.00627594780652 0.702431544825 1 1 1 1 1 1 1 1 1 1 1 1 1 1 1
672 8064 -0.828159138335 -0.00384978305119 0.0525774083196 0.711151012546 1 1 1 1 1 1 1 1 1 1 1 1 1 1 1
673 8076 -0.817840705043 -0.00520533237739 0.0144278406443 0.706074448812 1 1 1 1 1 1 1 1 1 1 1 1 1 1 1
674 8088 -0.817807631557 -0.00342493087635 0.00781882327662 0.702543203219 1 1 1 1 1 1 1 1 1 1 1 1 1 1 1
675 8100 -0.816092857278 -0.00799350809667 0.00495728712954 0.692453807198 1 1 1 1 1 1 1 1 1 1 1 1 1 1 1
676 8112 -0.813130733891 -0.00291119652901 0.00470512157828 0.683760417706 1 1 1 1 1 1 1 1 1 1 1 1 1 1 1
677 8124 -0.815171778786 -0.00983169333448 0.00358395153769 0.680516516311 1 1 1 1 1 1 1 1 1 1 1 1 1 1 1
678 8136 -0.811981908333 -0.0016072598711 0.00657706813545 0.677699383386 1 1 1 1 1 1 1 1 1 1 1 1 1 1 1
679 8148 -0.813054751624 -0.015242948679 0.00345433741029 0.664185514654 1 1 1 1 1 1 1 1 1 1 1 1 1 1 1
680 8160 -0.807144370222 -0.00153271583261 0.0130357181672 0.679120819008 1 1 1 1 1 1 1 1 1 1 1 1 1 1 1
681 8172 -0.806827323115 -0.0021426481364 0.00781945244735 0.681180768142 1 1 1 1 1 1 1 1 1 1 1 1 1 1 1
682 8184 -0.810891367949 -0.00994885920207 0.000685795735097 0.679242079491 1 1 1 1 1 1 1 1 1 1 1 1 1 1 1
683 8196 -0.81203971531 -0.0114139884664 0.00403886917029 0.68105862819 1 1 1 1 1 1 1 1 1 1 1 1 1 1 1
684 8208 -0.810983653702 -0.00556159145181 0.00182981586436 0.685761586986 1 1 1 1 1 1 1 1 1 1 1 1 1 1 1
685 8220 -0.80861190372 -0.0115542018789 0.00085049308396 0.69032774326 1 1 1 1 1 1 1 1 1 1 1 1 1 1 1
686 8232 -0.809675231489 -2.29166294019e-06 0.000335982965626 0.70420572812 1 1 1 1 1 1 1 1 1 1 1 1 1 1 1
687 8244 -0.813424780544 -0.00114636645578 0.00636457452552 0.704661220998 1 1 1 1 1 1 1 1 1 1 1 1 1 1 1
688 8256 -0.811910758746 -0.00555479862178 0.00232360096567 0.707125578014 1 1 1 1 1 1 1 1 1 1 1 1 1 1 1
689 8268 -0.809362611133 -0.014926932992 0.00216062115858 0.708342687208 1 1 1 1 1 1 1 1 1 1 1 1 1 1 1
690 8280 -0.810037040777 -0.00814132740282 0.00290076457377 0.705488639655 1 1 1 1 1 1 1 1 1 1 1 1 1 1 1
691 8292 -0.80152447571 -0.00571705581444 0.00770112816305 0.708022475638 1 1 1 1 1 1 1 1 1 1 1 1 1 1 1
692 8304 -0.795956826495 -0.00507851511903 0.00257376502701 0.707795262586 1 1 1 1 1 1 1 1 1 1 1 1 1 1 1
693 8316 -0.798716828281 -0.0073507207948 6.88194302224e-05 0.705202886791 1 1 1 1 1 1 1 1 1 1 1 1 1 1 1
694 8328 -0.793213637095 -0.00493830747257 0.00403177695251 0.714069354452 1 1 1 1 1 1 1 1 1 1 1 1 1 1 1
695 8340 -0.79737600783 -0.00103672676203 0.00415253205441 0.706718378343 1 1 1 1 1 1 1 1 1 1 1 1 1 1 1
696 8352 -0.796080696632 -0.0112918402279 0.00151176593821 0.700385934776 1 1 1 1 1 1 1 1 1 1 1 1 1 1 1
697 8364 -0.793760810774 -0.000253105227203 0.00639900415685 0.713384439184 1 1 1 1 1 1 1 1 1 1 1 1 1 1 1
698 8376 -0.790620813907 -0.00137161223448 0.0100381327145 0.697915219247 1 1 1 1 1 1 1 1 1 1 1 1 1 1 1
699 8388 -0.780720110295 -0.00139449051348 0.0031126927153 0.692821324199 1 1 1 1 1 1 1 1 1 1 1 1 1 1 1
700 8400 -0.771953492937 -0.000400923407104 0.00356537161544 0.701290316541 1 1 1 1 1 1 1 1 1 1 1 1 1 1 1
701 8412 -0.771560866479 -0.00624036641353 0.00346008860831 0.702059445646 1 1 1 1 1 1 1 1 1 1 1 1 1 1 1
702 8424 -0.767367927767 -0.00264489283007 0.00263554164871 0.706167052953 1 1 1 1 1 1 1 1 1 1 1 1 1 1 1
703 8436 -0.761530434671 -0.0133847513592 0.00410772749646 0.710049254967 1 1 1 1 1 1 1 1 1 1 1 1 1 1 1
704 8448 -0.768379603075 -0.0019810361581 0.00322596457401 0.70403838495 1 1 1 1 1 1 1 1 1 1 1 1 1 1 1
705 8460 -0.768785811195 -0.00317178520265 0.00182902170249 0.700902738892 1 1 1 1 1 1 1 1 1 1 1 1 1 1 1
706 8472 -0.766134666856 -0.00164959939153 0.00785408828504 0.695072287262 1 1 1 1 1 1 1 1 1 1 1 1 1 1 1
707 8484 -0.761443075207 -0.00212308256762 0.00153000145077 0.683337358955 1 1 1 1 1 1 1 1 1 1 1 1 1 1 1
708 8496 -0.76079521123 -0.00289527265506 0.00631860761817 0.681414087043 1 1 1 1 1 1 1 1 1 1 1 1 1 1 1
709 8508 -0.753617327079 -0.000470231172806 0.00216822029409 0.698141977857 1 1 1 1 1 1 1 1 1 1 1 1 1 1 1
710 8520 -0.756992021554 -0.00461526069855 9.03019749484e-05 0.689493576729 1 1 1 1 1 1 1 1 1 1 1 1 1 1 1
711 8532 -0.75950892675 -0.00759301181107 4.65149914296e-05 0.696782082036 1 1 1 1 1 1 1 1 1 1 1 1 1 1 1
712 8544 -0.761046553821 -0.0070256462562 0.0100142059468 0.698452595295 1 1 1 1 1 1 1 1 1 1 1 1 1 1 1
713 8556 -0.760750026161 -0.00297350741875 0.00641339873748 0.700493201492 1 1 1 1 1 1 1 1 1 1 1 1 1 1 1
714 8568 -0.766432922964 -0.00162655013051 0.00556732694428 0.686242424846 1 1 1 1 1 1 1 1 1 1 1 1 1 1 1
715 8580 -0.771390837028 -0.00775080389519 0.00291170125927 0.717178777014 1 1 1 1 1 1 1 1 1 1 1 1 1 1 1
716 8592 -0.769738564881 -0.00399852282211 0.0330335480592 0.726937218479 1 1 1 1 1 1 1 1 1 1 1 1 1 1 1
717 8604 -0.770142920471 -0.0123062276732 0.025033466762 0.740310357932 1 1 1 1 1 1 1 1 1 1 1 1 1 1 1
718 8616 -0.767170462835 -0.00584329634719 0.00633284103763 0.74424085864 1 1 1 1 1 1 1 1 1 1 1 1 1 1 1
719 8628 -0.764577152417 -0.0227342614247 0.00274669193064 0.747050160701 1 1 1 1 1 1 1 1 1 1 1 1 1 1 1
720 8640 -0.776561275919 -0.00268667309069 0.0107552118552 0.749077934889 1 1 1 1 1 1 1 1 1 1 1 1 1 1 1
721 8652 -0.772241717666 -0.00568207323379 0.0230435115769 0.746517964472 1 1 1 1 1 1 1 1 1 1 1 1 1 1 1
722 8664 -0.769704141146 -0.0220569155368 0.00119048295429 0.747895364182 1 1 1 1 1 1 1 1 1 1 1 1 1 1 1
723 8676 -0.761715512761 -0.00345891033777 0.00822184881427 0.752374702165 1 1 1 1 1 1 1 1 1 1 1 1 1 1 1
724 8688 -0.760896557296 -0.0444738469242 0.00276210336987 0.743538839646 1 1 1 1 1 1 1 1 1 1 1 1 1 1 1
725 8700 -0.756415537594 -0.0310828051863 0.0027667198123 0.74239490657 1 1 1 1 1 1 1 1 1 1 1 1 1 1 1
726 8712 -0.763898456488 -0.0039908656432 0.00283312550657 0.753993823361 1 1 1 1 1 1 1 1 1 1 1 1 1 1 1
727 8724 -0.766969986631 -0.00615409782969 0.00371978101102 0.752952678651 1 1 1 1 1 1 1 1 1 1 1 1 1 1 1
728 8736 -0.76355569438 -0.00204835591786 0.00862893205596 0.744819648237 1 1 1 1 1 1 1 1 1 1 1 1 1 1 1
729 8748 -0.76950792722 -0.00216666397362 0.00445061696698 0.741694610259 1 1 1 1 1 1 1 1 1 1 1 1 1 1 1
730 8760 -0.757784184506 -0.00368589690047 0.0221183512083 0.739351479047 1 1 1 1 1 1 1 1 1 1 1 1 1 1 1
731 8772 -0.751533653591 -0.00126952991675 0.0159853671196 0.727059540773 1 1 1 1 1 1 1 1 1 1 1 1 1 1 1
732 8784 -0.74861183125 -0.00268078637225 0.00233666289854 0.719141238585 1 1 1 1 1 1 1 1 1 1 1 1 1 1 1
733 8796 -0.738269843758 -0.00739163487544 0.00516053381372 0.716786438777 1 1 1 1 1 1 1 1 1 1 1 1 1 1 1
734 8808 -0.735411349261 -0.0045575358035 0.00206400595825 0.718716718435 1 1 1 1 1 1 1 1 1 1 1 1 1 1 1
735 8820 -0.728184129438 -0.00120904686764 0.00561154858828 0.723592141015 1 1 1 1 1 1 1 1 1 1 1 1 1 1 1
736 8832 -0.735319897748 -0.000332741577519 0.000741146610327 0.718484850303 1 1 1 1 1 1 1 1 1 1 1 1 1 1 1
737 8844 -0.73656877339 -0.00295462757212 0.000966644686258 0.711251748095 1 1 1 1 1 1 1 1 1 1 1 1 1 1 1
738 8856 -0.733237489708 -0.00275219055679 0.0012976893398 0.698569862047 1 1 1 1 1 1 1 1 1 1 1 1 1 1 1
739 8868 -0.723269454142 -0.00412534151166 0.00510501884399 0.699463308232 1 1 1 1 1 1 1 1 1 1 1 1 1 1 1
740 8880 -0.721362570636 -0.000897629310504 0.0163773234398 0.688373345508 1 1 1 1 1 1 1 1 1 1 1 1 1 1 1
741 8892 -0.71819462969 -0.00163358091772 0.0130414359225 0.690345331242 1 1 1 1 1 1 1 1 1 1 1 1 1 1 1
742 8904 -0.719200430957 -0.0180315502662 0.00236309578026 0.696779874664 1 1 1 1 1 1 1 1 1 1 1 1 1 1 1
743 8916 -0.721991714654 -0.00461457666686 0.000695743330883 0.696599928296 1 1 1 1 1 1 1 1 1 1 1 1 1 1 1
744 8928 -0.733156484375 -0.00822049277561 0.00647518237008 0.693765856246 1 1 1 1 1 1 1 1 1 1 1 1 1 1 1
745 8940 -0.728285932584 -0.0128699864414 0.00101348587384 0.688049378336 1 1 1 1 1 1 1 1 1 1 1 1 1 1 1
746 8952 -0.724657548304 -0.000174087241492 0.00539910199543 0.676343478578 1 1 1 1 1 1 1 1 1 1 1 1 1 1 1
747 8964 -0.724518298118 -0.00114747476604 0.00568335338148 0.673774675698 1 1 1 1 1 1 1 1 1 1 1 1 1 1 1
748 8976 -0.711851547495 -0.00143631310259 0.00141952494249 0.669424198533 1 1 1 1 1 1 1 1 1 1 1 1 1 1 1
749 8988 -0.713243319483 -0.00797626206124 0.00946930484518 0.654412908366 1 1 1 1 1 1 1 1 1 1 1 1 1 1 1
750 9000 -0.720578687334 -0.0155044005813 0.00477663971464 0.640120492055 1 1 1 1 1 1 1 1 1 1 1 1 1 1 1
751 9012 -0.724914807877 -0.00312191512147 0.0141042654447 0.632004912309 1 1 1 1 1 1 1 1 1 1 1 1 1 1 1
752 9024 -0.717638929844 -0.00639705121105 0.0011261146903 0.610335887808 1 1 1 1 1 1 1 1 1 1 1 1 1 1 1
753 9036 -0.731106199181 -0.0122424077961 0.00834702191066 0.603082272538 1 1 1 1 1 1 1 1 1 1 1 1 1 1 1
754 9048 -0.732455611931 -0.0081527925718 0.00870512193607 0.606650998887 1 1 1 1 1 1 1 1 1 1 1 1 1 1 1
755 9060 -0.731827110143 -0.00662788415094 0.0190255250718 0.609535424465 1 1 1 1 1 1 1 1 1 1 1 1 1 1 1
756 9072 -0.731058162546 -0.0415682686832 0.0011699386371 0.614583293201 1 1 1 1 1 1 1 1 1 1 1 1 1 1 1
757 9084 -0.71732471163 -0.000568390229825 0.0244162978073 0.609529515042 1 1 1 1 1 1 1 1 1 1 1 1 1 1 1
758 9096 -0.713627013013 -0.0209720796764 0.000164062813494 0.6065206643 1 1 1 1 1 1 1 1 1 1 1 1 1 1 1
759 9108 -0.71341647408 -4.93894180129e-06 0.0320290358125 0.612750536104 1 1 1 1 1 1 1 1 1 1 1 1 1 1 1
760 9120 -0.705792965005 -0.025600912541 0.0241290014706 0.602841265074 1 1 1 1 1 1 1 1 1 1 1 1 1 1 1
761 9132 -0.703183289943 -0.0177957052663 0.0310155399436 0.612062186942 1 1 1 1 1 1 1 1 1 1 1 1 1 1 1
762 9144 -0.703253414096 -0.0142804944978 0.00282136412222 0.618871643922 1 1 1 1 1 1 1 1 1 1 1 1 1 1 1
763 9156 -0.713865100249 -0.00363412751767 0.0015391580696 0.62025258654 1 1 1 1 1 1 1 1 1 1 1 1 1 1 1
764 9168 -0.712286867009 -0.000326461130732 0.00670020923835 0.617832685176 1 1 1 1 1 1 1 1 1 1 1 1 1 1 1
765 9180 -0.720844503719 -0.0258393623447 0.00711814150068 0.633229637344 1 1 1 1 1 1 1 1 1 1 1 1 1 1 1
766 9192 -0.743739667176 -2.74968908511e-05 0.00735368403039 0.644828461303 1 1 1 1 1 1 1 1 1 1 1 1 1 1 1
767 9204 -0.747874680321 -0.000795392511325 0.0126066048523 0.653464472375 1 1 1 1 1 1 1 1 1 1 1 1 1 1 1
768 9216 -0.744184339991 -0.00565942346615 0.00595875927634 0.651497989561 1 1 1 1 1 1 1 1 1 1 1 1 1 1 1
769 9228 -0.74374027213 -0.0210527098378 0.000407030824385 0.659221305944 1 1 1 1 1 1 1 1 1 1 1 1 1 1 1
770 9240 -0.747932399512 -0.00685353853823 0.00184730947384 0.661091855677 1 1 1 1 1 1 1 1 1 1 1 1 1 1 1
771 9252 -0.743921300187 -0.00117957934262 0.00580404618874 0.666674943113 1 1 1 1 1 1 1 1 1 1 1 1 1 1 1
772 9264 -0.743629244174 -0.00783143861949 0.0139530958038 0.664999899436 1 1 1 1 1 1 1 1 1 1 1 1 1 1 1
773 9276 -0.73303772225 -0.0204817936808 0.00697931752609 0.649413761378 1 1 1 1 1 1 1 1 1 1 1 1 1 1 1
774 9288 -0.72663582433 -0.00728577271986 0.00121720158288 0.648580472802 1 1 1 1 1 1 1 1 1 1 1 1 1 1 1
775 9300 -0.723462815505 -0.000717161866626 0.00219429585609 0.649881290332 1 1 1 1 1 1 1 1 1 1 1 1 1 1 1
776 9312 -0.724450721002 -0.00160483698043 0.00306261135079 0.650664001471 1 1 1 1 1 1 1 1 1 1 1 1 1 1 1
777 9324 -0.725270121182 -5.93887867027e-05 0.00762395301319 0.654157416239 1 1 1 1 1 1 1 1 1 1 1 1 1 1 1
778 9336 -0.718377890993 -0.00189889660307 0.0044379328123 0.653416974981 1 1 1 1 1 1 1 1 1 1 1 1 1 1 1
779 9348 -0.718637948641 -0.00208572472464 0.00450944218921 0.647548433923 1 1 1 1 1 1 1 1 1 1 1 1 1 1 1
780 9360 -0.709002906184 -0.0119780637958 0.000476235649002 0.641762264881 1 1 1 1 1 1 1 1 1 1 1 1 1 1 1
781 9372 -0.706706315684 -0.00674502508257 0.00564109818858 0.643870689256 1 1 1 1 1 1 1 1 1 1 1 1 1 1 1
782 9384 -0.705259111489 -0.0136859564964 0.0090123919396 0.651413278572 1 1 1 1 1 1 1 1 1 1 1 1 1 1 1
783 9396 -0.703861068484 -0.00318986283339 0.01956030009 0.64342441755 1 1 1 1 1 1 1 1 1 1 1 1 1 1 1
784 9408 -0.698225138712 -0.0115068393891 0.00707906697046 0.640515225647 1 1 1 1 1 1 1 1 1 1 1 1 1 1 1
785 9420 -0.689567355138 -0.00821017220995 0.00986658656026 0.643812337018 1 1 1 1 1 1 1 1 1 1 1 1 1 1 1
786 9432 -0.70521869234 -0.00195549995326 0.00058507132681 0.63932783208 1 1 1 1 1 1 1 1 1 1 1 1 1 1 1
787 9444 -0.704132529948 -0.00473460344647 0.00333319988059 0.634845988621 1 1 1 1 1 1 1 1 1 1 1 1 1 1 1
788 9456 -0.703449631603 -0.000124128928374 0.00208617994446 0.637783278254 1 1 1 1 1 1 1 1 1 1 1 1 1 1 1
789 9468 -0.706566029424 -0.000164821260731 0.000807850388097 0.636611059925 1 1 1 1 1 1 1 1 1 1 1 1 1 1 1
790 9480 -0.709842145434 -0.00141479180044 0.00162088562586 0.628689499222 1 1 1 1 1 1 1 1 1 1 1 1 1 1 1
791 9492 -0.709365171243 -0.00206444600708 0.00240986181499 0.629954893532 1 1 1 1 1 1 1 1 1 1 1 1 1 1 1
792 9504 -0.711011486654 -0.0158019625959 0.00212953055336 0.618774831434 1 1 1 1 1 1 1 1 1 1 1 1 1 1 1
793 9516 -0.715920941866 -0.014819387928 0.00429270407927 0.610690343354 1 1 1 1 1 1 1 1 1 1 1 1 1 1 1
794 9528 -0.711905809155 -0.010464876534 0.0196351992897 0.580718589342 1 1 1 1 1 1 1 1 1 1 1 1 1 1 1
795 9540 -0.706471481998 -0.0120177558927 0.0119433514831 0.574176616381 1 1 1 1 1 1 1 1 1 1 1 1 1 1 1
796 9552 -0.719196769361 -0.00334388300799 0.00872942566882 0.589537639885 1 1 1 1 1 1 1 1 1 1 1 1 1 1 1
797 9564 -0.71326325832 -0.00671310381448 0.00121227854177 0.609629902248 1 1 1 1 1 1 1 1 1 1 1 1 1 1 1
798 9576 -0.719011669562 -0.0131954426151 0.0188604849394 0.604240069559 1 1 1 1 1 1 1 1 1 1 1 1 1 1 1
799 9588 -0.72031666371 -0.00234608964499 0.0109686885119 0.61195403903 1 1 1 1 1 1 1 1 1 1 1 1 1 1 1
800 9600 -0.725545722743 -0.00139409303975 0.00447859807768 0.597811513912 1 1 1 1 1 1 1 1 1 1 1 1 1 1 1
801 9612 -0.723759485152 -0.00132300471699 0.00365234895611 0.598089814114 1 1 1 1 1 1 1 1 1 1 1 1 1 1 1
802 9624 -0.729996815001 -0.0032423068068 0.00302934260972 0.591577693134 1 1 1 1 1 1 1 1 1 1 1 1 1 1 1
803 9636 -0.713479978434 -0.00396109381054 0.000597742100982 0.596786255356 1 1 1 1 1 1 1 1 1 1 1 1 1 1 1
804 9648 -0.716913735523 -0.00478519284792 0.00194786505975 0.592880317568 1 1 1 1 1 1 1 1 1 1 1 1 1 1 1
805 9660 -0.716109674956 -0.00561224394082 0.00606450831744 0.588473003113 1 1 1 1 1 1 1 1 1 1 1 1 1 1 1
806 9672 -0.721733878067 -0.00447516321536 0.00117125836514 0.597191719742 1 1 1 1 1 1 1 1 1 1 1 1 1 1 1
807 9684 -0.732651387902 -0.00486802673573 0.00595922446827 0.619405008875 1 1 1 1 1 1 1 1 1 1 1 1 1 1 1
808 9696 -0.730679435982 -0.0104994815557 0.00286687953725 0.614190464886 1 1 1 1 1 1 1 1 1 1 1 1 1 1 1
809 9708 -0.734282136295 -0.0026470958017 0.0100657483625 0.621082221396 1 1 1 1 1 1 1 1 1 1 1 1 1 1 1
810 9720 -0.733929227242 -0.00178239876902 0.00584888979069 0.624031318095 1 1 1 1 1 1 1 1 1 1 1 1 1 1 1
811 9732 -0.73189847794 -0.00126628664261 0.00245213587971 0.629064743065 1 1 1 1 1 1 1 1 1 1 1 1 1 1 1
812 9744 -0.724267846366 -0.000592483487077 0.0034922281501 0.627351619357 1 1 1 1 1 1 1 1 1 1 1 1 1 1 1
813 9756 -0.72124740623 -0.0106985470015 0.00448977655141 0.627792257542 1 1 1 1 1 1 1 1 1 1 1 1 1 1 1
814 9768 -0.712190121482 -0.00971171338302 0.00429508995671 0.620295180911 1 1 1 1 1 1 1 1 1 1 1 1 1 1 1
815 9780 -0.703186301059 -0.00464054439683 0.00699941479139 0.606915175542 1 1 1 1 1 1 1 1 1 1 1 1 1 1 1
816 9792 -0.700068704966 -0.00218756151784 0.0130899927273 0.600065538197 1 1 1 1 1 1 1 1 1 1 1 1 1 1 1
817 9804 -0.692320192532 -0.00837882222065 0.00567093954236 0.601600777998 1 1 1 1 1 1 1 1 1 1 1 1 1 1 1
818 9816 -0.682353595975 -0.000263418587143 0.00127741564678 0.590983639981 1 1 1 1 1 1 1 1 1 1 1 1 1 1 1
819 9828 -0.694396915854 -0.00593622049577 0.0025715687688 0.590616336947 1 1 1 1 1 1 1 1 1 1 1 1 1 1 1
820 9840 -0.689588187043 -0.00224713496589 0.00837060071337 0.584645810951 1 1 1 1 1 1 1 1 1 1 1 1 1 1 1
821 9852 -0.691131640578 -0.00612811463737 0.00271346009916 0.585887891595 1 1 1 1 1 1 1 1 1 1 1 1 1 1 1
822 9864 -0.689764912196 -0.00942504273841 0.00146098535071 0.582284648913 1 1 1 1 1 1 1 1 1 1 1 1 1 1 1
823 9876 -0.681540966847 -0.00281011070655 0.00324839230708 0.567721208377 1 1 1 1 1 1 1 1 1 1 1 1 1 1 1
824 9888 -0.68248602838 -0.012308141586 0.00198073917039 0.574050587475 1 1 1 1 1 1 1 1 1 1 1 1 1 1 1
825 9900 -0.697999524634 -0.00306969282505 0.000973202461024 0.579717562798 1 1 1 1 1 1 1 1 1 1 1 1 1 1 1
826 9912 -0.693277406189 -0.00136603239238 0.00372255270138 0.588055264056 1 1 1 1 1 1 1 1 1 1 1 1 1 1 1
827 9924 -0.675998447576 -0.00587285533399 0.0186379724222 0.593896418586 1 1 1 1 1 1 1 1 1 1 1 1 1 1 1
828 9936 -0.671548886912 -0.009860594341 0.0136025656743 0.612460231474 1 1 1 1 1 1 1 1 1 1 1 1 1 1 1
829 9948 -0.67775874876 -0.00132273663941 0.0163959956117 0.609853694335 1 1 1 1 1 1 1 1 1 1 1 1 1 1 1
830 9960 -0.692043904391 -0.000652035896883 0.00776540650727 0.603742236818 1 1 1 1 1 1 1 1 1 1 1 1 1 1 1
831 9972 -0.69467251848 -0.0091021809057 0.00289007630904 0.614358520082 1 1 1 1 1 1 1 1 1 1 1 1 1 1 1
832 9984 -0.690275766458 -0.00863481500157 0.0031763697739 0.607972042868 1 1 1 1 1 1 1 1 1 1 1 1 1 1 1
833 9996 -0.690188053359 -0.00164085274023 0.01217355357 0.607460001778 1 1 1 1 1 1 1 1 1 1 1 1 1 1 1
834 10008 -0.692918923251 -0.000802450266339 0.00638977376799 0.61766644074 1 1 1 1 1 1 1 1 1 1 1 1 1 1 1
835 10020 -0.69164467625 -0.00652589347932 0.00739702003204 0.607715696781 1 1 1 1 1 1 1 1 1 1 1 1 1 1 1
836 10032 -0.688037615218 -0.00227875952302 0.00150692368616 0.605277415725 1 1 1 1 1 1 1 1 1 1 1 1 1 1 1
837 10044 -0.690676158904 -0.00298098978193 0.016679939385 0.621036759151 1 1 1 1 1 1 1 1 1 1 1 1 1 1 1
838 10056 -0.693543184195 -0.0228645015778 0.0131437532572 0.616671046819 1 1 1 1 1 1 1 1 1 1 1 1 1 1 1
839 10068 -0.690465437077 -3.55700343668e-05 0.0015576600678 0.618973592554 1 1 1 1 1 1 1 1 1 1 1 1 1 1 1
840 10080 -0.688776144646 -0.000733998998839 0.0111018531225 0.626606080492 1 1 1 1 1 1 1 1 1 1 1 1 1 1 1
841 10092 -0.684151558468 -0.0221642302342 0.012605665265 0.627312970593 1 1 1 1 1 1 1 1 1 1 1 1 1 1 1
842 10104 -0.68850543156 -0.0123746089377 0.00782525390716 0.630180949849 1 1 1 1 1 1 1 1 1 1 1 1 1 1 1
843 10116 -0.700826737918 -0.00242338038974 0.0018436600472 0.633388126199 1 1 1 1 1 1 1 1 1 1 1 1 1 1 1
844 10128 -0.708314885889 -0.00282024612055 0.00507662084906 0.63390374008 1 1 1 1 1 1 1 1 1 1 1 1 1 1 1
845 10140 -0.699432859744 -0.0159726884399 0.00128188936007 0.650201762866 1 1 1 1 1 1 1 1 1 1 1 1 1 1 1
846 10152 -0.698847053252 -0.00563084741678 0.00262392567991 0.63218247296 1 1 1 1 1 1 1 1 1 1 1 1 1 1 1
847 10164 -0.699691622803 -0.0114625433443 0.0148265906995 0.635148365485 1 1 1 1 1 1 1 1 1 1 1 1 1 1 1
848 10176 -0.689644986549 -0.0082650527164 0.0137765077116 0.632068094883 1 1 1 1 1 1 1 1 1 1 1 1 1 1 1
849 10188 -0.698070672739 -0.00951428456392 0.0199179446135 0.627367329093 1 1 1 1 1 1 1 1 1 1 1 1 1 1 1
850 10200 -0.699996948583 -0.000491266208181 0.00850924518114 0.647125656807 1 1 1 1 1 1 1 1 1 1 1 1 1 1 1
851 10212 -0.705640753309 -0.00066570286251 0.0284056144651 0.652397520153 1 1 1 1 1 1 1 1 1 1 1 1 1 1 1
852 10224 -0.712158487693 -0.0101736714861 0.00444370708768 0.657105997101 1 1 1 1 1 1 1 1 1 1 1 1 1 1 1
853 10236 -0.697897525037 -0.00599962606488 0.0146109504582 0.64165298282 1 1 1 1 1 1 1 1 1 1 1 1 1 1 1
854 10248 -0.690310220935 -0.0276728909688 0.0130329961785 0.634955406793 1 1 1 1 1 1 1 1 1 1 1 1 1 1 1
855 10260 -0.679782861482 -0.0211949618928 0.0182587351976 0.643700220262 1 1 1 1 1 1 1 1 1 1 1 1 1 1 1
856 10272 -0.684057363524 -0.0482647573221 0.00686566849624 0.637575457399 1 1 1 1 1 1 1 1 1 1 1 1 1 1 1
857 10284 -0.690915000715 -0.002246196249 0.00881374783179 0.638798668656 1 1 1 1 1 1 1 1 1 1 1 1 1 1 1
858 10296 -0.694836432543 -0.00444345861157 0.000725134662689 0.635640734601 1 1 1 1 1 1 1 1 1 1 1 1 1 1 1
859 10308 -0.691775200792 -0.00747030650976 0.00131500493775 0.625451009478 1 1 1 1 1 1 1 1 1 1 1 1 1 1 1
860 10320 -0.698103733966 -0.0105295534146 0.00455541123652 0.619871763388 1 1 1 1 1 1 1 1 1 1 1 1 1 1 1
861 10332 -0.694983055006 -0.00481509745622 0.00842176201328 0.627661034973 1 1 1 1 1 1 1 1 1 1 1 1 1 1 1
862 10344 -0.686099429444 -0.0147450065468 0.000356286921654 0.608417134156 1 1 1 1 1 1 1 1 1 1 1 1 1 1 1
863 10356 -0.692539677084 -0.00208591550345 0.0140853766274 0.605083223908 1 1 1 1 1 1 1 1 1 1 1 1 1 1 1
864 10368 -0.68685507108 -0.00192699853445 0.0130655442247 0.594621401885 1 1 1 1 1 1 1 1 1 1 1 1 1 1 1
865 10380 -0.680848410388 -0.00398017668997 0.00765036275297 0.612016864927 1 1 1 1 1 1 1 1 1 1 1 1 1 1 1
866 10392 -0.680708171463 -0.00632905268525 0.014429890536 0.615160899591 1 1 1 1 1 1 1 1 1 1 1 1 1 1 1
867 10404 -0.684326769554 -0.00805655286976 0.00424729797774 0.614510624782 1 1 1 1 1 1 1 1 1 1 1 1 1 1 1
868 10416 -0.693079838858 -0.013523363481 0.00552158055829 0.604935793651 1 1 1 1 1 1 1 1 1 1 1 1 1 1 1
869 10428 -0.701294974478 -0.0019477700333 0.00251586951427 0.611119361681 1 1 1 1 1 1 1 1 1 1 1 1 1 1 1
870 10440 -0.710141325943 -0.000397352942921 0.000642737416337 0.609518610496 1 1 1 1 1 1 1 1 1 1 1 1 1 1 1
