% # columns="iteration, evaluation, sigma, axis ratio, bestever, best, median, worst objective function value, further objective values of best", seed=6, Wed Jan 31 12:50:06 2018, <python>{}</python>
1 12 1.84849254577 1.00004666776 -8.4 -8.4000000000000004e+00 -8.33 -8.04316666667   
2 24 1.85710988801 1.16750012552 -8.49 -8.4900000000000002e+00 -8.33 -3.49338466667   
3 36 1.92059440242 1.24323780625 -8.55 -8.5500000000000007e+00 -8.45333333333 -8.09983333333   
4 48 2.03837524597 1.31411254588 -8.563333333333333 -8.5633333333333326e+00 -8.48333333333 -8.22316666667   
5 60 2.02920049065 1.39379102524 -8.566666666666666 -8.5666666666666664e+00 -8.51 -8.37666666667   
6 72 2.06671847699 1.44437348411 -8.57 -8.5700000000000003e+00 -8.47 -8.41666666667   
7 84 2.05715019361 1.50063915726 -8.626666666666667 -8.6266666666666669e+00 -8.52 -8.36333333333   
8 96 2.05035074218 1.56823823141 -8.636666666666667 -8.6366666666666667e+00 -8.56 -8.41333333333   
9 108 2.11709309839 1.61266384916 -8.636666666666667 -8.6266666666666669e+00 -8.56666666667 -3.70335533333   
10 120 2.15014677904 1.65533112327 -8.636666666666667 -8.6099999999999994e+00 -8.51333333333 -1.81948666667   
11 132 2.11762918792 1.64404400341 -8.636666666666667 -8.5933333333333337e+00 -8.54333333333 -8.41333333333   
12 144 2.08285678252 1.63817780523 -8.636666666666667 -8.5999999999999996e+00 -8.48333333333 1.0   
13 156 1.94784312722 1.66866826476 -8.65 -8.6500000000000004e+00 -8.54 -8.48   
14 168 1.89275004657 1.74571035833 -8.65 -8.6333333333333329e+00 -8.56 -8.48666666667   
15 180 1.7775084757 1.68526966804 -8.65 -8.6233333333333331e+00 -8.57 -3.11063333333   
16 192 1.70592794308 1.70659198083 -8.65 -8.6033333333333335e+00 -8.56333333333 -8.54333333333   
17 204 1.67606768771 1.69221090757 -8.65 -8.6400000000000006e+00 -8.57 -8.53   
18 216 1.54465291675 1.72016614375 -8.653333333333334 -8.6533333333333342e+00 -8.56333333333 -8.4   
19 228 1.50493754465 1.70738376274 -8.653333333333334 -8.6133333333333333e+00 -8.59 -8.48333333333   
20 240 1.39121153466 1.71943697454 -8.653333333333334 -8.6199999999999992e+00 -8.56333333333 -8.47333333333   
21 252 1.29894861026 1.70849323188 -8.653333333333334 -8.6466666666666665e+00 -8.6 -8.53333333333   
22 264 1.24471123609 1.69243007279 -8.653333333333334 -8.6400000000000006e+00 -8.59333333333 -8.54   
23 276 1.12806470945 1.70136029798 -8.653333333333334 -8.6400000000000006e+00 -8.6 -8.51666666667   
24 288 1.00978603858 1.74566443094 -8.653333333333334 -8.6300000000000008e+00 -8.58666666667 -8.56   
25 300 0.949936132318 1.76917717483 -8.653333333333334 -8.6400000000000006e+00 -8.59 -8.53666666667   
26 312 0.948086327958 1.77784682916 -8.653333333333334 -8.6400000000000006e+00 -8.61333333333 -8.59   
27 324 0.960646631907 1.83104934766 -8.653333333333334 -8.6500000000000004e+00 -8.62666666667 -8.59666666667   
28 336 0.992578905041 1.83880362478 -8.653333333333334 -8.6466666666666665e+00 -8.60333333333 -8.57   
29 348 0.995716891676 1.86182501466 -8.653333333333334 -8.6300000000000008e+00 -8.61333333333 -8.57333333333   
30 360 0.944884591661 1.86239338006 -8.653333333333334 -8.6300000000000008e+00 -8.59666666667 -8.55666666667   
31 372 0.902084101183 1.89966847684 -8.653333333333334 -8.6366666666666667e+00 -8.61 -8.57   
32 384 0.868463619574 1.89515307494 -8.653333333333334 -8.6500000000000004e+00 -8.62333333333 -8.56   
33 396 0.874591920979 1.96463244931 -8.653333333333334 -8.6466666666666665e+00 -8.62 -8.57666666667   
34 408 0.872284376912 2.01288639624 -8.653333333333334 -8.6466666666666665e+00 -8.61 -8.54666666667   
35 420 0.868531883126 2.00753028024 -8.653333333333334 -8.6433333333333326e+00 -8.61 -8.56333333333   
36 432 0.853252679948 2.00147297343 -8.653333333333334 -8.6466666666666665e+00 -8.62333333333 -8.57666666667   
37 444 0.901925350862 2.01818459378 -8.653333333333334 -8.6366666666666667e+00 -8.61333333333 -8.58666666667   
38 456 0.910727710788 2.03976780118 -8.653333333333334 -8.6500000000000004e+00 -8.61333333333 -8.56666666667   
39 468 0.889793882619 2.04915064521 -8.663333333333334 -8.6633333333333340e+00 -8.61333333333 -8.59333333333   
40 480 0.905434492715 2.0215072451 -8.663333333333334 -8.6500000000000004e+00 -8.61 -8.57333333333   
41 492 0.859410934639 1.98353797093 -8.663333333333334 -8.6600000000000001e+00 -8.62333333333 -8.59333333333   
42 504 0.820135867158 1.99780141614 -8.663333333333334 -8.6566666666666663e+00 -8.62333333333 -8.60333333333   
43 516 0.75380140193 1.98076589975 -8.663333333333334 -8.6500000000000004e+00 -8.61 -8.56333333333   
44 528 0.71660524129 2.01185809518 -8.663333333333334 -8.6433333333333326e+00 -8.61333333333 -8.45   
45 540 0.715312631351 1.99779854228 -8.663333333333334 -8.6533333333333342e+00 -8.62333333333 -8.59666666667   
46 552 0.741107223815 1.99001543087 -8.663333333333334 -8.6466666666666665e+00 -8.62666666667 -8.58   
47 564 0.78683458882 1.97896579486 -8.663333333333334 -8.6466666666666665e+00 -8.61 -8.52666666667   
48 576 0.788799302946 1.98834590984 -8.663333333333334 -8.6466666666666665e+00 -8.62333333333 -8.6   
49 588 0.757590437749 2.02853220353 -8.663333333333334 -8.6500000000000004e+00 -8.61333333333 -8.56666666667   
50 600 0.712350689118 2.04463817538 -8.68 -8.6799999999999997e+00 -8.62333333333 -8.56666666667   
51 612 0.678952806209 2.04567117019 -8.68 -8.6600000000000001e+00 -8.63 -8.55   
52 624 0.651139755532 2.02720268294 -8.68 -8.6600000000000001e+00 -8.62666666667 -8.56666666667   
53 636 0.627933414095 2.03827137505 -8.68 -8.6433333333333326e+00 -8.61666666667 -8.59333333333   
54 648 0.601520657577 2.04468713427 -8.68 -8.6600000000000001e+00 -8.63333333333 -8.60333333333   
55 660 0.602403361397 2.04310219863 -8.68 -8.6433333333333326e+00 -8.62333333333 -8.58   
56 672 0.580698024731 2.14960753382 -8.68 -8.6400000000000006e+00 -8.61666666667 -8.18316666667   
57 684 0.591041652149 2.17709683872 -8.68 -8.6600000000000001e+00 -8.64333333333 -8.62   
58 696 0.581662276624 2.19416023207 -8.68 -8.6533333333333342e+00 -8.63333333333 -8.60333333333   
59 708 0.539996401598 2.22296646427 -8.68 -8.6600000000000001e+00 -8.63333333333 -8.61   
60 720 0.5248118943 2.22117935463 -8.68 -8.6566666666666663e+00 -8.64 -8.61   
61 732 0.512769705926 2.23591352667 -8.68 -8.6566666666666663e+00 -8.64 -8.59666666667   
62 744 0.486002261909 2.24501814001 -8.68 -8.6633333333333340e+00 -8.62666666667 -8.55333333333   
63 756 0.456244642345 2.28456479935 -8.68 -8.6633333333333340e+00 -8.63333333333 -8.58333333333   
64 768 0.445770570209 2.32490079414 -8.68 -8.6633333333333340e+00 -8.64333333333 -8.61   
65 780 0.459396945256 2.31853186766 -8.68 -8.6566666666666663e+00 -8.63333333333 -8.57666666667   
66 792 0.452809261502 2.37043232446 -8.68 -8.6466666666666665e+00 -8.62666666667 -8.50333333333   
67 804 0.422400884789 2.35812121886 -8.68 -8.6600000000000001e+00 -8.62666666667 -8.59   
68 816 0.407498450756 2.39049188659 -8.68 -8.6633333333333340e+00 -8.63333333333 -8.61333333333   
69 828 0.389488460932 2.44776235233 -8.68 -8.6533333333333342e+00 -8.63333333333 -8.58333333333   
70 840 0.377894356003 2.44937051311 -8.68 -8.6533333333333342e+00 -8.61666666667 -8.53   
71 852 0.375795346514 2.50206550778 -8.68 -8.6433333333333326e+00 -8.63 -8.57666666667   
72 864 0.401863829679 2.51215704875 -8.68 -8.6466666666666665e+00 -8.61333333333 -8.57333333333   
73 876 0.427744848225 2.60707064518 -8.68 -8.6333333333333329e+00 -8.60666666667 -8.52   
74 888 0.457461454998 2.75749624301 -8.68 -8.6433333333333326e+00 -8.61333333333 -8.57666666667   
75 900 0.455068454899 2.78393700771 -8.68 -8.6400000000000006e+00 -8.59666666667 -8.55333333333   
76 912 0.452123746286 2.77128998639 -8.68 -8.6466666666666665e+00 -8.61666666667 -8.55   
77 924 0.413342398031 2.77928725315 -8.68 -8.6433333333333326e+00 -8.62333333333 -8.52   
78 936 0.408989626533 2.77231558854 -8.68 -8.6466666666666665e+00 -8.62333333333 -8.59333333333   
79 948 0.412580668233 2.76988986973 -8.68 -8.6600000000000001e+00 -8.63666666667 -8.6   
80 960 0.43458656252 2.88259453542 -8.68 -8.6633333333333340e+00 -8.61333333333 -8.56666666667   
81 972 0.461805465712 2.89678030787 -8.68 -8.6633333333333340e+00 -8.63 -8.55666666667   
82 984 0.498942620756 2.98338603672 -8.68 -8.6766666666666659e+00 -8.63333333333 -8.55666666667   
83 996 0.501880920002 3.08988856719 -8.68 -8.6699999999999999e+00 -8.63666666667 -8.59   
84 1008 0.495833253999 3.10978253795 -8.68 -8.6533333333333342e+00 -8.63 -8.56666666667   
85 1020 0.511680527152 3.12244738083 -8.68 -8.6600000000000001e+00 -8.61333333333 -8.57666666667   
86 1032 0.505508075962 3.18501240999 -8.68 -8.6666666666666661e+00 -8.63333333333 -8.59   
87 1044 0.501733558226 3.17002510894 -8.68 -8.6633333333333340e+00 -8.63 -8.58   
88 1056 0.523903905035 3.19519631687 -8.68 -8.6600000000000001e+00 -8.63 -8.61   
89 1068 0.523053268415 3.30573147551 -8.68 -8.6466666666666665e+00 -8.63333333333 -8.58666666667   
90 1080 0.509337943611 3.30514112603 -8.68 -8.6666666666666661e+00 -8.61666666667 -8.6   
91 1092 0.473941582736 3.36684480122 -8.68 -8.6533333333333342e+00 -8.62 -8.58333333333   
92 1104 0.471478101945 3.40440772604 -8.68 -8.6500000000000004e+00 -8.62 -8.57333333333   
93 1116 0.444239344623 3.4654623405 -8.68 -8.6533333333333342e+00 -8.63 -8.61333333333   
94 1128 0.437318391839 3.41538404855 -8.68 -8.6600000000000001e+00 -8.64 -8.60333333333   
95 1140 0.431348890086 3.29960517354 -8.68 -8.6566666666666663e+00 -8.62333333333 -8.56333333333   
96 1152 0.437489297345 3.35017967642 -8.68 -8.6566666666666663e+00 -8.63333333333 -8.61   
97 1164 0.421244130606 3.42248839361 -8.68 -8.6600000000000001e+00 -8.63333333333 -8.61   
98 1176 0.402927906502 3.45232580338 -8.68 -8.6433333333333326e+00 -8.62666666667 -8.60666666667   
99 1188 0.377961717508 3.55556166541 -8.68 -8.6400000000000006e+00 -8.62333333333 -8.60666666667   
100 1200 0.372056468847 3.52016589502 -8.68 -8.6500000000000004e+00 -8.63 -8.62   
101 1212 0.386259514662 3.53735030284 -8.68 -8.6566666666666663e+00 -8.63 -8.60333333333   
102 1224 0.409939770236 3.55395195873 -8.68 -8.6566666666666663e+00 -8.62666666667 -8.54333333333   
103 1236 0.398241585625 3.40669269973 -8.68 -8.6666666666666661e+00 -8.62333333333 -8.61   
104 1248 0.384357991819 3.40206319219 -8.68 -8.6733333333333338e+00 -8.63333333333 -8.62   
105 1260 0.353795971113 3.38812535835 -8.68 -8.6500000000000004e+00 -8.63 -8.59   
106 1272 0.32744501549 3.4115418482 -8.68 -8.6533333333333342e+00 -8.64 -8.61666666667   
107 1284 0.303218156164 3.40377249315 -8.68 -8.6500000000000004e+00 -8.63333333333 -8.61666666667   
108 1296 0.284371599734 3.33411160141 -8.68 -8.6600000000000001e+00 -8.64333333333 -8.59666666667   
109 1308 0.283017123845 3.36672416931 -8.68 -8.6566666666666663e+00 -8.63 -8.60333333333   
110 1320 0.282518257465 3.4323560837 -8.68 -8.6600000000000001e+00 -8.63333333333 -8.62333333333   
111 1332 0.283187864284 3.4366190065 -8.68 -8.6500000000000004e+00 -8.62666666667 -8.60333333333   
112 1344 0.28425649804 3.44182564994 -8.68 -8.6600000000000001e+00 -8.62333333333 -8.60666666667   
113 1356 0.285890768992 3.47399008594 -8.68 -8.6600000000000001e+00 -8.63333333333 -8.62   
114 1368 0.284891260478 3.46568151659 -8.68 -8.6533333333333342e+00 -8.64 -8.58333333333   
115 1380 0.283854478652 3.52674997451 -8.68 -8.6533333333333342e+00 -8.63333333333 -8.60666666667   
116 1392 0.285521722454 3.53143385812 -8.68 -8.6533333333333342e+00 -8.64 -8.62666666667   
117 1404 0.299852524244 3.52124305901 -8.68 -8.6666666666666661e+00 -8.62333333333 -8.60666666667   
118 1416 0.301501808183 3.6603852753 -8.68 -8.6533333333333342e+00 -8.62 -8.6   
119 1428 0.303325821122 3.71045613425 -8.68 -8.6600000000000001e+00 -8.62666666667 -8.61   
120 1440 0.305893420929 3.68123417974 -8.68 -8.6633333333333340e+00 -8.64 -8.61333333333   
121 1452 0.296808265133 3.75337778278 -8.68 -8.6600000000000001e+00 -8.62333333333 -8.59333333333   
122 1464 0.291733112484 3.7286691991 -8.68 -8.6633333333333340e+00 -8.63666666667 -8.6   
123 1476 0.291808919576 3.74320318122 -8.68 -8.6533333333333342e+00 -8.63333333333 -8.62666666667   
124 1488 0.292233331976 3.76006411656 -8.68 -8.6699999999999999e+00 -8.63666666667 -8.60333333333   
125 1500 0.287555983923 3.76243069544 -8.68 -8.6699999999999999e+00 -8.63666666667 -8.61666666667   
126 1512 0.290361284812 3.74512528838 -8.68 -8.6600000000000001e+00 -8.63333333333 -8.62   
127 1524 0.29009085678 3.69919747517 -8.68 -8.6500000000000004e+00 -8.63 -8.61666666667   
128 1536 0.290916591044 3.72608159569 -8.68 -8.6699999999999999e+00 -8.64 -8.61   
129 1548 0.291422134041 3.76990723843 -8.68 -8.6600000000000001e+00 -8.64 -8.61   
130 1560 0.293194679412 3.59505968348 -8.68 -8.6566666666666663e+00 -8.63 -8.61333333333   
131 1572 0.297772291926 3.6421064491 -8.68 -8.6633333333333340e+00 -8.63666666667 -8.60666666667   
132 1584 0.30512969917 3.64888759663 -8.68 -8.6666666666666661e+00 -8.64 -8.60666666667   
133 1596 0.307445347691 3.71729886476 -8.68 -8.6433333333333326e+00 -8.63666666667 -8.61333333333   
134 1608 0.307346562926 3.73054723868 -8.68 -8.6600000000000001e+00 -8.64 -8.62666666667   
135 1620 0.319090651915 3.67089910364 -8.68 -8.6666666666666661e+00 -8.63666666667 -8.60666666667   
136 1632 0.327470398895 3.58828076985 -8.68 -8.6600000000000001e+00 -8.64333333333 -8.61   
137 1644 0.332918066566 3.5819888244 -8.68 -8.6666666666666661e+00 -8.64333333333 -8.58333333333   
138 1656 0.326997226299 3.61978048959 -8.68 -8.6633333333333340e+00 -8.63333333333 -8.59666666667   
139 1668 0.330070355611 3.65722588032 -8.68 -8.6566666666666663e+00 -8.63666666667 -8.61666666667   
140 1680 0.329358388739 3.64957415935 -8.68 -8.6566666666666663e+00 -8.64 -8.60666666667   
141 1692 0.337768650446 3.68132408673 -8.68 -8.6600000000000001e+00 -8.64666666667 -8.60333333333   
142 1704 0.320651006778 3.64393936447 -8.68 -8.6600000000000001e+00 -8.63666666667 -8.61   
143 1716 0.320132832895 3.68934734014 -8.68 -8.6533333333333342e+00 -8.62666666667 -8.61   
144 1728 0.311068358417 3.71447672737 -8.68 -8.6566666666666663e+00 -8.63666666667 -8.61666666667   
145 1740 0.30660147459 3.64606008085 -8.68 -8.6666666666666661e+00 -8.64666666667 -8.61333333333   
146 1752 0.326233759823 3.56679933437 -8.68 -8.6633333333333340e+00 -8.63666666667 -8.6   
147 1764 0.339763738654 3.49484559204 -8.68 -8.6633333333333340e+00 -8.64333333333 -8.62666666667   
148 1776 0.341578851762 3.432358836 -8.68 -8.6633333333333340e+00 -8.63333333333 -8.62333333333   
149 1788 0.324427680477 3.46044426653 -8.68 -8.6633333333333340e+00 -8.63666666667 -8.60333333333   
150 1800 0.305383134015 3.53821385042 -8.68 -8.6666666666666661e+00 -8.64666666667 -8.61   
151 1812 0.310446449843 3.56507550873 -8.68 -8.6500000000000004e+00 -8.63333333333 -8.61333333333   
152 1824 0.321305703197 3.53183226583 -8.68 -8.6566666666666663e+00 -8.63 -8.61666666667   
153 1836 0.33831499446 3.49562493095 -8.68 -8.6666666666666661e+00 -8.64666666667 -8.61333333333   
154 1848 0.336901754023 3.49712214507 -8.68 -8.6699999999999999e+00 -8.64 -8.58   
155 1860 0.339853143958 3.47561511619 -8.68 -8.6533333333333342e+00 -8.62666666667 -8.61333333333   
156 1872 0.334874904305 3.40665917065 -8.68 -8.6666666666666661e+00 -8.63666666667 -8.61666666667   
157 1884 0.326585169169 3.40119784113 -8.68 -8.6600000000000001e+00 -8.64 -8.60666666667   
158 1896 0.323905145345 3.45614970936 -8.68 -8.6699999999999999e+00 -8.63333333333 -8.58666666667   
159 1908 0.319959948958 3.54490710004 -8.68 -8.6400000000000006e+00 -8.62333333333 -8.58666666667   
160 1920 0.321648345537 3.61240529755 -8.68 -8.6500000000000004e+00 -8.63 -8.6   
161 1932 0.322395001549 3.6441368132 -8.68 -8.6699999999999999e+00 -8.63666666667 -8.61666666667   
162 1944 0.325601286893 3.59864237297 -8.68 -8.6533333333333342e+00 -8.63333333333 -8.54   
163 1956 0.304654253391 3.62239505163 -8.68 -8.6633333333333340e+00 -8.63 -8.60666666667   
164 1968 0.300425148691 3.53978160229 -8.68 -8.6666666666666661e+00 -8.63333333333 -8.61333333333   
165 1980 0.297920383343 3.55102357691 -8.68 -8.6799999999999997e+00 -8.64 -8.60666666667   
166 1992 0.300949166246 3.62323874338 -8.68 -8.6666666666666661e+00 -8.63666666667 -8.62   
167 2004 0.297569941437 3.57536725264 -8.68 -8.6633333333333340e+00 -8.63666666667 -8.61666666667   
168 2016 0.306855493729 3.50083008805 -8.68 -8.6600000000000001e+00 -8.61666666667 -8.58666666667   
169 2028 0.302222650169 3.4757233307 -8.68 -8.6533333333333342e+00 -8.63333333333 -8.56   
170 2040 0.299586343802 3.57423091974 -8.68 -8.6633333333333340e+00 -8.63333333333 -8.6   
171 2052 0.301478770032 3.50634561135 -8.68 -8.6699999999999999e+00 -8.64 -8.58666666667   
172 2064 0.309258649232 3.47982880145 -8.68 -8.6733333333333338e+00 -8.63666666667 -8.61666666667   
173 2076 0.308564258214 3.4155119424 -8.68 -8.6533333333333342e+00 -8.64333333333 -8.59666666667   
174 2088 0.305525737679 3.43431404811 -8.68 -8.6699999999999999e+00 -8.65333333333 -8.57333333333   
175 2100 0.302730212852 3.44680254205 -8.68 -8.6666666666666661e+00 -8.64333333333 -8.62666666667   
176 2112 0.301577239013 3.51637656106 -8.68 -8.6600000000000001e+00 -8.64333333333 -8.61666666667   
177 2124 0.296832159509 3.73295284012 -8.68 -8.6699999999999999e+00 -8.64666666667 -8.61666666667   
178 2136 0.295128103677 3.80353341048 -8.68 -8.6566666666666663e+00 -8.63333333333 -8.62   
179 2148 0.293946472254 3.9575980774 -8.68 -8.6666666666666661e+00 -8.64333333333 -8.62333333333   
180 2160 0.293432261261 4.06527771791 -8.68 -8.6600000000000001e+00 -8.63666666667 -8.61   
181 2172 0.289677477556 4.05987145892 -8.68 -8.6699999999999999e+00 -8.63333333333 -8.60333333333   
182 2184 0.288075000433 4.08115340527 -8.68 -8.6699999999999999e+00 -8.64 -8.61666666667   
183 2196 0.285792950258 4.15913422879 -8.686666666666667 -8.6866666666666674e+00 -8.62666666667 -8.56333333333   
184 2208 0.286186494236 4.20988812045 -8.686666666666667 -8.6699999999999999e+00 -8.64333333333 -8.60666666667   
185 2220 0.284796125323 4.20542243515 -8.686666666666667 -8.6666666666666661e+00 -8.63666666667 -8.59666666667   
186 2232 0.286365936842 4.20138236565 -8.686666666666667 -8.6533333333333342e+00 -8.64 -8.6   
187 2244 0.298196200598 4.21186492465 -8.686666666666667 -8.6666666666666661e+00 -8.63333333333 -8.60333333333   
188 2256 0.309515523554 4.23237485282 -8.686666666666667 -8.6633333333333340e+00 -8.63 -8.58   
189 2268 0.314398848834 4.2126242465 -8.686666666666667 -8.6600000000000001e+00 -8.62666666667 -8.55   
190 2280 0.322337286111 4.19884809767 -8.686666666666667 -8.6666666666666661e+00 -8.64 -8.61333333333   
191 2292 0.325943675193 4.20810243444 -8.686666666666667 -8.6666666666666661e+00 -8.60333333333 -8.56   
192 2304 0.32134325175 4.3666971573 -8.686666666666667 -8.6799999999999997e+00 -8.61666666667 -8.49   
193 2316 0.327343207114 4.404168478 -8.686666666666667 -8.6433333333333326e+00 -8.61333333333 -8.30666666667   
194 2328 0.321747522506 4.50653083117 -8.686666666666667 -8.6466666666666665e+00 -8.64 -8.58333333333   
195 2340 0.309656456067 4.51363110063 -8.686666666666667 -8.6666666666666661e+00 -8.64333333333 -8.61333333333   
196 2352 0.292085234633 4.511766385 -8.686666666666667 -8.6733333333333338e+00 -8.63 -8.58666666667   
197 2364 0.288028007706 4.54081964709 -8.686666666666667 -8.6666666666666661e+00 -8.63333333333 -8.60333333333   
198 2376 0.288822964679 4.62110453037 -8.686666666666667 -8.6433333333333326e+00 -8.61 -8.58666666667   
199 2388 0.286164202603 4.6767532004 -8.686666666666667 -8.6633333333333340e+00 -8.63 -8.57333333333   
200 2400 0.287397269265 4.87686366814 -8.686666666666667 -8.6566666666666663e+00 -8.63 -8.60666666667   
201 2412 0.290059959731 4.89644788933 -8.686666666666667 -8.6533333333333342e+00 -8.63 -8.60333333333   
202 2424 0.287043389784 4.86554463129 -8.686666666666667 -8.6500000000000004e+00 -8.63333333333 -8.59333333333   
203 2436 0.300450093178 4.90096282263 -8.686666666666667 -8.6466666666666665e+00 -8.63 -8.50333333333   
204 2448 0.290459267005 4.80461216024 -8.686666666666667 -8.6666666666666661e+00 -8.64 -8.60333333333   
205 2460 0.284323291046 4.84020215376 -8.686666666666667 -8.6400000000000006e+00 -8.61666666667 -8.58666666667   
206 2472 0.282206068743 5.00906174223 -8.686666666666667 -8.6666666666666661e+00 -8.63333333333 -8.55   
207 2484 0.287001443816 5.00954956138 -8.686666666666667 -8.6566666666666663e+00 -8.63333333333 -8.60666666667   
208 2496 0.286932149827 5.1477838688 -8.686666666666667 -8.6600000000000001e+00 -8.63 -8.59333333333   
209 2508 0.288269576934 5.09815257545 -8.686666666666667 -8.6766666666666659e+00 -8.63333333333 -8.60333333333   
210 2520 0.289199263194 5.03895513723 -8.686666666666667 -8.6633333333333340e+00 -8.62666666667 -8.60666666667   
211 2532 0.28844506019 5.03340571555 -8.686666666666667 -8.6699999999999999e+00 -8.64333333333 -8.60333333333   
212 2544 0.287281130338 5.0368028085 -8.686666666666667 -8.6666666666666661e+00 -8.63 -8.6   
213 2556 0.283144042452 5.04666549871 -8.686666666666667 -8.6500000000000004e+00 -8.62666666667 -8.61   
214 2568 0.284227845248 5.20062294771 -8.686666666666667 -8.6633333333333340e+00 -8.63 -8.52333333333   
215 2580 0.285709534077 5.16098391146 -8.686666666666667 -8.6600000000000001e+00 -8.63 -8.58666666667   
216 2592 0.286797912572 5.23567603036 -8.686666666666667 -8.6566666666666663e+00 -8.61 -8.58666666667   
217 2604 0.281978973118 5.2267969463 -8.686666666666667 -8.6633333333333340e+00 -8.62333333333 -8.6   
218 2616 0.285826505124 5.35908910848 -8.686666666666667 -8.6633333333333340e+00 -8.63 -8.61   
219 2628 0.276767218715 5.52620918016 -8.686666666666667 -8.6699999999999999e+00 -8.64 -8.59666666667   
220 2640 0.276207264811 5.62090943309 -8.686666666666667 -8.6666666666666661e+00 -8.62333333333 -8.6   
221 2652 0.27918151665 5.68440926282 -8.686666666666667 -8.6533333333333342e+00 -8.63 -8.60666666667   
222 2664 0.274881587218 5.81962420503 -8.686666666666667 -8.6533333333333342e+00 -8.62666666667 -8.6   
223 2676 0.27386106955 5.76887396195 -8.686666666666667 -8.6666666666666661e+00 -8.62666666667 -8.46333333333   
224 2688 0.275052711815 5.92698793274 -8.686666666666667 -8.6600000000000001e+00 -8.63 -8.42   
225 2700 0.278802461868 5.83820757081 -8.686666666666667 -8.6666666666666661e+00 -8.64 -8.58666666667   
226 2712 0.290636159972 5.75299082882 -8.686666666666667 -8.6600000000000001e+00 -8.62333333333 -8.54333333333   
227 2724 0.285785811203 5.84942806607 -8.686666666666667 -8.6500000000000004e+00 -8.62 -8.39333333333   
228 2736 0.283122092815 5.89643009026 -8.686666666666667 -8.6566666666666663e+00 -8.63333333333 -8.53   
229 2748 0.288919394336 5.91360799396 -8.686666666666667 -8.6533333333333342e+00 -8.62666666667 -8.53666666667   
230 2760 0.300172188326 6.02712499701 -8.686666666666667 -8.6466666666666665e+00 -8.62666666667 -8.60333333333   
231 2772 0.298259386685 6.17913313216 -8.686666666666667 -8.6666666666666661e+00 -8.63 -8.57   
232 2784 0.290838954181 6.18342727793 -8.686666666666667 -8.6600000000000001e+00 -8.62 -8.59333333333   
233 2796 0.287855489392 6.2839609658 -8.686666666666667 -8.6733333333333338e+00 -8.61666666667 -8.52   
234 2808 0.287534097654 6.48050320836 -8.686666666666667 -8.6566666666666663e+00 -8.63333333333 -8.58333333333   
235 2820 0.293877219111 6.44021491892 -8.686666666666667 -8.6566666666666663e+00 -8.61666666667 -8.49   
236 2832 0.298087404703 6.29492340753 -8.686666666666667 -8.6466666666666665e+00 -8.61333333333 -8.46   
237 2844 0.29781115501 6.27915516574 -8.686666666666667 -8.6766666666666659e+00 -8.61666666667 -8.56   
238 2856 0.29889591374 6.3134662145 -8.686666666666667 -8.6533333333333342e+00 -8.59666666667 -8.55   
239 2868 0.300854998644 6.47604950127 -8.686666666666667 -8.6466666666666665e+00 -8.61666666667 -8.50666666667   
240 2880 0.30658280361 6.50088095633 -8.686666666666667 -8.6733333333333338e+00 -8.61666666667 -8.52   
241 2892 0.299998612433 6.51600640803 -8.686666666666667 -8.6566666666666663e+00 -8.62333333333 -8.5   
242 2904 0.325725147486 6.49616234443 -8.686666666666667 -8.6766666666666659e+00 -8.62666666667 -8.44333333333   
243 2916 0.327116190108 6.56741194502 -8.686666666666667 -8.6733333333333338e+00 -8.62333333333 -8.41   
244 2928 0.337822064377 6.65213489264 -8.686666666666667 -8.6600000000000001e+00 -8.64 -8.63   
245 2940 0.342784791065 6.70803616539 -8.686666666666667 -8.6633333333333340e+00 -8.63 -8.57   
246 2952 0.354115290998 6.73273933445 -8.686666666666667 -8.6600000000000001e+00 -8.63 -8.57666666667   
247 2964 0.348754820415 6.75313212431 -8.686666666666667 -8.6566666666666663e+00 -8.63 -8.51666666667   
248 2976 0.357415898063 6.7626008273 -8.686666666666667 -8.6666666666666661e+00 -8.64 -8.60333333333   
249 2988 0.377665081243 6.78828943134 -8.686666666666667 -8.6533333333333342e+00 -8.63666666667 -8.39   
250 3000 0.398500788887 6.79189408536 -8.686666666666667 -8.6533333333333342e+00 -8.64 -8.6   
251 3012 0.410458092463 6.84064234474 -8.686666666666667 -8.6633333333333340e+00 -8.62 -8.56666666667   
252 3024 0.403458243597 6.91895441602 -8.686666666666667 -8.6566666666666663e+00 -8.63666666667 -8.62333333333   
253 3036 0.394707313713 7.04253345352 -8.686666666666667 -8.6466666666666665e+00 -8.62 -8.58666666667   
254 3048 0.382922185979 7.06460777111 -8.686666666666667 -8.6633333333333340e+00 -8.63333333333 -8.60333333333   
255 3060 0.369870882175 7.05609397198 -8.686666666666667 -8.6666666666666661e+00 -8.63 -8.61666666667   
256 3072 0.365541861224 7.05009039948 -8.686666666666667 -8.6533333333333342e+00 -8.63666666667 -8.61333333333   
257 3084 0.366021111729 7.29824030668 -8.686666666666667 -8.6633333333333340e+00 -8.64666666667 -8.51   
258 3096 0.349316333582 7.59618627331 -8.686666666666667 -8.6533333333333342e+00 -8.64333333333 -8.61333333333   
259 3108 0.34784057547 7.78441146666 -8.686666666666667 -8.6566666666666663e+00 -8.64 -8.62   
260 3120 0.352010392237 7.87043540193 -8.686666666666667 -8.6666666666666661e+00 -8.63666666667 -8.57666666667   
261 3132 0.351554509203 8.09808138202 -8.686666666666667 -8.6600000000000001e+00 -8.63666666667 -8.53333333333   
262 3144 0.341277441668 8.1151058248 -8.686666666666667 -8.6733333333333338e+00 -8.63333333333 -8.59   
263 3156 0.341812176702 8.23976470304 -8.686666666666667 -8.6600000000000001e+00 -8.63333333333 -8.61666666667   
264 3168 0.344196541875 8.19402422012 -8.686666666666667 -8.6500000000000004e+00 -8.63 -8.60666666667   
265 3180 0.323960225605 8.16933790587 -8.686666666666667 -8.6633333333333340e+00 -8.64 -8.61   
266 3192 0.327592789491 8.19007946137 -8.686666666666667 -8.6666666666666661e+00 -8.63333333333 -8.61333333333   
267 3204 0.348919427245 8.01594287715 -8.686666666666667 -8.6733333333333338e+00 -8.63333333333 -8.58   
268 3216 0.374055778639 8.02125751599 -8.686666666666667 -8.6633333333333340e+00 -8.63333333333 -8.6   
269 3228 0.392228171738 8.11952400413 -8.686666666666667 -8.6699999999999999e+00 -8.62333333333 -8.56333333333   
270 3240 0.387055215122 8.12011284308 -8.686666666666667 -8.6600000000000001e+00 -8.62666666667 -8.57666666667   
271 3252 0.38316060559 8.29241032998 -8.686666666666667 -8.6566666666666663e+00 -8.61333333333 -8.51333333333   
272 3264 0.375306891539 8.29634492925 -8.686666666666667 -8.6566666666666663e+00 -8.63666666667 -8.57   
273 3276 0.348228406878 8.32116853478 -8.686666666666667 -8.6566666666666663e+00 -8.64 -8.58333333333   
274 3288 0.327166314909 8.22781334327 -8.686666666666667 -8.6633333333333340e+00 -8.62 -8.56333333333   
275 3300 0.333885659349 8.35417178287 -8.686666666666667 -8.6566666666666663e+00 -8.63666666667 -8.61   
276 3312 0.33426011703 8.35704184951 -8.686666666666667 -8.6633333333333340e+00 -8.64 -8.58333333333   
277 3324 0.358480356991 8.27436922656 -8.686666666666667 -8.6366666666666667e+00 -8.60333333333 -8.54666666667   
278 3336 0.384723520053 8.14786633707 -8.686666666666667 -8.6600000000000001e+00 -8.62 -8.31333333333   
279 3348 0.394025052287 8.09812194381 -8.686666666666667 -8.6600000000000001e+00 -8.62333333333 -8.55   
280 3360 0.400297402539 7.9292083485 -8.686666666666667 -8.6400000000000006e+00 -8.62333333333 -8.56   
281 3372 0.398819699552 7.77366669611 -8.686666666666667 -8.6533333333333342e+00 -8.62 -8.55333333333   
282 3384 0.399673347689 7.74165987542 -8.686666666666667 -8.6633333333333340e+00 -8.63 -3.0   
283 3396 0.39108264909 7.77733458415 -8.686666666666667 -8.6566666666666663e+00 -8.63 -8.60666666667   
284 3408 0.390453865278 7.6092034208 -8.686666666666667 -8.6466666666666665e+00 -8.61666666667 -8.58   
285 3420 0.362967294388 7.6688445244 -8.686666666666667 -8.6566666666666663e+00 -8.63 -8.6   
286 3432 0.333177237001 7.75435524499 -8.686666666666667 -8.6466666666666665e+00 -8.63 -8.59   
287 3444 0.317492311243 7.74930205294 -8.686666666666667 -8.6600000000000001e+00 -8.62333333333 -8.56666666667   
288 3456 0.314081762096 7.7358596866 -8.686666666666667 -8.6566666666666663e+00 -8.62 -8.59666666667   
289 3468 0.309813653943 7.65767612236 -8.686666666666667 -8.6600000000000001e+00 -8.62333333333 -8.60333333333   
290 3480 0.299940280718 7.76080426736 -8.686666666666667 -8.6600000000000001e+00 -8.62666666667 -8.57666666667   
291 3492 0.293595325812 7.77059289433 -8.686666666666667 -8.6733333333333338e+00 -8.63333333333 -8.56333333333   
292 3504 0.302945742485 7.70038921838 -8.686666666666667 -8.6466666666666665e+00 -8.61333333333 -8.60666666667   
293 3516 0.307464423321 7.80920034647 -8.686666666666667 -8.6433333333333326e+00 -8.62333333333 -8.58   
294 3528 0.301215011407 7.77564060297 -8.686666666666667 -8.6533333333333342e+00 -8.63333333333 -8.61333333333   
295 3540 0.30381577766 7.78186343637 -8.686666666666667 -8.6600000000000001e+00 -8.63666666667 -8.61   
296 3552 0.303177252862 7.74223986014 -8.686666666666667 -8.6566666666666663e+00 -8.62666666667 -8.51   
297 3564 0.307252765478 7.64815582358 -8.686666666666667 -8.6733333333333338e+00 -8.64333333333 -8.57333333333   
298 3576 0.307011047657 7.6055683042 -8.686666666666667 -8.6500000000000004e+00 -8.63 -8.53666666667   
299 3588 0.306182946767 7.69373602671 -8.686666666666667 -8.6566666666666663e+00 -8.62333333333 -8.59666666667   
300 3600 0.30389515953 7.88280049501 -8.686666666666667 -8.6600000000000001e+00 -8.63333333333 -8.48   
301 3612 0.30373454408 8.08050739009 -8.686666666666667 -8.6699999999999999e+00 -8.63666666667 -8.62666666667   
302 3624 0.301595278476 8.23881448778 -8.686666666666667 -8.6500000000000004e+00 -8.63 -8.6   
303 3636 0.304254395894 8.29033101731 -8.686666666666667 -8.6600000000000001e+00 -8.63333333333 -8.61333333333   
304 3648 0.31868058196 8.16796842282 -8.686666666666667 -8.6566666666666663e+00 -8.64 -8.59666666667   
305 3660 0.317826210514 8.28943324721 -8.686666666666667 -8.6633333333333340e+00 -8.63333333333 -8.60666666667   
306 3672 0.312077940979 8.30664564338 -8.686666666666667 -8.6633333333333340e+00 -8.64333333333 -8.52   
307 3684 0.324339977393 8.42844112808 -8.686666666666667 -8.6699999999999999e+00 -8.62666666667 -8.55333333333   
308 3696 0.314076186036 8.66121908668 -8.686666666666667 -8.6733333333333338e+00 -8.62666666667 -8.51333333333   
309 3708 0.323818666876 8.70132337422 -8.686666666666667 -8.6666666666666661e+00 -8.64333333333 -8.59   
310 3720 0.328607145959 8.93899704918 -8.69 -8.6899999999999995e+00 -8.62333333333 -8.58333333333   
311 3732 0.338813071595 8.89559659208 -8.69 -8.6666666666666661e+00 -8.64 -8.56666666667   
312 3744 0.369840842018 9.0014025097 -8.69 -8.6733333333333338e+00 -8.64 -8.62333333333   
313 3756 0.352354063485 9.08182486344 -8.69 -8.6733333333333338e+00 -8.63 -8.60333333333   
314 3768 0.340573688777 9.09931086216 -8.69 -8.6600000000000001e+00 -8.63333333333 -8.54666666667   
315 3780 0.337397500761 9.16427218248 -8.69 -8.6733333333333338e+00 -8.61666666667 -8.57666666667   
316 3792 0.325086758716 9.09592186928 -8.69 -8.6533333333333342e+00 -8.63666666667 -8.62333333333   
317 3804 0.3240636039 9.10974761756 -8.69 -8.6699999999999999e+00 -8.63666666667 -8.57   
318 3816 0.317394847758 9.21991688245 -8.69 -8.6600000000000001e+00 -8.64333333333 -8.62   
319 3828 0.321666838981 9.33343108287 -8.69 -8.6666666666666661e+00 -8.64666666667 -8.61333333333   
320 3840 0.322650906188 9.45529125668 -8.69 -8.6666666666666661e+00 -8.63333333333 -8.61   
321 3852 0.321841937488 9.34471400719 -8.69 -8.6666666666666661e+00 -8.62666666667 -8.57666666667   
322 3864 0.325227437395 9.376152216 -8.69 -8.6566666666666663e+00 -8.63666666667 -8.61666666667   
323 3876 0.324868095674 9.47937547746 -8.69 -8.6699999999999999e+00 -8.63666666667 -8.56666666667   
324 3888 0.324156231458 9.64339943024 -8.69 -8.6533333333333342e+00 -8.64 -8.58333333333   
325 3900 0.325300420041 9.68479808369 -8.69 -8.6699999999999999e+00 -8.63 -8.57666666667   
326 3912 0.325868793562 9.5912713621 -8.69 -8.6733333333333338e+00 -8.65 -8.63666666667   
327 3924 0.332667916838 9.55670209935 -8.69 -8.6566666666666663e+00 -8.63333333333 -8.56   
328 3936 0.33640117452 9.47203453276 -8.69 -8.6566666666666663e+00 -8.62333333333 -8.50666666667   
329 3948 0.340090076423 9.4211826671 -8.69 -8.6733333333333338e+00 -8.61666666667 -8.39666666667   
330 3960 0.340338637425 9.23336495941 -8.69 -8.6833333333333336e+00 -8.63 -8.56333333333   
331 3972 0.341490471603 9.32669017517 -8.69 -8.6500000000000004e+00 -8.62666666667 -8.45666666667   
332 3984 0.341543455478 9.53430843397 -8.69 -8.6600000000000001e+00 -8.63666666667 -8.61   
333 3996 0.339377011165 9.57623270702 -8.69 -8.6666666666666661e+00 -8.62666666667 -8.52666666667   
334 4008 0.337897276648 9.71405300098 -8.69 -8.6733333333333338e+00 -8.63 -8.47333333333   
335 4020 0.3418574019 9.9848906841 -8.69 -8.6600000000000001e+00 -8.61 -8.49333333333   
336 4032 0.341172929612 9.86071151228 -8.69 -8.6633333333333340e+00 -8.62333333333 -8.39666666667   
337 4044 0.344351729017 9.81742581251 -8.69 -8.6600000000000001e+00 -8.63333333333 -8.57666666667   
338 4056 0.349128995545 9.60213347537 -8.69 -8.6733333333333338e+00 -8.63333333333 -8.60666666667   
339 4068 0.349520400649 9.53635325681 -8.69 -8.6500000000000004e+00 -8.62333333333 -8.59   
340 4080 0.372223324021 9.48669778907 -8.69 -8.6466666666666665e+00 -8.62666666667 -8.58333333333   
341 4092 0.383737229134 9.41258118599 -8.69 -8.6500000000000004e+00 -8.62666666667 -8.59   
342 4104 0.374107523652 9.45709831543 -8.69 -8.6666666666666661e+00 -8.62 -8.58666666667   
343 4116 0.375453041928 9.47385711515 -8.69 -8.6533333333333342e+00 -8.62333333333 -8.60666666667   
344 4128 0.380196829523 9.59147324241 -8.69 -8.6600000000000001e+00 -8.64333333333 -8.62666666667   
345 4140 0.368107338584 9.68108998326 -8.69 -8.6600000000000001e+00 -8.64333333333 -8.62   
346 4152 0.354786834206 9.72678709643 -8.69 -8.6633333333333340e+00 -8.64333333333 -8.61   
347 4164 0.37478907584 9.80185490503 -8.69 -8.6533333333333342e+00 -8.63333333333 -8.59333333333   
348 4176 0.393746908701 9.71667950605 -8.69 -8.6633333333333340e+00 -8.62333333333 -8.60333333333   
349 4188 0.395094443892 9.67197444449 -8.69 -8.6633333333333340e+00 -8.63 -8.58666666667   
350 4200 0.386854491854 9.64493541704 -8.69 -8.6799999999999997e+00 -8.63 -8.6   
351 4212 0.371574948412 9.68134428186 -8.69 -8.6500000000000004e+00 -8.63333333333 -8.60333333333   
352 4224 0.365243583636 9.7645560999 -8.69 -8.6533333333333342e+00 -8.63333333333 -8.56   
353 4236 0.347153706703 9.80296698636 -8.69 -8.6500000000000004e+00 -8.63333333333 -8.58   
354 4248 0.346244471035 9.89696281918 -8.69 -8.6633333333333340e+00 -8.64333333333 -8.61333333333   
355 4260 0.338679216529 9.59905208257 -8.69 -8.6533333333333342e+00 -8.62666666667 -8.54666666667   
356 4272 0.337835958725 9.69334691877 -8.69 -8.6466666666666665e+00 -8.62333333333 -8.60333333333   
357 4284 0.33767173643 9.76453917738 -8.69 -8.6533333333333342e+00 -8.63333333333 -8.6   
358 4296 0.341779899993 9.8158989865 -8.69 -8.6466666666666665e+00 -8.61666666667 -8.58666666667   
359 4308 0.343733414094 10.0395551839 -8.69 -8.6566666666666663e+00 -8.61666666667 -8.47   
360 4320 0.341345324484 10.3341609571 -8.69 -8.6600000000000001e+00 -8.62666666667 -8.57666666667   
361 4332 0.3366814627 10.2840267695 -8.69 -8.6500000000000004e+00 -8.62333333333 -8.55666666667   
362 4344 0.336523476527 10.1359691427 -8.69 -8.6533333333333342e+00 -8.62666666667 -8.47333333333   
363 4356 0.334320634307 10.1599091039 -8.69 -8.6533333333333342e+00 -8.63 -8.59666666667   
364 4368 0.335511037174 10.1104872708 -8.69 -8.6666666666666661e+00 -8.63 -8.56   
365 4380 0.35143401217 10.1604245501 -8.69 -8.6533333333333342e+00 -8.62666666667 -8.52666666667   
366 4392 0.368084645001 10.3694601605 -8.69 -8.6500000000000004e+00 -8.62666666667 -8.61   
367 4404 0.377662005378 10.4719494584 -8.69 -8.6666666666666661e+00 -8.62666666667 -8.58666666667   
368 4416 0.374000419859 10.3521056304 -8.69 -8.6733333333333338e+00 -8.63 -8.55   
369 4428 0.362394580475 10.4639286846 -8.69 -8.6600000000000001e+00 -8.64 -8.60333333333   
370 4440 0.357808211795 10.3096757788 -8.69 -8.6699999999999999e+00 -8.63 -8.48666666667   
371 4452 0.355697509575 10.3746618853 -8.69 -8.6799999999999997e+00 -8.63 -8.51333333333   
372 4464 0.359071516509 10.3311129042 -8.69 -8.6566666666666663e+00 -8.63333333333 -8.62   
373 4476 0.356946578676 10.1912514944 -8.69 -8.6633333333333340e+00 -8.64 -8.35666666667   
374 4488 0.352144210985 10.2065050433 -8.69 -8.6666666666666661e+00 -8.62666666667 -8.61333333333   
375 4500 0.358776232429 10.3094476527 -8.69 -8.6666666666666661e+00 -8.64666666667 -8.6   
376 4512 0.363152746984 10.3939451641 -8.69 -8.6600000000000001e+00 -8.62666666667 -8.59333333333   
377 4524 0.368844116399 10.3545255669 -8.69 -8.6733333333333338e+00 -8.64 -8.62333333333   
378 4536 0.364415740638 10.1780704457 -8.69 -8.6566666666666663e+00 -8.64 -8.63   
379 4548 0.365657608882 10.0028770321 -8.69 -8.6699999999999999e+00 -8.63666666667 -8.56666666667   
380 4560 0.361720278442 10.2934533699 -8.69 -8.6633333333333340e+00 -8.63333333333 -8.60666666667   
381 4572 0.366734908289 10.3382267885 -8.69 -8.6699999999999999e+00 -8.64333333333 -8.61666666667   
382 4584 0.340980251479 10.3942397218 -8.69 -8.6699999999999999e+00 -8.64666666667 -8.57   
383 4596 0.340380475793 10.3084998808 -8.69 -8.6833333333333336e+00 -8.63333333333 -8.60333333333   
384 4608 0.343434881227 10.2718103771 -8.69 -8.6600000000000001e+00 -8.63666666667 -8.57666666667   
385 4620 0.34745267049 10.1326943837 -8.69 -8.6733333333333338e+00 -8.64 -8.59666666667   
386 4632 0.348778773335 10.0180207023 -8.69 -8.6566666666666663e+00 -8.64333333333 -8.61666666667   
387 4644 0.360819807591 10.2128432552 -8.69 -8.6733333333333338e+00 -8.63666666667 -8.62333333333   
388 4656 0.363654015846 10.072699759 -8.69 -8.6600000000000001e+00 -8.63 -8.37666666667   
389 4668 0.372936540943 10.2320711005 -8.69 -8.6533333333333342e+00 -8.63666666667 -8.61666666667   
390 4680 0.396071999517 10.2122802261 -8.69 -8.6799999999999997e+00 -8.63333333333 -8.60333333333   
391 4692 0.413938070526 10.4119293067 -8.69 -8.6633333333333340e+00 -8.64 -8.60333333333   
392 4704 0.404856043664 10.6780221823 -8.69 -8.6633333333333340e+00 -8.64333333333 -8.62   
393 4716 0.39363370864 10.6573725452 -8.69 -8.6666666666666661e+00 -8.63333333333 -8.53666666667   
394 4728 0.379806179998 10.6699428936 -8.69 -8.6633333333333340e+00 -8.64 -8.60666666667   
395 4740 0.399798194793 10.7793257271 -8.69 -8.6566666666666663e+00 -8.63333333333 -8.61333333333   
396 4752 0.411408138869 10.9941827104 -8.69 -8.6633333333333340e+00 -8.63333333333 -8.6   
397 4764 0.415011516251 11.1021430453 -8.69 -8.6666666666666661e+00 -8.62666666667 -8.54   
398 4776 0.423227518781 11.1613846847 -8.69 -8.6633333333333340e+00 -8.64666666667 -8.52666666667   
399 4788 0.435988567648 11.4141052015 -8.69 -8.6533333333333342e+00 -8.64333333333 -8.6   
400 4800 0.451858078241 11.5192441136 -8.69 -8.6600000000000001e+00 -8.63 -8.62333333333   
401 4812 0.470114596558 11.6331438967 -8.69 -8.6699999999999999e+00 -8.64 -8.61   
402 4824 0.472692455262 11.531182217 -8.69 -8.6733333333333338e+00 -8.64666666667 -8.62666666667   
403 4836 0.448452880614 11.4507611156 -8.69 -8.6633333333333340e+00 -8.62 -8.59333333333   
404 4848 0.432089330147 11.5666087327 -8.69 -8.6600000000000001e+00 -8.62666666667 -8.58666666667   
405 4860 0.437032889348 11.4393285964 -8.69 -8.6633333333333340e+00 -8.63666666667 -8.56666666667   
406 4872 0.450479139662 11.1086740432 -8.69 -8.6733333333333338e+00 -8.65 -8.60333333333   
407 4884 0.441600843673 10.8740626153 -8.69 -8.6566666666666663e+00 -8.63666666667 -8.58333333333   
408 4896 0.407152004505 10.8264801747 -8.69 -8.6533333333333342e+00 -8.63 -8.58333333333   
409 4908 0.380253241205 10.6946365388 -8.69 -8.6500000000000004e+00 -8.62333333333 -8.6   
410 4920 0.376832792764 10.8111779014 -8.69 -8.6733333333333338e+00 -8.62666666667 -8.60666666667   
411 4932 0.376600853214 10.7419867191 -8.69 -8.6699999999999999e+00 -8.64666666667 -8.60333333333   
412 4944 0.358732883471 10.8229204631 -8.69 -8.6566666666666663e+00 -8.64 -8.61666666667   
413 4956 0.351272852919 10.6955752581 -8.69 -8.6500000000000004e+00 -8.64 -8.57666666667   
414 4968 0.352434338372 10.5861705546 -8.69 -8.6699999999999999e+00 -8.63 -8.61   
415 4980 0.359405198407 10.6314853868 -8.69 -8.6533333333333342e+00 -8.63 -8.60333333333   
416 4992 0.357794673692 10.9196514395 -8.69 -8.6666666666666661e+00 -8.64 -8.61333333333   
417 5004 0.354991673969 11.0067244734 -8.69 -8.6566666666666663e+00 -8.64 -8.58666666667   
418 5016 0.356027083684 11.1813357488 -8.69 -8.6799999999999997e+00 -8.64333333333 -8.60666666667   
419 5028 0.355887349199 11.1292631798 -8.69 -8.6699999999999999e+00 -8.64 -8.59666666667   
420 5040 0.352584307046 11.3005608542 -8.69 -8.6633333333333340e+00 -8.63666666667 -8.60333333333   
421 5052 0.348093635334 11.2054034214 -8.69 -8.6733333333333338e+00 -8.64 -8.61   
422 5064 0.346865091013 11.3604493907 -8.69 -8.6733333333333338e+00 -8.64 -8.62666666667   
423 5076 0.352026008441 11.5515709474 -8.69 -8.6666666666666661e+00 -8.64666666667 -8.62333333333   
424 5088 0.366294767295 11.8467014663 -8.69 -8.6666666666666661e+00 -8.64666666667 -8.62333333333   
425 5100 0.370329359723 11.8542197262 -8.69 -8.6600000000000001e+00 -8.64 -8.59666666667   
426 5112 0.371359667652 11.732008138 -8.69 -8.6566666666666663e+00 -8.63666666667 -8.55666666667   
427 5124 0.35778994397 11.6817413733 -8.69 -8.6733333333333338e+00 -8.64 -8.60666666667   
428 5136 0.358325603867 11.7181569819 -8.69 -8.6666666666666661e+00 -8.63666666667 -8.62   
429 5148 0.36383774965 11.8477474124 -8.69 -8.6633333333333340e+00 -8.63666666667 -8.59666666667   
430 5160 0.368612424665 12.1151172318 -8.69 -8.6600000000000001e+00 -8.63666666667 -8.62   
431 5172 0.374919517158 12.0492526516 -8.69 -8.6633333333333340e+00 -8.64 -8.57333333333   
432 5184 0.373234411224 12.1910149305 -8.69 -8.6600000000000001e+00 -8.64 -8.61333333333   
433 5196 0.382717796829 12.3168729075 -8.69 -8.6566666666666663e+00 -8.62 -8.52   
434 5208 0.385579678292 11.8548657446 -8.69 -8.6666666666666661e+00 -8.64 -8.59   
435 5220 0.378359497959 11.9398041987 -8.69 -8.6633333333333340e+00 -8.63666666667 -8.57333333333   
436 5232 0.381094724009 11.792554746 -8.69 -8.6766666666666659e+00 -8.63666666667 -8.61666666667   
437 5244 0.388084067703 11.7592730151 -8.69 -8.6833333333333336e+00 -8.64666666667 -8.61333333333   
438 5256 0.401023056716 11.7784603324 -8.69 -8.6733333333333338e+00 -8.63666666667 -8.58333333333   
439 5268 0.39080011104 11.7651238009 -8.69 -8.6633333333333340e+00 -8.64 -8.60666666667   
440 5280 0.390652696156 11.8522553881 -8.69 -8.6600000000000001e+00 -8.63666666667 -8.61666666667   
441 5292 0.402861125461 11.708223196 -8.69 -8.6699999999999999e+00 -8.64333333333 -8.60333333333   
442 5304 0.409043571423 11.6618650359 -8.69 -8.6766666666666659e+00 -8.63666666667 -8.59666666667   
443 5316 0.407537276756 11.7982553218 -8.69 -8.6799999999999997e+00 -8.62666666667 -8.55333333333   
444 5328 0.387153435955 11.7442237584 -8.69 -8.6600000000000001e+00 -8.63 -8.59666666667   
445 5340 0.383296910155 11.6268596133 -8.69 -8.6533333333333342e+00 -8.63333333333 -8.56333333333   
446 5352 0.382064370433 11.6564155251 -8.69 -8.6699999999999999e+00 -8.63666666667 -8.59666666667   
447 5364 0.388307005961 11.7548196729 -8.69 -8.6533333333333342e+00 -8.63333333333 -8.62   
448 5376 0.386940295232 11.717437918 -8.69 -8.6433333333333326e+00 -8.63 -8.43   
449 5388 0.388736107528 11.6580170294 -8.69 -8.6633333333333340e+00 -8.64 -8.60666666667   
450 5400 0.388904071266 11.4333116811 -8.69 -8.6633333333333340e+00 -8.64 -8.58   
451 5412 0.39073869021 11.1609344161 -8.69 -8.6666666666666661e+00 -8.65 -8.62   
452 5424 0.39475009207 11.0575938314 -8.69 -8.6600000000000001e+00 -8.63666666667 -8.60666666667   
453 5436 0.399450888701 11.1148650184 -8.69 -8.6633333333333340e+00 -8.64 -8.60666666667   
454 5448 0.388065758517 11.1576441152 -8.69 -8.6633333333333340e+00 -8.63 -8.52333333333   
455 5460 0.384289467014 11.2253659125 -8.69 -8.6733333333333338e+00 -8.65 -8.60333333333   
456 5472 0.382570503832 11.2317482561 -8.69 -8.6666666666666661e+00 -8.63333333333 -8.53   
457 5484 0.382035764006 11.3152142878 -8.69 -8.6566666666666663e+00 -8.63 -8.61333333333   
458 5496 0.383715394549 11.6662741933 -8.69 -8.6733333333333338e+00 -8.62333333333 -8.56666666667   
459 5508 0.389445686038 11.663655804 -8.69 -8.6766666666666659e+00 -8.64666666667 -8.62333333333   
460 5520 0.387716337652 11.6841516236 -8.69 -8.6433333333333326e+00 -8.63 -8.49333333333   
461 5532 0.397956515877 11.4139132122 -8.69 -8.6633333333333340e+00 -8.62666666667 -8.57333333333   
462 5544 0.406654155203 11.4870587089 -8.69 -8.6600000000000001e+00 -8.63 -8.58666666667   
463 5556 0.429363656725 11.4987327978 -8.69 -8.6666666666666661e+00 -8.63333333333 -8.6   
464 5568 0.446614191226 11.5122960108 -8.69 -8.6433333333333326e+00 -8.62666666667 -8.38   
465 5580 0.477107012669 11.5513960004 -8.69 -8.6533333333333342e+00 -8.64333333333 -8.62   
466 5592 0.533999726824 11.4054102749 -8.69 -8.6400000000000006e+00 -8.63 -8.08316666667   
467 5604 0.615817685396 11.6344845715 -8.69 -8.6500000000000004e+00 -8.62333333333 -8.58666666667   
468 5616 0.683177599871 11.6732511159 -8.69 -8.6533333333333342e+00 -8.62 -8.58   
469 5628 0.684598270574 11.7899401592 -8.69 -8.6533333333333342e+00 -8.63 -8.57   
470 5640 0.640483131969 11.8106855174 -8.69 -8.6533333333333342e+00 -8.61 -5.0   
471 5652 0.618043477667 11.8489691371 -8.69 -8.6600000000000001e+00 -8.62333333333 -8.58   
472 5664 0.683252229082 11.9253071126 -8.69 -8.6666666666666661e+00 -8.62333333333 -8.58666666667   
473 5676 0.734748198875 12.1353936823 -8.69 -8.6566666666666663e+00 -8.63 -8.53666666667   
474 5688 0.77785339678 12.3409053975 -8.69 -8.6466666666666665e+00 -8.62333333333 -8.55333333333   
475 5700 0.813607678258 12.5179982488 -8.69 -8.6633333333333340e+00 -8.63666666667 -8.55   
476 5712 0.848292113543 12.4529782945 -8.69 -8.6666666666666661e+00 -8.62666666667 -8.61333333333   
477 5724 0.850957669821 12.0652970121 -8.69 -8.6500000000000004e+00 -8.61333333333 -8.6   
478 5736 0.837793173553 12.0188075077 -8.69 -8.6633333333333340e+00 -8.63666666667 -8.54333333333   
479 5748 0.844763075501 12.0646035713 -8.69 -8.6733333333333338e+00 -8.63 -8.58333333333   
480 5760 0.867192080343 11.955112051 -8.69 -8.6600000000000001e+00 -8.63666666667 -8.58   
481 5772 0.908473114642 11.8259065259 -8.69 -8.6566666666666663e+00 -8.62333333333 -8.57   
482 5784 0.990371163318 11.6065983861 -8.69 -8.6666666666666661e+00 -8.63333333333 -8.61   
483 5796 1.04450670561 11.3326791233 -8.69 -8.6699999999999999e+00 -8.63 -8.60666666667   
484 5808 1.05836604156 11.371936644 -8.69 -8.6466666666666665e+00 -8.61333333333 -8.55666666667   
485 5820 1.01567201158 11.7148874232 -8.69 -8.6699999999999999e+00 -8.62333333333 -8.49   
486 5832 0.988094246977 11.7437738941 -8.69 -8.6733333333333338e+00 -8.63 -8.57   
487 5844 0.945424127068 11.756761344 -8.69 -8.6633333333333340e+00 -8.62666666667 -8.6   
488 5856 0.924793903786 11.6803876786 -8.69 -8.6466666666666665e+00 -8.62333333333 -8.59   
489 5868 0.887103895898 11.7401622039 -8.69 -8.6400000000000006e+00 -8.61 -8.59   
490 5880 0.875756377049 11.9465740466 -8.69 -8.6600000000000001e+00 -8.63333333333 -8.61333333333   
491 5892 0.807930017278 12.0634905734 -8.69 -8.6666666666666661e+00 -8.63 -8.6   
492 5904 0.812824525197 12.2212356942 -8.69 -8.6466666666666665e+00 -8.61666666667 -8.54666666667   
493 5916 0.769047711835 12.380703474 -8.69 -8.6400000000000006e+00 -8.62666666667 -8.58   
494 5928 0.730996245187 12.3109024955 -8.69 -8.6533333333333342e+00 -8.62333333333 -8.58   
495 5940 0.748844851048 12.2398313479 -8.69 -8.6566666666666663e+00 -8.62 -8.56333333333   
496 5952 0.724344056531 12.4854834477 -8.69 -8.6633333333333340e+00 -8.63333333333 -8.54   
497 5964 0.700761571479 12.417651456 -8.69 -8.6533333333333342e+00 -8.62333333333 -8.60666666667   
498 5976 0.689887754367 12.5776636444 -8.69 -8.6566666666666663e+00 -8.63333333333 -8.59333333333   
499 5988 0.703797520379 12.4585590441 -8.69 -8.6600000000000001e+00 -8.63333333333 -8.61   
500 6000 0.736708679375 12.7739715582 -8.69 -8.6600000000000001e+00 -8.62666666667 -8.60333333333   
501 6012 0.760370747145 12.7276338682 -8.69 -8.6633333333333340e+00 -8.63 -8.59333333333   
502 6024 0.809241401778 12.5362468266 -8.69 -8.6633333333333340e+00 -8.64 -8.47666666667   
503 6036 0.814887908194 12.5004416574 -8.69 -8.6699999999999999e+00 -8.63333333333 -8.56666666667   
504 6048 0.835791923269 12.6781723515 -8.69 -8.6433333333333326e+00 -8.62666666667 -8.54333333333   
505 6060 0.812099138059 12.4955665307 -8.69 -8.6633333333333340e+00 -8.63333333333 -8.61333333333   
506 6072 0.820009805817 12.5621051757 -8.69 -8.6566666666666663e+00 -8.63 -8.60666666667   
507 6084 0.829855543644 12.2653558093 -8.69 -8.6633333333333340e+00 -8.64333333333 -8.6   
508 6096 0.83397216562 12.400213249 -8.69 -8.6799999999999997e+00 -8.64333333333 -8.63   
509 6108 0.838935955388 12.0222332422 -8.69 -8.6666666666666661e+00 -8.62666666667 -8.57666666667   
510 6120 0.863572447279 12.167007983 -8.69 -8.6633333333333340e+00 -8.64333333333 -8.60333333333   
511 6132 0.824503335155 12.3364546717 -8.69 -8.6666666666666661e+00 -8.64333333333 -8.61333333333   
512 6144 0.820537336673 12.550062186 -8.69 -8.6633333333333340e+00 -8.63333333333 -8.61333333333   
513 6156 0.752495363551 12.5205813127 -8.69 -8.6566666666666663e+00 -8.64 -8.57666666667   
514 6168 0.698639822654 12.6336308019 -8.69 -8.6699999999999999e+00 -8.62666666667 -8.47   
515 6180 0.648161436117 12.6222727719 -8.69 -8.6600000000000001e+00 -8.63666666667 -8.58666666667   
516 6192 0.609644039517 12.3808843321 -8.69 -8.6600000000000001e+00 -8.64 -8.61333333333   
517 6204 0.56907704487 12.5032911188 -8.69 -8.6633333333333340e+00 -8.63666666667 -8.59333333333   
518 6216 0.561462505906 12.5743027244 -8.69 -8.6666666666666661e+00 -8.65 -8.61333333333   
519 6228 0.551406702348 12.7509678321 -8.69 -8.6699999999999999e+00 -8.65 -8.61666666667   
520 6240 0.572904567998 12.571180906 -8.69 -8.6766666666666659e+00 -8.64 -8.63   
521 6252 0.605803948275 12.4780584082 -8.69 -8.6699999999999999e+00 -8.64 -8.61   
522 6264 0.610105572363 12.6392154533 -8.69 -8.6666666666666661e+00 -8.65 -8.62   
523 6276 0.612053254744 12.5346124013 -8.69 -8.6699999999999999e+00 -8.65 -8.60666666667   
524 6288 0.597587739039 12.5870621 -8.69 -8.6699999999999999e+00 -8.64333333333 -8.62666666667   
525 6300 0.586441625455 12.7765745551 -8.69 -8.6799999999999997e+00 -8.64333333333 -8.60666666667   
526 6312 0.571241856824 12.8545469619 -8.69 -8.6633333333333340e+00 -8.63666666667 -8.61666666667   
527 6324 0.552937350112 12.9380486822 -8.69 -8.6633333333333340e+00 -8.63666666667 -8.60666666667   
528 6336 0.533145920805 12.9356373097 -8.69 -8.6600000000000001e+00 -8.64 -8.50333333333   
529 6348 0.55533361651 12.8653040484 -8.69 -8.6433333333333326e+00 -8.63333333333 -8.61   
530 6360 0.567343857497 12.8523837316 -8.69 -8.6633333333333340e+00 -8.62666666667 -8.59   
531 6372 0.558301159447 12.9238439441 -8.69 -8.6799999999999997e+00 -8.64333333333 -8.55   
532 6384 0.556416873728 12.8295773937 -8.69 -8.6666666666666661e+00 -8.64 -8.58666666667   
533 6396 0.548457195554 12.8893930823 -8.69 -8.6466666666666665e+00 -8.63 -8.55666666667   
534 6408 0.520067731325 12.8872946901 -8.69 -8.6699999999999999e+00 -8.62666666667 -8.61333333333   
535 6420 0.49252664981 12.8611476554 -8.69 -8.6799999999999997e+00 -8.64333333333 -8.6   
536 6432 0.474866870062 13.2626756293 -8.69 -8.6699999999999999e+00 -8.63333333333 -8.44666666667   
537 6444 0.450760373182 13.4585258582 -8.69 -8.6733333333333338e+00 -8.63333333333 -8.6   
538 6456 0.445649317279 13.4613306328 -8.69 -8.6766666666666659e+00 -8.64 -8.62333333333   
539 6468 0.451402727949 13.3510628407 -8.69 -8.6699999999999999e+00 -8.64 -8.62333333333   
540 6480 0.455181848939 13.4144421706 -8.69 -8.6633333333333340e+00 -8.63666666667 -8.58333333333   
541 6492 0.457595585479 13.4505566888 -8.69 -8.6600000000000001e+00 -8.63 -8.54666666667   
542 6504 0.456899766904 13.5597087378 -8.69 -8.6699999999999999e+00 -8.64666666667 -8.62666666667   
543 6516 0.459282341328 13.3075787362 -8.69 -8.6666666666666661e+00 -8.64333333333 -8.62   
544 6528 0.467642966748 13.1890012301 -8.69 -8.6699999999999999e+00 -8.64 -8.56   
545 6540 0.461291092793 13.2388266768 -8.69 -8.6633333333333340e+00 -8.64333333333 -8.59666666667   
546 6552 0.459625282868 13.0435606527 -8.69 -8.6899999999999995e+00 -8.63666666667 -8.62333333333   
547 6564 0.462196817705 13.0341942229 -8.69 -8.6699999999999999e+00 -8.63666666667 -8.60666666667   
548 6576 0.471949352361 13.2669751149 -8.69 -8.6733333333333338e+00 -8.65 -8.51666666667   
549 6588 0.487712986219 13.2757215635 -8.69 -8.6600000000000001e+00 -8.63333333333 -8.60666666667   
550 6600 0.504983369928 13.5613239007 -8.69 -8.6666666666666661e+00 -8.64333333333 -8.61   
551 6612 0.505644564939 13.9084484367 -8.69 -8.6699999999999999e+00 -8.64 -8.55   
552 6624 0.488312334172 13.419158764 -8.69 -8.6633333333333340e+00 -8.64333333333 -8.57666666667   
553 6636 0.470771057117 13.377857029 -8.69 -8.6699999999999999e+00 -8.64666666667 -8.49666666667   
554 6648 0.468396873384 13.2460499963 -8.69 -8.6833333333333336e+00 -8.63666666667 -8.3   
555 6660 0.471331079413 13.2405670573 -8.69 -8.6733333333333338e+00 -8.66 -8.64   
556 6672 0.468320084031 13.3262666374 -8.69 -8.6766666666666659e+00 -8.63666666667 -8.5   
557 6684 0.475243731154 13.2564851019 -8.69 -8.6600000000000001e+00 -8.63666666667 -8.61666666667   
558 6696 0.499046136534 13.1876337241 -8.69 -8.6533333333333342e+00 -8.63333333333 -8.61666666667   
559 6708 0.514243655516 12.888678443 -8.69 -8.6666666666666661e+00 -8.63333333333 -8.60333333333   
560 6720 0.53652889311 13.1275890603 -8.69 -8.6666666666666661e+00 -8.63 -8.59333333333   
561 6732 0.570698956662 13.1427990226 -8.69 -8.6766666666666659e+00 -8.63666666667 -8.53333333333   
562 6744 0.60138315038 12.7506838288 -8.69 -8.6766666666666659e+00 -8.63666666667 -8.59   
563 6756 0.625370167645 12.7038444831 -8.69 -8.6666666666666661e+00 -8.64 -8.61   
564 6768 0.63296067652 12.7822784545 -8.69 -8.6533333333333342e+00 -8.62333333333 -8.39666666667   
565 6780 0.648129138811 13.1241223722 -8.69 -8.6533333333333342e+00 -8.62333333333 -8.47666666667   
566 6792 0.619707213382 12.9772447029 -8.69 -8.6766666666666659e+00 -8.63666666667 -8.57333333333   
567 6804 0.62982974188 13.0115443791 -8.69 -8.6566666666666663e+00 -8.63666666667 -8.61666666667   
568 6816 0.59751936824 12.5582027767 -8.69 -8.6566666666666663e+00 -8.64666666667 -8.62333333333   
569 6828 0.56782869861 12.6108798594 -8.69 -8.6566666666666663e+00 -8.63666666667 -8.60333333333   
570 6840 0.556047658239 12.5594111629 -8.69 -8.6600000000000001e+00 -8.63666666667 -8.55666666667   
571 6852 0.546320428324 12.7511944686 -8.69 -8.6699999999999999e+00 -8.64 -8.62666666667   
572 6864 0.52349733819 12.9654759605 -8.69 -8.6699999999999999e+00 -8.64 -8.62333333333   
573 6876 0.531900770476 12.9172993734 -8.69 -8.6766666666666659e+00 -8.65 -8.62   
574 6888 0.536586088882 13.0868056743 -8.69 -8.6633333333333340e+00 -8.63666666667 -8.5   
575 6900 0.5436121193 13.236806863 -8.69 -8.6633333333333340e+00 -8.63 -8.61   
576 6912 0.561183257982 13.3362472177 -8.69 -8.6733333333333338e+00 -8.64333333333 -8.58666666667   
577 6924 0.581465658253 13.672913219 -8.69 -8.6766666666666659e+00 -8.63333333333 -8.54666666667   
578 6936 0.592523964453 13.6421887696 -8.69 -8.6733333333333338e+00 -8.64 -8.57   
579 6948 0.603848694554 13.5711286153 -8.69 -8.6633333333333340e+00 -8.64 -8.62   
580 6960 0.594857074224 13.8078291425 -8.69 -8.6733333333333338e+00 -8.65 -8.6   
581 6972 0.585994715642 13.9394512649 -8.69 -8.6566666666666663e+00 -8.63333333333 -8.55   
582 6984 0.590881725879 13.8700175268 -8.69 -8.6600000000000001e+00 -8.63333333333 -8.55333333333   
583 6996 0.608420671426 13.8224481766 -8.69 -8.6666666666666661e+00 -8.63 -8.61333333333   
584 7008 0.626216621637 13.8232956997 -8.69 -8.6666666666666661e+00 -8.63 -8.61   
585 7020 0.638370118134 14.192607622 -8.69 -8.6533333333333342e+00 -8.64666666667 -8.61   
586 7032 0.625224868973 14.469106462 -8.69 -8.6733333333333338e+00 -8.64 -8.58666666667   
587 7044 0.595445404342 14.9051068835 -8.69 -8.6533333333333342e+00 -8.62666666667 -8.56666666667   
588 7056 0.621324547035 15.3816768167 -8.69 -8.6699999999999999e+00 -8.64 -8.57666666667   
589 7068 0.610959908711 15.6411180997 -8.69 -8.6699999999999999e+00 -8.63 -8.61666666667   
590 7080 0.64901986691 15.8484336426 -8.69 -8.6633333333333340e+00 -8.63333333333 -8.6   
591 7092 0.721070746056 16.1674507437 -8.69 -8.6666666666666661e+00 -8.63666666667 -8.59333333333   
592 7104 0.802543843788 16.5274629379 -8.69 -8.6633333333333340e+00 -8.64 -8.61666666667   
593 7116 0.859751669213 16.4235299558 -8.69 -8.6699999999999999e+00 -8.63666666667 -8.61   
594 7128 0.836309620966 16.1438602723 -8.69 -8.6633333333333340e+00 -8.63 -8.58333333333   
595 7140 0.86987038449 16.1949272561 -8.69 -8.6666666666666661e+00 -8.63 -8.56333333333   
596 7152 0.906590772579 16.3615650441 -8.69 -8.6766666666666659e+00 -8.62333333333 -8.60333333333   
597 7164 0.907385460454 16.576615725 -8.69 -8.6733333333333338e+00 -8.64666666667 -8.61   
598 7176 0.923926963146 16.3176792915 -8.69 -8.6500000000000004e+00 -8.63333333333 -8.59666666667   
599 7188 0.925734018261 16.2429215852 -8.69 -8.6666666666666661e+00 -8.61666666667 -8.51666666667   
600 7200 0.978313693514 16.236863934 -8.69 -8.6600000000000001e+00 -8.62666666667 -8.60666666667   
601 7212 0.994205728072 16.1608216144 -8.69 -8.6600000000000001e+00 -8.63333333333 -8.59666666667   
602 7224 0.948783870238 16.2174527278 -8.69 -8.6400000000000006e+00 -8.62 -8.58   
603 7236 0.904190375629 16.3234613987 -8.69 -8.6566666666666663e+00 -8.63 -8.60666666667   
604 7248 0.913767534014 16.7176128361 -8.69 -8.6566666666666663e+00 -8.63 -8.6   
605 7260 0.960428272081 16.5177640597 -8.69 -8.6600000000000001e+00 -8.64 -8.60666666667   
606 7272 0.970946388601 16.5650566576 -8.69 -8.6433333333333326e+00 -8.62 -8.59   
607 7284 0.936458172713 16.8508916738 -8.69 -8.6400000000000006e+00 -8.62666666667 -8.49333333333   
608 7296 0.928084136035 16.9256169541 -8.69 -8.6466666666666665e+00 -8.61666666667 -5.0   
609 7308 0.908108008813 17.3601822808 -8.69 -8.6666666666666661e+00 -8.64 -8.61   
610 7320 0.912933044247 17.5764139482 -8.69 -8.6533333333333342e+00 -8.61666666667 -8.60666666667   
611 7332 0.878692882165 18.202316883 -8.69 -8.6533333333333342e+00 -8.62666666667 -8.56666666667   
612 7344 0.854119549684 18.3604768831 -8.69 -8.6400000000000006e+00 -8.61666666667 -8.59333333333   
613 7356 0.828394571153 18.4208471732 -8.69 -8.6600000000000001e+00 -8.64 -8.60333333333   
614 7368 0.810765851717 18.310107885 -8.69 -8.6600000000000001e+00 -8.63666666667 -8.59333333333   
615 7380 0.805194772908 18.5460274727 -8.69 -8.6733333333333338e+00 -8.63666666667 -8.60666666667   
616 7392 0.778102192528 18.5006542617 -8.69 -8.6533333333333342e+00 -8.63333333333 -8.60333333333   
617 7404 0.760264682505 18.7763299829 -8.69 -8.6633333333333340e+00 -8.62666666667 -8.6   
618 7416 0.747175421995 18.9830043956 -8.69 -8.6600000000000001e+00 -8.64333333333 -8.61666666667   
619 7428 0.677592544887 19.4471714274 -8.69 -8.6633333333333340e+00 -8.64333333333 -8.61   
620 7440 0.688956920389 19.3806870735 -8.69 -8.6699999999999999e+00 -8.63 -8.61333333333   
621 7452 0.705992925934 20.0566118085 -8.69 -8.6533333333333342e+00 -8.64666666667 -8.62333333333   
622 7464 0.755073171997 20.3691880276 -8.69 -8.6633333333333340e+00 -8.64333333333 -8.62   
623 7476 0.809547300664 20.7998840653 -8.69 -8.6799999999999997e+00 -8.64 -8.6   
624 7488 0.823095758332 21.2723797773 -8.69 -8.6566666666666663e+00 -8.63666666667 -8.54666666667   
625 7500 0.78346151179 21.0277453238 -8.69 -8.6633333333333340e+00 -8.64 -8.61666666667   
626 7512 0.743000050904 20.6903146985 -8.69 -8.6633333333333340e+00 -8.63333333333 -8.60333333333   
627 7524 0.743480945088 20.4092966181 -8.69 -8.6633333333333340e+00 -8.63666666667 -8.62333333333   
628 7536 0.746366415937 20.2324610936 -8.69 -8.6533333333333342e+00 -8.64333333333 -8.53333333333   
629 7548 0.776047084078 19.8874924206 -8.69 -8.6766666666666659e+00 -8.63666666667 -8.60666666667   
630 7560 0.795493079097 19.9792266253 -8.69 -8.6600000000000001e+00 -8.64333333333 -8.61666666667   
631 7572 0.787257902358 19.9008707388 -8.69 -8.6766666666666659e+00 -8.64 -8.60666666667   
632 7584 0.807212627051 19.0047982652 -8.69 -8.6633333333333340e+00 -8.64 -8.60666666667   
633 7596 0.879290046403 18.6186532526 -8.69 -8.6666666666666661e+00 -8.63 -8.60333333333   
634 7608 0.900629536849 18.2269722999 -8.69 -8.6533333333333342e+00 -8.63333333333 -8.60666666667   
635 7620 0.943182894343 17.9267808959 -8.69 -8.6699999999999999e+00 -8.62666666667 -8.59666666667   
636 7632 0.923980616416 17.9589104955 -8.69 -8.6799999999999997e+00 -8.63 -8.56666666667   
637 7644 0.89905737087 18.0613742213 -8.69 -8.6600000000000001e+00 -8.63333333333 -8.61333333333   
638 7656 0.862972558235 17.6630667809 -8.69 -8.6699999999999999e+00 -8.64 -8.62666666667   
639 7668 0.840957230579 17.5632877479 -8.69 -8.6633333333333340e+00 -8.63333333333 -8.61666666667   
640 7680 0.796119179135 17.2977530886 -8.69 -8.6600000000000001e+00 -8.64666666667 -8.61333333333   
641 7692 0.769348536036 17.4624675139 -8.69 -8.6766666666666659e+00 -8.64333333333 -8.62   
642 7704 0.764475049558 17.3449102362 -8.69 -8.6899999999999995e+00 -8.65 -8.62666666667   
643 7716 0.7869305495 17.0284808132 -8.69 -8.6600000000000001e+00 -8.64333333333 -8.61   
644 7728 0.842264084225 16.4808797657 -8.69 -8.6633333333333340e+00 -8.64333333333 -8.60666666667   
645 7740 0.833619052022 16.492137546 -8.69 -8.6466666666666665e+00 -8.62333333333 -8.60333333333   
646 7752 0.821878645062 16.4554934491 -8.69 -8.6533333333333342e+00 -8.63 -8.59666666667   
647 7764 0.82000546834 16.3359189989 -8.69 -8.6733333333333338e+00 -8.64333333333 -8.58333333333   
648 7776 0.790916498799 15.9388206881 -8.69 -8.6500000000000004e+00 -8.62666666667 -8.60333333333   
649 7788 0.768477128154 15.6875898442 -8.69 -8.6600000000000001e+00 -8.63333333333 -8.62   
650 7800 0.747774118942 15.6616442548 -8.69 -8.6566666666666663e+00 -8.63666666667 -8.58666666667   
651 7812 0.718331560312 15.3372084676 -8.69 -8.6466666666666665e+00 -8.62333333333 -8.61333333333   
652 7824 0.707657298874 15.277586124 -8.69 -8.6766666666666659e+00 -8.64 -8.62   
653 7836 0.705357009101 15.1745772684 -8.69 -8.6833333333333336e+00 -8.64 -8.61333333333   
654 7848 0.722498024588 15.4852061483 -8.69 -8.6666666666666661e+00 -8.63333333333 -8.59666666667   
655 7860 0.769523081632 15.2501047743 -8.69 -8.6733333333333338e+00 -8.64666666667 -8.60666666667   
656 7872 0.761685794359 15.4802270209 -8.69 -8.6699999999999999e+00 -8.63333333333 -8.60666666667   
657 7884 0.705163087203 15.487988929 -8.69 -8.6666666666666661e+00 -8.64333333333 -8.61   
658 7896 0.673138387486 15.6712304538 -8.69 -8.6699999999999999e+00 -8.63333333333 -8.61333333333   
659 7908 0.643328475493 15.5083801514 -8.69 -8.6733333333333338e+00 -8.63666666667 -8.59666666667   
660 7920 0.597542158498 15.285337106 -8.69 -8.6600000000000001e+00 -8.63333333333 -8.59   
661 7932 0.587169270833 15.3598977259 -8.69 -8.6633333333333340e+00 -8.64333333333 -8.6   
662 7944 0.543587956185 15.253426454 -8.69 -8.6666666666666661e+00 -8.64666666667 -8.57666666667   
663 7956 0.523956646767 15.5719612242 -8.69 -8.6799999999999997e+00 -8.65 -8.58   
664 7968 0.525871006255 15.3735837639 -8.69 -8.6733333333333338e+00 -8.64333333333 -8.6   
665 7980 0.525477058142 15.5670441849 -8.69 -8.6600000000000001e+00 -8.64 -8.5   
666 7992 0.543611819053 15.431381507 -8.69 -8.6766666666666659e+00 -8.64333333333 -8.61666666667   
667 8004 0.579235304342 15.285718504 -8.69 -8.6600000000000001e+00 -8.63666666667 -8.61666666667   
668 8016 0.62226798817 15.2346358984 -8.69 -8.6566666666666663e+00 -8.64333333333 -8.6   
669 8028 0.641658493236 15.0979629937 -8.69 -8.6733333333333338e+00 -8.63666666667 -8.6   
670 8040 0.721169625222 15.3052924108 -8.69 -8.6699999999999999e+00 -8.64333333333 -8.61333333333   
671 8052 0.801702669941 15.6160550555 -8.69 -8.6600000000000001e+00 -8.64 -8.61   
672 8064 0.877862182271 15.557908959 -8.69 -8.6633333333333340e+00 -8.64 -8.58333333333   
673 8076 0.903527793879 15.8077981532 -8.69 -8.6433333333333326e+00 -8.62666666667 -8.58333333333   
674 8088 0.971810993089 15.824897845 -8.69 -8.6600000000000001e+00 -8.64333333333 -8.63   
675 8100 0.970823735881 15.9791202344 -8.69 -8.6533333333333342e+00 -8.63 -8.60333333333   
676 8112 1.0379388892 15.6112075188 -8.69 -8.6699999999999999e+00 -8.62666666667 -8.61   
677 8124 1.10600270653 15.8186722993 -8.69 -8.6699999999999999e+00 -8.63 -8.61   
678 8136 1.15969742112 15.83918488 -8.69 -8.6566666666666663e+00 -8.62333333333 -8.6   
679 8148 1.18021653197 15.6377673021 -8.69 -8.6533333333333342e+00 -8.63 -8.55333333333   
680 8160 1.20650598669 15.7916021742 -8.69 -8.6699999999999999e+00 -8.62333333333 -8.60666666667   
681 8172 1.14195404972 15.7199046084 -8.69 -8.6500000000000004e+00 -8.62666666667 -8.59666666667   
682 8184 1.08844702614 15.8331343208 -8.69 -8.6400000000000006e+00 -8.62333333333 -8.58666666667   
683 8196 1.02788754351 16.2359249799 -8.69 -8.6500000000000004e+00 -8.62666666667 -8.58666666667   
684 8208 0.979915759509 16.1539047939 -8.69 -8.6533333333333342e+00 -8.63666666667 -8.62333333333   
685 8220 0.986167968053 16.2679614174 -8.69 -8.6766666666666659e+00 -8.62666666667 -8.6   
686 8232 1.01025341234 16.3181885226 -8.69 -8.6633333333333340e+00 -8.63333333333 -8.59   
687 8244 1.04667248668 16.3022262426 -8.69 -8.6600000000000001e+00 -8.62333333333 -8.57666666667   
688 8256 1.03445926403 16.1104349005 -8.69 -8.6633333333333340e+00 -8.63333333333 -8.56333333333   
689 8268 1.01817174366 15.9584854735 -8.69 -8.6633333333333340e+00 -8.62666666667 -8.60333333333   
690 8280 1.05000009025 15.9605896119 -8.69 -8.6533333333333342e+00 -8.62666666667 -8.61666666667   
691 8292 1.04971090605 16.1204094889 -8.69 -8.6733333333333338e+00 -8.63 -8.61   
692 8304 1.02025647896 15.8235527919 -8.69 -8.6566666666666663e+00 -8.62333333333 -8.57   
693 8316 0.963926936498 15.9176471102 -8.69 -8.6600000000000001e+00 -8.62666666667 -8.58333333333   
694 8328 0.914063469127 16.1845474091 -8.69 -8.6566666666666663e+00 -8.62666666667 -8.61   
695 8340 0.905562456326 15.8953061008 -8.69 -8.6733333333333338e+00 -8.63 -8.58   
696 8352 0.92470770332 16.0023046832 -8.69 -8.6600000000000001e+00 -8.63666666667 -8.61   
697 8364 0.929718244982 16.1104296988 -8.69 -8.6600000000000001e+00 -8.64 -8.61   
698 8376 0.931616883095 16.2066020469 -8.69 -8.6566666666666663e+00 -8.63666666667 -8.62333333333   
699 8388 0.972113995225 16.6301477516 -8.69 -8.6699999999999999e+00 -8.64 -8.61333333333   
700 8400 1.03691000849 16.7307641374 -8.69 -8.6733333333333338e+00 -8.63333333333 -8.61   
701 8412 1.06514098866 16.4508282938 -8.69 -8.6466666666666665e+00 -8.63333333333 -8.59666666667   
702 8424 1.00641378702 16.3372757582 -8.69 -8.6566666666666663e+00 -8.62333333333 -8.59   
703 8436 0.942659867811 16.2543431891 -8.69 -8.6466666666666665e+00 -8.63333333333 -8.59   
704 8448 0.913600085859 16.3425121593 -8.69 -8.6466666666666665e+00 -8.62666666667 -8.59   
705 8460 0.882561280197 16.729082482 -8.69 -8.6400000000000006e+00 -8.62333333333 -8.58   
706 8472 0.852988173431 17.47761131 -8.69 -8.6400000000000006e+00 -8.61 -8.59   
707 8484 0.811886867749 17.7916477823 -8.69 -8.6400000000000006e+00 -8.63 -8.55333333333   
708 8496 0.779822595099 17.6624004694 -8.69 -8.6433333333333326e+00 -8.62333333333 -8.58666666667   
709 8508 0.736338351316 17.7930833163 -8.69 -8.6633333333333340e+00 -8.63333333333 -8.59333333333   
710 8520 0.691207379642 17.6519407553 -8.69 -8.6466666666666665e+00 -8.62333333333 -8.56333333333   
711 8532 0.671973545142 17.7487651441 -8.69 -8.6533333333333342e+00 -8.63666666667 -8.59333333333   
712 8544 0.669687141006 17.4926506874 -8.69 -8.6666666666666661e+00 -8.62333333333 -8.59333333333   
713 8556 0.701378736054 16.9978623972 -8.69 -8.6600000000000001e+00 -8.63333333333 -8.6   
714 8568 0.756316045619 17.0304469995 -8.69 -8.6600000000000001e+00 -8.63 -8.60333333333   
715 8580 0.826600554255 17.0887264716 -8.69 -8.6466666666666665e+00 -8.62333333333 -8.59666666667   
716 8592 0.809910796603 16.7763132755 -8.69 -8.6733333333333338e+00 -8.63 -8.60666666667   
717 8604 0.811645592112 17.0313961221 -8.69 -8.6600000000000001e+00 -8.63666666667 -8.62   
718 8616 0.844170055053 16.9981945694 -8.69 -8.6600000000000001e+00 -8.62666666667 -8.60333333333   
719 8628 0.790093456503 16.9297635602 -8.69 -8.6633333333333340e+00 -8.63333333333 -8.61   
720 8640 0.771126510911 16.9576182046 -8.69 -8.6466666666666665e+00 -8.63333333333 -8.62   
721 8652 0.764692978484 17.0251622194 -8.69 -8.6600000000000001e+00 -8.63333333333 -8.59   
722 8664 0.755418945998 16.8941235336 -8.69 -8.6533333333333342e+00 -8.64 -8.61   
723 8676 0.752296246153 16.712382953 -8.69 -8.6533333333333342e+00 -8.63666666667 -8.62333333333   
724 8688 0.762202288 16.7510818282 -8.69 -8.6533333333333342e+00 -8.63 -8.62333333333   
725 8700 0.752057377214 16.7800157748 -8.69 -8.6500000000000004e+00 -8.63666666667 -8.61333333333   
726 8712 0.746891327098 16.7227924364 -8.69 -8.6666666666666661e+00 -8.62666666667 -8.6   
727 8724 0.765128214972 16.8014082156 -8.69 -8.6533333333333342e+00 -8.63666666667 -8.60333333333   
728 8736 0.74451859498 16.7776654214 -8.69 -8.6766666666666659e+00 -8.63333333333 -8.59333333333   
729 8748 0.772791020107 16.8902562763 -8.69 -8.6733333333333338e+00 -8.64 -8.59666666667   
730 8760 0.771257162878 16.9700653363 -8.69 -8.6666666666666661e+00 -8.63 -8.61333333333   
731 8772 0.746738021187 16.6755670511 -8.69 -8.6600000000000001e+00 -8.64 -8.60666666667   
732 8784 0.723739247178 16.5966854253 -8.69 -8.6566666666666663e+00 -8.63333333333 -8.61   
733 8796 0.704869067642 16.5328102372 -8.69 -8.6600000000000001e+00 -8.62666666667 -8.60333333333   
734 8808 0.685335757703 16.0073835024 -8.69 -8.6566666666666663e+00 -8.63 -8.59333333333   
735 8820 0.692310416768 15.6872306228 -8.69 -8.6699999999999999e+00 -8.64 -8.56   
736 8832 0.698384160964 15.5206174446 -8.69 -8.6699999999999999e+00 -8.63666666667 -8.6   
737 8844 0.710884818405 15.7397295341 -8.69 -8.6666666666666661e+00 -8.63666666667 -8.61   
738 8856 0.722780704753 15.7186313612 -8.69 -8.6766666666666659e+00 -8.63666666667 -8.61666666667   
739 8868 0.728193356921 15.4820307663 -8.69 -8.6633333333333340e+00 -8.63666666667 -8.61666666667   
740 8880 0.683687426109 15.3230389364 -8.69 -8.6699999999999999e+00 -8.64333333333 -8.60333333333   
741 8892 0.658121881556 15.2220623852 -8.69 -8.6733333333333338e+00 -8.63333333333 -8.61666666667   
742 8904 0.656679359462 15.3226044991 -8.69 -8.6699999999999999e+00 -8.64333333333 -8.61   
743 8916 0.667011811122 15.5380473348 -8.69 -8.6766666666666659e+00 -8.64666666667 -8.62   
744 8928 0.683994250663 15.721632956 -8.69 -8.6600000000000001e+00 -8.63666666667 -8.59   
745 8940 0.671441711909 15.8742010425 -8.69 -8.6699999999999999e+00 -8.64666666667 -8.62   
746 8952 0.675131100696 16.0027855646 -8.69 -8.6566666666666663e+00 -8.65 -8.63   
747 8964 0.660883735323 15.8501844894 -8.69 -8.6699999999999999e+00 -8.64 -8.61666666667   
748 8976 0.661413233268 15.9388080735 -8.69 -8.6600000000000001e+00 -8.63333333333 -8.62333333333   
749 8988 0.695143291767 15.591431178 -8.69 -8.6666666666666661e+00 -8.63333333333 -8.62   
750 9000 0.688683353693 15.754880166 -8.69 -8.6600000000000001e+00 -8.64 -8.60333333333   
751 9012 0.670812051599 15.6495192734 -8.69 -8.6600000000000001e+00 -8.64 -8.61333333333   
752 9024 0.670678794975 15.7669855897 -8.69 -8.6600000000000001e+00 -8.63666666667 -8.62   
753 9036 0.689197084863 15.8341946108 -8.69 -8.6566666666666663e+00 -8.64333333333 -8.63   
754 9048 0.762110613374 16.4497381883 -8.69 -8.6666666666666661e+00 -8.64 -8.62333333333   
755 9060 0.803662714661 16.5371504763 -8.69 -8.6633333333333340e+00 -8.64333333333 -8.62333333333   
756 9072 0.874618083367 16.7161697712 -8.69 -8.6533333333333342e+00 -8.63333333333 -8.60333333333   
757 9084 0.903843368823 16.1367163022 -8.69 -8.6699999999999999e+00 -8.64666666667 -8.62333333333   
758 9096 0.94882698399 15.665060168 -8.69 -8.6666666666666661e+00 -8.64 -8.62666666667   
759 9108 0.925839556964 15.129328477 -8.69 -8.6799999999999997e+00 -8.64333333333 -8.59333333333   
760 9120 0.938069017581 15.1564243537 -8.69 -8.6733333333333338e+00 -8.63333333333 -8.61666666667   
761 9132 0.922570766709 14.8264621654 -8.69 -8.6600000000000001e+00 -8.63666666667 -8.62   
762 9144 0.97506860625 14.9619155196 -8.69 -8.6666666666666661e+00 -8.64 -8.59666666667   
763 9156 0.990326159431 14.6921933396 -8.69 -8.6766666666666659e+00 -8.65 -8.60666666667   
764 9168 0.981329717246 14.5740579744 -8.69 -8.6699999999999999e+00 -8.65333333333 -8.62333333333   
765 9180 1.02586257579 14.7248963442 -8.69 -8.6633333333333340e+00 -8.64 -8.62333333333   
766 9192 1.07191124055 14.7294372883 -8.69 -8.6600000000000001e+00 -8.64 -8.60666666667   
767 9204 1.10004775761 15.2123848024 -8.69 -8.6566666666666663e+00 -8.62666666667 -8.59666666667   
768 9216 1.10562835006 15.1980554013 -8.69 -8.6666666666666661e+00 -8.63333333333 -8.6   
769 9228 1.09617974069 15.1808445843 -8.69 -8.6766666666666659e+00 -8.64333333333 -8.60666666667   
770 9240 1.10724756447 15.4368798898 -8.69 -8.6633333333333340e+00 -8.63666666667 -8.60333333333   
771 9252 1.09583360549 15.477011306 -8.69 -8.6666666666666661e+00 -8.64 -8.6   
772 9264 1.12496458295 15.3211167325 -8.69 -8.6766666666666659e+00 -8.64 -8.59666666667   
773 9276 1.17434581801 15.4406936636 -8.69 -8.6566666666666663e+00 -8.64666666667 -8.61666666667   
774 9288 1.17021168892 15.2637523955 -8.69 -8.6566666666666663e+00 -8.64 -8.61333333333   
775 9300 1.12919384149 15.1061211501 -8.69 -8.6566666666666663e+00 -8.63 -8.61333333333   
776 9312 1.12285788078 15.2529176047 -8.69 -8.6533333333333342e+00 -8.63666666667 -8.62   
777 9324 1.09890078619 15.2213205595 -8.69 -8.6533333333333342e+00 -8.63 -8.60666666667   
778 9336 1.10475731053 15.310271219 -8.69 -8.6566666666666663e+00 -8.64 -8.62333333333   
779 9348 1.15430178197 15.3304194601 -8.69 -8.6633333333333340e+00 -8.63333333333 -8.59666666667   
780 9360 1.19529876836 15.5685864416 -8.69 -8.6666666666666661e+00 -8.63666666667 -8.59666666667   
781 9372 1.20913624314 15.4948824431 -8.69 -8.6600000000000001e+00 -8.63333333333 -8.61   
782 9384 1.21040133865 15.5266302437 -8.69 -8.6799999999999997e+00 -8.64333333333 -8.55333333333   
783 9396 1.17161238273 15.9018017527 -8.69 -8.6699999999999999e+00 -8.62666666667 -8.61333333333   
784 9408 1.14655621908 16.1682893958 -8.69 -8.6699999999999999e+00 -8.63666666667 -8.61333333333   
785 9420 1.12622912639 16.2480471711 -8.69 -8.6600000000000001e+00 -8.63333333333 -8.59666666667   
786 9432 1.14442126057 16.0216549998 -8.69 -8.6633333333333340e+00 -8.64 -8.60333333333   
787 9444 1.11837090778 16.1182397505 -8.69 -8.6766666666666659e+00 -8.63666666667 -8.62666666667   
788 9456 1.12218690494 15.9815689056 -8.69 -8.6666666666666661e+00 -8.63 -8.6   
789 9468 1.11141514863 16.0178119478 -8.69 -8.6500000000000004e+00 -8.62666666667 -8.61333333333   
790 9480 1.0401484842 16.3226968097 -8.69 -8.6533333333333342e+00 -8.63666666667 -8.59666666667   
791 9492 0.962425192725 16.5126919502 -8.69 -8.6666666666666661e+00 -8.64 -8.59   
792 9504 0.921919850318 16.6088526197 -8.69 -8.6600000000000001e+00 -8.63333333333 -8.62   
793 9516 0.956184361495 16.4925583711 -8.69 -8.6633333333333340e+00 -8.63 -8.61   
794 9528 1.01037699476 16.6564307655 -8.69 -8.6633333333333340e+00 -8.64333333333 -8.62666666667   
795 9540 1.0020032145 16.5693103085 -8.69 -8.6733333333333338e+00 -8.63333333333 -8.59666666667   
796 9552 0.959554069643 16.7933580575 -8.69 -8.6466666666666665e+00 -8.62333333333 -8.58   
797 9564 0.938780475977 17.1270669464 -8.69 -8.6666666666666661e+00 -8.64 -8.62   
798 9576 0.920268022201 17.1399267868 -8.69 -8.6633333333333340e+00 -8.62666666667 -8.60666666667   
799 9588 0.917352827411 16.9128395177 -8.69 -8.6666666666666661e+00 -8.63 -8.61333333333   
800 9600 0.909547392991 17.1106336848 -8.69 -8.6733333333333338e+00 -8.62666666667 -8.61333333333   
801 9612 0.914025252937 16.9436930922 -8.69 -8.6566666666666663e+00 -8.63666666667 -8.62333333333   
802 9624 0.885849997621 16.8140193257 -8.69 -8.6699999999999999e+00 -8.63666666667 -8.61   
803 9636 0.937827312492 16.5843309882 -8.69 -8.6533333333333342e+00 -8.63 -8.61666666667   
804 9648 1.00507895398 16.8768233038 -8.69 -8.6699999999999999e+00 -8.63 -8.60666666667   
805 9660 1.05089640606 16.893574564 -8.69 -8.6566666666666663e+00 -8.63666666667 -8.61666666667   
806 9672 1.04995366994 16.8330640586 -8.69 -8.6533333333333342e+00 -8.63666666667 -8.61333333333   
807 9684 1.04441085582 16.720933724 -8.69 -8.6600000000000001e+00 -8.64333333333 -8.62   
808 9696 1.01015094867 17.3576760986 -8.69 -8.6533333333333342e+00 -8.63333333333 -8.59333333333   
809 9708 0.958932479269 17.4603429962 -8.69 -8.6466666666666665e+00 -8.62666666667 -8.6   
810 9720 0.923288556295 17.999104465 -8.69 -8.6699999999999999e+00 -8.63333333333 -8.60333333333   
811 9732 0.924181421611 18.1737748581 -8.69 -8.6666666666666661e+00 -8.63666666667 -8.59333333333   
812 9744 0.925352357444 18.1463444475 -8.69 -8.6500000000000004e+00 -8.62666666667 -8.61   
813 9756 0.857167064332 18.2255979894 -8.69 -8.6500000000000004e+00 -8.63333333333 -8.61666666667   
814 9768 0.808948120553 18.7298038026 -8.69 -8.6666666666666661e+00 -8.64333333333 -8.6   
815 9780 0.740146838742 18.657836705 -8.69 -8.6633333333333340e+00 -8.63 -8.60333333333   
816 9792 0.696489156241 18.5557271983 -8.69 -8.6799999999999997e+00 -8.64333333333 -8.62   
817 9804 0.696796361041 18.5871530716 -8.69 -8.6666666666666661e+00 -8.63 -8.61   
818 9816 0.699488059872 18.4830154367 -8.69 -8.6699999999999999e+00 -8.64 -8.60333333333   
819 9828 0.696825785482 18.4952560641 -8.69 -8.6500000000000004e+00 -8.64 -8.61666666667   
820 9840 0.700929821301 18.7544186764 -8.69 -8.6633333333333340e+00 -8.63333333333 -8.62333333333   
821 9852 0.705444990749 18.2987098549 -8.69 -8.6600000000000001e+00 -8.63333333333 -8.61   
822 9864 0.716407716872 18.4020193444 -8.69 -8.6600000000000001e+00 -8.63333333333 -8.62333333333   
823 9876 0.726576233685 18.2207667171 -8.69 -8.6533333333333342e+00 -8.63333333333 -8.62333333333   
824 9888 0.726185665698 17.5649249413 -8.69 -8.6733333333333338e+00 -8.64 -8.59333333333   
825 9900 0.729062929239 17.2994717554 -8.69 -8.6666666666666661e+00 -8.63 -8.61333333333   
826 9912 0.733602845253 17.2099960521 -8.69 -8.6733333333333338e+00 -8.63666666667 -8.62666666667   
827 9924 0.74695341058 17.5053044024 -8.69 -8.6433333333333326e+00 -8.63 -8.60666666667   
828 9936 0.775623009024 16.931634563 -8.69 -8.6533333333333342e+00 -8.63666666667 -8.57666666667   
829 9948 0.750147988649 16.9116595834 -8.69 -8.6633333333333340e+00 -8.63333333333 -8.60333333333   
830 9960 0.749916165426 16.9757367645 -8.69 -8.6666666666666661e+00 -8.62333333333 -8.59333333333   
831 9972 0.753062413014 17.0745166347 -8.69 -8.6633333333333340e+00 -8.64 -8.59666666667   
832 9984 0.759383830126 17.3251503982 -8.69 -8.6699999999999999e+00 -8.63333333333 -8.62   
833 9996 0.763402064231 17.4227210185 -8.69 -8.6566666666666663e+00 -8.64 -8.60666666667   
834 10008 0.756786009345 17.4968616999 -8.69 -8.6699999999999999e+00 -8.64 -8.62   
835 10020 0.761767923333 18.3512352595 -8.69 -8.6500000000000004e+00 -8.63 -8.59333333333   
836 10032 0.760586896 17.9505074962 -8.69 -8.6500000000000004e+00 -8.63 -8.61   
837 10044 0.762143986258 17.9866278985 -8.69 -8.6566666666666663e+00 -8.63666666667 -8.61   
838 10056 0.780656489204 18.2367708726 -8.69 -8.6633333333333340e+00 -8.63333333333 -8.61666666667   
839 10068 0.784539160887 18.5735470177 -8.69 -8.6600000000000001e+00 -8.64 -8.62333333333   
840 10080 0.771013191399 18.5453804619 -8.69 -8.6600000000000001e+00 -8.63666666667 -8.60666666667   
841 10092 0.764546935263 18.4204140778 -8.69 -8.6633333333333340e+00 -8.63 -8.59666666667   
842 10104 0.788122039154 18.3454661496 -8.69 -8.6600000000000001e+00 -8.63333333333 -8.62   
843 10116 0.805951894382 18.2821595235 -8.69 -8.6533333333333342e+00 -8.64333333333 -8.61333333333   
844 10128 0.791798134873 18.5541699757 -8.69 -8.6666666666666661e+00 -8.63333333333 -8.61333333333   
845 10140 0.815035629164 18.9322862832 -8.69 -8.6633333333333340e+00 -8.63666666667 -8.62   
846 10152 0.820409488696 18.247580027 -8.69 -8.6533333333333342e+00 -8.62666666667 -8.6   
847 10164 0.797849314076 18.3965604683 -8.69 -8.6666666666666661e+00 -8.64333333333 -8.62   
848 10176 0.838312838499 18.5325577693 -8.69 -8.6500000000000004e+00 -8.63666666667 -8.62   
849 10188 0.837214235686 18.6719221639 -8.69 -8.6633333333333340e+00 -8.62666666667 -8.61666666667   
850 10200 0.855150703931 18.6915277393 -8.69 -8.6666666666666661e+00 -8.63666666667 -8.61   
851 10212 0.841478886774 18.7254982827 -8.69 -8.6600000000000001e+00 -8.63333333333 -8.62   
852 10224 0.855457530461 18.2381861855 -8.69 -8.6600000000000001e+00 -8.64666666667 -8.61666666667   
853 10236 0.881550823236 17.9710455899 -8.69 -8.6600000000000001e+00 -8.64333333333 -8.60333333333   
854 10248 0.904493563421 17.8892851319 -8.69 -8.6633333333333340e+00 -8.64666666667 -8.6   
855 10260 0.903429320079 18.1922416595 -8.69 -8.6600000000000001e+00 -8.63666666667 -8.62333333333   
856 10272 0.868264732342 18.5618889078 -8.69 -8.6633333333333340e+00 -8.63666666667 -8.62666666667   
857 10284 0.861385477295 18.7464750756 -8.69 -8.6566666666666663e+00 -8.63666666667 -8.61333333333   
858 10296 0.851580789843 18.9153429645 -8.69 -8.6600000000000001e+00 -8.63666666667 -8.63333333333   
859 10308 0.846522836202 18.9749075934 -8.69 -8.6766666666666659e+00 -8.63666666667 -8.63   
860 10320 0.882300694638 19.0204821858 -8.69 -8.6633333333333340e+00 -8.63333333333 -8.60666666667   
861 10332 0.925173975044 19.1567698157 -8.69 -8.6566666666666663e+00 -8.63 -8.61333333333   
862 10344 0.914749184856 19.3301300133 -8.69 -8.6600000000000001e+00 -8.63666666667 -8.62   
863 10356 0.921824401694 19.3261910957 -8.69 -8.6633333333333340e+00 -8.64666666667 -8.60666666667   
864 10368 0.887283405417 19.6102524959 -8.69 -8.6433333333333326e+00 -8.63 -8.6   
865 10380 0.893688295692 19.26719918 -8.69 -8.6566666666666663e+00 -8.63 -8.6   
866 10392 0.873612157005 19.4163817405 -8.69 -8.6600000000000001e+00 -8.63333333333 -8.62   
867 10404 0.851878363287 19.2584082209 -8.69 -8.6566666666666663e+00 -8.63 -8.61666666667   
868 10416 0.887942625855 19.3285682713 -8.69 -8.6600000000000001e+00 -8.64 -8.61   
869 10428 0.902674368293 19.5012579914 -8.69 -8.6666666666666661e+00 -8.62666666667 -8.6   
870 10440 0.959589961919 19.5986956129 -8.69 -8.6500000000000004e+00 -8.63333333333 -8.61   
