% # columns="iteration, evaluation, sigma, axis ratio, bestever, best, median, worst objective function value, further objective values of best", seed=5, Wed Jan 31 14:40:07 2018, <python>{}</python>
1 12 1.87558291078 1.00004705993 0.7364999999999999 7.3649999999999993e-01 1.0 1.0   
2 24 1.84127373176 1.11965290224 0.45744333333333337 4.5744333333333337e-01 1.0 1.0   
3 36 1.78804948195 1.16249028423 -1.7598686666666667 -1.7598686666666667e+00 0.96224 1.0   
4 48 1.72082008512 1.17958667797 -5.785624666666667 -5.7856246666666671e+00 1.0 1.0   
5 60 1.71117949897 1.21086743894 -5.785624666666667 1.8626533333333331e-01 1.0 1.0   
6 72 1.74698398632 1.26125203477 -5.785624666666667 -5.0000000000000000e+00 1.0 1.0   
7 84 1.73621779492 1.32464661076 -8.0365 -8.0365000000000002e+00 0.108792 1.0   
8 96 1.78356796826 1.36029363394 -8.0365 -8.0165000000000006e+00 0.158676666667 1.0   
9 108 1.79649509491 1.4215947747 -8.0365 -3.8007613333333334e+00 0.357363333333 1.0   
10 120 1.77741342972 1.47768045558 -8.0365 -3.5810700000000000e+00 0.148906 1.0   
11 132 1.89989962434 1.50639984234 -8.0365 -3.5018446666666665e+00 0.227334 1.0   
12 144 1.99427315279 1.55872883564 -8.0365 -3.6163119999999997e+00 0.365883333333 1.0   
13 156 2.01553398964 1.65732007515 -8.0365 -1.8774753333333334e+00 0.11162 1.0   
14 168 2.03440654574 1.71522935816 -8.0365 -3.6354899999999999e+00 -1.55660666667 1.0   
15 180 2.02675520032 1.7599275961 -8.0365 -5.7858153333333338e+00 -1.29858666667 1.0   
16 192 1.95618005818 1.77285384685 -8.0365 -5.6929146666666668e+00 -1.59299733333 1.0   
17 204 1.85936212825 1.77182688415 -8.0365 -1.9173199999999999e+00 0.526830666667 1.0   
18 216 1.8326534579 1.77297181201 -8.0365 -3.8821713333333334e+00 -1.528998 0.540745333333   
19 228 1.87117583895 1.78271355669 -8.0365 -3.6336566666666665e+00 0.152307333333 0.69988   
20 240 1.94557749168 1.7954083737 -8.0365 -3.5496140000000000e+00 0.301512 1.0   
21 252 1.92723842043 1.8209838913 -8.0365 -5.9236866666666668e+00 0.310386 0.848206666667   
22 264 1.92989040882 1.82150079858 -8.0365 -3.8962993333333333e+00 0.200778 0.861366666667   
23 276 1.86934789904 1.82659735869 -8.0365 -8.0098333333333329e+00 0.178818666667 1.0   
24 288 1.78679255989 1.83689194168 -8.0365 -3.8134693333333334e+00 0.3125 1.0   
25 300 1.68872636938 1.89519236429 -8.0365 -3.7529013333333334e+00 0.105933333333 1.0   
26 312 1.58306191881 1.95771949322 -8.0365 -3.4456220000000002e+00 0.141291333333 1.0   
27 324 1.51277318407 2.02638815648 -8.0365 -3.7862740000000001e+00 -1.873252 0.0850786666667   
28 336 1.45371702197 2.04617600904 -8.0365 -3.5063046666666668e+00 -1.37822333333 0.463366   
29 348 1.38335656453 2.07244107407 -8.0365 -3.7014393333333335e+00 -1.91027466667 0.14909   
30 360 1.34026931306 2.09568068225 -8.0365 -3.5943993333333335e+00 -1.88635266667 1.0   
31 372 1.35488769239 2.09072447028 -8.0365 -3.8746766666666668e+00 -1.863738 0.294652666667   
32 384 1.38205600326 2.09414665474 -8.0365 -3.7514180000000001e+00 -1.78447733333 -1.347346   
33 396 1.33830857236 2.12027841055 -8.0365 -3.5853220000000001e+00 0.103870666667 0.397437333333   
34 408 1.29069164126 2.11172545727 -8.0365 -3.7504226666666667e+00 -1.71289133333 0.279418   
35 420 1.23566666518 2.13541283362 -8.0365 -3.5468320000000002e+00 -1.785018 -1.334474   
36 432 1.25540518719 2.16080456911 -8.0365 -3.9126013333333334e+00 -1.85647866667 -1.38088066667   
37 444 1.25776784542 2.23480523282 -8.0365 -5.6059039999999998e+00 -1.91952 0.190812666667   
38 456 1.28186096687 2.24398065444 -8.0365 -5.5706846666666667e+00 -1.72858266667 1.0   
39 468 1.34793966076 2.31499357134 -8.199833333333334 -8.1998333333333342e+00 -1.605554 0.515178666667   
40 480 1.33172473371 2.34690341485 -8.199833333333334 -5.4530073333333338e+00 -1.34073133333 0.83654   
41 492 1.33856026772 2.33886224043 -8.203166666666666 -8.2031666666666663e+00 -1.57308866667 1.0   
42 504 1.28982618305 2.30081244907 -8.203166666666666 -8.1098333333333326e+00 0.321168666667 1.0   
43 516 1.26323708719 2.31249824338 -8.203166666666666 -5.7459233333333337e+00 0.184721333333 0.725933333333   
44 528 1.25129187896 2.35066402146 -8.203166666666666 -5.3966146666666663e+00 0.11231 1.0   
45 540 1.23081492318 2.40621338892 -8.203166666666666 -3.9279026666666668e+00 0.108807333333 0.455645333333   
46 552 1.20648954757 2.4001866412 -8.203166666666666 -8.0731666666666673e+00 0.0933393333333 0.501189333333   
47 564 1.20307591296 2.42826685236 -8.203166666666666 -8.1464999999999996e+00 -1.578188 0.629751333333   
48 576 1.14702414526 2.48019174226 -8.203166666666666 -3.7709133333333336e+00 0.150162 1.0   
49 588 1.15217384713 2.46896113438 -8.203166666666666 -5.5934460000000001e+00 -1.53949133333 0.409874   
50 600 1.10866870597 2.48348279666 -8.446666666666667 -8.4466666666666672e+00 -3.357868 0.463594666667   
51 612 1.07678482329 2.46128255949 -8.446666666666667 -8.1831666666666667e+00 0.132151333333 1.0   
52 624 1.06942777719 2.45319415223 -8.446666666666667 -5.6825840000000003e+00 -1.46789866667 0.256514666667   
53 636 1.07730429496 2.49980491701 -8.446666666666667 -8.0298333333333325e+00 0.107757333333 0.450641333333   
54 648 1.03663855785 2.59406742309 -8.446666666666667 -3.3926859999999999e+00 0.152296666667 0.602   
55 660 1.00697551583 2.64142869291 -8.446666666666667 -8.1165000000000003e+00 -3.45407133333 0.301370666667   
56 672 0.966359251307 2.71533409212 -8.446666666666667 -3.2582266666666668e+00 0.237372 1.0   
57 684 0.91278981379 2.77021260822 -8.446666666666667 -5.8575733333333337e+00 0.140543333333 1.0   
58 696 0.914261816167 2.80226117908 -8.446666666666667 -5.5486079999999998e+00 -3.04781333333 0.235121333333   
59 708 0.892379119444 2.82522347698 -8.446666666666667 -5.6817719999999996e+00 0.0916113333333 0.24834   
60 720 0.923235140484 2.83467804744 -8.446666666666667 -8.1298333333333339e+00 -1.79141 0.124001333333   
61 732 0.954345544641 2.97628460581 -8.446666666666667 -3.9553314666666668e+00 -1.83677333333 0.21997   
62 744 0.992695985961 2.9958376295 -8.446666666666667 -3.6090233333333335e+00 0.126092666667 0.500096   
63 756 0.998699017707 3.00480470289 -8.446666666666667 -5.5575606666666664e+00 -1.61122733333 0.170018   
64 768 1.02764728915 3.08341614779 -8.446666666666667 -5.7218380000000000e+00 0.121029333333 0.710713333333   
65 780 1.02065991567 3.17143187626 -8.446666666666667 -5.3232600000000003e+00 0.246408666667 0.73298   
66 792 1.01622740221 3.17090731934 -8.446666666666667 -3.4623646666666668e+00 0.095084 0.29821   
67 804 1.00493469317 3.16137052799 -8.446666666666667 -5.7224360000000001e+00 -1.86148666667 0.171307333333   
68 816 1.00907471874 3.16250334289 -8.446666666666667 -3.2166333333333332e+00 0.118403333333 0.307742666667   
69 828 1.01764439032 3.1923219273 -8.446666666666667 -8.0731666666666673e+00 -1.77058 0.156282   
70 840 1.06271978965 3.17223857257 -8.446666666666667 -8.0098333333333329e+00 0.105808666667 0.340959333333   
71 852 1.09493323609 3.20304970634 -8.446666666666667 -5.7051773333333333e+00 -1.88590733333 0.151639333333   
72 864 1.17741531318 3.18035009301 -8.446666666666667 -8.2899999999999991e+00 -3.19530666667 1.0   
73 876 1.23768931105 3.24715121672 -8.446666666666667 -5.5028600000000001e+00 0.0586670666667 1.0   
74 888 1.32774000933 3.25333046332 -8.446666666666667 -3.2509466666666667e+00 0.127893333333 1.0   
75 900 1.40017309677 3.3161287609 -8.446666666666667 -3.8357226666666668e+00 0.462339333333 0.545345333333   
76 912 1.46792094208 3.34754318913 -8.446666666666667 -8.3000000000000007e+00 0.194308666667 0.67924   
77 924 1.47142161617 3.41879775059 -8.446666666666667 -5.5735099999999997e+00 0.474814 0.686266666667   
78 936 1.4063021334 3.54383870279 -8.446666666666667 -5.6848826666666668e+00 0.371568666667 1.0   
79 948 1.28333339459 3.55546843548 -8.446666666666667 -5.9227866666666671e+00 0.189527333333 1.0   
80 960 1.28464782816 3.56378469367 -8.446666666666667 -8.1531666666666673e+00 0.081556 0.596271333333   
81 972 1.35455195762 3.62839360787 -8.446666666666667 -5.4451993333333331e+00 -1.593706 0.484577333333   
82 984 1.37981081484 3.67251526513 -8.446666666666667 -5.5896453333333334e+00 -1.41045466667 0.45064   
83 996 1.33668880416 3.75120916635 -8.446666666666667 -5.8528019999999996e+00 0.132374666667 1.0   
84 1008 1.32233242738 3.76861044725 -8.446666666666667 -5.5871226666666667e+00 -1.93111533333 0.544391333333   
85 1020 1.26327826926 3.77478409887 -8.446666666666667 -3.5926553333333331e+00 0.455978 1.0   
86 1032 1.23120958543 3.74134602545 -8.446666666666667 -5.4951193333333332e+00 0.501704666667 1.0   
87 1044 1.19307533204 3.74088048808 -8.446666666666667 -5.3394066666666671e+00 0.30241 1.0   
88 1056 1.15334001019 3.78399945712 -8.446666666666667 -8.3100000000000005e+00 -1.83507066667 0.521261333333   
89 1068 1.16747938276 3.7915710261 -8.446666666666667 -8.3300000000000001e+00 -5.39603333333 0.568675333333   
90 1080 1.19645067625 3.7938288155 -8.446666666666667 -5.7664826666666666e+00 0.289871333333 1.0   
91 1092 1.20434505723 3.77694976321 -8.446666666666667 -5.7651633333333336e+00 -3.30377333333 0.892966666667   
92 1104 1.13966556321 3.85669448068 -8.446666666666667 -8.3666666666666671e+00 -1.7988 1.0   
93 1116 1.1229437923 3.8545803473 -8.446666666666667 -8.4133333333333340e+00 -5.57530133333 0.520910666667   
94 1128 1.06868837041 3.85463556739 -8.463333333333333 -8.4633333333333329e+00 -1.915446 1.0   
95 1140 0.988642421146 3.90718145207 -8.463333333333333 -8.1664999999999992e+00 0.210619333333 1.0   
96 1152 0.927199524906 3.96690210659 -8.463333333333333 -8.0198333333333327e+00 -1.37078866667 0.588198666667   
97 1164 0.890129852722 3.8981744276 -8.463333333333333 -8.3033333333333328e+00 -1.91950533333 0.297835333333   
98 1176 0.860119336164 4.01216362527 -8.463333333333333 -8.2865000000000002e+00 -1.64458466667 0.511977333333   
99 1188 0.842807902711 4.06916176563 -8.463333333333333 -8.3533333333333335e+00 -3.86146133333 0.412401333333   
100 1200 0.86602838501 4.08883379153 -8.463333333333333 -8.2398333333333333e+00 0.083122 0.862866666667   
101 1212 0.878794275857 4.0826825462 -8.463333333333333 -8.3233333333333341e+00 -3.53117866667 1.0   
102 1224 0.926315015679 4.1679390363 -8.463333333333333 -8.4199999999999999e+00 0.133756 1.0   
103 1236 0.918514386793 4.18264936684 -8.463333333333333 -8.1398333333333337e+00 0.569918 1.0   
104 1248 0.883863381313 4.13293796705 -8.463333333333333 -8.1364999999999998e+00 0.451763333333 1.0   
105 1260 0.882155987547 4.10379808235 -8.463333333333333 -8.2431666666666672e+00 -1.48702933333 0.592958   
106 1272 0.892055631304 4.121148861 -8.483333333333333 -8.4833333333333325e+00 -1.92995533333 0.645168666667   
107 1284 0.851367072178 4.27116215496 -8.483333333333333 -8.4166666666666661e+00 -3.08345333333 1.0   
108 1296 0.828032262596 4.28333275412 -8.49 -8.4900000000000002e+00 -3.31410666667 0.630021333333   
109 1308 0.802010423377 4.42260349553 -8.49 -8.4499999999999993e+00 -3.375414 0.126327333333   
110 1320 0.803589768277 4.54399403435 -8.49 -8.2966666666666669e+00 -3.23043333333 1.0   
111 1332 0.803000178786 4.59815912998 -8.49 -8.3200000000000003e+00 0.0640116666667 1.0   
112 1344 0.792836303783 4.58412416938 -8.49 -8.3466666666666676e+00 -3.87215666667 1.0   
113 1356 0.780845494466 4.59144294557 -8.49 -8.4433333333333334e+00 -8.12316666667 -1.435184   
114 1368 0.763081021693 4.56916373366 -8.516666666666667 -8.5166666666666675e+00 -8.05316666667 1.0   
115 1380 0.751224780892 4.60318100832 -8.516666666666667 -8.4666666666666668e+00 -3.45672533333 0.134628666667   
116 1392 0.746375609121 4.61009038479 -8.516666666666667 -8.4733333333333327e+00 -1.84685066667 0.218003333333   
117 1404 0.766910616863 4.61235692605 -8.516666666666667 -8.4933333333333341e+00 -8.0165 0.397461333333   
118 1416 0.77474830841 4.745443546 -8.516666666666667 -8.4533333333333331e+00 -5.682072 0.202362   
119 1428 0.81952543729 4.76699116866 -8.516666666666667 -8.4633333333333329e+00 -5.75575333333 0.280709333333   
120 1440 0.847665971774 4.90787249986 -8.516666666666667 -8.4066666666666663e+00 -8.18316666667 -5.76439333333   
121 1452 0.845905276863 4.98523519972 -8.516666666666667 -8.4533333333333331e+00 -8.09316666667 1.0   
122 1464 0.832829024872 5.08217182908 -8.516666666666667 -8.4766666666666666e+00 -5.92658 -1.49443133333   
123 1476 0.853167412315 5.15849638391 -8.516666666666667 -8.4633333333333329e+00 -8.1865 -1.91252466667   
124 1488 0.863799032875 5.38535414623 -8.516666666666667 -8.4766666666666666e+00 -5.881294 0.462643333333   
125 1500 0.902659137786 5.56935754084 -8.516666666666667 -8.4600000000000009e+00 -3.04881333333 0.207600666667   
126 1512 0.904261997137 5.77730711008 -8.516666666666667 -8.4133333333333340e+00 -8.10316666667 -1.11949333333   
127 1524 0.903250836999 5.77882281556 -8.516666666666667 -8.4499999999999993e+00 -8.12316666667 1.0   
128 1536 0.872954486724 5.83531294291 -8.516666666666667 -8.4533333333333331e+00 -3.75595 1.0   
129 1548 0.827381531241 5.86753669455 -8.516666666666667 -8.3533333333333335e+00 -5.56634266667 0.117498   
130 1560 0.814365304753 6.00808980394 -8.536666666666667 -8.5366666666666671e+00 -3.85429266667 0.0939466666667   
131 1572 0.789815071303 6.03793388987 -8.536666666666667 -8.5099999999999998e+00 -8.1065 0.882686666667   
132 1584 0.768013702994 6.12119711994 -8.536666666666667 -8.5099999999999998e+00 -8.25316666667 0.0784326666667   
133 1596 0.718661366538 6.18156501643 -8.536666666666667 -8.5266666666666673e+00 -8.34666666667 1.0   
134 1608 0.665379950865 6.30181520234 -8.553333333333333 -8.5533333333333328e+00 -8.37 -3.04107333333   
135 1620 0.64050016199 6.37414429074 -8.553333333333333 -8.5133333333333336e+00 -8.16316666667 0.104486666667   
136 1632 0.614576457982 6.56265302691 -8.553333333333333 -8.4966666666666661e+00 -8.33666666667 -3.917854   
137 1644 0.582118885617 6.61852351551 -8.553333333333333 -8.5066666666666659e+00 -8.33 0.0934493333333   
138 1656 0.558611843777 6.64850765413 -8.553333333333333 -8.4766666666666666e+00 -8.27983333333 -1.69593933333   
139 1668 0.532204966498 6.77317840089 -8.553333333333333 -8.4866666666666664e+00 -8.31 -3.54897133333   
140 1680 0.489145879116 6.79559417765 -8.553333333333333 -8.5366666666666671e+00 -8.38 -3.50122   
141 1692 0.459852508183 6.83271902758 -8.553333333333333 -8.5266666666666673e+00 -8.42333333333 -8.20316666667   
142 1704 0.460023582154 6.90025858801 -8.553333333333333 -8.5333333333333332e+00 -8.39333333333 -8.14316666667   
143 1716 0.456289553834 6.94588165168 -8.553333333333333 -8.5399999999999991e+00 -8.36333333333 -5.72340466667   
144 1728 0.452354443531 7.01914714923 -8.553333333333333 -8.5433333333333330e+00 -8.41666666667 -5.47798666667   
145 1740 0.459402974772 7.07149978283 -8.556666666666667 -8.5566666666666666e+00 -8.37 -3.696682   
146 1752 0.44268024954 7.12151040268 -8.556666666666667 -8.5333333333333332e+00 -8.44333333333 -3.70538933333   
147 1764 0.423440841454 7.14311399925 -8.556666666666667 -8.5500000000000007e+00 -8.46666666667 -5.378662   
148 1776 0.415487345462 7.23524378543 -8.556666666666667 -8.5399999999999991e+00 -8.46 -8.2865   
149 1788 0.417448611623 7.23669492569 -8.57 -8.5700000000000003e+00 -8.51 -5.62135333333   
150 1800 0.421467047781 7.29118841312 -8.57 -8.5600000000000005e+00 -8.43 -8.21983333333   
151 1812 0.430207410388 7.49862472579 -8.57 -8.5266666666666673e+00 -8.42333333333 -5.60538466667   
152 1824 0.439505458856 7.56809882276 -8.57 -8.5366666666666671e+00 -8.48333333333 -8.36333333333   
153 1836 0.451597855114 7.75090803743 -8.57 -8.5399999999999991e+00 -8.45 -8.13983333333   
154 1848 0.449501165291 7.78370050638 -8.573333333333334 -8.5733333333333341e+00 -8.48 -8.27983333333   
155 1860 0.454979452899 7.85661266183 -8.573333333333334 -8.5666666666666664e+00 -8.46 -8.0765   
156 1872 0.457517689016 8.14159891893 -8.573333333333334 -8.5633333333333326e+00 -8.47333333333 -8.32333333333   
157 1884 0.484897322032 8.20407041182 -8.573333333333334 -8.5433333333333330e+00 -8.46 -8.31333333333   
158 1896 0.497140979252 8.2347115729 -8.573333333333334 -8.5366666666666671e+00 -8.39 -8.0265   
159 1908 0.502009436528 8.46141789334 -8.573333333333334 -8.5500000000000007e+00 -8.45333333333 -8.36333333333   
160 1920 0.511736456014 8.46838830574 -8.573333333333334 -8.5566666666666666e+00 -8.5 -8.01983333333   
161 1932 0.50946991359 8.42762300565 -8.573333333333334 -8.5233333333333334e+00 -8.40666666667 -5.769602   
162 1944 0.497563057994 8.61236643575 -8.573333333333334 -8.5366666666666671e+00 -8.38666666667 -8.32   
163 1956 0.492307059556 8.81165510235 -8.573333333333334 -8.5533333333333328e+00 -8.48 -8.25983333333   
164 1968 0.46299612474 8.89911732604 -8.573333333333334 -8.5399999999999991e+00 -8.42333333333 -1.719978   
165 1980 0.449702208959 8.86074193689 -8.573333333333334 -8.5233333333333334e+00 -8.46 -8.0765   
166 1992 0.441608540013 8.88098583633 -8.573333333333334 -8.5600000000000005e+00 -8.43666666667 -8.20983333333   
167 2004 0.447513542085 8.90896238612 -8.573333333333334 -8.5366666666666671e+00 -8.44 -8.29333333333   
168 2016 0.442668754052 8.95887382274 -8.573333333333334 -8.5399999999999991e+00 -8.40666666667 -8.2465   
169 2028 0.43893957084 9.18796335545 -8.573333333333334 -8.5533333333333328e+00 -8.40666666667 -1.572614   
170 2040 0.418278710079 9.28876148841 -8.573333333333334 -8.5366666666666671e+00 -8.34666666667 -3.87640666667   
171 2052 0.385853192132 9.27069272542 -8.573333333333334 -8.5533333333333328e+00 -8.40666666667 -3.06736666667   
172 2064 0.377139666957 9.46904867083 -8.573333333333334 -8.5399999999999991e+00 -8.46666666667 -8.32   
173 2076 0.362679415532 9.83725308013 -8.573333333333334 -8.5500000000000007e+00 -8.45 -5.68457133333   
174 2088 0.356512218637 9.98853781217 -8.573333333333334 -8.5333333333333332e+00 -8.48333333333 -8.17983333333   
175 2100 0.347829270758 10.1048434674 -8.573333333333334 -8.5700000000000003e+00 -8.51666666667 -8.2065   
176 2112 0.338331736528 10.1727470794 -8.573333333333334 -8.5500000000000007e+00 -8.40333333333 -5.91105733333   
177 2124 0.32163620677 10.5018791471 -8.573333333333334 -8.5199999999999996e+00 -8.46333333333 -8.16983333333   
178 2136 0.309435439042 10.7644111775 -8.573333333333334 -8.5466666666666669e+00 -8.45333333333 -8.1865   
179 2148 0.297935420988 10.9430908128 -8.573333333333334 -8.5433333333333330e+00 -8.45 -8.29666666667   
180 2160 0.289813200997 10.8612285509 -8.573333333333334 -8.5533333333333328e+00 -8.48666666667 -8.32333333333   
181 2172 0.297329083793 10.8570487074 -8.573333333333334 -8.5666666666666664e+00 -8.49333333333 -8.43666666667   
182 2184 0.292325217774 10.9594255899 -8.573333333333334 -8.5666666666666664e+00 -8.51 -8.42   
183 2196 0.283567940284 11.0158086945 -8.573333333333334 -8.5533333333333328e+00 -8.50333333333 -8.39666666667   
184 2208 0.278202170763 11.1735380288 -8.573333333333334 -8.5399999999999991e+00 -8.47333333333 -8.42   
185 2220 0.267405183919 11.3668879601 -8.573333333333334 -8.5733333333333341e+00 -8.51666666667 -8.43   
186 2232 0.27054516977 11.5554357887 -8.573333333333334 -8.5666666666666664e+00 -8.48 -8.43333333333   
187 2244 0.260129151948 11.2937361823 -8.573333333333334 -8.5466666666666669e+00 -8.40333333333 -8.27983333333   
188 2256 0.250058586951 11.2691985163 -8.59 -8.5899999999999999e+00 -8.49333333333 -8.42666666667   
189 2268 0.248107814597 11.2078309443 -8.59 -8.5833333333333339e+00 -8.48333333333 -8.36   
190 2280 0.24140595361 11.203089003 -8.59 -8.5633333333333326e+00 -8.44 -8.22316666667   
191 2292 0.232810825608 11.1802925213 -8.59 -8.5833333333333339e+00 -8.52333333333 -8.44333333333   
192 2304 0.226749497091 11.2478013625 -8.59 -8.5333333333333332e+00 -8.52 -8.40333333333   
193 2316 0.224944585778 11.2956347989 -8.59 -8.5566666666666666e+00 -8.51666666667 -8.43666666667   
194 2328 0.232897808048 11.1061699192 -8.59 -8.5700000000000003e+00 -8.51333333333 -8.44333333333   
195 2340 0.242883876959 11.0277775009 -8.59 -8.5466666666666669e+00 -8.51333333333 -8.32333333333   
196 2352 0.256525986262 10.993427983 -8.59 -8.5666666666666664e+00 -8.51333333333 -8.43666666667   
197 2364 0.250763433413 11.0786908982 -8.59 -8.5633333333333326e+00 -8.52333333333 -8.37666666667   
198 2376 0.245612958031 11.0506922077 -8.59 -8.5366666666666671e+00 -8.49666666667 -8.45333333333   
199 2388 0.228291629308 11.078930281 -8.59 -8.5733333333333341e+00 -8.50666666667 -8.46333333333   
200 2400 0.229878699541 11.0804964982 -8.59 -8.5666666666666664e+00 -8.49 -8.40666666667   
201 2412 0.230258415478 11.1627828222 -8.59 -8.5500000000000007e+00 -8.50666666667 -8.46333333333   
202 2424 0.23034103513 11.2346485788 -8.59 -8.5166666666666675e+00 -8.47333333333 -8.38666666667   
203 2436 0.230397119016 11.2829949335 -8.59 -8.5700000000000003e+00 -8.52333333333 -8.26983333333   
204 2448 0.236742365349 11.4231443689 -8.59 -8.5766666666666662e+00 -8.52333333333 -8.35333333333   
205 2460 0.237369039947 11.5541228088 -8.59 -8.5500000000000007e+00 -8.51 -8.46333333333   
206 2472 0.252628242279 11.5367074385 -8.59 -8.5733333333333341e+00 -8.46333333333 -8.33333333333   
207 2484 0.261896089073 11.7879241721 -8.59 -8.5566666666666666e+00 -8.48333333333 -8.25983333333   
208 2496 0.270390521764 11.9736827879 -8.59 -8.5866666666666660e+00 -8.51 -8.1465   
209 2508 0.27472222652 12.1457282278 -8.59 -8.5533333333333328e+00 -8.48333333333 -8.35333333333   
210 2520 0.287027422262 12.2340650443 -8.59 -8.5666666666666664e+00 -8.49 -8.26983333333   
211 2532 0.285309816462 12.304206375 -8.59 -8.5800000000000001e+00 -8.49 -8.42333333333   
212 2544 0.291518452326 12.4136017756 -8.59 -8.5766666666666662e+00 -8.50333333333 -8.42333333333   
213 2556 0.294979922186 12.4575140278 -8.59 -8.5833333333333339e+00 -8.5 -8.27316666667   
214 2568 0.298512832461 12.4186644579 -8.59 -8.5600000000000005e+00 -8.48666666667 -8.2665   
215 2580 0.313461283463 12.4033544526 -8.59 -8.5866666666666660e+00 -8.51666666667 -8.41666666667   
216 2592 0.307751510802 12.3710141414 -8.59 -8.5533333333333328e+00 -8.44333333333 -8.26983333333   
217 2604 0.30197398224 12.3308450641 -8.59 -8.5866666666666660e+00 -8.48333333333 -8.41   
218 2616 0.291243403128 12.3810690119 -8.59 -8.5899999999999999e+00 -8.51666666667 -8.34   
219 2628 0.279843913896 12.4251822455 -8.593333333333334 -8.5933333333333337e+00 -8.48333333333 -8.35666666667   
220 2640 0.275244387893 12.5039709753 -8.593333333333334 -8.5633333333333326e+00 -8.48666666667 -8.33   
221 2652 0.27041176308 12.6748123409 -8.593333333333334 -8.5666666666666664e+00 -8.51666666667 -8.48   
222 2664 0.267817748983 12.7262430572 -8.593333333333334 -8.5766666666666662e+00 -8.50666666667 -8.44666666667   
223 2676 0.27091024757 12.9160462558 -8.593333333333334 -8.5566666666666666e+00 -8.51 -8.33   
224 2688 0.277503721446 13.1890153954 -8.593333333333334 -8.5533333333333328e+00 -8.52666666667 -8.43333333333   
225 2700 0.27971276578 13.0454320997 -8.593333333333334 -8.5666666666666664e+00 -8.52333333333 -8.36333333333   
226 2712 0.276270836589 12.9921953879 -8.593333333333334 -8.5833333333333339e+00 -8.52333333333 -8.45   
227 2724 0.290860886958 13.0645363637 -8.593333333333334 -8.5766666666666662e+00 -8.52666666667 -8.49   
228 2736 0.307388616421 13.0982754342 -8.593333333333334 -8.5833333333333339e+00 -8.51 -8.44666666667   
229 2748 0.302062396623 13.0255163244 -8.593333333333334 -8.5933333333333337e+00 -8.52 -8.43   
230 2760 0.290188182643 13.0486097787 -8.593333333333334 -8.5833333333333339e+00 -8.52666666667 -8.38   
231 2772 0.290673687788 13.287177136 -8.593333333333334 -8.5700000000000003e+00 -8.53 -8.45666666667   
232 2784 0.300708913659 13.667295638 -8.593333333333334 -8.5800000000000001e+00 -8.54333333333 -8.43333333333   
233 2796 0.295589689133 13.735233944 -8.6 -8.5999999999999996e+00 -8.53333333333 -8.45333333333   
234 2808 0.294809047459 14.0072195101 -8.6 -8.5899999999999999e+00 -8.53333333333 -8.37333333333   
235 2820 0.276322318365 14.086805045 -8.6 -8.5600000000000005e+00 -8.50333333333 -8.46   
236 2832 0.283960070495 14.2288453192 -8.6 -8.5800000000000001e+00 -8.53 -8.45333333333   
237 2844 0.290908593768 14.2656910634 -8.6 -8.5866666666666660e+00 -8.51666666667 -8.35666666667   
238 2856 0.286349562651 14.5465216373 -8.6 -8.5733333333333341e+00 -8.50666666667 -8.31   
239 2868 0.289149409766 14.5891755631 -8.6 -8.5733333333333341e+00 -8.48333333333 -8.40333333333   
240 2880 0.281137492878 14.5311729544 -8.6 -8.5166666666666675e+00 -8.46 -8.40333333333   
241 2892 0.273458976639 14.4231622513 -8.6 -8.5899999999999999e+00 -8.50666666667 -8.37333333333   
242 2904 0.264825496818 14.6969021414 -8.606666666666667 -8.6066666666666674e+00 -8.51333333333 -8.33   
243 2916 0.254615118603 15.0228621232 -8.606666666666667 -8.5700000000000003e+00 -8.53333333333 -8.2865   
244 2928 0.246851629505 15.1485238012 -8.606666666666667 -8.5600000000000005e+00 -8.49666666667 -8.46333333333   
245 2940 0.245821017546 15.2571049085 -8.606666666666667 -8.5700000000000003e+00 -8.51 -8.47333333333   
246 2952 0.25115964077 15.4474284206 -8.606666666666667 -8.5700000000000003e+00 -8.52 -8.37333333333   
247 2964 0.250876147416 15.7197295987 -8.606666666666667 -8.5933333333333337e+00 -8.53333333333 -8.43333333333   
248 2976 0.246578089528 15.723329613 -8.606666666666667 -8.5733333333333341e+00 -8.53666666667 -8.37666666667   
249 2988 0.24090218435 15.7530039464 -8.606666666666667 -8.5966666666666658e+00 -8.54 -8.46666666667   
250 3000 0.234982116039 16.0290880563 -8.606666666666667 -8.5933333333333337e+00 -8.51666666667 -8.40666666667   
251 3012 0.239832193401 16.0575916635 -8.613333333333333 -8.6133333333333333e+00 -8.55333333333 -8.4   
252 3024 0.238948039382 16.1674221782 -8.613333333333333 -8.5999999999999996e+00 -8.52333333333 -8.40333333333   
253 3036 0.238071263514 16.0899936654 -8.613333333333333 -8.6066666666666674e+00 -8.54 -8.36666666667   
254 3048 0.238502476505 16.065206489 -8.613333333333333 -8.5999999999999996e+00 -8.53 -8.42666666667   
255 3060 0.237683839141 16.0431732303 -8.613333333333333 -8.6033333333333335e+00 -8.50666666667 -8.43666666667   
256 3072 0.237162079169 16.2364989591 -8.613333333333333 -8.5966666666666658e+00 -8.53333333333 -8.39333333333   
257 3084 0.238941471811 16.3634490695 -8.613333333333333 -8.5866666666666660e+00 -8.53666666667 -8.41666666667   
258 3096 0.244135455292 16.3883796772 -8.613333333333333 -8.5933333333333337e+00 -8.52333333333 -8.42333333333   
259 3108 0.240506551516 16.1809866425 -8.613333333333333 -8.5833333333333339e+00 -8.53333333333 -8.20983333333   
260 3120 0.240580433581 16.2697880058 -8.613333333333333 -8.6099999999999994e+00 -8.53333333333 -8.45666666667   
261 3132 0.241810587677 16.644318822 -8.613333333333333 -8.5933333333333337e+00 -8.55 -8.39666666667   
262 3144 0.245836017875 16.7004693147 -8.613333333333333 -8.6066666666666674e+00 -8.53666666667 -8.43   
263 3156 0.255096124376 16.8071391649 -8.613333333333333 -8.5933333333333337e+00 -8.53666666667 -8.4   
264 3168 0.260074080839 16.8244828041 -8.613333333333333 -8.5966666666666658e+00 -8.49666666667 -8.38666666667   
265 3180 0.266817870064 16.8541592684 -8.613333333333333 -8.6066666666666674e+00 -8.52333333333 -8.41666666667   
266 3192 0.26650879375 16.8889699124 -8.613333333333333 -8.5666666666666664e+00 -8.53333333333 -8.43333333333   
267 3204 0.258292024326 16.7409270248 -8.613333333333333 -8.5966666666666658e+00 -8.55666666667 -8.44666666667   
268 3216 0.252241642147 16.561093352 -8.613333333333333 -8.5566666666666666e+00 -8.51666666667 -8.44   
269 3228 0.242262596502 16.6686916059 -8.613333333333333 -8.6099999999999994e+00 -8.56333333333 -8.45666666667   
270 3240 0.241409337412 16.5325533616 -8.613333333333333 -8.5966666666666658e+00 -8.55333333333 -8.40666666667   
271 3252 0.242257600765 16.5885690275 -8.613333333333333 -8.6099999999999994e+00 -8.53333333333 -8.48333333333   
272 3264 0.242814022655 16.3537262998 -8.613333333333333 -8.5966666666666658e+00 -8.53666666667 -8.46   
273 3276 0.242645973075 16.3167297795 -8.616666666666667 -8.6166666666666671e+00 -8.54666666667 -8.46666666667   
274 3288 0.243313169557 16.3559378106 -8.616666666666667 -8.6133333333333333e+00 -8.51 -8.45666666667   
275 3300 0.245000465467 16.3707129262 -8.616666666666667 -8.5999999999999996e+00 -8.53666666667 -8.47   
276 3312 0.246509950183 16.859816587 -8.616666666666667 -8.5933333333333337e+00 -8.55 -8.34   
277 3324 0.247221289295 17.2090817177 -8.616666666666667 -8.6166666666666671e+00 -8.55 -8.5   
278 3336 0.244006825341 17.534155211 -8.616666666666667 -8.6133333333333333e+00 -8.57 -8.47666666667   
279 3348 0.240128860621 17.4645453558 -8.63 -8.6300000000000008e+00 -8.53 -8.45666666667   
280 3360 0.246893281786 17.9662616845 -8.63 -8.6199999999999992e+00 -8.52666666667 -8.39   
281 3372 0.265436244863 18.9072799946 -8.63 -8.6099999999999994e+00 -8.55333333333 -8.49666666667   
282 3384 0.265056744066 19.6088867555 -8.63 -8.5933333333333337e+00 -8.56 -8.50666666667   
283 3396 0.252806333474 19.9994386977 -8.636666666666667 -8.6366666666666667e+00 -8.57 -8.33333333333   
284 3408 0.23831515316 20.0019124734 -8.636666666666667 -8.6300000000000008e+00 -8.59 -8.41666666667   
285 3420 0.238333308849 19.7667206847 -8.64 -8.6400000000000006e+00 -8.57 -8.40333333333   
286 3432 0.240338733074 19.8560526316 -8.646666666666667 -8.6466666666666665e+00 -8.57333333333 -8.50333333333   
287 3444 0.238339710215 20.1382367258 -8.646666666666667 -8.6300000000000008e+00 -8.56333333333 -8.46666666667   
288 3456 0.240612380628 20.1037322097 -8.646666666666667 -8.6199999999999992e+00 -8.54333333333 -8.51666666667   
289 3468 0.239746088201 19.8537151919 -8.646666666666667 -8.6366666666666667e+00 -8.58333333333 -8.52666666667   
290 3480 0.241490721102 19.7112610719 -8.646666666666667 -8.6433333333333326e+00 -8.58333333333 -8.5   
291 3492 0.24358841618 19.8461231455 -8.646666666666667 -8.6300000000000008e+00 -8.59 -8.47333333333   
292 3504 0.24372286752 20.2255358885 -8.646666666666667 -8.6233333333333331e+00 -8.56 -8.46333333333   
293 3516 0.241219920562 20.1354899304 -8.646666666666667 -8.6300000000000008e+00 -8.55333333333 -8.47   
294 3528 0.241638378805 20.1287256519 -8.646666666666667 -8.6266666666666669e+00 -8.56666666667 -8.50333333333   
295 3540 0.245674045023 20.1784802122 -8.646666666666667 -8.6233333333333331e+00 -8.60666666667 -8.57   
296 3552 0.246296016279 20.4140729016 -8.646666666666667 -8.6166666666666671e+00 -8.54 -8.44   
297 3564 0.241295296309 20.591410051 -8.646666666666667 -8.6233333333333331e+00 -8.56333333333 -8.49333333333   
298 3576 0.239382110653 20.3373285373 -8.646666666666667 -8.6333333333333329e+00 -8.58 -8.53666666667   
299 3588 0.246602456988 20.3688765954 -8.646666666666667 -8.6466666666666665e+00 -8.58666666667 -8.51   
300 3600 0.252494924979 20.9376596512 -8.646666666666667 -8.6400000000000006e+00 -8.57666666667 -8.49666666667   
301 3612 0.255624360817 21.1454645202 -8.646666666666667 -8.6366666666666667e+00 -8.57333333333 -8.52333333333   
302 3624 0.257401334153 21.7392714528 -8.646666666666667 -8.6433333333333326e+00 -8.54666666667 -8.51666666667   
303 3636 0.255440815971 22.0503496047 -8.646666666666667 -8.6466666666666665e+00 -8.57666666667 -8.52   
304 3648 0.256818840852 21.9557092743 -8.646666666666667 -8.6333333333333329e+00 -8.59333333333 -8.44333333333   
305 3660 0.262942142369 21.762884408 -8.646666666666667 -8.6300000000000008e+00 -8.57666666667 -8.46333333333   
306 3672 0.262129699561 21.6232861002 -8.646666666666667 -8.6199999999999992e+00 -8.6 -8.50666666667   
307 3684 0.268097506021 21.6108632873 -8.646666666666667 -8.6199999999999992e+00 -8.57333333333 -8.46333333333   
308 3696 0.277491121615 21.2606155995 -8.646666666666667 -8.6366666666666667e+00 -8.56333333333 -8.43666666667   
309 3708 0.281164618106 21.2812682322 -8.646666666666667 -8.6333333333333329e+00 -8.57666666667 -8.50333333333   
310 3720 0.278333745598 21.3824235837 -8.646666666666667 -8.6333333333333329e+00 -8.56666666667 -8.47333333333   
311 3732 0.27008464066 21.7578048135 -8.646666666666667 -8.6433333333333326e+00 -8.58333333333 -8.51333333333   
312 3744 0.253161528065 21.6607809972 -8.646666666666667 -8.6266666666666669e+00 -8.59333333333 -8.54666666667   
313 3756 0.253659883409 21.8784297044 -8.646666666666667 -8.6300000000000008e+00 -8.59333333333 -8.49333333333   
314 3768 0.256397537313 22.1454394771 -8.646666666666667 -8.6400000000000006e+00 -8.57666666667 -8.52333333333   
315 3780 0.265696126569 22.5154407482 -8.646666666666667 -8.6433333333333326e+00 -8.57666666667 -8.46333333333   
316 3792 0.261895973145 22.3677979343 -8.646666666666667 -8.6333333333333329e+00 -8.57666666667 -8.46   
317 3804 0.265191958451 22.2349820133 -8.646666666666667 -8.6333333333333329e+00 -8.58666666667 -8.51666666667   
318 3816 0.258194592862 22.1690876689 -8.646666666666667 -8.6366666666666667e+00 -8.58 -8.49333333333   
319 3828 0.257361400149 22.3134294036 -8.646666666666667 -8.6300000000000008e+00 -8.59333333333 -8.49   
320 3840 0.246003511145 22.2538460945 -8.646666666666667 -8.6366666666666667e+00 -8.58666666667 -8.54   
321 3852 0.246412688977 22.4566994385 -8.646666666666667 -8.6266666666666669e+00 -8.58 -8.48666666667   
322 3864 0.249081282135 22.4399999857 -8.646666666666667 -8.6400000000000006e+00 -8.58666666667 -8.48   
323 3876 0.25000285128 22.4514345847 -8.646666666666667 -8.6266666666666669e+00 -8.60666666667 -8.55   
324 3888 0.250676150054 22.7439442489 -8.646666666666667 -8.6166666666666671e+00 -8.58666666667 -8.52333333333   
325 3900 0.252210407531 22.667408378 -8.646666666666667 -8.6266666666666669e+00 -8.57333333333 -8.52666666667   
326 3912 0.250189532532 22.8226174879 -8.646666666666667 -8.6333333333333329e+00 -8.6 -8.56666666667   
327 3924 0.249596578046 22.8956160934 -8.646666666666667 -8.6300000000000008e+00 -8.61 -8.48333333333   
328 3936 0.248499628762 22.8392361113 -8.646666666666667 -8.5999999999999996e+00 -8.54666666667 -8.48333333333   
329 3948 0.248152275441 22.893456264 -8.646666666666667 -8.6166666666666671e+00 -8.57 -8.52333333333   
330 3960 0.248859246661 22.8962491944 -8.646666666666667 -8.6333333333333329e+00 -8.6 -8.53333333333   
331 3972 0.25413825097 23.0878546227 -8.646666666666667 -8.6333333333333329e+00 -8.59333333333 -8.47333333333   
332 3984 0.250727125623 23.0970914228 -8.646666666666667 -8.6266666666666669e+00 -8.57 -8.45666666667   
333 3996 0.246651111505 23.1040017271 -8.646666666666667 -8.6300000000000008e+00 -8.59333333333 -8.50666666667   
334 4008 0.247511414085 23.0694317357 -8.646666666666667 -8.6099999999999994e+00 -8.53333333333 -8.46333333333   
335 4020 0.249001285103 23.0633309232 -8.646666666666667 -8.6233333333333331e+00 -8.60666666667 -8.55333333333   
336 4032 0.250168920593 23.2118292603 -8.646666666666667 -8.6266666666666669e+00 -8.59333333333 -8.51   
337 4044 0.248950611381 23.7109687098 -8.646666666666667 -8.6333333333333329e+00 -8.59333333333 -8.53666666667   
338 4056 0.249115915343 23.7805743381 -8.646666666666667 -8.6266666666666669e+00 -8.59333333333 -8.47333333333   
339 4068 0.249085344743 23.8938791217 -8.646666666666667 -8.6366666666666667e+00 -8.61666666667 -8.58333333333   
340 4080 0.252214370685 24.2533143134 -8.646666666666667 -8.6466666666666665e+00 -8.59 -8.47666666667   
341 4092 0.267093061461 24.4187502854 -8.646666666666667 -8.6233333333333331e+00 -8.58333333333 -8.44333333333   
342 4104 0.260875956871 24.0662788749 -8.646666666666667 -8.6333333333333329e+00 -8.58333333333 -8.0865   
343 4116 0.251414532505 23.7151863086 -8.646666666666667 -8.6433333333333326e+00 -8.58333333333 -8.54333333333   
344 4128 0.251467673462 23.7361115798 -8.646666666666667 -8.6333333333333329e+00 -8.57333333333 -8.45666666667   
345 4140 0.249741809395 24.0715751885 -8.646666666666667 -8.6366666666666667e+00 -8.58666666667 -8.52666666667   
346 4152 0.249559692825 23.8950878922 -8.646666666666667 -8.6300000000000008e+00 -8.60333333333 -8.52666666667   
347 4164 0.249200495751 23.422647588 -8.646666666666667 -8.6400000000000006e+00 -8.58333333333 -8.43   
348 4176 0.250138829664 22.7339639298 -8.646666666666667 -8.6333333333333329e+00 -8.57333333333 -8.46666666667   
349 4188 0.248986845211 22.7383080885 -8.646666666666667 -8.6333333333333329e+00 -8.6 -8.52333333333   
350 4200 0.2510520189 22.6837959346 -8.646666666666667 -8.6300000000000008e+00 -8.6 -8.52666666667   
351 4212 0.252887963497 22.7115743149 -8.646666666666667 -8.6333333333333329e+00 -8.58333333333 -8.52666666667   
352 4224 0.251417750864 22.9397735068 -8.646666666666667 -8.6300000000000008e+00 -8.59666666667 -8.53333333333   
353 4236 0.250374149458 23.219296309 -8.646666666666667 -8.6266666666666669e+00 -8.59333333333 -8.56   
354 4248 0.250787543904 23.4433466387 -8.646666666666667 -8.6266666666666669e+00 -8.61333333333 -8.52   
355 4260 0.252174390552 23.3921367108 -8.646666666666667 -8.6199999999999992e+00 -8.60666666667 -8.57333333333   
356 4272 0.251139770042 23.4666121069 -8.646666666666667 -8.6333333333333329e+00 -8.60666666667 -8.44   
357 4284 0.252140040811 24.2544454873 -8.646666666666667 -8.6300000000000008e+00 -8.57333333333 -8.49   
358 4296 0.251797798753 24.0254815027 -8.646666666666667 -8.6366666666666667e+00 -8.58 -8.52   
359 4308 0.24993006494 23.9619293951 -8.646666666666667 -8.6300000000000008e+00 -8.61666666667 -8.49   
360 4320 0.251182083897 24.0126557331 -8.646666666666667 -8.6400000000000006e+00 -8.58333333333 -8.46   
361 4332 0.253975128925 24.1275448864 -8.646666666666667 -8.6433333333333326e+00 -8.61666666667 -8.53   
362 4344 0.256452313938 24.46447585 -8.646666666666667 -8.6300000000000008e+00 -8.59333333333 -8.46   
363 4356 0.253448865897 24.4463331639 -8.646666666666667 -8.6266666666666669e+00 -8.61333333333 -8.52666666667   
364 4368 0.2559489113 24.3423507684 -8.646666666666667 -8.6266666666666669e+00 -8.60666666667 -8.52   
365 4380 0.256146306732 23.9860919811 -8.646666666666667 -8.6300000000000008e+00 -8.60333333333 -8.5   
366 4392 0.255977157181 23.78405752 -8.646666666666667 -8.6300000000000008e+00 -8.61 -8.57333333333   
367 4404 0.255246183234 23.7466559719 -8.646666666666667 -8.6266666666666669e+00 -8.61666666667 -8.52   
368 4416 0.256766688395 23.7340240871 -8.646666666666667 -8.6166666666666671e+00 -8.58333333333 -8.56666666667   
369 4428 0.254796118468 23.7651472184 -8.646666666666667 -8.6233333333333331e+00 -8.57666666667 -8.56   
370 4440 0.254844093282 23.6257908221 -8.646666666666667 -8.6300000000000008e+00 -8.61 -8.56666666667   
371 4452 0.25927322583 23.4000790463 -8.646666666666667 -8.6366666666666667e+00 -8.58666666667 -8.56   
372 4464 0.259866363221 23.4905736756 -8.646666666666667 -8.6300000000000008e+00 -8.58 -8.53   
373 4476 0.250873082615 23.8257193557 -8.646666666666667 -8.6300000000000008e+00 -8.58666666667 -8.56333333333   
374 4488 0.251369986569 23.903982725 -8.646666666666667 -8.6300000000000008e+00 -8.60666666667 -8.48333333333   
375 4500 0.24878622735 24.114729469 -8.646666666666667 -8.6233333333333331e+00 -8.6 -8.51333333333   
376 4512 0.255629821517 23.9604766388 -8.646666666666667 -8.6366666666666667e+00 -8.61 -8.55333333333   
377 4524 0.255642748398 23.8086843242 -8.646666666666667 -8.6333333333333329e+00 -8.57666666667 -8.56333333333   
378 4536 0.256704175066 24.1291725904 -8.646666666666667 -8.6333333333333329e+00 -8.61333333333 -8.56666666667   
379 4548 0.257339424898 24.694255005 -8.646666666666667 -8.6300000000000008e+00 -8.61 -8.55333333333   
380 4560 0.257510888022 24.609473628 -8.646666666666667 -8.6366666666666667e+00 -8.58333333333 -8.49666666667   
381 4572 0.258270329459 24.5026981188 -8.646666666666667 -8.6366666666666667e+00 -8.56333333333 -8.48   
382 4584 0.259153072019 24.5957672016 -8.646666666666667 -8.6266666666666669e+00 -8.57666666667 -8.48333333333   
383 4596 0.257949017816 24.2606345276 -8.646666666666667 -8.6333333333333329e+00 -8.61 -8.55   
384 4608 0.258406291511 25.0541831642 -8.646666666666667 -8.6300000000000008e+00 -8.59333333333 -8.55   
385 4620 0.256567845325 25.6102185028 -8.646666666666667 -8.6233333333333331e+00 -8.57 -8.52   
386 4632 0.258967955205 25.8449091141 -8.646666666666667 -8.6233333333333331e+00 -8.58333333333 -8.51333333333   
387 4644 0.259997499923 25.5592003648 -8.646666666666667 -8.6199999999999992e+00 -8.59666666667 -8.54333333333   
388 4656 0.260419570455 25.213360842 -8.646666666666667 -8.6333333333333329e+00 -8.61333333333 -8.56   
389 4668 0.259716012079 25.5744878792 -8.646666666666667 -8.6266666666666669e+00 -8.57666666667 -8.53666666667   
390 4680 0.258520531909 26.0964078672 -8.65 -8.6500000000000004e+00 -8.60666666667 -8.48   
391 4692 0.260116071802 26.0560984595 -8.65 -8.6400000000000006e+00 -8.58333333333 -8.54   
392 4704 0.264015780759 25.876079199 -8.65 -8.6366666666666667e+00 -8.58666666667 -8.48333333333   
393 4716 0.26637285553 25.999717432 -8.65 -8.6266666666666669e+00 -8.60666666667 -8.53666666667   
394 4728 0.263948043663 26.5301998774 -8.65 -8.6333333333333329e+00 -8.60333333333 -8.56   
395 4740 0.25835570829 26.7292131063 -8.65 -8.6300000000000008e+00 -8.61666666667 -8.55   
396 4752 0.256019923706 26.8780750041 -8.65 -8.6300000000000008e+00 -8.61666666667 -8.53333333333   
397 4764 0.251463436792 27.5542971347 -8.65 -8.6300000000000008e+00 -8.58666666667 -8.47   
398 4776 0.253994869216 27.9305519367 -8.65 -8.6233333333333331e+00 -8.61 -8.52666666667   
399 4788 0.254641033948 27.7802467968 -8.65 -8.6366666666666667e+00 -8.60333333333 -8.47   
400 4800 0.256656451768 27.2425903005 -8.65 -8.6333333333333329e+00 -8.62 -8.57333333333   
401 4812 0.258735800393 26.9948537341 -8.65 -8.6400000000000006e+00 -8.60666666667 -8.52   
402 4824 0.260546247747 27.0418267687 -8.65 -8.6266666666666669e+00 -8.59333333333 -8.51666666667   
403 4836 0.261817397428 27.0396408935 -8.65 -8.6333333333333329e+00 -8.59333333333 -8.55333333333   
404 4848 0.26458928223 26.5912023152 -8.65 -8.6366666666666667e+00 -8.61 -8.56666666667   
405 4860 0.265938321046 27.0809057015 -8.65 -8.6333333333333329e+00 -8.60333333333 -8.53333333333   
406 4872 0.267416977152 27.2933002161 -8.65 -8.6233333333333331e+00 -8.56666666667 -8.52   
407 4884 0.267172644497 27.3296140679 -8.65 -8.6266666666666669e+00 -8.57333333333 -8.50333333333   
408 4896 0.269502428503 27.1558876039 -8.65 -8.6233333333333331e+00 -8.61 -8.55333333333   
409 4908 0.275314136206 27.3473069571 -8.65 -8.6333333333333329e+00 -8.59333333333 -8.57333333333   
410 4920 0.277785863117 27.3045165428 -8.65 -8.6300000000000008e+00 -8.60666666667 -8.56333333333   
411 4932 0.274626829371 27.2203906297 -8.65 -8.6333333333333329e+00 -8.59666666667 -8.53333333333   
412 4944 0.268619602188 27.2064156937 -8.65 -8.6400000000000006e+00 -8.61333333333 -8.48   
413 4956 0.269210337901 27.5276510098 -8.65 -8.6333333333333329e+00 -8.60666666667 -8.49666666667   
414 4968 0.26938785095 27.4392408726 -8.65 -8.6266666666666669e+00 -8.61 -8.56666666667   
415 4980 0.271122103928 27.3011277486 -8.65 -8.6266666666666669e+00 -8.58333333333 -8.47   
416 4992 0.269301902818 27.1252292502 -8.65 -8.6266666666666669e+00 -8.58333333333 -8.54666666667   
417 5004 0.27058523634 26.8783916988 -8.65 -8.6400000000000006e+00 -8.61333333333 -8.57333333333   
418 5016 0.273237636229 27.1806650547 -8.65 -8.6300000000000008e+00 -8.60666666667 -8.45333333333   
419 5028 0.27461127739 27.2867907427 -8.65 -8.6300000000000008e+00 -8.58 -8.46333333333   
420 5040 0.275385852835 27.9863310425 -8.65 -8.6366666666666667e+00 -8.61 -8.49333333333   
421 5052 0.276695624303 27.7193220856 -8.65 -8.6266666666666669e+00 -8.58666666667 -8.41666666667   
422 5064 0.282534504911 27.7071273933 -8.65 -8.6266666666666669e+00 -8.59333333333 -8.51666666667   
423 5076 0.274690629505 27.4803211433 -8.65 -8.6366666666666667e+00 -8.60333333333 -8.48666666667   
424 5088 0.276619244141 28.3750482487 -8.65 -8.6266666666666669e+00 -8.60333333333 -8.53   
425 5100 0.278649382561 28.3796077575 -8.65 -8.6266666666666669e+00 -8.58333333333 -8.52333333333   
426 5112 0.282245677287 28.3851006131 -8.65 -8.6233333333333331e+00 -8.61 -8.54   
427 5124 0.2833874702 28.1463517405 -8.65 -8.6300000000000008e+00 -8.58666666667 -8.54666666667   
428 5136 0.284550877021 28.4051562539 -8.65 -8.6400000000000006e+00 -8.61333333333 -8.56333333333   
429 5148 0.288829587983 28.134520462 -8.65 -8.6266666666666669e+00 -8.56333333333 -8.47666666667   
430 5160 0.303047747456 28.4739144387 -8.65 -8.6199999999999992e+00 -8.59666666667 -8.57333333333   
431 5172 0.316274100444 28.4694950193 -8.65 -8.6266666666666669e+00 -8.59666666667 -8.53666666667   
432 5184 0.325652936746 28.3396165593 -8.65 -8.6300000000000008e+00 -8.60666666667 -8.57666666667   
433 5196 0.332456378474 28.3759338695 -8.65 -8.6333333333333329e+00 -8.6 -8.48333333333   
434 5208 0.337329475109 28.5535898262 -8.65 -8.6266666666666669e+00 -8.57333333333 -8.54333333333   
435 5220 0.326691884726 28.7465276489 -8.65 -8.6366666666666667e+00 -8.61 -8.53   
436 5232 0.304837211333 28.8374543445 -8.65 -8.6300000000000008e+00 -8.61 -8.51333333333   
437 5244 0.296998282232 28.4168999774 -8.65 -8.6400000000000006e+00 -8.61333333333 -8.51666666667   
438 5256 0.296420518191 28.4134949664 -8.65 -8.6233333333333331e+00 -8.6 -8.47666666667   
439 5268 0.296660213609 29.0786292306 -8.65 -8.6333333333333329e+00 -8.6 -8.51666666667   
440 5280 0.295718926633 29.1089878637 -8.65 -8.6233333333333331e+00 -8.57333333333 -8.42   
441 5292 0.296939823783 29.8330134194 -8.65 -8.6266666666666669e+00 -8.56333333333 -8.39666666667   
442 5304 0.301866529986 30.15689344 -8.65 -8.6199999999999992e+00 -8.59 -8.5   
443 5316 0.299497635799 30.5028718684 -8.65 -8.6233333333333331e+00 -8.58 -8.54333333333   
444 5328 0.299514558205 31.1946145481 -8.65 -8.6233333333333331e+00 -8.61666666667 -8.5   
445 5340 0.300276227707 30.6405125969 -8.65 -8.6233333333333331e+00 -8.60666666667 -8.55666666667   
446 5352 0.299331201946 30.9424628378 -8.65 -8.6300000000000008e+00 -8.61 -8.52333333333   
447 5364 0.301430907 31.1024993359 -8.65 -8.6333333333333329e+00 -8.60666666667 -8.48   
448 5376 0.303294418797 31.2359512755 -8.65 -8.6266666666666669e+00 -8.61333333333 -8.50666666667   
449 5388 0.301512568002 31.0763437485 -8.65 -8.6300000000000008e+00 -8.60333333333 -8.36333333333   
450 5400 0.298439175028 31.5787602213 -8.65 -8.6300000000000008e+00 -8.57666666667 -8.37333333333   
451 5412 0.300292635104 32.274535331 -8.65 -8.6300000000000008e+00 -8.61666666667 -8.48   
452 5424 0.295241910406 32.3967548463 -8.65 -8.6366666666666667e+00 -8.58 -8.51666666667   
453 5436 0.293560032694 32.3024083961 -8.65 -8.6266666666666669e+00 -8.58666666667 -8.46333333333   
454 5448 0.292346371087 32.3908703061 -8.65 -8.6400000000000006e+00 -8.58666666667 -8.56333333333   
455 5460 0.293152518641 32.0061680631 -8.65 -8.6400000000000006e+00 -8.58 -8.42333333333   
456 5472 0.292895647463 32.6078308126 -8.65 -8.6333333333333329e+00 -8.60666666667 -8.36333333333   
457 5484 0.304409785008 32.1278188941 -8.65 -8.6266666666666669e+00 -8.60333333333 -8.52   
458 5496 0.319780562852 32.3902460704 -8.65 -8.6333333333333329e+00 -8.60666666667 -8.49333333333   
459 5508 0.329690552358 33.0735671155 -8.65 -8.6366666666666667e+00 -8.61666666667 -8.51333333333   
460 5520 0.334099160891 33.2782877645 -8.65 -8.6366666666666667e+00 -8.59666666667 -8.2765   
461 5532 0.334619965632 33.878831866 -8.65 -8.6333333333333329e+00 -8.6 -8.42   
462 5544 0.336295563741 34.38919931 -8.65 -8.6400000000000006e+00 -8.58 -8.50666666667   
463 5556 0.348171871547 34.3328683024 -8.65 -8.6300000000000008e+00 -8.60666666667 -8.34   
464 5568 0.339162341019 34.1802885616 -8.65 -8.6300000000000008e+00 -8.57 -8.40666666667   
465 5580 0.335326383899 34.2914656103 -8.65 -8.6366666666666667e+00 -8.58666666667 -8.43333333333   
466 5592 0.3350722722 34.4656201933 -8.65 -8.6366666666666667e+00 -8.57333333333 -8.48333333333   
467 5604 0.32887301878 34.6315477537 -8.65 -8.6266666666666669e+00 -8.60666666667 -8.46333333333   
468 5616 0.317014965854 35.3466775557 -8.65 -8.6333333333333329e+00 -8.60333333333 -8.51666666667   
469 5628 0.305279293746 35.7028615526 -8.65 -8.6300000000000008e+00 -8.61333333333 -8.54666666667   
470 5640 0.304167493125 36.2323950563 -8.65 -8.6266666666666669e+00 -8.61 -8.51666666667   
471 5652 0.302012410009 37.1050738521 -8.65 -8.6266666666666669e+00 -8.6 -8.53   
472 5664 0.302997849207 37.518923752 -8.65 -8.6266666666666669e+00 -8.61 -8.51333333333   
473 5676 0.303979727172 38.0070338547 -8.65 -8.6266666666666669e+00 -8.58 -8.45333333333   
474 5688 0.306777686268 38.5991284175 -8.65 -8.6233333333333331e+00 -8.60666666667 -8.44666666667   
475 5700 0.310171550832 38.9246067852 -8.65 -8.6433333333333326e+00 -8.61333333333 -8.52333333333   
476 5712 0.309573840062 38.3102974291 -8.65 -8.6233333333333331e+00 -8.60666666667 -8.48   
477 5724 0.304845235748 39.4144887668 -8.65 -8.6333333333333329e+00 -8.61 -8.52333333333   
478 5736 0.304162748764 39.5528545023 -8.65 -8.6400000000000006e+00 -8.62 -8.55333333333   
479 5748 0.311168003418 40.4099970616 -8.65 -8.6266666666666669e+00 -8.61 -8.51666666667   
480 5760 0.308547701424 41.0651928581 -8.65 -8.6233333333333331e+00 -8.59333333333 -8.49666666667   
481 5772 0.312910936651 41.4969733649 -8.65 -8.6300000000000008e+00 -8.61 -8.52   
482 5784 0.326813189031 41.3207492227 -8.65 -8.6199999999999992e+00 -8.60666666667 -8.52   
483 5796 0.334990124594 41.5555454245 -8.65 -8.6366666666666667e+00 -8.61333333333 -8.56666666667   
484 5808 0.348278055798 41.7808832331 -8.65 -8.6333333333333329e+00 -8.61333333333 -8.53666666667   
485 5820 0.33903342807 40.5579876492 -8.65 -8.6300000000000008e+00 -8.57 -8.4   
486 5832 0.339169501931 41.4982501381 -8.65 -8.6366666666666667e+00 -8.57666666667 -8.55666666667   
487 5844 0.356309725572 40.9604372649 -8.65 -8.6333333333333329e+00 -8.60666666667 -8.54   
488 5856 0.364651875254 40.5904247723 -8.65 -8.6333333333333329e+00 -8.61333333333 -8.51   
489 5868 0.360017678242 40.5773521844 -8.65 -8.6266666666666669e+00 -8.59666666667 -8.52666666667   
490 5880 0.364605672522 40.5724661752 -8.65 -8.6333333333333329e+00 -8.61333333333 -8.49   
491 5892 0.360458995014 40.8914489065 -8.65 -8.6366666666666667e+00 -8.58666666667 -8.52333333333   
492 5904 0.361377777138 41.0549736176 -8.65 -8.6400000000000006e+00 -8.58 -8.5   
493 5916 0.348392094911 41.246849971 -8.65 -8.6199999999999992e+00 -8.58333333333 -8.48   
494 5928 0.336622550399 41.3326037397 -8.65 -8.6333333333333329e+00 -8.59666666667 -8.5   
495 5940 0.32819672767 41.3271954927 -8.65 -8.6400000000000006e+00 -8.61 -8.55   
496 5952 0.329818620027 41.5075549039 -8.65 -8.6333333333333329e+00 -8.58 -8.5   
497 5964 0.335897916082 41.4304124125 -8.65 -8.6300000000000008e+00 -8.59 -8.52666666667   
498 5976 0.342573525806 41.742209199 -8.65 -8.6333333333333329e+00 -8.58666666667 -8.49333333333   
499 5988 0.338184814533 42.399069947 -8.65 -8.6333333333333329e+00 -8.58666666667 -8.52666666667   
500 6000 0.33764468493 42.7235381743 -8.65 -8.6266666666666669e+00 -8.61 -8.52333333333   
501 6012 0.341652259653 43.1914285441 -8.65 -8.6300000000000008e+00 -8.61666666667 -8.51333333333   
502 6024 0.356799511271 43.0911945593 -8.65 -8.6199999999999992e+00 -8.59 -8.56   
503 6036 0.374272990256 43.0807117721 -8.65 -8.6233333333333331e+00 -8.58 -5.44250266667   
504 6048 0.386817801067 43.059978243 -8.65 -8.6300000000000008e+00 -8.60333333333 -5.70018866667   
505 6060 0.389644573632 43.0482215555 -8.65 -8.6300000000000008e+00 -8.61 -5.68377266667   
506 6072 0.384876206943 42.4842606366 -8.65 -8.6300000000000008e+00 -8.57666666667 -5.832086   
507 6084 0.391274219161 42.6205818031 -8.65 -8.6166666666666671e+00 -8.60333333333 -8.49333333333   
508 6096 0.400106116658 42.7799492378 -8.65 -8.6233333333333331e+00 -8.60333333333 -8.57   
509 6108 0.397328810801 43.4121651364 -8.65 -8.6266666666666669e+00 -8.60333333333 -8.54666666667   
510 6120 0.387937557281 43.4399559243 -8.65 -8.6300000000000008e+00 -8.60333333333 -8.47   
511 6132 0.381755622775 44.8694835362 -8.65 -8.6266666666666669e+00 -8.61 -8.55666666667   
512 6144 0.382863059362 44.2052374747 -8.65 -8.6199999999999992e+00 -8.59333333333 -8.53333333333   
513 6156 0.38299548683 43.8321477489 -8.65 -8.6333333333333329e+00 -8.58333333333 -8.13983333333   
514 6168 0.381290115892 44.5452818089 -8.65 -8.6333333333333329e+00 -8.61 -8.54333333333   
515 6180 0.377617089363 44.7948015847 -8.65 -8.6333333333333329e+00 -8.61333333333 -8.45666666667   
516 6192 0.386715393082 44.8416728715 -8.65 -8.6400000000000006e+00 -8.58666666667 -8.52333333333   
517 6204 0.384746146151 45.1690586386 -8.65 -8.6333333333333329e+00 -8.58666666667 -8.52333333333   
518 6216 0.394425903267 46.0189878221 -8.65 -8.6300000000000008e+00 -8.58333333333 -8.52   
519 6228 0.397993811072 45.9178426031 -8.65 -8.6333333333333329e+00 -8.57 -8.51333333333   
520 6240 0.405513238167 46.6856605548 -8.65 -8.6300000000000008e+00 -8.59666666667 -8.56   
521 6252 0.403836468764 45.4535727478 -8.65 -8.6300000000000008e+00 -8.61333333333 -8.51333333333   
522 6264 0.38287850471 45.3573859719 -8.65 -8.6233333333333331e+00 -8.58666666667 -8.5   
523 6276 0.365045242817 45.2262309523 -8.65 -8.6266666666666669e+00 -8.57666666667 -8.49   
524 6288 0.344516163063 45.5853496257 -8.65 -8.6366666666666667e+00 -8.62333333333 -8.57   
525 6300 0.347864747848 46.0494229669 -8.65 -8.6266666666666669e+00 -8.61 -8.56   
526 6312 0.338661400001 45.7216805598 -8.65 -8.6266666666666669e+00 -8.61333333333 -8.55   
527 6324 0.327712182991 45.1813403296 -8.65 -8.6233333333333331e+00 -8.61333333333 -8.51666666667   
528 6336 0.313977962353 45.3400526471 -8.65 -8.6333333333333329e+00 -8.61333333333 -8.54666666667   
529 6348 0.296812472921 44.2504327953 -8.65 -8.6300000000000008e+00 -8.62 -8.47333333333   
530 6360 0.290003852414 45.1403780982 -8.65 -8.6300000000000008e+00 -8.61666666667 -8.57666666667   
531 6372 0.281952423505 45.7482498219 -8.65 -8.6366666666666667e+00 -8.58 -8.52666666667   
532 6384 0.279562964467 46.2979559124 -8.65 -8.6266666666666669e+00 -8.59 -8.43666666667   
533 6396 0.280734253799 46.0110757841 -8.65 -8.6233333333333331e+00 -8.59 -8.54   
534 6408 0.287220967471 46.6726921486 -8.65 -8.6333333333333329e+00 -8.58 -8.42333333333   
535 6420 0.281746539018 47.7447644705 -8.65 -8.6333333333333329e+00 -8.57666666667 -8.50333333333   
536 6432 0.278063066138 48.5524557048 -8.65 -8.6366666666666667e+00 -8.58333333333 -8.42666666667   
537 6444 0.280754791687 48.7265042352 -8.65 -8.6333333333333329e+00 -8.61666666667 -8.42   
538 6456 0.280695282956 48.738508371 -8.65 -8.6300000000000008e+00 -8.59 -8.42666666667   
539 6468 0.280484213965 49.2010291579 -8.65 -8.6300000000000008e+00 -8.61666666667 -8.55   
540 6480 0.276803543241 49.2747972979 -8.65 -8.6300000000000008e+00 -8.56333333333 -8.27983333333   
541 6492 0.281182289607 49.3119922969 -8.65 -8.6366666666666667e+00 -8.57666666667 -8.49333333333   
542 6504 0.284533065082 47.9849746033 -8.65 -8.6333333333333329e+00 -8.57 -8.48   
543 6516 0.280757876752 47.3643653424 -8.65 -8.6266666666666669e+00 -8.61333333333 -8.49666666667   
544 6528 0.281219106263 48.1440048052 -8.65 -8.6300000000000008e+00 -8.58 -8.54   
545 6540 0.28280494763 47.9449263595 -8.65 -8.6366666666666667e+00 -8.61333333333 -8.52   
546 6552 0.283770570735 48.0040995992 -8.65 -8.6433333333333326e+00 -8.57 -8.40666666667   
547 6564 0.283912439909 48.1011660553 -8.65 -8.6266666666666669e+00 -8.57666666667 -8.52   
548 6576 0.289324710603 48.5349262515 -8.65 -8.6433333333333326e+00 -8.59 -8.51666666667   
549 6588 0.299829457713 48.9655433553 -8.653333333333334 -8.6533333333333342e+00 -8.58666666667 -8.53   
550 6600 0.319182786623 49.0484611392 -8.653333333333334 -8.6333333333333329e+00 -8.59333333333 -8.56333333333   
551 6612 0.319988519234 49.2218218369 -8.653333333333334 -8.6333333333333329e+00 -8.58666666667 1.0   
552 6624 0.32630018858 49.4852256228 -8.653333333333334 -8.6333333333333329e+00 -8.57666666667 -8.44   
553 6636 0.312601954638 50.1442912395 -8.653333333333334 -8.6300000000000008e+00 -8.57666666667 -8.47333333333   
554 6648 0.300276171383 49.7671344347 -8.653333333333334 -8.6300000000000008e+00 -8.57333333333 -8.53333333333   
555 6660 0.291916515274 49.6597385035 -8.653333333333334 -8.6366666666666667e+00 -8.61 -8.53   
556 6672 0.283595287102 50.3626730099 -8.653333333333334 -8.6333333333333329e+00 -8.60666666667 -8.52   
557 6684 0.284779047887 51.1858739492 -8.653333333333334 -8.6500000000000004e+00 -8.61666666667 -8.55666666667   
558 6696 0.281082180674 50.9876918499 -8.653333333333334 -8.6333333333333329e+00 -8.59 -8.51666666667   
559 6708 0.281832906197 50.9596421628 -8.653333333333334 -8.6300000000000008e+00 -8.62 -8.55666666667   
560 6720 0.284414341815 51.1302836928 -8.653333333333334 -8.6266666666666669e+00 -8.58 -8.51333333333   
561 6732 0.282874530647 50.9114546385 -8.653333333333334 -8.6300000000000008e+00 -8.61333333333 -8.55   
562 6744 0.282254261157 50.3666642616 -8.653333333333334 -8.6366666666666667e+00 -8.57333333333 -8.46666666667   
563 6756 0.28082434746 49.803403025 -8.653333333333334 -8.6333333333333329e+00 -8.56333333333 -8.50666666667   
564 6768 0.283112230539 50.0079225702 -8.653333333333334 -8.6366666666666667e+00 -8.60333333333 -8.55666666667   
565 6780 0.29665575168 49.0496641989 -8.653333333333334 -8.6300000000000008e+00 -8.61666666667 -8.55666666667   
566 6792 0.298383445242 48.5851248722 -8.653333333333334 -8.6300000000000008e+00 -8.61666666667 -8.57666666667   
567 6804 0.302974694461 48.8028251446 -8.653333333333334 -8.6333333333333329e+00 -8.61666666667 -8.56666666667   
568 6816 0.313012130985 48.577135836 -8.653333333333334 -8.6266666666666669e+00 -8.6 -8.55666666667   
569 6828 0.33382406019 49.2426005558 -8.653333333333334 -8.6433333333333326e+00 -8.59333333333 -8.54   
570 6840 0.343962847912 49.0353688407 -8.653333333333334 -8.6333333333333329e+00 -8.57666666667 -8.49333333333   
571 6852 0.365195263391 49.421680347 -8.653333333333334 -8.6266666666666669e+00 -8.57666666667 -8.53   
572 6864 0.405846403856 50.495715075 -8.653333333333334 -8.6400000000000006e+00 -8.59666666667 -8.53666666667   
573 6876 0.426647249101 50.7905048894 -8.653333333333334 -8.6266666666666669e+00 -8.58666666667 -8.52666666667   
574 6888 0.417884857124 50.9005878224 -8.653333333333334 -8.6199999999999992e+00 -8.55333333333 -8.42333333333   
575 6900 0.425414456156 52.561060602 -8.653333333333334 -8.6266666666666669e+00 -8.60666666667 -8.56333333333   
576 6912 0.437868195799 52.2674452903 -8.653333333333334 -8.6400000000000006e+00 -8.58333333333 -8.54   
577 6924 0.431397945378 52.7250272039 -8.653333333333334 -8.6500000000000004e+00 -8.57666666667 -8.44666666667   
578 6936 0.443972168728 53.3631857632 -8.653333333333334 -8.6333333333333329e+00 -8.58666666667 -8.50666666667   
579 6948 0.424279503211 53.4476142531 -8.653333333333334 -8.6300000000000008e+00 -8.61666666667 -8.49333333333   
580 6960 0.397575649208 53.4398441678 -8.653333333333334 -8.6333333333333329e+00 -8.57333333333 -8.51   
581 6972 0.374736287691 53.3788465826 -8.653333333333334 -8.6300000000000008e+00 -8.57666666667 -8.49   
582 6984 0.364187699 53.2368967421 -8.653333333333334 -8.6333333333333329e+00 -8.61 -8.55333333333   
583 6996 0.373754175048 53.1506940522 -8.653333333333334 -8.6333333333333329e+00 -8.59333333333 -8.48   
584 7008 0.389465316473 52.9259552849 -8.653333333333334 -8.6333333333333329e+00 -8.58 -8.56333333333   
585 7020 0.382835297214 53.8786911211 -8.653333333333334 -8.6366666666666667e+00 -8.6 -8.56   
586 7032 0.375412570234 54.5964914115 -8.653333333333334 -8.6466666666666665e+00 -8.57333333333 -8.53666666667   
587 7044 0.363220054657 54.3666232991 -8.653333333333334 -8.6266666666666669e+00 -8.59666666667 -8.53666666667   
588 7056 0.342689064652 53.7289407935 -8.653333333333334 -8.6433333333333326e+00 -8.61 -8.51666666667   
589 7068 0.331513605955 53.9332520815 -8.653333333333334 -8.6300000000000008e+00 -8.58666666667 -8.52   
590 7080 0.321828271265 52.8761641701 -8.653333333333334 -8.6400000000000006e+00 -8.58666666667 -8.55333333333   
591 7092 0.317889134844 52.2383717775 -8.653333333333334 -8.6233333333333331e+00 -8.60666666667 -8.51666666667   
592 7104 0.3177667088 52.1302877324 -8.653333333333334 -8.6333333333333329e+00 -8.61666666667 -8.54666666667   
593 7116 0.316988933604 52.4669824978 -8.653333333333334 -8.6233333333333331e+00 -8.58666666667 -8.55333333333   
594 7128 0.318413745001 52.6863199581 -8.653333333333334 -8.6333333333333329e+00 -8.61 -8.55333333333   
595 7140 0.317880989984 53.0434009428 -8.653333333333334 -8.6266666666666669e+00 -8.61666666667 -8.57666666667   
596 7152 0.323665654214 53.0136253098 -8.653333333333334 -8.6366666666666667e+00 -8.60333333333 -8.56666666667   
597 7164 0.343489036316 53.1376959594 -8.653333333333334 -8.6233333333333331e+00 -8.58666666667 -8.56666666667   
598 7176 0.372495956439 53.9796690613 -8.653333333333334 -8.6333333333333329e+00 -8.58333333333 -8.48666666667   
599 7188 0.387397542471 53.7775502237 -8.653333333333334 -8.6300000000000008e+00 -8.61666666667 -8.51333333333   
600 7200 0.397883939055 53.8283453072 -8.653333333333334 -8.6366666666666667e+00 -8.60666666667 -8.56333333333   
601 7212 0.387492111549 53.8951867921 -8.653333333333334 -8.6333333333333329e+00 -8.59333333333 -8.54333333333   
602 7224 0.391610508579 54.0109085029 -8.653333333333334 -8.6333333333333329e+00 -8.60333333333 -8.52333333333   
603 7236 0.396003057924 54.1708599357 -8.653333333333334 -8.6400000000000006e+00 -8.58333333333 -8.53666666667   
604 7248 0.406633550163 54.2272914907 -8.653333333333334 -8.6300000000000008e+00 -8.61666666667 -8.47333333333   
605 7260 0.398962701473 53.8457440473 -8.653333333333334 -8.6233333333333331e+00 -8.54666666667 -8.48333333333   
606 7272 0.41117614789 52.6653280599 -8.653333333333334 -8.6266666666666669e+00 -8.58666666667 -8.53666666667   
607 7284 0.425185050749 52.7932379524 -8.653333333333334 -8.6366666666666667e+00 -8.59666666667 -8.43   
608 7296 0.425025636697 53.1120081195 -8.653333333333334 -8.6366666666666667e+00 -8.61333333333 -8.55   
609 7308 0.406754549571 53.2155321475 -8.653333333333334 -8.6366666666666667e+00 -8.60666666667 -8.52   
610 7320 0.375288898711 53.4181591908 -8.653333333333334 -8.6400000000000006e+00 -8.59333333333 -8.47   
611 7332 0.356228332085 52.9867723765 -8.653333333333334 -8.6266666666666669e+00 -8.6 -8.55666666667   
612 7344 0.350343607953 52.2276667031 -8.653333333333334 -8.6366666666666667e+00 -8.6 -8.5   
613 7356 0.347054828446 52.82138034 -8.653333333333334 -8.6333333333333329e+00 -8.61333333333 -8.56333333333   
614 7368 0.338556987104 52.8092445615 -8.653333333333334 -8.6333333333333329e+00 -8.62333333333 -8.56666666667   
615 7380 0.343205876909 52.0602532261 -8.653333333333334 -8.6333333333333329e+00 -8.58666666667 -8.52   
616 7392 0.341807911691 52.3747779449 -8.653333333333334 -8.6300000000000008e+00 -8.61666666667 -8.52   
617 7404 0.345406258972 53.1078554073 -8.653333333333334 -8.6266666666666669e+00 -8.58333333333 -8.53666666667   
618 7416 0.346645805533 53.426098035 -8.653333333333334 -8.6333333333333329e+00 -8.62 -8.52333333333   
619 7428 0.357937384268 53.7569866149 -8.653333333333334 -8.6400000000000006e+00 -8.57333333333 -8.55333333333   
620 7440 0.358358233377 54.1112963707 -8.653333333333334 -8.6466666666666665e+00 -8.60666666667 -8.51333333333   
621 7452 0.355888284659 53.9544875366 -8.653333333333334 -8.6400000000000006e+00 -8.62 -8.55   
622 7464 0.347613185037 54.4908768451 -8.653333333333334 -8.6333333333333329e+00 -8.62 -8.55666666667   
623 7476 0.344662631174 55.0281978884 -8.653333333333334 -8.6333333333333329e+00 -8.57666666667 -8.54333333333   
624 7488 0.359503242191 54.9821767372 -8.653333333333334 -8.6300000000000008e+00 -8.59333333333 -8.57   
625 7500 0.380758813343 54.2433334093 -8.653333333333334 -8.6433333333333326e+00 -8.61333333333 -8.52   
626 7512 0.384503629342 53.0135570764 -8.653333333333334 -8.6300000000000008e+00 -8.60333333333 -8.56   
627 7524 0.380142105794 53.0418086377 -8.653333333333334 -8.6366666666666667e+00 -8.61 -8.49666666667   
628 7536 0.381759304526 53.1409430202 -8.653333333333334 -8.6300000000000008e+00 -8.59666666667 -8.51666666667   
629 7548 0.369147607716 54.0323052094 -8.653333333333334 -8.6400000000000006e+00 -8.61 -8.56   
630 7560 0.347800609209 54.9239432677 -8.653333333333334 -8.6300000000000008e+00 -8.6 -8.55666666667   
631 7572 0.348504959236 54.9325507141 -8.653333333333334 -8.6300000000000008e+00 -8.61333333333 -8.57   
632 7584 0.349471095026 55.6860492694 -8.653333333333334 -8.6400000000000006e+00 -8.61333333333 -8.52666666667   
633 7596 0.346828072502 55.776914126 -8.653333333333334 -8.6366666666666667e+00 -8.59333333333 -8.50333333333   
634 7608 0.35018938811 55.5858039065 -8.653333333333334 -8.6400000000000006e+00 -8.62 -8.58   
635 7620 0.347823921699 55.8805005607 -8.653333333333334 -8.6366666666666667e+00 -8.62 -8.57666666667   
636 7632 0.349722665711 56.2907516532 -8.653333333333334 -8.6199999999999992e+00 -8.61333333333 -8.56666666667   
637 7644 0.349980892419 55.1863655374 -8.653333333333334 -8.6233333333333331e+00 -8.60333333333 -8.55333333333   
638 7656 0.347062058488 55.2277338891 -8.653333333333334 -8.6300000000000008e+00 -8.61333333333 -8.51333333333   
639 7668 0.344425493825 55.4071640043 -8.653333333333334 -8.6266666666666669e+00 -8.61333333333 -8.57   
640 7680 0.342147332218 55.5743670345 -8.653333333333334 -8.6233333333333331e+00 -8.61 -8.56666666667   
641 7692 0.336912845784 54.846523927 -8.653333333333334 -8.6333333333333329e+00 -8.60333333333 -8.57666666667   
642 7704 0.352802143742 55.9914256131 -8.653333333333334 -8.6233333333333331e+00 -8.61333333333 -8.56666666667   
643 7716 0.359247620449 55.125005595 -8.653333333333334 -8.6233333333333331e+00 -8.60666666667 -8.54666666667   
644 7728 0.352827122375 55.9552041885 -8.653333333333334 -8.6266666666666669e+00 -8.61333333333 -8.5   
645 7740 0.365493833123 55.4749425492 -8.653333333333334 -8.6233333333333331e+00 -8.60333333333 -8.52333333333   
646 7752 0.36494548377 56.2138606944 -8.653333333333334 -8.6266666666666669e+00 -8.61 -8.55333333333   
647 7764 0.396813069145 55.3077625992 -8.653333333333334 -8.6333333333333329e+00 -8.58333333333 -8.48666666667   
648 7776 0.426891368668 56.3136930764 -8.653333333333334 -8.6300000000000008e+00 -8.61333333333 -8.5   
649 7788 0.430924192239 59.2252537792 -8.653333333333334 -8.6400000000000006e+00 -8.61 -8.56333333333   
650 7800 0.411988784327 60.8000338557 -8.653333333333334 -8.6333333333333329e+00 -8.61 -8.56666666667   
651 7812 0.403247764202 61.4283632449 -8.653333333333334 -8.6366666666666667e+00 -8.61333333333 -8.56   
652 7824 0.405927025559 61.1671542752 -8.653333333333334 -8.6266666666666669e+00 -8.59333333333 -8.52333333333   
653 7836 0.40907522312 61.3769361402 -8.653333333333334 -8.6300000000000008e+00 -8.58666666667 -8.53666666667   
654 7848 0.412980520541 61.0518350619 -8.653333333333334 -8.6300000000000008e+00 -8.61333333333 -8.52   
655 7860 0.418302667765 61.7915277988 -8.653333333333334 -8.6266666666666669e+00 -8.59666666667 -8.51   
656 7872 0.425552420881 62.9286612163 -8.653333333333334 -8.6366666666666667e+00 -8.59 -8.50666666667   
657 7884 0.404991925492 63.4280202303 -8.653333333333334 -8.6266666666666669e+00 -8.60333333333 -8.51666666667   
658 7896 0.385685962576 63.7827335733 -8.653333333333334 -8.6366666666666667e+00 -8.58666666667 -8.55666666667   
659 7908 0.372145722408 63.6668598007 -8.653333333333334 -8.6300000000000008e+00 -8.6 -8.55   
660 7920 0.363802124551 64.223233295 -8.653333333333334 -8.6300000000000008e+00 -8.61666666667 -8.47   
661 7932 0.348091526601 63.9856501 -8.653333333333334 -8.6166666666666671e+00 -8.58 -8.52333333333   
662 7944 0.341193252562 64.0082893973 -8.653333333333334 -8.6266666666666669e+00 -8.61 -8.55333333333   
663 7956 0.34375733817 63.4688778076 -8.653333333333334 -8.6300000000000008e+00 -8.61 -8.52   
664 7968 0.343538034378 63.4801730862 -8.653333333333334 -8.6333333333333329e+00 -8.61 -8.55333333333   
665 7980 0.342099125365 63.5379087045 -8.653333333333334 -8.6300000000000008e+00 -8.59666666667 -8.55666666667   
666 7992 0.337251417131 63.1689216666 -8.653333333333334 -8.6366666666666667e+00 -8.60666666667 -8.57   
667 8004 0.335807296946 63.3173050362 -8.653333333333334 -8.6500000000000004e+00 -8.59666666667 -8.56333333333   
668 8016 0.333191256514 62.5299083601 -8.653333333333334 -8.6400000000000006e+00 -8.60333333333 -8.48666666667   
669 8028 0.320373691307 63.0452384571 -8.653333333333334 -8.6333333333333329e+00 -8.61 -8.52   
670 8040 0.313629881387 62.7233869483 -8.653333333333334 -8.6300000000000008e+00 -8.60666666667 -8.56   
671 8052 0.303377732761 64.3375714224 -8.653333333333334 -8.6333333333333329e+00 -8.58 -8.50333333333   
672 8064 0.301121669197 65.0100303161 -8.653333333333334 -8.6266666666666669e+00 -8.58 -8.54333333333   
673 8076 0.304433210725 66.3062829328 -8.653333333333334 -8.6366666666666667e+00 -8.61 -8.56333333333   
674 8088 0.30035488445 67.6543333161 -8.653333333333334 -8.6366666666666667e+00 -8.59 -8.56666666667   
675 8100 0.304606517655 68.0411083832 -8.653333333333334 -8.6333333333333329e+00 -8.58 -8.49333333333   
676 8112 0.296923216541 68.4918044155 -8.653333333333334 -8.6300000000000008e+00 -8.61666666667 -8.56333333333   
677 8124 0.297303225857 69.3842486642 -8.653333333333334 -8.6300000000000008e+00 -8.57666666667 -8.46333333333   
678 8136 0.298165438305 70.483694552 -8.653333333333334 -8.6300000000000008e+00 -8.61333333333 -8.53   
679 8148 0.295759466048 72.1716783213 -8.653333333333334 -8.6400000000000006e+00 -8.58333333333 -8.54333333333   
680 8160 0.294349269827 72.340110355 -8.653333333333334 -8.6366666666666667e+00 -8.59333333333 -8.54333333333   
681 8172 0.297722156601 72.9412425078 -8.653333333333334 -8.6400000000000006e+00 -8.61333333333 -8.47333333333   
682 8184 0.30163339706 74.8901115421 -8.653333333333334 -8.6400000000000006e+00 -8.62 -8.51666666667   
683 8196 0.303462184923 74.9322129193 -8.653333333333334 -8.6400000000000006e+00 -8.58666666667 -8.5   
684 8208 0.290356057927 75.6216830369 -8.653333333333334 -8.6333333333333329e+00 -8.61333333333 -8.56333333333   
685 8220 0.289790194407 76.162215627 -8.653333333333334 -8.6300000000000008e+00 -8.58333333333 -8.53   
686 8232 0.289913057938 77.0313767886 -8.653333333333334 -8.6266666666666669e+00 -8.61666666667 -8.56   
687 8244 0.28865975894 78.3279313308 -8.653333333333334 -8.6266666666666669e+00 -8.57666666667 -8.50333333333   
688 8256 0.290164755795 78.8112764331 -8.653333333333334 -8.6300000000000008e+00 -8.58333333333 -8.54333333333   
689 8268 0.289248273965 78.0320017577 -8.653333333333334 -8.6400000000000006e+00 -8.59666666667 -8.50666666667   
690 8280 0.291722571414 78.2217981525 -8.653333333333334 -8.6366666666666667e+00 -8.57666666667 -8.52   
691 8292 0.290815383344 77.3754732119 -8.653333333333334 -8.6366666666666667e+00 -8.56666666667 -8.42333333333   
692 8304 0.290151303694 77.4128322208 -8.653333333333334 -8.6366666666666667e+00 -8.58666666667 -8.52   
693 8316 0.28922989413 77.4660864301 -8.653333333333334 -8.6266666666666669e+00 -8.57666666667 -8.53666666667   
694 8328 0.29029086117 77.9177451015 -8.653333333333334 -8.6266666666666669e+00 -8.59333333333 -8.48   
695 8340 0.314118285053 77.6482892278 -8.653333333333334 -8.6233333333333331e+00 -8.58333333333 -8.51   
696 8352 0.357127112477 79.571116758 -8.653333333333334 -8.6300000000000008e+00 -8.58 -8.54   
697 8364 0.39734930044 79.4096188997 -8.653333333333334 -8.6233333333333331e+00 -8.57333333333 -8.41333333333   
698 8376 0.428954436789 78.6900790918 -8.653333333333334 -8.6300000000000008e+00 -8.6 -8.56666666667   
699 8388 0.444799393547 79.4710742886 -8.653333333333334 -8.6366666666666667e+00 -8.58333333333 -8.53333333333   
700 8400 0.464693225089 78.0764741676 -8.653333333333334 -8.6366666666666667e+00 -8.59333333333 -8.55333333333   
701 8412 0.46844534718 77.1504928863 -8.653333333333334 -8.6433333333333326e+00 -8.59666666667 -8.53666666667   
702 8424 0.452818299464 78.4227302659 -8.653333333333334 -8.6300000000000008e+00 -8.58666666667 -8.52   
703 8436 0.433467175325 78.4776289943 -8.653333333333334 -8.6366666666666667e+00 -8.61333333333 -8.55666666667   
704 8448 0.426414934584 78.779616128 -8.653333333333334 -8.6433333333333326e+00 -8.62333333333 -8.55   
705 8460 0.421567008702 79.8887044073 -8.653333333333334 -8.6233333333333331e+00 -8.57666666667 -8.51333333333   
706 8472 0.431105527777 80.2169441093 -8.653333333333334 -8.6333333333333329e+00 -8.61666666667 -8.56666666667   
707 8484 0.4141850201 80.6378926933 -8.653333333333334 -8.6266666666666669e+00 -8.59 -8.49666666667   
708 8496 0.398679938918 81.2036965128 -8.653333333333334 -8.6233333333333331e+00 -8.58 -8.50666666667   
709 8508 0.39506219448 81.1779423418 -8.653333333333334 -8.6366666666666667e+00 -8.60666666667 -8.56666666667   
710 8520 0.416417447875 82.0899552126 -8.653333333333334 -8.6300000000000008e+00 -8.61333333333 -8.53333333333   
711 8532 0.427776794008 82.6650534773 -8.653333333333334 -8.6500000000000004e+00 -8.61666666667 -8.56333333333   
712 8544 0.435980862242 82.8104031043 -8.653333333333334 -8.6333333333333329e+00 -8.59666666667 -8.51333333333   
713 8556 0.450715637235 82.5697868787 -8.653333333333334 -8.6400000000000006e+00 -8.57 -8.45   
714 8568 0.455776581641 83.1034690157 -8.653333333333334 -8.6266666666666669e+00 -8.60333333333 -8.52333333333   
715 8580 0.450844465211 83.0598171699 -8.653333333333334 -8.6466666666666665e+00 -8.59333333333 -8.51   
716 8592 0.447275141841 83.0439800219 -8.653333333333334 -8.6333333333333329e+00 -8.61666666667 -8.54   
717 8604 0.437723333202 84.6647430887 -8.653333333333334 -8.6199999999999992e+00 -8.56666666667 -8.48333333333   
718 8616 0.409432717571 83.8694715306 -8.653333333333334 -8.6199999999999992e+00 -8.55666666667 -8.39333333333   
719 8628 0.417324183658 84.1582060334 -8.653333333333334 -8.6333333333333329e+00 -8.58666666667 -8.53   
720 8640 0.432310650431 84.2655671836 -8.653333333333334 -8.6366666666666667e+00 -8.58333333333 -8.49333333333   
721 8652 0.453908108752 83.2107049698 -8.653333333333334 -8.6400000000000006e+00 -8.59 -8.55333333333   
722 8664 0.443096567833 84.6163452877 -8.653333333333334 -8.6366666666666667e+00 -8.62333333333 -8.52   
723 8676 0.416408066397 85.9299737621 -8.653333333333334 -8.6266666666666669e+00 -8.58333333333 -8.48   
724 8688 0.42694931054 86.4518329366 -8.653333333333334 -8.6333333333333329e+00 -8.58333333333 -8.49333333333   
725 8700 0.427555759167 88.4860714341 -8.653333333333334 -8.6366666666666667e+00 -8.59 -8.52   
726 8712 0.436078243691 88.84168339 -8.653333333333334 -8.6300000000000008e+00 -8.57 -8.51666666667   
727 8724 0.455960202229 89.950905945 -8.653333333333334 -8.6333333333333329e+00 -8.60666666667 -8.57666666667   
728 8736 0.483140189031 89.6962555168 -8.653333333333334 -8.6333333333333329e+00 -8.61333333333 -8.52333333333   
729 8748 0.502259687696 89.0275380225 -8.653333333333334 -8.6366666666666667e+00 -8.61333333333 -8.5   
730 8760 0.518537617298 88.0989498684 -8.653333333333334 -8.6333333333333329e+00 -8.56666666667 -8.49   
731 8772 0.535705027757 88.7081506886 -8.653333333333334 -8.6366666666666667e+00 -8.59333333333 -8.51333333333   
732 8784 0.54343449039 90.1493795096 -8.653333333333334 -8.6300000000000008e+00 -8.61 -8.55   
733 8796 0.531012499664 90.5637631658 -8.653333333333334 -8.6433333333333326e+00 -8.57333333333 -8.52666666667   
734 8808 0.500720338271 90.2193724789 -8.653333333333334 -8.6300000000000008e+00 -8.60666666667 -8.53666666667   
735 8820 0.468782951157 90.8477168537 -8.653333333333334 -8.6266666666666669e+00 -8.58666666667 -8.53666666667   
736 8832 0.437544304402 92.1656215845 -8.653333333333334 -8.6333333333333329e+00 -8.60333333333 -8.49666666667   
737 8844 0.423672918171 92.1801693529 -8.653333333333334 -8.6266666666666669e+00 -8.59666666667 -8.54666666667   
738 8856 0.416756797596 92.1905516154 -8.653333333333334 -8.6333333333333329e+00 -8.59666666667 -8.56333333333   
739 8868 0.403492338309 92.826038344 -8.653333333333334 -8.6333333333333329e+00 -8.6 -8.57   
740 8880 0.379024139805 91.9582672163 -8.653333333333334 -8.6400000000000006e+00 -8.61 -8.52333333333   
741 8892 0.363571246257 91.8538889967 -8.653333333333334 -8.6400000000000006e+00 -8.58666666667 -8.46333333333   
742 8904 0.362216029057 90.9715259303 -8.653333333333334 -8.6366666666666667e+00 -8.59333333333 -8.53   
743 8916 0.354839303574 90.4530511617 -8.653333333333334 -8.6300000000000008e+00 -8.59666666667 -8.53666666667   
744 8928 0.348510308364 91.1463141825 -8.653333333333334 -8.6400000000000006e+00 -8.61666666667 -8.56666666667   
745 8940 0.34632778379 89.0271989295 -8.653333333333334 -8.6333333333333329e+00 -8.59666666667 -8.55   
746 8952 0.340217306334 86.7183186897 -8.653333333333334 -8.6266666666666669e+00 -8.59333333333 -8.52666666667   
747 8964 0.333613949285 86.1883828381 -8.653333333333334 -8.6466666666666665e+00 -8.61666666667 -8.56   
748 8976 0.327302415213 86.93443225 -8.653333333333334 -8.6400000000000006e+00 -8.60333333333 -8.56666666667   
749 8988 0.326081750771 86.16344541 -8.653333333333334 -8.6333333333333329e+00 -8.61666666667 -8.58666666667   
750 9000 0.309668227797 85.1252863778 -8.653333333333334 -8.6266666666666669e+00 -8.58333333333 -8.52   
751 9012 0.300034218034 86.0070106724 -8.653333333333334 -8.6400000000000006e+00 -8.62666666667 -8.57333333333   
752 9024 0.28958245314 84.5092300843 -8.653333333333334 -8.6466666666666665e+00 -8.60666666667 -8.55666666667   
753 9036 0.28451080107 85.1409980685 -8.653333333333334 -8.6333333333333329e+00 -8.62 -8.54333333333   
754 9048 0.285360856858 85.1982077428 -8.653333333333334 -8.6466666666666665e+00 -8.59 -8.51333333333   
755 9060 0.285723033123 84.9145769176 -8.653333333333334 -8.6300000000000008e+00 -8.58 -8.52333333333   
756 9072 0.285332503704 85.4956302012 -8.653333333333334 -8.6400000000000006e+00 -8.61333333333 -8.50333333333   
757 9084 0.29754709065 85.7953031041 -8.653333333333334 -8.6266666666666669e+00 -8.61333333333 -8.47666666667   
758 9096 0.287944090033 85.9881025033 -8.653333333333334 -8.6300000000000008e+00 -8.62 -8.51   
759 9108 0.289447562357 86.0864258946 -8.653333333333334 -8.6300000000000008e+00 -8.61333333333 -8.54333333333   
760 9120 0.286619570205 85.9801683056 -8.653333333333334 -8.6333333333333329e+00 -8.59333333333 -8.49   
761 9132 0.28537624932 87.3713791614 -8.653333333333334 -8.6366666666666667e+00 -8.56666666667 -8.49333333333   
762 9144 0.288622746472 86.8998744067 -8.653333333333334 -8.6400000000000006e+00 -8.61333333333 -8.56   
763 9156 0.287353585998 87.8218270716 -8.653333333333334 -8.6233333333333331e+00 -8.57 -8.44666666667   
764 9168 0.291292768304 88.8161622036 -8.653333333333334 -8.6300000000000008e+00 -8.59666666667 -8.58   
765 9180 0.293313704299 89.0160247688 -8.653333333333334 -8.6233333333333331e+00 -8.57333333333 -8.55   
766 9192 0.294064765274 89.1408572475 -8.653333333333334 -8.6333333333333329e+00 -8.58666666667 -8.52666666667   
767 9204 0.294664039948 88.0581375738 -8.653333333333334 -8.6233333333333331e+00 -8.58 -8.54   
768 9216 0.294741531062 87.3066004316 -8.653333333333334 -8.6300000000000008e+00 -8.56333333333 -8.51666666667   
769 9228 0.290973989327 86.9755544728 -8.653333333333334 -8.6366666666666667e+00 -8.59 -8.56333333333   
770 9240 0.293045379575 87.49646089 -8.653333333333334 -8.6333333333333329e+00 -8.58666666667 -8.54   
771 9252 0.292976783882 86.7178552676 -8.653333333333334 -8.6433333333333326e+00 -8.58333333333 -8.50666666667   
772 9264 0.292888028584 86.9123433654 -8.653333333333334 -8.6366666666666667e+00 -8.61666666667 -8.37   
773 9276 0.298002965327 86.7186060186 -8.653333333333334 -8.6266666666666669e+00 -8.58666666667 -8.48333333333   
774 9288 0.293349166704 89.0024203286 -8.653333333333334 -8.6333333333333329e+00 -8.56666666667 -8.53   
775 9300 0.298768258213 88.4921404829 -8.653333333333334 -8.6333333333333329e+00 -8.58333333333 -8.51666666667   
776 9312 0.294642974916 89.763734068 -8.653333333333334 -8.6366666666666667e+00 -8.58 -8.53333333333   
777 9324 0.289438575365 88.9798431391 -8.653333333333334 -8.6333333333333329e+00 -8.6 -8.51333333333   
778 9336 0.291952900793 87.8853513893 -8.653333333333334 -8.6333333333333329e+00 -8.61666666667 -8.55   
779 9348 0.293864912168 87.3437910403 -8.653333333333334 -8.6133333333333333e+00 -8.58 -8.54333333333   
780 9360 0.295513380038 88.3714123884 -8.653333333333334 -8.6166666666666671e+00 -8.59333333333 -8.55333333333   
781 9372 0.297646086697 88.0508125018 -8.653333333333334 -8.6300000000000008e+00 -8.61333333333 -8.55   
782 9384 0.302772112311 87.3947360592 -8.653333333333334 -8.6333333333333329e+00 -8.61666666667 -8.51333333333   
783 9396 0.316697561689 86.9252843701 -8.653333333333334 -8.6400000000000006e+00 -8.60333333333 -8.57   
784 9408 0.340988565345 87.2462251278 -8.653333333333334 -8.6266666666666669e+00 -8.61 -8.55   
785 9420 0.375914016913 88.3783523964 -8.653333333333334 -8.6266666666666669e+00 -8.57666666667 -8.5   
786 9432 0.395266677688 89.028704651 -8.653333333333334 -8.6266666666666669e+00 -8.61 -8.56333333333   
787 9444 0.412228463149 90.3516867403 -8.653333333333334 -8.6233333333333331e+00 -8.60666666667 -8.48666666667   
788 9456 0.420540562007 90.268543867 -8.653333333333334 -8.6366666666666667e+00 -8.61333333333 -8.46   
789 9468 0.397660374516 90.4313279549 -8.653333333333334 -8.6266666666666669e+00 -8.57 -8.52   
790 9480 0.384692583262 90.399428955 -8.653333333333334 -8.6233333333333331e+00 -8.60666666667 -8.57   
791 9492 0.379636328199 90.599285221 -8.653333333333334 -8.6366666666666667e+00 -8.61333333333 -8.54333333333   
792 9504 0.372821676999 90.0607332773 -8.653333333333334 -8.6366666666666667e+00 -8.61333333333 -8.57333333333   
793 9516 0.389924824224 90.110775789 -8.653333333333334 -8.6366666666666667e+00 -8.61 -8.55333333333   
794 9528 0.413873640062 92.6739076675 -8.653333333333334 -8.6500000000000004e+00 -8.62 -8.56333333333   
795 9540 0.441307041775 90.3644202531 -8.653333333333334 -8.6433333333333326e+00 -8.58666666667 -8.48333333333   
796 9552 0.42777715218 89.3824852219 -8.653333333333334 -8.6433333333333326e+00 -8.59333333333 -8.55666666667   
797 9564 0.419799046827 89.9924120777 -8.653333333333334 -8.6433333333333326e+00 -8.6 -8.53   
798 9576 0.412923070339 90.0191935901 -8.653333333333334 -8.6366666666666667e+00 -8.57666666667 -8.52   
799 9588 0.407973916973 89.9249358231 -8.653333333333334 -8.6333333333333329e+00 -8.57333333333 -8.49666666667   
800 9600 0.410534302618 88.7121730142 -8.653333333333334 -8.6300000000000008e+00 -8.62 -8.57   
801 9612 0.414647762741 88.7089190725 -8.653333333333334 -8.6466666666666665e+00 -8.61666666667 -8.53666666667   
802 9624 0.426814177785 88.4261169973 -8.653333333333334 -8.6199999999999992e+00 -8.58333333333 -8.48333333333   
803 9636 0.414849428229 88.7086123142 -8.653333333333334 -8.6400000000000006e+00 -8.62 -8.56666666667   
804 9648 0.406689436119 89.4528571172 -8.653333333333334 -8.6433333333333326e+00 -8.6 -8.54666666667   
805 9660 0.405680754171 91.0317519685 -8.653333333333334 -8.6366666666666667e+00 -8.57333333333 -8.53   
806 9672 0.39960228169 93.7999085355 -8.653333333333334 -8.6333333333333329e+00 -8.6 -8.57   
807 9684 0.377200114795 93.807230075 -8.653333333333334 -8.6366666666666667e+00 -8.59666666667 -8.49333333333   
808 9696 0.376616791769 94.6954248465 -8.653333333333334 -8.6433333333333326e+00 -8.62 -8.49   
809 9708 0.362342102283 96.1957504662 -8.653333333333334 -8.6300000000000008e+00 -8.62 -8.58666666667   
810 9720 0.356800679705 96.2100182722 -8.653333333333334 -8.6400000000000006e+00 -8.59333333333 -8.56333333333   
811 9732 0.361059630192 96.0790525221 -8.653333333333334 -8.6366666666666667e+00 -8.62666666667 -8.56333333333   
812 9744 0.351157354325 96.364236686 -8.653333333333334 -8.6366666666666667e+00 -8.59 -8.56   
813 9756 0.341539357552 97.712132208 -8.653333333333334 -8.6366666666666667e+00 -8.62 -8.52333333333   
814 9768 0.334317317563 97.3846999142 -8.653333333333334 -8.6366666666666667e+00 -8.61 -8.56666666667   
815 9780 0.327201510946 97.2202359088 -8.653333333333334 -8.6266666666666669e+00 -8.61 -8.47333333333   
816 9792 0.323713944663 97.1879792214 -8.653333333333334 -8.6300000000000008e+00 -8.61666666667 -8.50666666667   
817 9804 0.319306831871 97.9298280944 -8.653333333333334 -8.6300000000000008e+00 -8.59 -8.53   
818 9816 0.3135559318 97.864438869 -8.653333333333334 -8.6233333333333331e+00 -8.58333333333 -8.56   
819 9828 0.311293928424 97.5308086445 -8.653333333333334 -8.6400000000000006e+00 -8.61333333333 -8.55666666667   
820 9840 0.306034764653 97.5662682199 -8.653333333333334 -8.6366666666666667e+00 -8.62 -8.54   
821 9852 0.305902189274 98.001499923 -8.653333333333334 -8.6233333333333331e+00 -8.59 -8.56333333333   
822 9864 0.316184390969 96.9166234887 -8.653333333333334 -8.6400000000000006e+00 -8.61 -8.52666666667   
823 9876 0.31707476335 96.210537923 -8.653333333333334 -8.6466666666666665e+00 -8.58 -8.57333333333   
824 9888 0.327668859102 96.6651478402 -8.653333333333334 -8.6400000000000006e+00 -8.59666666667 -8.52666666667   
825 9900 0.33106953296 94.9132477872 -8.653333333333334 -8.6400000000000006e+00 -8.61333333333 -8.46666666667   
826 9912 0.329526647232 94.6144971104 -8.653333333333334 -8.6500000000000004e+00 -8.58 -8.51666666667   
827 9924 0.337309406457 94.2229246685 -8.653333333333334 -8.6333333333333329e+00 -8.59 -8.47   
828 9936 0.332403129435 95.0959392609 -8.653333333333334 -8.6333333333333329e+00 -8.60333333333 -8.52   
829 9948 0.337511732235 93.7295596961 -8.653333333333334 -8.6333333333333329e+00 -8.57666666667 -8.47333333333   
830 9960 0.351168011779 93.5483649987 -8.653333333333334 -8.6400000000000006e+00 -8.56666666667 -8.48   
831 9972 0.352789145025 93.2507229924 -8.653333333333334 -8.6400000000000006e+00 -8.60333333333 -8.56   
832 9984 0.342938287077 92.5001698915 -8.653333333333334 -8.6466666666666665e+00 -8.60666666667 -8.57666666667   
833 9996 0.339835736959 91.8461455085 -8.653333333333334 -8.6366666666666667e+00 -8.59666666667 -8.52666666667   
834 10008 0.347002973946 93.318904707 -8.653333333333334 -8.6400000000000006e+00 -8.59666666667 -8.50333333333   
835 10020 0.347091295109 93.3379448765 -8.653333333333334 -8.6300000000000008e+00 -8.58666666667 -8.48333333333   
836 10032 0.343198867482 94.0435927914 -8.653333333333334 -8.6433333333333326e+00 -8.58 -8.49666666667   
837 10044 0.343963518599 94.0055048144 -8.653333333333334 -8.6466666666666665e+00 -8.58666666667 -8.53333333333   
838 10056 0.341615566414 95.3639088803 -8.653333333333334 -8.6400000000000006e+00 -8.57333333333 -8.52   
839 10068 0.334337044646 97.1218473915 -8.653333333333334 -8.6400000000000006e+00 -8.59666666667 -8.52666666667   
840 10080 0.327690001014 96.2772681059 -8.66 -8.6600000000000001e+00 -8.58666666667 -8.56333333333   
841 10092 0.322977251604 94.7107940014 -8.66 -8.6400000000000006e+00 -8.58666666667 -8.47333333333   
842 10104 0.324248875368 94.5888794087 -8.66 -8.6366666666666667e+00 -8.58333333333 -8.53   
843 10116 0.338590476055 96.5460985207 -8.66 -8.6400000000000006e+00 -8.60333333333 -8.49   
844 10128 0.341548901645 95.8820700843 -8.66 -8.6433333333333326e+00 -8.61666666667 -8.56   
845 10140 0.334796256482 97.1983168642 -8.66 -8.6333333333333329e+00 -8.58 -8.53333333333   
846 10152 0.336960165511 98.7268563102 -8.66 -8.6333333333333329e+00 -8.62 -8.52333333333   
847 10164 0.355154848549 95.3474577903 -8.66 -8.6366666666666667e+00 -8.61666666667 -8.54   
848 10176 0.338700373302 96.5184425163 -8.66 -8.6366666666666667e+00 -8.59333333333 -8.52   
849 10188 0.323507957736 96.7267254313 -8.66 -8.6433333333333326e+00 -8.62666666667 -8.52333333333   
850 10200 0.322695168217 96.4161132415 -8.66 -8.6400000000000006e+00 -8.58666666667 -8.53666666667   
851 10212 0.323364215559 95.7096113439 -8.66 -8.6366666666666667e+00 -8.62 -8.57333333333   
852 10224 0.315077762058 96.8190255565 -8.66 -8.6400000000000006e+00 -8.58 -8.5   
853 10236 0.308254223962 98.563528134 -8.66 -8.6300000000000008e+00 -8.59333333333 -8.49666666667   
854 10248 0.311074015086 99.5113079896 -8.66 -8.6300000000000008e+00 -8.58 -8.55   
855 10260 0.331268745517 99.339413553 -8.66 -8.6266666666666669e+00 -8.59333333333 -8.52   
856 10272 0.332044858798 99.3638225482 -8.66 -8.6266666666666669e+00 -8.61666666667 -8.57333333333   
857 10284 0.349313839857 99.2291768715 -8.66 -8.6466666666666665e+00 -8.61 -8.53   
858 10296 0.357289383116 99.6362312185 -8.66 -8.6333333333333329e+00 -8.61333333333 -8.57333333333   
859 10308 0.366203816635 99.5553873345 -8.66 -8.6300000000000008e+00 -8.61666666667 -8.55   
860 10320 0.375997070255 99.8657128828 -8.66 -8.6233333333333331e+00 -8.61 -8.56666666667   
861 10332 0.376158613549 99.5707126544 -8.66 -8.6333333333333329e+00 -8.57666666667 -8.53666666667   
862 10344 0.390975241082 100.712434923 -8.66 -8.6333333333333329e+00 -8.58333333333 -8.49666666667   
863 10356 0.392595923803 100.160961266 -8.66 -8.6300000000000008e+00 -8.62 -8.53333333333   
864 10368 0.401999657081 98.664296511 -8.66 -8.6433333333333326e+00 -8.58333333333 -8.54333333333   
865 10380 0.397963555032 98.813160189 -8.66 -8.6233333333333331e+00 -8.58666666667 -8.45   
866 10392 0.376043641323 98.6003293204 -8.66 -8.6333333333333329e+00 -8.61 -8.56   
867 10404 0.359302273428 98.3201587448 -8.66 -8.6333333333333329e+00 -8.62333333333 -8.50666666667   
868 10416 0.347288998512 97.9418768444 -8.66 -8.6500000000000004e+00 -8.62333333333 -8.52666666667   
869 10428 0.342065349116 97.9921229937 -8.66 -8.6333333333333329e+00 -8.62 -8.48333333333   
870 10440 0.330878947053 97.1615329314 -8.66 -8.6366666666666667e+00 -8.6 -8.56333333333   
871 10452 0.330228272762 96.891507646 -8.66 -8.6400000000000006e+00 -8.61 -8.56666666667   
872 10464 0.324037196397 97.8721984639 -8.66 -8.6366666666666667e+00 -8.61333333333 -8.55333333333   
873 10476 0.319679795169 98.7205198056 -8.66 -8.6300000000000008e+00 -8.61333333333 -8.55666666667   
874 10488 0.308885073088 99.2119688007 -8.66 -8.6333333333333329e+00 -8.61666666667 -8.56333333333   
875 10500 0.292368113083 101.006084623 -8.66 -8.6300000000000008e+00 -8.62333333333 -8.52333333333   
876 10512 0.295437879387 100.274127479 -8.66 -8.6333333333333329e+00 -8.59 -8.53666666667   
877 10524 0.292910992151 100.117581558 -8.66 -8.6433333333333326e+00 -8.59666666667 -8.53333333333   
878 10536 0.291427246893 101.358519877 -8.66 -8.6400000000000006e+00 -8.61333333333 -8.53333333333   
879 10548 0.289316793504 102.082378433 -8.66 -8.6300000000000008e+00 -8.57666666667 -8.53666666667   
880 10560 0.286404278737 101.750567867 -8.66 -8.6233333333333331e+00 -8.58 -8.51   
881 10572 0.287161003122 103.758405393 -8.66 -8.6300000000000008e+00 -8.56666666667 -8.51333333333   
882 10584 0.28396294095 104.104986447 -8.66 -8.6333333333333329e+00 -8.59 -8.56333333333   
883 10596 0.283671569937 103.207802474 -8.66 -8.6433333333333326e+00 -8.58 -8.52666666667   
884 10608 0.280735130866 101.986390026 -8.66 -8.6300000000000008e+00 -8.59333333333 -8.47333333333   
885 10620 0.285845161315 96.9863199998 -8.66 -8.6366666666666667e+00 -8.61333333333 -8.52   
886 10632 0.289283896155 98.6708206561 -8.66 -8.6400000000000006e+00 -8.62 -8.56666666667   
887 10644 0.27865759223 100.160837168 -8.66 -8.6366666666666667e+00 -8.57666666667 -8.53333333333   
888 10656 0.270814072957 102.089256278 -8.66 -8.6366666666666667e+00 -8.59 -8.55666666667   
889 10668 0.269553547183 101.518808614 -8.66 -8.6400000000000006e+00 -8.59333333333 -8.52666666667   
890 10680 0.269877392346 102.592982242 -8.66 -8.6400000000000006e+00 -8.6 -8.57   
891 10692 0.271073217487 103.395710377 -8.66 -8.6400000000000006e+00 -8.61666666667 -8.54666666667   
892 10704 0.271657758239 104.527316003 -8.66 -8.6300000000000008e+00 -8.61333333333 -8.51333333333   
893 10716 0.272261319982 102.729703297 -8.66 -8.6433333333333326e+00 -8.61666666667 -8.57333333333   
894 10728 0.276302542491 102.502088907 -8.66 -8.6400000000000006e+00 -8.61333333333 -8.52666666667   
895 10740 0.276547216368 102.126816939 -8.66 -8.6400000000000006e+00 -8.60666666667 -8.5   
896 10752 0.276846572344 102.005512421 -8.66 -8.6366666666666667e+00 -8.59666666667 -8.51   
897 10764 0.276858975564 101.446474991 -8.66 -8.6333333333333329e+00 -8.61333333333 -8.56   
898 10776 0.273767517413 100.738165989 -8.66 -8.6300000000000008e+00 -8.61666666667 -8.55666666667   
899 10788 0.278683060661 102.923011454 -8.66 -8.6333333333333329e+00 -8.59333333333 -8.51333333333   
900 10800 0.287787934812 104.854388271 -8.66 -8.6366666666666667e+00 -8.61333333333 -8.53666666667   
901 10812 0.290447453972 107.026414071 -8.66 -8.6466666666666665e+00 -8.57 -8.5   
902 10824 0.282856757902 109.876198669 -8.66 -8.6333333333333329e+00 -8.61666666667 -8.55   
903 10836 0.277914828013 111.334373234 -8.66 -8.6400000000000006e+00 -8.61 -8.57   
904 10848 0.28089718809 113.096662899 -8.66 -8.6333333333333329e+00 -8.58333333333 -8.53   
905 10860 0.276145454982 113.737266377 -8.66 -8.6300000000000008e+00 -8.61666666667 -8.58   
906 10872 0.269465535802 117.669160574 -8.66 -8.6500000000000004e+00 -8.60333333333 -8.55666666667   
907 10884 0.27043651509 118.565892374 -8.66 -8.6333333333333329e+00 -8.62 -8.56333333333   
908 10896 0.27433816866 120.225343645 -8.66 -8.6266666666666669e+00 -8.61333333333 -8.57333333333   
909 10908 0.280024996611 119.669430343 -8.66 -8.6300000000000008e+00 -8.58666666667 -8.54666666667   
910 10920 0.280735961499 119.58056567 -8.66 -8.6400000000000006e+00 -8.61333333333 -8.56   
911 10932 0.282781882967 119.486590818 -8.663333333333334 -8.6633333333333340e+00 -8.63 -8.50333333333   
912 10944 0.288383985797 120.266200856 -8.663333333333334 -8.6366666666666667e+00 -8.57666666667 -8.47333333333   
913 10956 0.297326418349 118.8394055 -8.663333333333334 -8.6300000000000008e+00 -8.61666666667 -8.52333333333   
914 10968 0.309552428834 118.753975294 -8.663333333333334 -8.6199999999999992e+00 -8.57666666667 -8.52333333333   
915 10980 0.334447877092 118.767816133 -8.663333333333334 -8.6300000000000008e+00 -8.58666666667 -8.51   
916 10992 0.34990402028 117.254769215 -8.663333333333334 -8.6366666666666667e+00 -8.58333333333 -8.55333333333   
917 11004 0.346535294162 116.842230821 -8.663333333333334 -8.6233333333333331e+00 -8.59666666667 -8.49333333333   
918 11016 0.35859011282 116.472798829 -8.663333333333334 -8.6300000000000008e+00 -8.60666666667 -8.53   
919 11028 0.369795953264 117.271711088 -8.663333333333334 -8.6366666666666667e+00 -8.62 -8.54333333333   
920 11040 0.378151980864 118.861985832 -8.663333333333334 -8.6300000000000008e+00 -8.61 -8.57666666667   
921 11052 0.354812590331 118.934860948 -8.663333333333334 -8.6333333333333329e+00 -8.58666666667 -8.52   
922 11064 0.332559049259 118.313157489 -8.663333333333334 -8.6366666666666667e+00 -8.58333333333 -8.53666666667   
923 11076 0.324830585674 120.001211277 -8.663333333333334 -8.6266666666666669e+00 -8.60333333333 -8.53   
924 11088 0.310635769594 121.801169691 -8.663333333333334 -8.6366666666666667e+00 -8.61333333333 -8.57   
925 11100 0.293585442259 121.394254431 -8.663333333333334 -8.6300000000000008e+00 -8.61333333333 -8.54666666667   
926 11112 0.292582290835 123.88314286 -8.663333333333334 -8.6333333333333329e+00 -8.61666666667 -8.55   
927 11124 0.288064807598 125.120924047 -8.663333333333334 -8.6333333333333329e+00 -8.58 -8.56333333333   
928 11136 0.288482544905 123.493277465 -8.663333333333334 -8.6333333333333329e+00 -8.59333333333 -8.49   
929 11148 0.287734379621 120.982171171 -8.663333333333334 -8.6466666666666665e+00 -8.61333333333 -8.51333333333   
930 11160 0.289326062484 120.447758645 -8.663333333333334 -8.6366666666666667e+00 -8.58666666667 -8.55333333333   
931 11172 0.287387318005 121.672258767 -8.663333333333334 -8.6266666666666669e+00 -8.62 -8.57333333333   
932 11184 0.292535243785 121.60939931 -8.663333333333334 -8.6466666666666665e+00 -8.61666666667 -8.56333333333   
933 11196 0.293727236465 120.95699291 -8.663333333333334 -8.6366666666666667e+00 -8.58333333333 -8.52333333333   
934 11208 0.295487936022 121.039633554 -8.663333333333334 -8.6333333333333329e+00 -8.62 -8.54666666667   
935 11220 0.297648516382 121.316422775 -8.663333333333334 -8.6400000000000006e+00 -8.61666666667 -8.56333333333   
936 11232 0.29634045137 120.829293687 -8.663333333333334 -8.6533333333333342e+00 -8.62333333333 -8.52333333333   
937 11244 0.29614901437 122.31870842 -8.663333333333334 -8.6333333333333329e+00 -8.58333333333 -8.49666666667   
938 11256 0.292856978185 121.990355687 -8.663333333333334 -8.6366666666666667e+00 -8.61 -8.54333333333   
939 11268 0.294773435083 122.013776091 -8.663333333333334 -8.6333333333333329e+00 -8.58 -8.52   
940 11280 0.29453045824 120.733997068 -8.663333333333334 -8.6300000000000008e+00 -8.58 -8.55   
941 11292 0.293699054896 119.744650813 -8.663333333333334 -8.6199999999999992e+00 -8.61666666667 -8.52666666667   
942 11304 0.29796957219 119.250353006 -8.663333333333334 -8.6400000000000006e+00 -8.58333333333 -8.57   
943 11316 0.300708668392 118.908874811 -8.663333333333334 -8.6366666666666667e+00 -8.61666666667 -8.56   
944 11328 0.321579050446 121.338017653 -8.663333333333334 -8.6333333333333329e+00 -8.62 -8.49333333333   
945 11340 0.346104148794 124.342060981 -8.663333333333334 -8.6466666666666665e+00 -8.59 -8.53666666667   
946 11352 0.36408519992 130.292647071 -8.663333333333334 -8.6366666666666667e+00 -8.57666666667 -8.52   
947 11364 0.364977832093 131.811063262 -8.663333333333334 -8.6366666666666667e+00 -8.6 -8.53333333333   
948 11376 0.3659845526 131.004288595 -8.663333333333334 -8.6400000000000006e+00 -8.60666666667 -8.49333333333   
949 11388 0.361858521511 128.802442359 -8.663333333333334 -8.6400000000000006e+00 -8.61333333333 -8.57   
950 11400 0.353716758502 129.187594288 -8.663333333333334 -8.6333333333333329e+00 -8.58 -8.45666666667   
951 11412 0.353251495376 128.388431025 -8.663333333333334 -8.6400000000000006e+00 -8.61666666667 -8.53   
952 11424 0.34295593799 129.512472318 -8.663333333333334 -8.6366666666666667e+00 -8.6 -8.52   
953 11436 0.325398943274 131.157719334 -8.663333333333334 -8.6333333333333329e+00 -8.58 -8.45   
954 11448 0.313126950111 133.842077485 -8.663333333333334 -8.6266666666666669e+00 -8.61666666667 -8.54666666667   
955 11460 0.302393801132 135.245099102 -8.663333333333334 -8.6433333333333326e+00 -8.58666666667 -8.57   
956 11472 0.297258516671 136.934949713 -8.663333333333334 -8.6333333333333329e+00 -8.62333333333 -8.51   
957 11484 0.300017344873 136.374228601 -8.663333333333334 -8.6333333333333329e+00 -8.61 -8.48333333333   
958 11496 0.300922253874 135.028657553 -8.663333333333334 -8.6400000000000006e+00 -8.61666666667 -8.5   
959 11508 0.302385937997 140.664517352 -8.663333333333334 -8.6433333333333326e+00 -8.62333333333 -8.38   
960 11520 0.311217352498 140.968466609 -8.663333333333334 -8.6400000000000006e+00 -8.60666666667 -8.54   
