% # columns="iteration, evaluation, void, void, void, xmean", seed=6, Sat Feb  3 16:16:53 2018, <python>{}</python> # scaling_of_variables: 1, typical_x: 0
1 12 0 0 0 0.099556139592 5.64158088154 -1.06557286655 3.07570538217 3.20469928797 4.80179805237 12.6803157179 0.305290938322 8.17424912645 -0.464963958211 10.9885834118 1.87801925166 8.82460002981 0.868208069176 9.43932902467
2 24 0 0 0 0.199300900075 6.47693903638 -0.317642955839 2.21248622086 1.72614898614 3.91912878783 13.3292599346 1.07447337748 8.79259162907 -0.940554963272 11.3413745152 2.41553991398 9.73835072908 0.37145473039 10.8553745191
3 36 0 0 0 0.112180148053 6.76333437339 -0.272103983432 2.85901580293 2.04300525842 4.00879063668 14.6982051171 0.34506137827 8.15821767666 -1.34434190873 10.7686070377 0.943151681327 10.0948739493 1.29672790018 12.0423106199
4 48 0 0 0 1.21732946138 6.57559518014 0.666066248242 2.48218859431 1.60760378149 5.19421927123 14.6539150744 0.655433611426 9.06900170543 -2.03717651784 11.3567110196 0.285231563994 10.5108178055 0.166771982665 14.0162580548
5 60 0 0 0 2.51238306499 7.3830588924 1.10256378865 3.16993624295 1.95036082582 4.67565447733 13.9555231424 0.0284404692008 10.2567262882 -0.359815315216 12.1165530927 0.689971319683 9.66490138538 0.443337891512 14.5377139037
6 72 0 0 0 1.17865037951 6.87822599542 0.847774507182 3.21807677004 2.31200451252 4.90903582059 13.3459288507 -0.225348580358 9.97786114592 -0.398769913202 12.9607640484 1.55499859555 10.0621444742 -0.314134461262 14.0857565689
7 84 0 0 0 0.551776541882 8.26401345739 2.08357215518 3.9227855886 1.08029341446 4.4537300861 13.3963047389 0.0939531674605 9.86703788364 0.610057548123 14.0604095277 2.01955160733 9.72955602017 0.708666937034 14.0609073655
8 96 0 0 0 1.45105019527 8.9637520687 1.7976719199 2.30673660781 0.971212284471 2.55277111131 12.7860762075 -0.435893520778 8.83652924945 1.44237420325 13.9269772937 0.866976781981 8.71973801409 1.98055283028 13.1572790367
9 108 0 0 0 2.75572618194 8.88159068202 1.68707413967 0.259100044336 1.25467806166 3.11771968147 13.6058846814 -0.863927059743 9.21908878014 1.33643275355 13.8493683401 -0.616561935119 9.91497288279 2.05390102214 12.9333738836
10 120 0 0 0 2.02078329517 9.03790217152 0.73786437925 0.658366419618 0.594348204362 2.5666684599 13.9656632253 0.937743847439 8.21302387571 1.32076813279 12.7600916056 -1.70629924374 10.2531643354 2.63150269297 12.7528931729
11 132 0 0 0 2.42147178626 9.29744291633 1.44683196427 0.183350966223 -0.0859979128372 1.2257182507 13.6867488005 0.77480856979 8.56117444993 0.745388363305 12.6041083519 -2.37051527724 10.8739850173 1.73977141367 11.7853570505
12 144 0 0 0 1.5393248987 9.56654828111 1.42547239388 0.279979349479 0.570447669718 0.907545255048 13.0974205192 1.20873299694 8.60481448969 -0.62383953114 11.9778846019 -1.91434068303 11.8647281842 1.62879510622 12.2702484095
13 156 0 0 0 0.606814768347 9.0680491373 1.69944901732 -0.933817703392 0.684739939428 1.12988959725 12.9862592415 -0.64632879696 9.03284515526 -0.885498467655 11.6437284098 -2.02388615823 11.8755223964 0.147289919842 11.4060042948
14 168 0 0 0 1.73093129353 9.05970441592 1.07457267619 -0.967148042388 -0.0983882524075 0.574379034214 11.828017239 0.00610492976754 9.31755155224 0.832916605896 12.7927941753 -1.8561936961 11.5226029097 -0.0517214158667 11.6186684672
15 180 0 0 0 2.35525584588 8.19207524829 1.60940563212 -1.45331036002 -0.333571716745 1.34596642356 13.1514339247 -1.26977044572 10.52539301 0.542942279068 11.8254317857 -1.24311788884 11.5080608947 -0.957597817135 10.7146245206
16 192 0 0 0 2.73670195246 7.49490924653 1.87793319366 -0.173569398284 -0.58535253841 1.49512919416 11.0890106243 -0.625330929005 10.9754301937 0.850431941941 12.8484468616 -1.49457101852 12.5384247996 -0.879641867569 9.66505425069
17 204 0 0 0 2.03279246834 8.91785165853 2.78247681487 -0.63053407578 -1.29826896775 1.95737565528 11.2852995365 -1.13454745721 10.8890654773 0.749988894016 12.4168599839 -1.8757379486 12.048044159 -0.249203987275 9.78015470201
18 216 0 0 0 1.986450411 8.55321771853 3.30497150002 -0.718537202208 -2.26538579336 1.19056924931 11.1418207728 -1.51874431091 11.2826826699 0.143783820256 12.0787339211 -2.23596978605 12.5222288347 -0.780198490159 8.29064638955
19 228 0 0 0 1.99682189808 7.91805157957 3.6394992917 -1.76572592014 -2.71232435177 1.05956995443 11.6498595064 -1.97370236297 10.9560480057 0.756209309732 10.8815674669 -3.0698061808 10.9382297108 -1.37496060367 8.78611146894
20 240 0 0 0 3.31708088888 8.09160396651 4.20401486041 -2.76826932697 -3.68880193842 -0.334998310094 10.4814408438 -1.35265474826 11.2351286754 1.20317763407 11.0688111277 -3.35914985044 11.714531601 -1.48635221805 8.09686613662
21 252 0 0 0 3.4822274124 8.96612517224 3.51107817222 -1.80812114204 -3.48883033206 0.0292613449487 10.3720417167 -2.72482829376 12.6781465636 1.05762404363 11.2889662483 -3.64954985864 12.0208011619 -1.19568487807 7.34359137981
22 264 0 0 0 4.23949907654 8.71482302805 4.24256813996 -2.08689088038 -3.6398139315 0.314450603715 9.21758947484 -1.58119025352 12.4434226477 0.687503192929 11.8847108779 -3.30066504634 11.7344432365 -0.188080431662 8.35694666852
23 276 0 0 0 3.53578204277 8.23690792403 4.52623352133 -1.6550617765 -4.53190751921 0.324059118084 9.25678386352 -2.03381428617 12.8343215136 1.32616012584 12.212320815 -2.74268351217 11.1092627417 -0.515636946921 9.15885247803
24 288 0 0 0 3.5311834196 7.05339784162 4.15707272758 -1.80260339942 -5.12251668322 0.546153254706 8.82629877259 -1.74890329308 12.6965575153 1.37904314214 12.1659294352 -2.18012037553 11.3309541501 -1.49383430033 9.06612217765
25 300 0 0 0 2.67508447983 7.11964600645 3.95254304208 -1.70284938769 -4.05338223642 0.481966241692 9.01309339026 -2.20647828689 12.2820351631 0.821386284594 12.2917032655 -1.63261061361 12.2600526654 -2.44423530551 8.26030515968
26 312 0 0 0 3.0406435206 7.34124473569 3.91072229179 -2.72302566337 -5.26921783385 1.15574284041 9.68694043369 -2.01639334129 11.8517599148 0.671025595516 12.9580608208 -1.443651997 12.1981438427 -2.22194202539 9.30396295606
27 324 0 0 0 3.06502056371 8.21058785231 3.79991998357 -2.14721262223 -5.12541303519 1.4265589688 9.86632392145 -2.16645806238 12.0849664609 1.13854015326 13.1501556876 -0.68538565269 11.9466707111 -1.93224449806 10.1236969732
28 336 0 0 0 2.59863530343 8.60105496677 3.51369570532 -2.14493551388 -5.30856121046 1.57851963733 9.96452117325 -1.8485466562 13.1779650371 1.08235384952 11.6768567435 -1.90826705217 12.2558481917 -2.68471599484 10.4822864018
29 348 0 0 0 2.66112395004 9.74918371347 3.50414342295 -2.12951851329 -4.98544891025 1.79309837664 9.55214127754 -1.8534283518 12.868494699 0.302791690347 12.6418320533 -1.90757982257 11.7056127063 -3.85536357752 11.0512331861
30 360 0 0 0 3.21467621746 9.13848915065 3.34336788536 -2.39266443744 -4.66633797531 2.29135098987 10.1413733192 -1.15480900505 12.8056052389 0.0374113251332 12.5099991468 -1.90112389552 11.9900731252 -3.69190337801 11.7525722545
31 372 0 0 0 3.5974007539 9.10157522999 3.25451003175 -4.12911024588 -4.60904268822 2.75939954476 10.2291900413 -1.64776949133 13.1602184866 -0.62743046726 12.2175034409 -2.72154992608 11.1299650156 -3.59999591072 11.3558861258
32 384 0 0 0 3.49603863653 8.41263920646 2.70830714646 -2.86591769845 -4.60569465381 3.09268648346 9.65213350564 -1.55072452558 13.2884655481 -0.259508334712 11.3210231114 -2.22434256718 10.861279989 -3.53673389453 11.3082977395
33 396 0 0 0 3.63354638054 8.2680730828 2.66144986416 -2.86008753033 -4.99690578815 4.38603753526 11.3669266116 -1.70509184128 14.3709485466 -1.20341335245 10.9989806345 -1.81739055834 10.8582752999 -3.49677013258 12.4863204507
34 408 0 0 0 3.79386190312 8.21220711187 3.32122984568 -3.11198370757 -5.46150807301 4.83152316812 11.9319982425 -1.51160690942 13.9596562989 -1.60480894202 10.9227786806 -1.9468256497 10.8287916587 -4.28651002751 11.8460027807
35 420 0 0 0 4.29209462162 8.24859162952 3.10570829929 -3.67885700339 -5.19400600496 5.06341731756 10.6301890073 -1.58229528687 13.950197771 -2.38979428828 10.7855360911 -2.68471238929 9.86877807048 -4.60945969193 12.2029207767
36 432 0 0 0 2.7678409704 7.85872532478 2.85263489774 -3.73516792085 -4.22813764124 3.49530880282 10.9187862851 -1.33915622441 14.9666205294 -1.98058496533 11.4308627396 -2.30286072981 9.61728732257 -4.26782141418 12.4195357289
37 444 0 0 0 2.69335170769 8.55477304377 3.28289890879 -3.64099927653 -4.81261904017 3.67678262648 11.4942086963 -0.309887965525 14.7689702064 -1.81889070178 10.2446228387 -2.97245223246 10.2906882836 -4.18497905045 12.0694799326
38 456 0 0 0 2.70070309983 8.46456056894 2.76548570082 -3.11759128036 -4.48525145935 3.8041519002 11.562875985 -0.646760197591 13.9345947035 -1.93874531229 10.2751140436 -3.08660795269 10.756317196 -2.5107625717 12.0716996869
39 468 0 0 0 2.84907030661 8.89250534632 3.19686314824 -3.4428651548 -5.03254545582 3.47890640046 11.7884717681 0.000313003201611 13.7361690355 -1.34270878556 11.5354911893 -2.47016717043 11.3992120444 -3.7392070451 12.1615099483
40 480 0 0 0 3.32520415385 8.86724141181 2.74697529349 -3.12364101064 -4.77623745289 3.67491966135 11.9962290688 0.843156617506 12.9426926485 -0.840875148289 11.6051895551 -1.75369738194 11.4634464771 -3.29664953332 12.6032417544
41 492 0 0 0 2.72237293054 8.84386619952 2.7928834412 -2.0203700495 -3.79726796524 3.32069919026 11.6991411628 0.461221126971 13.5095132112 -0.880638989792 11.0768345764 -1.57383971491 11.8357226079 -3.14257899955 12.5214717968
42 504 0 0 0 3.18801166258 9.34075508476 3.61483637867 -2.06477160513 -4.39065247075 3.83002533268 11.0932459801 0.782902118953 13.7556729249 -0.74494328458 11.4553137559 -0.788118102059 12.3090383895 -3.91268542722 12.4891557961
43 516 0 0 0 3.11626227783 9.45742173567 3.46397021694 -1.77759967727 -3.80317973726 3.08181756254 10.1814600566 0.950061141618 13.2589435973 -0.259603163766 11.0608820904 -0.123324289453 13.0201249462 -3.52409467734 12.6487865224
44 528 0 0 0 3.16062394864 9.16467334162 3.58544884459 -1.79837932563 -4.11561422724 2.67565169683 10.3585628006 0.857048700295 13.04856287 -0.777714157446 10.6945915158 -0.317475555081 12.4689249965 -3.37839369066 11.7813176432
45 540 0 0 0 2.59590556999 9.16394670932 3.15755064571 -2.21881960772 -3.71645164295 2.69476015495 10.9731065323 0.21841239556 12.9128352954 -0.905734109946 10.6088133235 -1.17417145186 12.1755634201 -2.43320486087 11.9716962114
46 552 0 0 0 2.06268466877 9.21178935623 2.71223300163 -1.72100876993 -3.33881961026 2.96657010377 10.9884054721 -0.483931618481 13.6104711726 -0.654781088159 10.3922835649 -0.602952494018 11.9925340031 -2.84101010269 11.998469745
47 564 0 0 0 2.27460555529 9.05578843878 3.24911152777 -2.03433884999 -3.26779897484 2.9395184946 10.3714402927 -0.569778580847 13.5542936405 -0.680570138079 10.6985394024 -0.214659205857 12.1512017401 -3.61061696825 12.0228237212
48 576 0 0 0 2.11474313078 9.07488326059 3.33033673814 -1.74569056435 -3.20052703867 2.47393378825 10.1547213163 -0.842112800473 13.2966972678 -0.421768124629 10.6560846486 0.787276281311 12.6279850516 -3.15263766227 11.3013647563
49 588 0 0 0 1.91982966479 8.97713906877 2.93249170524 -1.97464117526 -2.73444328577 1.91614696451 9.97348456961 -0.563316633105 12.6216720255 -0.0506649073781 11.2440157208 0.63490814204 12.5201367085 -3.14226783088 11.2496913238
50 600 0 0 0 1.69700753444 9.1764665476 2.75758428904 -1.81738946623 -2.32997809375 2.09051304084 10.3043018087 -0.821843170633 12.8780149667 -0.548587321617 10.879934371 0.391140730054 11.6714187259 -3.0673694161 11.6889096905
51 612 0 0 0 1.8746181217 8.9154496093 2.71580016197 -1.65620369042 -2.063689119 1.23894199227 9.97064915065 -0.834608052219 12.8205625802 -0.467525552189 10.2318258974 0.0301845809051 11.5817510711 -2.81095740922 11.2751038056
52 624 0 0 0 1.58724210255 9.21790422055 2.33943037528 -1.55612294274 -1.91154477277 1.1374339734 9.96672639885 -1.28869342242 12.7694554143 0.0303885524114 9.95585257854 -0.425344755034 10.9725631012 -2.54270660329 11.2023324004
53 636 0 0 0 1.5326745688 9.18629122529 2.07601105453 -2.25781123925 -1.7453894267 1.79978745666 10.5206452638 -1.27206946121 12.5743342881 -0.174053315415 10.5829141838 -0.765897623424 10.7015999839 -2.17079804118 11.7582930569
54 648 0 0 0 0.840648577612 9.51401368619 1.92328865914 -2.38205505215 -1.6394698148 1.85284594398 10.1760596935 -1.80606200656 12.7793550547 -0.177085523853 10.7341680533 -0.988085726037 10.6885696279 -2.18199951063 11.3908698811
55 660 0 0 0 0.661436399332 9.60337457652 1.10305090913 -1.96279924191 -1.76338499068 1.64763125866 10.3065412079 -1.76639583447 12.5474079117 0.15291056398 11.2538210176 -0.811872730471 10.3355383527 -2.16533575194 12.1308847303
56 672 0 0 0 0.41832368497 9.86927473682 1.17774267016 -2.17991527995 -1.52988142848 1.53695040196 10.4298994129 -1.8747245531 12.8499715337 -0.24320412602 11.4474842976 -1.21672759044 10.3315672228 -1.4653852828 12.2087801093
57 684 0 0 0 -0.11800211929 9.66214645233 1.26569866661 -2.54547890922 -1.49577983555 1.74646915023 11.1901121942 -1.74592930424 12.5327739619 0.129037896749 11.7634096823 -1.5610508828 9.33544878424 -1.24568076092 12.6032614657
58 696 0 0 0 -0.23178133745 9.79910061454 1.06724970588 -2.50231211816 -1.35420944563 1.4635867398 10.6914084838 -1.85407950825 12.487818804 0.74427176507 12.0982249453 -1.21388389153 9.32425673425 -0.8561186098 12.5078938653
59 708 0 0 0 0.208321373738 9.64719202746 0.950297048346 -3.48423934152 -1.13500752217 1.33287513793 10.7604954676 -1.13622221201 12.6571909038 0.631083892002 12.1477359127 -1.33955205023 9.7793583189 -0.982036903619 12.4353106038
60 720 0 0 0 0.488346966974 9.1231423857 1.03614416427 -4.2276608725 -1.34184279728 1.34728322444 10.1909197389 -1.44206158428 12.8191322694 1.34048821429 12.2400398172 -1.21206053141 9.26365854935 -0.986650230521 12.6939937614
61 732 0 0 0 0.772720119285 8.68260658313 1.32230273435 -4.68384516455 -1.20938850784 1.46465094152 9.81088185125 -1.50049150212 13.4666034796 1.08182560241 11.0895947344 -1.9349879575 9.59316816114 -0.442420048025 12.4988951227
62 744 0 0 0 -0.959213151733 8.20562553635 0.201105885928 -4.28162971286 -0.482600903882 0.645190698234 9.66736337598 -1.92719400585 12.7841048178 1.53142942204 12.1299062796 -1.66466435625 9.338131712 -0.461443347804 12.3933318808
63 756 0 0 0 -0.136378557049 8.31775902329 0.667080171832 -5.33552358305 -1.35859295037 0.772655523081 9.15210638547 -1.4819525996 12.838207394 1.54821372735 13.2715795629 -1.25292294313 9.84595581817 -1.41019920215 12.3727996257
64 768 0 0 0 -0.289200293989 8.0165699965 0.972627816259 -5.56388561044 -0.853828288839 0.766025764545 8.98999553561 -1.18662211783 13.0056822144 1.96366182395 14.3478848861 -1.16182437059 9.9085818686 -1.67775988257 12.0961850199
65 780 0 0 0 -0.18483795635 7.85863152865 1.47520183492 -5.4824848473 -1.2909301764 1.43528650141 9.19097149851 -1.33718365732 12.7360380644 0.92184973239 14.3535306168 -0.830830421344 10.0996103959 -2.49408085721 12.6565621526
66 792 0 0 0 0.00162950989273 7.5319866366 1.68404653368 -5.66112335463 -1.41058941861 0.948874983703 8.86058556899 -1.21594966254 13.3185928941 0.976147380394 14.086947624 -0.762628396166 10.0252468627 -2.2319618076 13.017346249
67 804 0 0 0 -0.101362167024 8.33908701251 1.21596587921 -5.61720516167 -1.8884186933 1.04890484741 9.11073346159 -1.33131590122 13.421838282 -0.0540026560863 13.5148254901 -1.45899284322 9.44883456296 -2.41745639494 13.7087302709
68 816 0 0 0 -0.130199051582 8.084522649 0.3866515533 -5.36703346548 -1.63074954344 1.42129986404 9.65396476544 -1.32611018551 13.0362008698 -0.503349864015 13.5011187568 -1.76224755185 8.87070933082 -1.50179199831 14.0145202967
