% # columns="iteration, evaluation, sigma, max axis length,  min axis length, all principle axes lengths  (sorted square roots of eigenvalues of C)", seed=6, Sat Feb  3 16:16:53 2018
1 12 1.88099633326 1.00004666776 1.0 1.0 1.00000333334 1.00000666669 1.00001000005 1.00001333342 1.00001666681 1.0000200002 1.00002333361 1.00002666702 1.00003000045 1.00003333389 1.00003666734 1.0000400008 1.00004333427 1.00004666776
2 24 1.82507473124 1.04745116154 0.944495385723 0.944495385723 0.95710087755 0.973210670394 0.983558650366 0.993826406407 0.998669859356 1.00001620097 1.00001947338 1.00002398523 1.00013015675 1.00082336224 1.00293247312 1.01727754142 1.02137303437 1.04745116154
3 36 1.77340093339 1.06508500398 0.92751440432 0.92751440432 0.938477947662 0.954199702837 0.963313288921 0.978267332927 0.989823836754 0.993399726731 0.996850749014 0.998957707039 1.00283727041 1.00775172743 1.0171171062 1.01948515292 1.03755879955 1.06508500398
4 48 1.77754363397 1.09121594283 0.901449423724 0.901449423724 0.918006716221 0.938482343017 0.952116824552 0.958024639394 0.982166069761 0.992154601899 0.995592969531 0.999997351247 1.00639920084 1.01065090578 1.01785381479 1.03536013092 1.04141702145 1.09121594283
5 60 1.76702868676 1.10591263655 0.897010858937 0.897010858937 0.903581702363 0.928602872798 0.941931979229 0.95283993135 0.959817818903 0.980885955265 0.99391993941 0.999219142133 1.00552082197 1.01590599845 1.02979499194 1.0402023251 1.05488314292 1.10591263655
6 72 1.6360687574 1.12615548963 0.874916260956 0.874916260956 0.899098569312 0.914740866411 0.932772447242 0.940458326235 0.961253675908 0.972719569419 0.986585296828 0.993507866946 1.00822445322 1.02100314789 1.0252602495 1.04307989717 1.06876509259 1.12615548963
7 84 1.61086017911 1.12092432253 0.858407307375 0.858407307375 0.888192866675 0.90563985507 0.922568501901 0.931678310825 0.95445801632 0.966884523993 0.970698465935 0.984109840694 1.00699436856 1.02046970959 1.02741162992 1.05403950641 1.08346327201 1.12092432253
8 96 1.63523591679 1.13884413106 0.8536030706 0.8536030706 0.883533445953 0.903818494095 0.915750594818 0.924375975541 0.946451333562 0.962411106845 0.968650645475 0.978391881532 0.999225191812 1.01203580934 1.03822484452 1.065161357 1.08967152852 1.13884413106
9 108 1.65135154426 1.14996620785 0.847814460691 0.847814460691 0.873054236748 0.896129211641 0.910129675109 0.925534334857 0.940626542671 0.956082613462 0.969556073997 0.98795323034 0.997864449666 1.01013616528 1.06457026589 1.06980564138 1.08422482774 1.14996620785
10 120 1.64459819026 1.16325117384 0.847040360508 0.847040360508 0.871442637768 0.888417726136 0.909603130512 0.921854732727 0.935644235906 0.953331091442 0.973065289816 0.979045961079 0.994685393969 1.00414286655 1.0697832995 1.07673071422 1.09430796321 1.16325117384
11 132 1.65530421123 1.15917523102 0.848142198413 0.848142198413 0.850401365259 0.896687241782 0.908855999385 0.9095508555 0.92906909729 0.961649471575 0.964099582816 0.977861215754 0.98830907667 1.00197100337 1.07363368573 1.09017269275 1.10984786037 1.15917523102
12 144 1.61673223927 1.16107677711 0.841068304524 0.841068304524 0.849824862646 0.888156362494 0.902827496783 0.908262611468 0.917453423931 0.942357542895 0.956942438971 0.980069662317 0.997323506477 0.998891780659 1.07379237823 1.09053456328 1.10704908661 1.16107677711
13 156 1.59324773656 1.16947674197 0.8374896443 0.8374896443 0.850153118698 0.871666764805 0.883056472888 0.901808555937 0.911446520589 0.937508091335 0.957698543749 0.980839345464 0.997039862927 1.01091499492 1.06548316027 1.08182944205 1.12031950139 1.16947674197
14 168 1.5183141595 1.16968387985 0.825397705212 0.825397705212 0.843765680819 0.860128207066 0.880958249942 0.901322742697 0.906861503693 0.937335914799 0.955631474206 0.972496376887 0.987922590836 1.03795757574 1.05863067205 1.08711161239 1.12213341363 1.16968387985
15 180 1.4945441728 1.15683481307 0.821751056162 0.821751056162 0.829757333635 0.857560446148 0.876957950258 0.889909605624 0.906961947516 0.927635253847 0.958134745562 0.974359650954 0.992670825026 1.03370190039 1.05865505041 1.09770327316 1.11732945617 1.15683481307
16 192 1.49190772766 1.1656656548 0.814739512128 0.814739512128 0.82923220507 0.866131801743 0.868148526087 0.883426627775 0.908690461726 0.924270912166 0.952795000993 0.969093595875 0.977067143019 1.02690218897 1.05823445693 1.10184511451 1.13040227176 1.1656656548
17 204 1.43118036016 1.16175495323 0.804885752926 0.804885752926 0.811194686043 0.865425213957 0.871162139643 0.885492392571 0.900334995449 0.915036727642 0.949728529148 0.966691289561 0.971633869375 1.03538909313 1.04831554237 1.11521210759 1.1391416366 1.16175495323
18 216 1.44136079458 1.16142097835 0.789765896041 0.789765896041 0.814395916013 0.871502781211 0.876885921575 0.883461612924 0.90154279319 0.90361968963 0.949431352011 0.958876887928 0.981112328347 1.03461624192 1.04940871963 1.11012790606 1.14289204928 1.16142097835
19 228 1.44917354516 1.16951249383 0.787975254579 0.787975254579 0.810236992991 0.853097420856 0.872084181709 0.877244780334 0.890298244106 0.907070191398 0.937037206757 0.943506693829 0.97980195814 1.04445187248 1.07847772077 1.13961820853 1.1495826787 1.16951249383
20 240 1.49233299508 1.20386613479 0.790546083779 0.790546083779 0.808751537442 0.841478757349 0.862117518822 0.878520786362 0.887632555449 0.902613568369 0.930705924902 0.942484324426 0.977923792933 1.03156651562 1.07528474461 1.14084778492 1.15643664553 1.20386613479
21 252 1.49051675919 1.28067266009 0.77844538231 0.77844538231 0.818706116762 0.843331005833 0.854477456128 0.868460896503 0.881003926641 0.889185029786 0.930566737791 0.945021327918 0.977083574523 1.02480521425 1.07202175646 1.14099427788 1.16093886246 1.28067266009
22 264 1.4417608926 1.31325519789 0.777877475733 0.777877475733 0.815469469654 0.838209701949 0.844506131306 0.85754042322 0.874909828551 0.888834219398 0.92922318141 0.945325442308 0.974333886466 1.01953657668 1.07235626894 1.11918020049 1.15950537044 1.31325519789
23 276 1.39405330583 1.32330777632 0.769238443052 0.769238443052 0.792050087589 0.832122884715 0.84692164399 0.866256085635 0.869047479379 0.900717042725 0.922287561087 0.942494642209 0.97485178388 1.01739458737 1.0542406476 1.11249496033 1.17341193463 1.32330777632
24 288 1.36565556321 1.32308445599 0.753968002744 0.753968002744 0.795572353608 0.833888621817 0.841939172735 0.864455532291 0.870141060379 0.886802245529 0.921654492289 0.939357000142 0.982558491389 1.01979928443 1.05076017189 1.10804306542 1.15331838261 1.32308445599
25 300 1.28428570899 1.32635381417 0.765715632151 0.765715632151 0.789762518045 0.810898807407 0.828978998919 0.853384281522 0.871786614355 0.878699900006 0.918625755096 0.945291111318 0.97412928621 1.02439446335 1.05542608141 1.09366253092 1.16710604208 1.32635381417
26 312 1.2306926634 1.30850233478 0.767442704054 0.767442704054 0.78038618333 0.809556992106 0.812843748364 0.847582296877 0.873242985394 0.893738835047 0.91045455097 0.947959832582 0.971521584445 1.02694048151 1.04973856648 1.12576749187 1.15611626903 1.30850233478
27 324 1.15911340879 1.29509053262 0.756020875596 0.756020875596 0.783616542791 0.807621416805 0.812442357931 0.849756747783 0.869074370651 0.884006202809 0.894694288396 0.942849330935 0.978739499703 1.04398102282 1.05698705278 1.13807445674 1.15145884674 1.29509053262
28 336 1.13440596808 1.30139288355 0.757124515889 0.757124515889 0.780711446395 0.791191438445 0.808421745376 0.836576535852 0.863033661331 0.88000693427 0.896426144843 0.943312346845 0.982781250295 1.04233313177 1.07522888419 1.12026610686 1.14311550771 1.30139288355
29 348 1.15254827778 1.29305938023 0.754886595064 0.754886595064 0.782974147324 0.790229906489 0.816939306636 0.827786202176 0.874579707159 0.877523557988 0.90466378572 0.926898803607 0.980879436912 1.01265732507 1.07055463132 1.11454128205 1.14848865874 1.29305938023
30 360 1.12927614484 1.29428205685 0.760127280444 0.760127280444 0.770700394833 0.782438362212 0.820023898035 0.830777092298 0.873883087351 0.884297557958 0.906196526257 0.921017708447 0.975765952425 1.01417464873 1.07423867013 1.11143536367 1.15480256244 1.29428205685
31 372 1.14474449747 1.29340521559 0.755398787274 0.755398787274 0.772121895332 0.781284512402 0.813934453342 0.828775705791 0.870811393984 0.887424755236 0.908002563285 0.920969087334 0.973961617652 1.01892728277 1.07730321365 1.09582286341 1.16144472077 1.29340521559
32 384 1.09052797829 1.29833526662 0.756587152649 0.756587152649 0.762973298539 0.784524028682 0.815520151109 0.840782518878 0.854558323455 0.876399427561 0.898630241338 0.91981799724 0.958390232904 1.03137404828 1.07994196497 1.10720467141 1.18813930341 1.29833526662
33 396 1.13556550278 1.29756255486 0.747322384448 0.747322384448 0.762159572577 0.782791722655 0.808854050001 0.831232983286 0.864182136876 0.880484663712 0.883318775004 0.923294170421 0.947048697485 1.03046803583 1.0645209052 1.10262465455 1.18121611834 1.29756255486
34 408 1.15644411386 1.29241626722 0.725562574206 0.725562574206 0.761323204859 0.792817888996 0.80737007169 0.829737880085 0.862701051985 0.882258635148 0.885619821949 0.929593661845 0.935449382574 1.02448643519 1.07017278984 1.08573068229 1.25318976751 1.29241626722
35 420 1.17630691773 1.29598136756 0.727428838508 0.727428838508 0.753926294267 0.789996120817 0.806061770093 0.824140271609 0.846472514484 0.873562630714 0.887107095821 0.925317724981 0.951148469923 1.01943079225 1.05511908275 1.08430316144 1.27838937363 1.29598136756
36 432 1.16637210024 1.32776810066 0.719147727011 0.719147727011 0.742558617202 0.791280224882 0.800833237051 0.816029800933 0.854036254128 0.873486509084 0.898076930123 0.924578067436 0.938540356079 1.01479070535 1.04019134466 1.07943306488 1.27720291497 1.32776810066
37 444 1.12585450302 1.3306244558 0.732899313616 0.732899313616 0.735665601851 0.780284298156 0.797492940754 0.81259872131 0.83779802259 0.868599205781 0.911444495494 0.924272561689 0.954612714681 0.99444110368 1.03436198912 1.08555145954 1.27438390371 1.3306244558
38 456 1.06023156211 1.3378040251 0.734924798092 0.734924798092 0.736493243396 0.777709496674 0.797810826852 0.820104380302 0.836427592914 0.861938210542 0.901834998359 0.907355554051 0.963472425974 0.990341351217 1.02300039841 1.06461087905 1.27735620226 1.3378040251
39 468 0.991318109613 1.31691561106 0.727608019732 0.727608019732 0.732510027931 0.762580518887 0.791225041956 0.814921001888 0.838994376503 0.856746771086 0.899389549581 0.923263909788 0.9638264461 0.987131102699 1.01151301476 1.06987099742 1.29410345558 1.31691561106
40 480 0.962776581355 1.31218432958 0.725594098796 0.725594098796 0.734358868285 0.761355420324 0.780921622493 0.791314252335 0.832650219893 0.856453033215 0.911487173698 0.927149621335 0.967514632088 0.971449991975 1.02360832931 1.07782533304 1.27693322405 1.31218432958
41 492 0.914990841654 1.31839734296 0.720401524695 0.720401524695 0.728077520207 0.751067138128 0.773397228313 0.790833456665 0.829716554864 0.841561349799 0.908412322058 0.923628745477 0.95727301706 0.977353448635 1.03180118961 1.09708864459 1.29329007376 1.31839734296
42 504 0.902745121533 1.32577269427 0.711452353069 0.711452353069 0.717440735407 0.744802467642 0.761230214674 0.788717494833 0.827933039564 0.845451337046 0.898880951011 0.917166164933 0.954503030406 0.984670652906 1.03702222984 1.09651603305 1.29019094335 1.32577269427
43 516 0.942456418484 1.33051008931 0.693076498104 0.693076498104 0.714808096185 0.746837795833 0.762093238049 0.785437907209 0.821954312494 0.84105085939 0.89791121251 0.905220796266 0.951449541534 0.986402967294 1.04897198381 1.13476658605 1.2784430878 1.33051008931
44 528 0.91097910999 1.36477354485 0.695311148015 0.695311148015 0.723179557556 0.749178400872 0.759172666311 0.802433042235 0.822697561742 0.833984443596 0.861086851441 0.90534210765 0.952398960249 0.985763377089 1.05191738985 1.14769869384 1.29679931816 1.36477354485
45 540 0.839461019005 1.37058899592 0.689952862002 0.689952862002 0.703975074498 0.739000333258 0.751580409013 0.799535840712 0.824872935464 0.833947439166 0.861164351606 0.906205752257 0.958468488883 0.982104574718 1.05502304232 1.15738617921 1.29106541127 1.37058899592
46 552 0.805582798239 1.34908147287 0.685507248058 0.685507248058 0.702453485488 0.734373425432 0.744939759644 0.797236774348 0.826249682564 0.848594236279 0.861857688374 0.90655672695 0.945975470882 0.972603554273 1.053495006 1.16636745105 1.29011872101 1.34908147287
47 564 0.763433456156 1.34655999451 0.672210985871 0.672210985871 0.700443747157 0.728191230927 0.743770617702 0.790080818748 0.819736037862 0.839389118899 0.854857100297 0.908981424377 0.950659148085 0.986373039829 1.06873917098 1.16611614456 1.28847672358 1.34655999451
48 576 0.774960051249 1.36095263057 0.66793181311 0.66793181311 0.698689478939 0.725671492826 0.759868870492 0.783882270998 0.815875361229 0.835448441608 0.856304025862 0.910279165941 0.938714498481 0.966575147196 1.05803101306 1.16012249934 1.29256852869 1.36095263057
49 588 0.771608558675 1.38431732191 0.6492354913 0.6492354913 0.69488516395 0.727863715111 0.756697559565 0.787057453101 0.816044108228 0.829604975163 0.856481228495 0.910267726117 0.93760437736 0.970711640141 1.06721954016 1.16401268926 1.30476728862 1.38431732191
50 600 0.746917376233 1.41442217947 0.653270971193 0.653270971193 0.692231753595 0.730700628633 0.7477289447 0.789376326416 0.810813175197 0.835902360873 0.858106558939 0.8970005986 0.947262907357 0.969680940242 1.04293079391 1.1546593233 1.30699352574 1.41442217947
51 612 0.741752163285 1.41216551907 0.650904592863 0.650904592863 0.686147548867 0.724805447857 0.743119090605 0.784891296111 0.80854425368 0.837081781879 0.851464170633 0.909877052906 0.95319221 0.969438256671 1.03177179121 1.15339548127 1.29662852356 1.41216551907
52 624 0.756084367706 1.40193840551 0.640683661286 0.640683661286 0.689600489504 0.728857571084 0.739260336978 0.784409808576 0.804687146988 0.832458370149 0.848688905755 0.895249791181 0.938709444543 0.963542133592 1.03737108437 1.17655574665 1.29388814262 1.40193840551
53 636 0.744172203157 1.40658976714 0.637440326406 0.637440326406 0.68925982281 0.722343886014 0.72365325116 0.781539419653 0.794403277431 0.830074379303 0.849393934188 0.898943215089 0.934863257146 0.959821898709 1.02889149855 1.21151004475 1.28757264293 1.40658976714
54 648 0.744066857871 1.40970859058 0.634582616895 0.634582616895 0.683952350219 0.717515736337 0.722571363371 0.783901127919 0.79007522262 0.817198388845 0.853441999847 0.90687195925 0.933712390668 0.958448853062 1.01572017169 1.22083279132 1.26825347551 1.40970859058
55 660 0.761946607477 1.40679860736 0.632339119213 0.632339119213 0.686540710625 0.714236424222 0.727949925247 0.77237281052 0.778587749842 0.81869747501 0.847938609651 0.892874261565 0.929348431337 0.963241700286 1.01420875401 1.23280408352 1.27512162497 1.40679860736
56 672 0.777786041723 1.37471514289 0.629625117383 0.629625117383 0.683775246188 0.714581455001 0.730073119986 0.770910947324 0.775384930688 0.810528978472 0.839063278623 0.892577932893 0.927691463803 0.994238288228 1.01837343439 1.23939322542 1.30513177152 1.37471514289
57 684 0.820935794445 1.37174719707 0.635994311864 0.635994311864 0.669287626319 0.690564698194 0.730068721703 0.764283354876 0.77271481018 0.810470538577 0.849989618803 0.899508777681 0.933995439148 1.00124837284 1.02404896991 1.24287249667 1.3196296746 1.37174719707
58 696 0.842914037707 1.41372503623 0.637270934411 0.637270934411 0.661030439977 0.682884544437 0.717073170859 0.764969028494 0.775530646868 0.799579902299 0.846442650349 0.896211931186 0.931953432413 1.0003451821 1.02248556485 1.23937227059 1.34247788364 1.41372503623
59 708 0.84136485015 1.44265039446 0.625003643937 0.625003643937 0.662093696002 0.681332608018 0.713086647036 0.759567536585 0.769190587423 0.791271150233 0.834135724654 0.895638687683 0.926569706609 0.996706516282 1.02794566945 1.23923219796 1.34178928304 1.44265039446
60 720 0.867454229271 1.45480377987 0.619356519582 0.619356519582 0.661222967041 0.682408064228 0.698761724133 0.750819471316 0.76658643165 0.794322130073 0.837022552015 0.897841492726 0.926534454497 0.994498072302 1.03052814081 1.24069632607 1.34780724789 1.45480377987
61 732 0.905789252073 1.47340014249 0.615401766948 0.615401766948 0.657157163689 0.677442766778 0.694607540076 0.748364617068 0.765644260848 0.777443695035 0.842382904409 0.888684065611 0.938995590262 0.990354057346 1.06525263228 1.24183257137 1.34959531715 1.47340014249
62 744 0.939626257825 1.47523418794 0.612805102461 0.612805102461 0.653601575364 0.680199878485 0.691142211663 0.745317103491 0.759459538341 0.770413495929 0.84170336846 0.888059604777 0.943151624555 1.02057833916 1.04976530445 1.22809215343 1.34827147235 1.47523418794
63 756 0.973975050895 1.52068715375 0.614522066836 0.614522066836 0.647768368588 0.679704045673 0.690731579508 0.741436996996 0.756180142049 0.773368769624 0.845191944295 0.883894315475 0.946584660877 1.02568467659 1.04404368137 1.23735435354 1.38351662493 1.52068715375
64 768 1.03106475577 1.5318128938 0.606989058854 0.606989058854 0.651867151948 0.673582771862 0.693337121842 0.722193385761 0.759014476842 0.773030284912 0.850213902098 0.883714098518 0.941634618912 1.02358063782 1.05982437222 1.24513933579 1.3654792587 1.5318128938
65 780 1.051522057 1.51519009106 0.607530557762 0.607530557762 0.641041381825 0.675177282598 0.686288448842 0.722744745263 0.761850726388 0.775533525791 0.838299232688 0.882529463416 0.948480094843 1.02063054463 1.08480660864 1.25984264811 1.36324146499 1.51519009106
66 792 1.0338482393 1.52805782008 0.602393576155 0.602393576155 0.632084420699 0.669967427856 0.684369308826 0.718703472628 0.757096189557 0.778338572619 0.834173703343 0.876125838354 0.949078968809 1.02438803162 1.10019546969 1.27242720383 1.35818530426 1.52805782008
67 804 1.00174821006 1.51243130682 0.604566091414 0.604566091414 0.643613342088 0.662934975427 0.680476335723 0.720306247856 0.750506803091 0.789886193127 0.816313574041 0.869594053383 0.94332305367 1.01630272941 1.11444332793 1.27450312346 1.35715438805 1.51243130682
68 816 0.96989591317 1.50510046346 0.600158942129 0.600158942129 0.640163223348 0.658218235164 0.668932526831 0.717487315397 0.746143707498 0.789749243858 0.816438068042 0.871635771897 0.946842811911 1.0124192566 1.09476184028 1.2814354359 1.37889195524 1.50510046346
