% # columns="iteration, evaluation, sigma, axis ratio, bestever, best, median, worst objective function value, further objective values of best", seed=11, Mon Jan 29 13:10:18 2018, <python>{}</python>
1 12 1.89568914938 1.00004705993 -8.493333333333334 -8.4933333333333341e+00 -3.79233333333 1.0   
2 24 1.87156962417 1.12802707244 -8.556666666666667 -8.5566666666666666e+00 0.212462 1.0   
3 36 1.86014118127 1.15356701441 -8.556666666666667 -8.5333333333333332e+00 -8.44666666667 1.0   
4 48 1.88752638817 1.22186559354 -8.566666666666666 -8.5666666666666664e+00 -8.46666666667 1.0   
5 60 2.00101325853 1.251293766 -8.633333333333333 -8.6333333333333329e+00 -8.51 0.285214   
6 72 2.12169081534 1.32058572382 -8.633333333333333 -8.6300000000000008e+00 -8.57 -3.764286   
7 84 2.20264231967 1.40351100607 -8.633333333333333 -8.6300000000000008e+00 -3.81022866667 1.0   
8 96 2.22790839931 1.47203307467 -8.633333333333333 -8.5999999999999996e+00 -8.40666666667 0.082628   
9 108 2.32191368832 1.50364796233 -8.656666666666666 -8.6566666666666663e+00 -3.22519333333 1.0   
10 120 2.34315505013 1.60663059182 -8.656666666666666 -8.6133333333333333e+00 -5.31683333333 1.0   
11 132 2.37577626034 1.63379099487 -8.656666666666666 -8.6099999999999994e+00 -1.82811333333 1.0   
12 144 2.35160936623 1.69805727283 -8.656666666666666 -8.5800000000000001e+00 -8.23316666667 1.0   
13 156 2.34487153056 1.6939343599 -8.656666666666666 -8.6300000000000008e+00 -8.24316666667 1.0   
14 168 2.273253086 1.73026445623 -8.663333333333334 -8.6633333333333340e+00 -3.759862 0.511874   
15 180 2.27329511001 1.77583643585 -8.663333333333334 -8.6166666666666671e+00 -8.29333333333 1.0   
16 192 2.29934541981 1.79610733057 -8.663333333333334 -8.6199999999999992e+00 -1.92843066667 1.0   
17 204 2.38659474273 1.8179649105 -8.663333333333334 -8.6266666666666669e+00 -5.0 1.0   
18 216 2.32654490175 1.83623060014 -8.663333333333334 -8.6333333333333329e+00 -1.30428666667 0.919726666667   
19 228 2.22331874359 1.84301283895 -8.663333333333334 -8.6466666666666665e+00 -1.830482 1.0   
20 240 2.08720455234 1.85572119156 -8.663333333333334 -8.6233333333333331e+00 -8.03316666667 0.466114666667   
21 252 2.02941381524 1.88300734536 -8.663333333333334 -8.6199999999999992e+00 -8.2765 1.0   
22 264 2.03541103703 1.90277177153 -8.663333333333334 -8.6366666666666667e+00 -8.17983333333 0.177608   
23 276 2.08632680702 1.8908417537 -8.663333333333334 -8.6633333333333340e+00 -8.59666666667 -3.727434   
24 288 2.08777504138 1.91341112756 -8.663333333333334 -8.6199999999999992e+00 -5.853264 0.125131333333   
25 300 1.97542297443 1.89618003716 -8.663333333333334 -8.6300000000000008e+00 -8.10983333333 1.0   
26 312 1.88224804458 1.88773266378 -8.663333333333334 -8.6233333333333331e+00 -8.5 1.0   
27 324 1.76292849074 1.89000694593 -8.663333333333334 -8.6433333333333326e+00 -8.39666666667 1.0   
28 336 1.72000043855 1.89850740158 -8.663333333333334 -8.6533333333333342e+00 -8.55666666667 0.214941333333   
29 348 1.61202603698 1.88245426523 -8.663333333333334 -8.6400000000000006e+00 -8.47666666667 0.389699333333   
30 360 1.5653142625 1.90424529063 -8.663333333333334 -8.6400000000000006e+00 -8.61333333333 -8.57   
31 372 1.57778565145 1.92144009624 -8.663333333333334 -8.6300000000000008e+00 -8.49333333333 0.12898   
32 384 1.48078873256 1.93178570058 -8.663333333333334 -8.6633333333333340e+00 -8.51666666667 0.095924   
33 396 1.46306766318 1.95250347812 -8.663333333333334 -8.6433333333333326e+00 -8.58333333333 -1.93561693333   
34 408 1.42950460309 1.9909261376 -8.663333333333334 -8.6533333333333342e+00 -8.60666666667 0.136430666667   
35 420 1.4469957846 2.02496803871 -8.663333333333334 -8.6533333333333342e+00 -8.62666666667 0.100435333333   
36 432 1.48896419449 2.06117767063 -8.676666666666666 -8.6766666666666659e+00 -8.63333333333 -8.50333333333   
37 444 1.45700340378 2.0368814797 -8.676666666666666 -8.6666666666666661e+00 -8.6 0.078478   
38 456 1.39895675003 2.06298444964 -8.676666666666666 -8.6600000000000001e+00 -8.62666666667 -8.46   
39 468 1.33661327259 2.09737394289 -8.676666666666666 -8.6766666666666659e+00 -8.61333333333 0.0795266666667   
40 480 1.28740806511 2.12532580427 -8.676666666666666 -8.6666666666666661e+00 -8.63333333333 -1.36351333333   
41 492 1.2939365499 2.12654146062 -8.676666666666666 -8.6766666666666659e+00 -8.64333333333 -8.51   
42 504 1.3185965597 2.12977980945 -8.676666666666666 -8.6766666666666659e+00 -8.65333333333 -5.79566133333   
43 516 1.28457494662 2.16627472005 -8.676666666666666 -8.6633333333333340e+00 -8.62333333333 -8.49333333333   
44 528 1.24292141055 2.2024878394 -8.676666666666666 -8.6600000000000001e+00 -8.63 -8.59333333333   
45 540 1.20177006035 2.24680056824 -8.676666666666666 -8.6633333333333340e+00 -8.64333333333 -8.1365   
46 552 1.14830160301 2.24916787936 -8.676666666666666 -8.6733333333333338e+00 -8.62 -8.49   
47 564 1.09735261838 2.26095156658 -8.676666666666666 -8.6699999999999999e+00 -8.64666666667 0.227742   
48 576 1.07790164957 2.31205537565 -8.676666666666666 -8.6600000000000001e+00 -8.64333333333 -8.46333333333   
49 588 1.01994109748 2.3160656308 -8.676666666666666 -8.6633333333333340e+00 -8.63333333333 -8.55333333333   
50 600 0.982352178474 2.31022392521 -8.676666666666666 -8.6733333333333338e+00 -8.66 -8.49   
51 612 0.964389423203 2.37020845961 -8.683333333333334 -8.6833333333333336e+00 -8.65 -8.62666666667   
52 624 0.911562483973 2.42301138142 -8.683333333333334 -8.6733333333333338e+00 -8.65 -8.64   
53 636 0.872601856707 2.44783560168 -8.683333333333334 -8.6799999999999997e+00 -8.66 -5.80304466667   
54 648 0.842065453417 2.44376816495 -8.683333333333334 -8.6766666666666659e+00 -8.65666666667 -8.48666666667   
55 660 0.785283053777 2.45148182361 -8.683333333333334 -8.6633333333333340e+00 -8.62666666667 -8.20316666667   
56 672 0.760625880737 2.45752935499 -8.683333333333334 -8.6666666666666661e+00 -8.63666666667 -8.53   
57 684 0.713628755796 2.41719679535 -8.683333333333334 -8.6799999999999997e+00 -8.65666666667 -8.60333333333   
58 696 0.707519518337 2.4116676004 -8.683333333333334 -8.6666666666666661e+00 -8.65 -8.2565   
59 708 0.707300783281 2.40520869256 -8.683333333333334 -8.6666666666666661e+00 -8.65 -8.57   
60 720 0.684300268432 2.39896139484 -8.683333333333334 -8.6833333333333336e+00 -8.65333333333 -8.63   
61 732 0.687089766258 2.42298970372 -8.683333333333334 -8.6766666666666659e+00 -8.66 -8.62666666667   
62 744 0.698148164294 2.42987621847 -8.683333333333334 -8.6799999999999997e+00 -8.65666666667 -8.61666666667   
63 756 0.693369899229 2.40213823057 -8.683333333333334 -8.6766666666666659e+00 -8.64333333333 -8.6   
64 768 0.666945531797 2.38189327288 -8.683333333333334 -8.6766666666666659e+00 -8.65333333333 -8.63333333333   
65 780 0.642178727204 2.36299229401 -8.683333333333334 -8.6733333333333338e+00 -8.64 -8.56333333333   
66 792 0.610663962336 2.39263672505 -8.683333333333334 -8.6699999999999999e+00 -8.64666666667 -8.62333333333   
67 804 0.60120566531 2.38449449167 -8.683333333333334 -8.6666666666666661e+00 -8.64666666667 -8.59   
68 816 0.599171043615 2.40570360883 -8.683333333333334 -8.6799999999999997e+00 -8.66333333333 -8.63333333333   
69 828 0.594370527052 2.44252464513 -8.683333333333334 -8.6833333333333336e+00 -8.64666666667 -8.61333333333   
70 840 0.581126383125 2.51851783448 -8.69 -8.6899999999999995e+00 -8.66333333333 -8.62666666667   
71 852 0.570453971708 2.54901622977 -8.69 -8.6799999999999997e+00 -8.65666666667 -8.62666666667   
72 864 0.5698257463 2.54486785222 -8.69 -8.6833333333333336e+00 -8.65333333333 -8.63666666667   
73 876 0.548270977271 2.55637395866 -8.69 -8.6766666666666659e+00 -8.65 -8.50333333333   
74 888 0.535469950718 2.58586302463 -8.69 -8.6833333333333336e+00 -8.66333333333 -8.63333333333   
75 900 0.529293061868 2.55322558092 -8.69 -8.6833333333333336e+00 -8.65666666667 -8.64   
76 912 0.527181722431 2.56486974555 -8.69 -8.6799999999999997e+00 -8.66666666667 -8.64333333333   
77 924 0.51615613915 2.55101942383 -8.69 -8.6866666666666674e+00 -8.66 -8.62666666667   
78 936 0.501685815505 2.57879143832 -8.69 -8.6833333333333336e+00 -8.66333333333 -8.64333333333   
79 948 0.493948423785 2.55670284847 -8.69 -8.6799999999999997e+00 -8.67 -8.59333333333   
80 960 0.487223094767 2.55039780233 -8.69 -8.6866666666666674e+00 -8.66333333333 -8.66   
81 972 0.482478621454 2.59877628933 -8.69 -8.6766666666666659e+00 -8.65333333333 -8.64333333333   
82 984 0.460179018676 2.6660963854 -8.69 -8.6799999999999997e+00 -8.66666666667 -8.62666666667   
83 996 0.460821223368 2.68175562715 -8.693333333333333 -8.6933333333333334e+00 -8.67666666667 -8.63   
84 1008 0.46232903092 2.6906526831 -8.693333333333333 -8.6699999999999999e+00 -8.65666666667 -8.59333333333   
85 1020 0.469504924455 2.68520818533 -8.693333333333333 -8.6766666666666659e+00 -8.65666666667 -8.63666666667   
86 1032 0.469049820286 2.69696628273 -8.693333333333333 -8.6866666666666674e+00 -8.66 -8.62333333333   
87 1044 0.479599216038 2.71656494337 -8.693333333333333 -8.6733333333333338e+00 -8.66333333333 -8.64333333333   
88 1056 0.476162285636 2.77795397595 -8.693333333333333 -8.6733333333333338e+00 -8.65333333333 -8.63333333333   
89 1068 0.454929435919 2.75648841755 -8.693333333333333 -8.6799999999999997e+00 -8.65666666667 -8.53333333333   
90 1080 0.442933985692 2.76640911189 -8.693333333333333 -8.6833333333333336e+00 -8.66 -8.63   
91 1092 0.458764892687 2.77146438353 -8.696666666666667 -8.6966666666666672e+00 -8.66666666667 -8.62666666667   
92 1104 0.460110692415 2.75724480842 -8.696666666666667 -8.6733333333333338e+00 -8.65333333333 -8.63666666667   
93 1116 0.449483569054 2.75099160843 -8.696666666666667 -8.6833333333333336e+00 -8.66 -8.62   
94 1128 0.427195288135 2.79930141885 -8.696666666666667 -8.6799999999999997e+00 -8.66333333333 -8.62666666667   
95 1140 0.402122295366 2.8204478343 -8.696666666666667 -8.6833333333333336e+00 -8.66333333333 -8.61666666667   
96 1152 0.395959080378 2.77981750089 -8.696666666666667 -8.6766666666666659e+00 -8.66666666667 -8.64333333333   
97 1164 0.387439020791 2.7834510651 -8.696666666666667 -8.6799999999999997e+00 -8.66666666667 -8.65333333333   
98 1176 0.384225740993 2.7604141129 -8.696666666666667 -8.6799999999999997e+00 -8.66666666667 -8.64333333333   
99 1188 0.374482941538 2.74759274908 -8.696666666666667 -8.6899999999999995e+00 -8.66 -8.56   
100 1200 0.380451381818 2.75247204455 -8.696666666666667 -8.6833333333333336e+00 -8.66 -8.64   
101 1212 0.40194799474 2.72880697967 -8.696666666666667 -8.6833333333333336e+00 -8.67 -8.64   
102 1224 0.403926675683 2.72124162909 -8.696666666666667 -8.6833333333333336e+00 -8.66666666667 -8.66   
103 1236 0.397956120883 2.74046324841 -8.696666666666667 -8.6799999999999997e+00 -8.65666666667 -8.59666666667   
104 1248 0.406798942325 2.77958046783 -8.696666666666667 -8.6799999999999997e+00 -8.67 -8.64333333333   
105 1260 0.400897888492 2.81365486916 -8.696666666666667 -8.6799999999999997e+00 -8.65 -3.02895333333   
106 1272 0.408451014624 2.90702441581 -8.696666666666667 -8.6866666666666674e+00 -8.67 -8.57   
107 1284 0.405914679305 3.04574870139 -8.696666666666667 -8.6733333333333338e+00 -8.65666666667 -8.58   
108 1296 0.399648525885 3.1151364639 -8.696666666666667 -8.6866666666666674e+00 -8.65 -8.63333333333   
109 1308 0.402373200201 3.11862624484 -8.696666666666667 -8.6766666666666659e+00 -8.65666666667 -8.60666666667   
110 1320 0.41506665093 3.18312267495 -8.696666666666667 -8.6733333333333338e+00 -8.66 -8.60666666667   
111 1332 0.444331747263 3.19109575271 -8.696666666666667 -8.6866666666666674e+00 -8.65666666667 -8.60333333333   
112 1344 0.464919729361 3.24719197939 -8.696666666666667 -8.6699999999999999e+00 -8.60666666667 -8.09316666667   
113 1356 0.479185022443 3.25372483272 -8.696666666666667 -8.6666666666666661e+00 -8.62 0.077878   
114 1368 0.474129881984 3.27735757972 -8.696666666666667 -8.6833333333333336e+00 -8.58 -5.83427533333   
115 1380 0.470248481332 3.32198133543 -8.696666666666667 -8.6866666666666674e+00 -8.65666666667 -8.62   
116 1392 0.45570010235 3.35468618325 -8.696666666666667 -8.6866666666666674e+00 -8.65333333333 -8.57666666667   
117 1404 0.432323410865 3.31898225419 -8.696666666666667 -8.6766666666666659e+00 -8.64333333333 -8.46666666667   
118 1416 0.429077881387 3.34084053874 -8.696666666666667 -8.6833333333333336e+00 -8.64666666667 -8.55   
119 1428 0.439355299361 3.353908599 -8.696666666666667 -8.6766666666666659e+00 -8.65333333333 -8.60666666667   
120 1440 0.436011524076 3.45011469047 -8.696666666666667 -8.6833333333333336e+00 -8.65 -8.62666666667   
121 1452 0.428097579828 3.47645451175 -8.696666666666667 -8.6699999999999999e+00 -8.64 -8.6   
122 1464 0.410817370358 3.51790629308 -8.696666666666667 -8.6833333333333336e+00 -8.65 -8.63   
123 1476 0.403376854727 3.55109639691 -8.696666666666667 -8.6733333333333338e+00 -8.66 -8.64333333333   
124 1488 0.39182289752 3.56327125281 -8.7 -8.6999999999999993e+00 -8.65333333333 -8.62666666667   
125 1500 0.385480447947 3.59662855356 -8.7 -8.6699999999999999e+00 -8.65666666667 -8.55333333333   
126 1512 0.376040062096 3.61374706114 -8.7 -8.6866666666666674e+00 -8.67 -8.62   
127 1524 0.373284870484 3.5738910512 -8.7 -8.6699999999999999e+00 -8.65666666667 -8.59333333333   
128 1536 0.37022123151 3.53204671055 -8.7 -8.6799999999999997e+00 -8.66 -8.61   
129 1548 0.378529611371 3.55548153209 -8.7 -8.6833333333333336e+00 -8.65666666667 -8.64   
130 1560 0.377353268046 3.60565080331 -8.7 -8.6699999999999999e+00 -8.65666666667 -8.61666666667   
131 1572 0.374498791084 3.64604044104 -8.7 -8.6866666666666674e+00 -8.66 -8.65   
132 1584 0.369386532359 3.64439844516 -8.7 -8.6666666666666661e+00 -8.65666666667 -8.63666666667   
133 1596 0.356660999521 3.6565336762 -8.7 -8.6899999999999995e+00 -8.65333333333 -8.35666666667   
134 1608 0.348547763552 3.69670188984 -8.7 -8.6766666666666659e+00 -8.66 -8.64   
135 1620 0.354957993918 3.65491731261 -8.7 -8.6733333333333338e+00 -8.66 -8.64   
136 1632 0.357213184748 3.68030659655 -8.7 -8.6799999999999997e+00 -8.65333333333 -8.62333333333   
137 1644 0.335376315772 3.61436652635 -8.7 -8.6899999999999995e+00 -8.67 -8.64   
138 1656 0.322655683107 3.55252963739 -8.7 -8.6766666666666659e+00 -8.66 -8.63333333333   
139 1668 0.3051838995 3.58835683379 -8.7 -8.6766666666666659e+00 -8.66666666667 -8.64   
140 1680 0.300694419554 3.61049353248 -8.7 -8.6799999999999997e+00 -8.66666666667 -8.65333333333   
141 1692 0.317823861747 3.68779929491 -8.7 -8.6799999999999997e+00 -8.66333333333 -8.65666666667   
142 1704 0.319981950154 3.73450779593 -8.7 -8.6833333333333336e+00 -8.66 -8.63333333333   
143 1716 0.315318073149 3.7258088106 -8.7 -8.6733333333333338e+00 -8.65333333333 -8.61666666667   
144 1728 0.295277212465 3.70575981271 -8.7 -8.6866666666666674e+00 -8.66 -8.64666666667   
145 1740 0.281589942586 3.74613165674 -8.7 -8.6766666666666659e+00 -8.66 -8.64333333333   
146 1752 0.277768260631 3.76563279002 -8.7 -8.6766666666666659e+00 -8.66333333333 -8.65   
147 1764 0.266551888456 3.74029291399 -8.7 -8.6733333333333338e+00 -8.65333333333 -8.62666666667   
148 1776 0.264307046279 3.76719482555 -8.7 -8.6799999999999997e+00 -8.66333333333 -8.63666666667   
149 1788 0.268931693719 3.82370878168 -8.7 -8.6799999999999997e+00 -8.66666666667 -8.64333333333   
150 1800 0.271608632679 3.89953666028 -8.7 -8.6866666666666674e+00 -8.66 -8.65   
151 1812 0.270188452297 3.87287121788 -8.7 -8.6799999999999997e+00 -8.66666666667 -8.64   
152 1824 0.259362194646 3.98058909201 -8.7 -8.6966666666666672e+00 -8.66 -8.63333333333   
153 1836 0.269366196458 4.09139536167 -8.7 -8.6866666666666674e+00 -8.67 -8.64333333333   
154 1848 0.27505188012 4.1784338271 -8.7 -8.6866666666666674e+00 -8.66666666667 -8.65333333333   
155 1860 0.273949930767 4.20459614928 -8.7 -8.6766666666666659e+00 -8.67 -8.65   
156 1872 0.272566864013 4.19053735422 -8.7 -8.6833333333333336e+00 -8.66666666667 -8.64333333333   
157 1884 0.26193335056 4.21931988479 -8.7 -8.6799999999999997e+00 -8.66666666667 -8.53333333333   
158 1896 0.264701118218 4.21087081206 -8.7 -8.6766666666666659e+00 -8.67 -8.64666666667   
159 1908 0.26995640328 4.21056848802 -8.7 -8.6766666666666659e+00 -8.66666666667 -8.63666666667   
160 1920 0.279654808552 4.32664817476 -8.7 -8.6833333333333336e+00 -8.67 -8.65333333333   
161 1932 0.312106287388 4.42065460269 -8.7 -8.6833333333333336e+00 -8.66666666667 -8.64   
162 1944 0.31524518115 4.44517969147 -8.7 -8.6799999999999997e+00 -8.66666666667 -3.91612333333   
163 1956 0.315504752176 4.61678460629 -8.7 -8.6833333333333336e+00 -8.67333333333 -8.63333333333   
164 1968 0.312843893638 4.60882573357 -8.7 -8.6799999999999997e+00 -8.67 -8.66   
165 1980 0.311420209852 4.63967813383 -8.7 -8.6899999999999995e+00 -8.66333333333 -8.65333333333   
166 1992 0.303661673657 4.6060287967 -8.7 -8.6799999999999997e+00 -8.66 -8.63666666667   
167 2004 0.296766431329 4.61013554065 -8.7 -8.6766666666666659e+00 -8.66666666667 -8.66   
168 2016 0.292928578035 4.56947185893 -8.7 -8.6799999999999997e+00 -8.66333333333 -8.65   
169 2028 0.303258714861 4.53027682445 -8.7 -8.6833333333333336e+00 -8.67333333333 -8.65666666667   
170 2040 0.317453380761 4.52290010492 -8.7 -8.6866666666666674e+00 -8.66333333333 -8.64   
171 2052 0.323787711815 4.45907647798 -8.7 -8.6899999999999995e+00 -8.66666666667 -8.65666666667   
172 2064 0.332307978201 4.41735130104 -8.7 -8.6799999999999997e+00 -8.67 -8.66333333333   
173 2076 0.331909567916 4.47456603731 -8.7 -8.6899999999999995e+00 -8.67333333333 -8.64666666667   
174 2088 0.325372672604 4.46229210974 -8.7 -8.6899999999999995e+00 -8.67333333333 -8.65   
175 2100 0.323839179678 4.47517165384 -8.7 -8.6866666666666674e+00 -8.66666666667 -8.64   
176 2112 0.330138598797 4.54619560712 -8.7 -8.6833333333333336e+00 -8.67 -8.50333333333   
177 2124 0.339972914174 4.5817356774 -8.7 -8.6866666666666674e+00 -8.66666666667 -8.65333333333   
178 2136 0.337248049018 4.60982826321 -8.7 -8.6833333333333336e+00 -8.67 -8.64   
179 2148 0.351235455645 4.65523957155 -8.7 -8.6799999999999997e+00 -8.66 -8.63333333333   
180 2160 0.378908989272 4.79650997134 -8.7 -8.6799999999999997e+00 -8.66666666667 -8.53666666667   
181 2172 0.409393309956 4.83517362936 -8.7 -8.6866666666666674e+00 -8.66333333333 -8.64333333333   
182 2184 0.446574415146 4.94472655763 -8.7 -8.6833333333333336e+00 -8.66333333333 -8.65   
183 2196 0.463800500972 4.8001516606 -8.7 -8.6733333333333338e+00 -8.65666666667 -8.62666666667   
184 2208 0.476269178224 4.86441357277 -8.7 -8.6866666666666674e+00 -8.66 -8.64333333333   
185 2220 0.462270106081 4.90162396552 -8.7 -8.6766666666666659e+00 -8.66 -8.56   
186 2232 0.469427203095 4.80641265964 -8.7 -8.6733333333333338e+00 -8.67 -8.65   
187 2244 0.461845038942 4.82943811016 -8.7 -8.6799999999999997e+00 -8.67 -8.65   
188 2256 0.451764903487 4.90314189147 -8.7 -8.6899999999999995e+00 -8.66666666667 -8.65   
189 2268 0.462563768971 4.89155599353 -8.7 -8.6866666666666674e+00 -8.66333333333 -8.64333333333   
190 2280 0.451393826865 4.90181178062 -8.7 -8.6799999999999997e+00 -8.66333333333 -8.65333333333   
191 2292 0.454461733687 4.90965164043 -8.7 -8.6866666666666674e+00 -8.67 -8.64333333333   
192 2304 0.454039869539 4.93065845552 -8.7 -8.6899999999999995e+00 -8.66666666667 -8.65   
193 2316 0.439052397268 4.87200613831 -8.7 -8.6866666666666674e+00 -8.66333333333 -8.62666666667   
194 2328 0.428140788195 4.8810049364 -8.7 -8.6799999999999997e+00 -8.66333333333 -8.64666666667   
195 2340 0.424715558466 4.90349455118 -8.7 -8.6833333333333336e+00 -8.66666666667 -8.62333333333   
196 2352 0.426152560273 4.97648332349 -8.7 -8.6766666666666659e+00 -8.66 -8.64666666667   
197 2364 0.421614707554 4.98678192846 -8.7 -8.6766666666666659e+00 -8.66333333333 -8.64333333333   
198 2376 0.408148884723 4.90144666485 -8.7 -8.6833333333333336e+00 -8.66333333333 -8.64   
199 2388 0.408137662028 4.89671627396 -8.7 -8.6799999999999997e+00 -8.66666666667 -8.65   
200 2400 0.398665540327 4.89279761825 -8.7 -8.6833333333333336e+00 -8.65666666667 -8.64666666667   
201 2412 0.38891183535 4.88301727994 -8.7 -8.6866666666666674e+00 -8.66666666667 -8.64333333333   
202 2424 0.380084743436 4.96040386432 -8.7 -8.6866666666666674e+00 -8.66666666667 -8.65   
203 2436 0.380614672265 4.97124427917 -8.7 -8.6799999999999997e+00 -8.67 -8.65   
204 2448 0.371187322575 5.02221976545 -8.7 -8.6733333333333338e+00 -8.66333333333 -8.65   
205 2460 0.363898892261 5.06536320256 -8.7 -8.6866666666666674e+00 -8.66666666667 -8.64   
206 2472 0.352349447694 5.07138265955 -8.7 -8.6833333333333336e+00 -8.67333333333 -8.65333333333   
207 2484 0.354675708124 5.12507081508 -8.7 -8.6866666666666674e+00 -8.66666666667 -8.66   
208 2496 0.363451075118 5.19225867686 -8.7 -8.6799999999999997e+00 -8.66 -8.64666666667   
209 2508 0.376314423641 5.3486756245 -8.7 -8.6833333333333336e+00 -8.66666666667 -8.64666666667   
210 2520 0.384920013238 5.38760556799 -8.7 -8.6866666666666674e+00 -8.66 -8.65   
211 2532 0.382618376693 5.40098181287 -8.7 -8.6833333333333336e+00 -8.67 -8.63   
212 2544 0.365572827046 5.58181791864 -8.7 -8.6799999999999997e+00 -8.67 -8.63666666667   
213 2556 0.369839938813 5.63477761984 -8.7 -8.6833333333333336e+00 -8.67 -8.65333333333   
214 2568 0.355416539083 5.61743474656 -8.7 -8.6833333333333336e+00 -8.66333333333 -8.63666666667   
215 2580 0.359623161939 5.54706101514 -8.7 -8.6799999999999997e+00 -8.67 -8.65   
216 2592 0.344308330273 5.58171943866 -8.7 -8.6833333333333336e+00 -8.67333333333 -8.65666666667   
217 2604 0.344244348914 5.61006948866 -8.7 -8.6866666666666674e+00 -8.66666666667 -8.46666666667   
218 2616 0.333825892683 5.66169829279 -8.7 -8.6833333333333336e+00 -8.66666666667 -8.36333333333   
219 2628 0.319709652327 5.58065200124 -8.7 -8.6866666666666674e+00 -8.67333333333 -8.65333333333   
220 2640 0.313546112933 5.624213235 -8.7 -8.6833333333333336e+00 -8.67 -8.63666666667   
221 2652 0.30062851042 5.71376872587 -8.7 -8.6866666666666674e+00 -8.66666666667 -8.63666666667   
222 2664 0.296937773764 5.76326821481 -8.7 -8.6799999999999997e+00 -8.66666666667 -8.66   
223 2676 0.294378454779 5.79318817977 -8.7 -8.6866666666666674e+00 -8.66333333333 -8.61   
224 2688 0.299611825225 5.92907097533 -8.7 -8.6866666666666674e+00 -8.67 -8.63666666667   
225 2700 0.299128433969 5.85742905411 -8.7 -8.6866666666666674e+00 -8.66 -8.64666666667   
226 2712 0.297442908156 5.89147425271 -8.7 -8.6866666666666674e+00 -8.65666666667 -8.64666666667   
227 2724 0.296141577876 5.99092221242 -8.7 -8.6833333333333336e+00 -8.67 -8.64   
228 2736 0.311942078046 5.99738485229 -8.7 -8.6833333333333336e+00 -8.66 -8.64333333333   
229 2748 0.30397477662 6.03366808358 -8.7 -8.6833333333333336e+00 -8.66666666667 -8.65333333333   
230 2760 0.302200950353 6.01644196564 -8.7 -8.6833333333333336e+00 -8.65333333333 -8.64   
231 2772 0.29678361818 6.05032830166 -8.7 -8.6833333333333336e+00 -8.65666666667 -8.64333333333   
232 2784 0.294880472546 6.04780634143 -8.7 -8.6833333333333336e+00 -8.65666666667 -8.64333333333   
233 2796 0.283994356077 6.14524012393 -8.7 -8.6866666666666674e+00 -8.65666666667 -8.57333333333   
234 2808 0.285969396128 6.16682633472 -8.7 -8.6866666666666674e+00 -8.67333333333 -8.64666666667   
235 2820 0.290031647114 6.30004220607 -8.7 -8.6899999999999995e+00 -8.66333333333 -8.64666666667   
236 2832 0.296006741449 6.3552019513 -8.7 -8.6866666666666674e+00 -8.66333333333 -8.63   
237 2844 0.298674489839 6.36504970306 -8.7 -8.6766666666666659e+00 -8.66333333333 -8.64   
238 2856 0.291558996671 6.49097417133 -8.7 -8.6766666666666659e+00 -8.66 -8.58   
239 2868 0.289792250476 6.62744539829 -8.7 -8.6833333333333336e+00 -8.66333333333 -8.63666666667   
240 2880 0.296056355816 6.69837012756 -8.7 -8.6766666666666659e+00 -8.66 -8.58333333333   
241 2892 0.290077728155 6.76184174389 -8.7 -8.6799999999999997e+00 -8.66666666667 -8.63666666667   
242 2904 0.274360029766 6.76411970163 -8.7 -8.6799999999999997e+00 -8.66333333333 -8.65   
243 2916 0.272442522376 6.81441446216 -8.7 -8.6866666666666674e+00 -8.66333333333 -8.63333333333   
244 2928 0.274948580939 6.84229548205 -8.7 -8.6799999999999997e+00 -8.66666666667 -8.58333333333   
245 2940 0.281327950295 6.89663073734 -8.7 -8.6866666666666674e+00 -8.66333333333 -8.63666666667   
246 2952 0.264733096451 6.8969916674 -8.7 -8.6866666666666674e+00 -8.66666666667 -8.59666666667   
247 2964 0.254045602795 6.87189321662 -8.7 -8.6833333333333336e+00 -8.66333333333 -8.60333333333   
248 2976 0.254000388141 6.88465456336 -8.7 -8.6799999999999997e+00 -8.67333333333 -8.59   
249 2988 0.255355498209 7.01724909554 -8.7 -8.6833333333333336e+00 -8.65666666667 -8.61333333333   
250 3000 0.257408349762 7.11859431206 -8.7 -8.6966666666666672e+00 -8.66666666667 -8.64333333333   
251 3012 0.259983643576 7.15340633359 -8.7 -8.6933333333333334e+00 -8.68 -8.65666666667   
252 3024 0.261251532065 7.28159627586 -8.7 -8.6733333333333338e+00 -8.66333333333 -8.58666666667   
253 3036 0.260799220047 7.30381076064 -8.7 -8.6799999999999997e+00 -8.66333333333 -8.53333333333   
254 3048 0.26057938049 7.39004563596 -8.7 -8.6833333333333336e+00 -8.66666666667 -8.56   
255 3060 0.262424661261 7.48012480907 -8.7 -8.6799999999999997e+00 -8.66333333333 -8.64   
256 3072 0.26056772643 7.52621203973 -8.7 -8.6833333333333336e+00 -8.65666666667 -8.54   
257 3084 0.258411940306 7.65364475373 -8.7 -8.6799999999999997e+00 -8.67 -8.64333333333   
258 3096 0.255919477181 7.61235929301 -8.7 -8.6899999999999995e+00 -8.67 -8.65   
259 3108 0.258270262942 7.54628262461 -8.7 -8.6899999999999995e+00 -8.67333333333 -8.65   
260 3120 0.259985622023 7.73738808963 -8.7 -8.6833333333333336e+00 -8.67333333333 -8.65666666667   
261 3132 0.262127266386 7.71938132016 -8.7 -8.6933333333333334e+00 -8.66666666667 -8.65   
262 3144 0.263094141531 7.79148854341 -8.7 -8.6833333333333336e+00 -8.66 -8.48666666667   
263 3156 0.261955178673 7.852604128 -8.7 -8.6933333333333334e+00 -8.67 -8.61666666667   
264 3168 0.26613387305 7.95334286929 -8.7 -8.6866666666666674e+00 -8.66666666667 -8.64333333333   
265 3180 0.263486376259 7.96032434349 -8.7 -8.6866666666666674e+00 -8.66666666667 -8.52333333333   
266 3192 0.270690567747 8.0433473205 -8.7 -8.6933333333333334e+00 -8.66 -8.65   
267 3204 0.278944752009 8.11680119141 -8.7 -8.6799999999999997e+00 -8.67 -8.64333333333   
268 3216 0.264452449818 8.19704566033 -8.7 -8.6866666666666674e+00 -8.67333333333 -8.63666666667   
269 3228 0.26292626502 8.17477834129 -8.7 -8.6833333333333336e+00 -8.66666666667 -8.65333333333   
270 3240 0.259896230827 8.17967628287 -8.7 -8.6833333333333336e+00 -8.66333333333 -8.63666666667   
271 3252 0.257582450807 8.07195351058 -8.7 -8.6866666666666674e+00 -8.66666666667 -8.64   
272 3264 0.273454365045 8.07486383247 -8.7 -8.6799999999999997e+00 -8.66 -8.64666666667   
273 3276 0.278548688688 8.09424679546 -8.7 -8.6833333333333336e+00 -8.67 -8.57666666667   
274 3288 0.276632703058 8.17620412255 -8.7 -8.6933333333333334e+00 -8.66 -8.57   
275 3300 0.26736776777 8.37525794977 -8.7 -8.6899999999999995e+00 -8.67333333333 -8.65   
276 3312 0.257588410654 8.48595318417 -8.7 -8.6799999999999997e+00 -8.66333333333 -8.64333333333   
277 3324 0.258028478898 8.44572792358 -8.7 -8.6933333333333334e+00 -8.66666666667 -8.65   
278 3336 0.256702420403 8.4274213249 -8.7 -8.6799999999999997e+00 -8.66 -8.64   
279 3348 0.260112759129 8.39746365084 -8.7 -8.6866666666666674e+00 -8.66333333333 -8.47666666667   
280 3360 0.26274842516 8.39684532425 -8.7 -8.6899999999999995e+00 -8.67 -8.51666666667   
281 3372 0.263064744905 8.44341781939 -8.7 -8.6833333333333336e+00 -8.66666666667 -8.65   
282 3384 0.264271056596 8.48697232641 -8.7 -8.6799999999999997e+00 -8.66333333333 -8.61333333333   
283 3396 0.265504812276 8.50613113464 -8.7 -8.6833333333333336e+00 -8.66666666667 -8.61333333333   
284 3408 0.263663194101 8.48383861138 -8.7 -8.6733333333333338e+00 -8.66333333333 -8.65333333333   
285 3420 0.265362265685 8.43814840384 -8.7 -8.6833333333333336e+00 -8.67 -8.62666666667   
286 3432 0.267946147131 8.38687752161 -8.7 -8.6899999999999995e+00 -8.66666666667 -8.52666666667   
287 3444 0.268917904062 8.40637533517 -8.7 -8.6999999999999993e+00 -8.67666666667 -8.66333333333   
288 3456 0.270516710474 8.44006746474 -8.7 -8.6766666666666659e+00 -8.67 -8.65   
289 3468 0.282080900268 8.57470695958 -8.7 -8.6966666666666672e+00 -8.67333333333 -8.65333333333   
290 3480 0.298231149681 8.65542759623 -8.7 -8.6899999999999995e+00 -8.67333333333 -8.63333333333   
291 3492 0.303345396689 8.96629375953 -8.7 -8.6899999999999995e+00 -8.66666666667 -8.65333333333   
292 3504 0.308587061646 9.01664495312 -8.7 -8.6933333333333334e+00 -8.67333333333 -8.65   
293 3516 0.303479522995 8.83876670611 -8.7 -8.6899999999999995e+00 -8.66333333333 -8.64   
294 3528 0.314198982514 8.69371065204 -8.7 -8.6833333333333336e+00 -8.66333333333 -8.64   
295 3540 0.317707335461 8.56368116977 -8.7 -8.6899999999999995e+00 -8.67333333333 -8.53333333333   
296 3552 0.315305927802 8.52613467435 -8.7 -8.6933333333333334e+00 -8.68 -8.64   
297 3564 0.316796703571 8.66255921714 -8.7 -8.6866666666666674e+00 -8.67333333333 -8.54666666667   
298 3576 0.303668170369 8.63165623246 -8.7 -8.6933333333333334e+00 -8.66333333333 -1.50201133333   
299 3588 0.290972630043 8.59895481087 -8.7 -8.6966666666666672e+00 -8.67666666667 -8.39333333333   
300 3600 0.295645330023 8.67874499881 -8.7 -8.6866666666666674e+00 -8.66333333333 -8.64666666667   
301 3612 0.287420310243 8.67069004314 -8.7 -8.6899999999999995e+00 -8.67 -8.56   
302 3624 0.290625414938 8.6378507182 -8.7 -8.6866666666666674e+00 -8.66333333333 -8.56666666667   
303 3636 0.281002759223 8.59899278348 -8.7 -8.6933333333333334e+00 -8.66 -8.51   
304 3648 0.280624034038 8.67433874874 -8.7 -8.6866666666666674e+00 -8.67666666667 -8.65333333333   
305 3660 0.286288267449 8.81851155125 -8.7 -8.6899999999999995e+00 -8.67333333333 -8.59333333333   
306 3672 0.28340104637 8.93923184827 -8.7 -8.6833333333333336e+00 -8.66 -8.52   
307 3684 0.28076381402 9.01773241176 -8.7 -8.6899999999999995e+00 -8.67333333333 -8.66   
308 3696 0.279264677319 8.9493601988 -8.7 -8.6933333333333334e+00 -8.67333333333 -8.65   
309 3708 0.288411644832 8.78722049136 -8.7 -8.6866666666666674e+00 -8.67 -8.64   
310 3720 0.313154939162 8.73766506493 -8.7 -8.6866666666666674e+00 -8.67 -8.64666666667   
311 3732 0.337729226473 9.04062100289 -8.7 -8.6799999999999997e+00 -8.66666666667 -8.60333333333   
312 3744 0.351812756592 9.04772738938 -8.7 -8.6833333333333336e+00 -8.67333333333 -8.65333333333   
313 3756 0.356262974577 9.07816174668 -8.7 -8.6866666666666674e+00 -8.67333333333 -8.47   
314 3768 0.339502384545 9.23854530349 -8.703333333333333 -8.7033333333333331e+00 -8.67333333333 -8.65666666667   
315 3780 0.340025134504 9.50890497874 -8.703333333333333 -8.6866666666666674e+00 -8.67333333333 -8.64   
316 3792 0.346533333922 9.64047995505 -8.703333333333333 -8.6866666666666674e+00 -8.67333333333 -8.64   
317 3804 0.345888486493 9.60640853391 -8.703333333333333 -8.6833333333333336e+00 -8.67 -8.5   
318 3816 0.352149025279 9.49770009943 -8.703333333333333 -8.6933333333333334e+00 -8.67333333333 -8.66   
319 3828 0.349605164603 9.41101378603 -8.703333333333333 -8.6899999999999995e+00 -8.66333333333 -8.31   
320 3840 0.32805827151 9.34733869853 -8.703333333333333 -8.6799999999999997e+00 -8.67666666667 -8.49333333333   
321 3852 0.325636850677 9.20613876583 -8.703333333333333 -8.6899999999999995e+00 -8.67 -8.44666666667   
322 3864 0.326218799272 9.14004552243 -8.703333333333333 -8.6833333333333336e+00 -8.66333333333 -8.63333333333   
323 3876 0.339422045539 8.94107294747 -8.703333333333333 -8.6966666666666672e+00 -8.66666666667 -8.64666666667   
324 3888 0.342407604307 8.73084496523 -8.703333333333333 -8.6866666666666674e+00 -8.67 -8.63666666667   
325 3900 0.333781549362 8.67733827114 -8.703333333333333 -8.6899999999999995e+00 -8.67 -8.65666666667   
326 3912 0.341447007337 8.79272539956 -8.703333333333333 -8.6833333333333336e+00 -8.66666666667 -8.65   
327 3924 0.338086287307 8.65580919635 -8.703333333333333 -8.6766666666666659e+00 -8.66666666667 -8.65333333333   
328 3936 0.341873811302 8.65583008352 -8.703333333333333 -8.6899999999999995e+00 -8.66666666667 -8.50666666667   
329 3948 0.346337612629 8.63963647283 -8.703333333333333 -8.6799999999999997e+00 -8.67 -8.66333333333   
330 3960 0.358063753005 8.64737329614 -8.703333333333333 -8.6866666666666674e+00 -8.67 -8.64333333333   
331 3972 0.370595084774 8.84167361725 -8.703333333333333 -8.6833333333333336e+00 -8.67333333333 -8.66   
332 3984 0.356683105871 8.93287625618 -8.703333333333333 -8.6866666666666674e+00 -8.66333333333 -8.65666666667   
333 3996 0.332403264053 9.05214805707 -8.703333333333333 -8.6833333333333336e+00 -8.66666666667 -8.58   
334 4008 0.330544756249 8.94219123442 -8.703333333333333 -8.6833333333333336e+00 -8.67 -8.65333333333   
335 4020 0.327661634565 8.98108176047 -8.703333333333333 -8.6866666666666674e+00 -8.67 -8.66   
336 4032 0.334235881903 8.92224491234 -8.703333333333333 -8.6766666666666659e+00 -8.67 -8.65   
337 4044 0.342976574086 8.89243849604 -8.703333333333333 -8.6933333333333334e+00 -8.67333333333 -8.65333333333   
338 4056 0.358832752757 8.77107668317 -8.703333333333333 -8.6766666666666659e+00 -8.66333333333 -8.62   
339 4068 0.376131503723 8.85555138864 -8.703333333333333 -8.6833333333333336e+00 -8.67666666667 -8.66   
340 4080 0.386339807868 8.74244601026 -8.703333333333333 -8.6833333333333336e+00 -8.67 -8.66   
341 4092 0.396473863823 8.66717309789 -8.703333333333333 -8.6899999999999995e+00 -8.66333333333 -8.63333333333   
342 4104 0.427181619853 8.60380865222 -8.703333333333333 -8.6799999999999997e+00 -8.67333333333 -8.66333333333   
343 4116 0.429706382858 8.53644956195 -8.703333333333333 -8.6799999999999997e+00 -8.65666666667 -8.64666666667   
344 4128 0.436685092987 8.57080678842 -8.703333333333333 -8.6966666666666672e+00 -8.67333333333 -8.62666666667   
345 4140 0.44829301589 8.51717168126 -8.703333333333333 -8.6899999999999995e+00 -8.67333333333 -8.66   
346 4152 0.479426172895 8.59667176245 -8.703333333333333 -8.6866666666666674e+00 -8.66666666667 -8.64666666667   
347 4164 0.513589593984 8.82811208996 -8.703333333333333 -8.6899999999999995e+00 -8.66666666667 -8.65333333333   
348 4176 0.503305656679 8.90514187969 -8.703333333333333 -8.6866666666666674e+00 -8.67333333333 -8.65333333333   
349 4188 0.495414886316 8.92053834519 -8.703333333333333 -8.6899999999999995e+00 -8.66333333333 -8.65   
350 4200 0.491348839352 8.94111499889 -8.703333333333333 -8.6799999999999997e+00 -8.67 -8.60666666667   
351 4212 0.500426739505 9.01954092157 -8.703333333333333 -8.6799999999999997e+00 -8.66333333333 -8.62666666667   
352 4224 0.520813310168 8.96003867218 -8.703333333333333 -8.6866666666666674e+00 -8.67 -5.9397354   
353 4236 0.519961275788 8.86019259838 -8.703333333333333 -8.6899999999999995e+00 -8.67333333333 -8.66   
354 4248 0.557265489601 8.92061279278 -8.703333333333333 -8.6833333333333336e+00 -8.67666666667 -8.65666666667   
355 4260 0.620326457856 8.91107084697 -8.703333333333333 -8.6966666666666672e+00 -8.67 -8.65333333333   
356 4272 0.656856273424 8.93920446603 -8.703333333333333 -8.6833333333333336e+00 -8.66333333333 -8.38666666667   
357 4284 0.66802703405 8.85126298514 -8.703333333333333 -8.6899999999999995e+00 -8.65666666667 -8.63333333333   
358 4296 0.671596259874 8.89876507924 -8.703333333333333 -8.6799999999999997e+00 -8.66333333333 -8.37666666667   
359 4308 0.666483625142 8.9533873346 -8.703333333333333 -8.6933333333333334e+00 -8.66666666667 -8.64333333333   
360 4320 0.663360274759 9.05094579406 -8.703333333333333 -8.6866666666666674e+00 -8.66333333333 -8.57333333333   
361 4332 0.667453430396 9.00558535018 -8.703333333333333 -8.6899999999999995e+00 -8.67333333333 -8.61333333333   
362 4344 0.678695505174 9.05559742578 -8.703333333333333 -8.6933333333333334e+00 -8.66666666667 -8.60333333333   
363 4356 0.64897547527 9.05094784845 -8.703333333333333 -8.6866666666666674e+00 -8.66666666667 -8.64   
364 4368 0.636747210689 9.28090419666 -8.703333333333333 -8.6966666666666672e+00 -8.66666666667 -8.56   
365 4380 0.596820139609 9.24330216329 -8.703333333333333 -8.6833333333333336e+00 -8.66333333333 -8.56666666667   
366 4392 0.544428974989 9.18883354364 -8.703333333333333 -8.6866666666666674e+00 -8.66666666667 -8.34   
367 4404 0.508385119832 9.10814631744 -8.703333333333333 -8.6733333333333338e+00 -8.66666666667 -3.59721266667   
368 4416 0.490730614946 9.07029728669 -8.703333333333333 -8.6866666666666674e+00 -8.67666666667 -8.64666666667   
369 4428 0.478717744967 9.10356591999 -8.703333333333333 -8.6899999999999995e+00 -8.67333333333 -8.53333333333   
370 4440 0.477702695968 9.18307799506 -8.703333333333333 -8.6933333333333334e+00 -8.67 -8.62   
371 4452 0.461279797829 9.23404189503 -8.703333333333333 -8.6833333333333336e+00 -8.67 -8.65   
372 4464 0.437060166539 9.16953791583 -8.703333333333333 -8.6866666666666674e+00 -8.67333333333 -8.65   
373 4476 0.432526106995 9.13863986524 -8.703333333333333 -8.6899999999999995e+00 -8.67666666667 -8.59   
374 4488 0.429671601755 9.2020286021 -8.703333333333333 -8.6933333333333334e+00 -8.66333333333 -8.61   
375 4500 0.441022073519 8.99956690301 -8.703333333333333 -8.6899999999999995e+00 -8.66666666667 -8.65333333333   
376 4512 0.43653089134 8.89523203934 -8.703333333333333 -8.6866666666666674e+00 -8.67666666667 -8.63   
377 4524 0.437285051051 8.85794020852 -8.703333333333333 -8.6866666666666674e+00 -8.67333333333 -8.65666666667   
378 4536 0.435828862653 9.00858636719 -8.703333333333333 -8.6899999999999995e+00 -8.66666666667 -8.22983333333   
379 4548 0.462810526889 8.90481047989 -8.703333333333333 -8.6833333333333336e+00 -8.67 -8.41   
380 4560 0.46510620535 8.78052734536 -8.703333333333333 -8.6999999999999993e+00 -8.67 -8.2465   
381 4572 0.461637739279 8.76672874831 -8.703333333333333 -8.6866666666666674e+00 -8.67333333333 -8.59333333333   
382 4584 0.470604762095 8.74774907886 -8.703333333333333 -8.6833333333333336e+00 -8.66333333333 -8.53333333333   
383 4596 0.457099397361 8.72583875019 -8.703333333333333 -8.6899999999999995e+00 -8.67666666667 -8.64   
384 4608 0.44846274334 8.75830780656 -8.703333333333333 -8.6966666666666672e+00 -8.67333333333 -8.64   
385 4620 0.438169863391 8.81993689307 -8.703333333333333 -8.6866666666666674e+00 -8.67333333333 -8.1065   
386 4632 0.446757081386 8.80149430342 -8.703333333333333 -8.6933333333333334e+00 -8.67333333333 -8.66333333333   
387 4644 0.46180192476 8.95116886234 -8.703333333333333 -8.6933333333333334e+00 -8.66666666667 -8.52666666667   
388 4656 0.481530999666 9.17362032935 -8.703333333333333 -8.6899999999999995e+00 -8.66333333333 -8.61333333333   
389 4668 0.472630596917 9.2208841086 -8.703333333333333 -8.6966666666666672e+00 -8.67 -8.5   
390 4680 0.44795573539 9.37215857898 -8.703333333333333 -8.6899999999999995e+00 -8.67 -8.43   
391 4692 0.429772139159 9.40653560932 -8.703333333333333 -8.6966666666666672e+00 -8.66666666667 -8.63666666667   
392 4704 0.413950008699 9.49490380687 -8.703333333333333 -8.6899999999999995e+00 -8.67666666667 -8.59333333333   
393 4716 0.397534250278 9.52753083434 -8.703333333333333 -8.6933333333333334e+00 -8.67 -8.64333333333   
394 4728 0.396492150244 9.54437882898 -8.703333333333333 -8.6966666666666672e+00 -8.67 -5.44748733333   
395 4740 0.389523956437 9.61224509173 -8.703333333333333 -8.6799999999999997e+00 -8.67 -8.63333333333   
396 4752 0.395694489381 9.61384041484 -8.703333333333333 -8.6866666666666674e+00 -8.67333333333 -8.56666666667   
397 4764 0.393738944803 9.7248668406 -8.703333333333333 -8.6899999999999995e+00 -8.66666666667 -1.30384   
398 4776 0.377140487192 9.57786021885 -8.703333333333333 -8.6933333333333334e+00 -8.66666666667 -8.33   
399 4788 0.37105878829 9.61418583074 -8.703333333333333 -8.6833333333333336e+00 -8.65666666667 -8.24983333333   
400 4800 0.354037160315 9.60143649314 -8.703333333333333 -8.6833333333333336e+00 -8.66333333333 -8.58333333333   
401 4812 0.33948656573 9.5254826355 -8.703333333333333 -8.6899999999999995e+00 -8.67 -8.61   
402 4824 0.327517019848 9.57128763643 -8.703333333333333 -8.6799999999999997e+00 -8.66666666667 -8.62333333333   
403 4836 0.320898628584 9.49092734023 -8.703333333333333 -8.6899999999999995e+00 -8.68 -8.60333333333   
404 4848 0.315877791788 9.48658678211 -8.703333333333333 -8.6899999999999995e+00 -8.66666666667 -8.65333333333   
405 4860 0.315130225479 9.68381710897 -8.703333333333333 -8.6866666666666674e+00 -8.67333333333 -8.38   
406 4872 0.317012153947 9.76376073886 -8.703333333333333 -8.6933333333333334e+00 -8.68 -8.51   
407 4884 0.306877993502 9.59689268588 -8.703333333333333 -8.6999999999999993e+00 -8.67333333333 -8.6   
408 4896 0.303613276265 9.70517279173 -8.703333333333333 -8.6933333333333334e+00 -8.67333333333 -8.64333333333   
409 4908 0.291672628516 9.7882018676 -8.703333333333333 -8.6899999999999995e+00 -8.67666666667 -8.64333333333   
410 4920 0.286836189292 9.73480286085 -8.703333333333333 -8.6966666666666672e+00 -8.67333333333 -8.3   
411 4932 0.28836377386 9.62027824617 -8.703333333333333 -8.6899999999999995e+00 -8.67666666667 -1.01998666667   
412 4944 0.271910416612 9.64474401538 -8.703333333333333 -8.6933333333333334e+00 -8.64666666667 -8.39333333333   
413 4956 0.276591657982 9.56198479073 -8.703333333333333 -8.6933333333333334e+00 -8.68 -8.59   
414 4968 0.275469452823 9.62427305766 -8.703333333333333 -8.6899999999999995e+00 -8.67 -8.28316666667   
415 4980 0.280282759636 9.5270045454 -8.703333333333333 -8.6866666666666674e+00 -8.64333333333 -8.57666666667   
416 4992 0.287400160567 9.49380249797 -8.703333333333333 -8.6966666666666672e+00 -8.66 -8.48   
417 5004 0.290049143801 9.41694053473 -8.703333333333333 -8.6799999999999997e+00 -8.66333333333 -8.43333333333   
418 5016 0.294167091737 9.53332510418 -8.703333333333333 -8.6866666666666674e+00 -8.67 -8.64   
419 5028 0.295109397807 9.36470035224 -8.703333333333333 -8.6933333333333334e+00 -8.65666666667 -1.0   
420 5040 0.293811004485 9.40781182209 -8.703333333333333 -8.6866666666666674e+00 -8.66666666667 -8.43   
421 5052 0.305701965531 9.45062471654 -8.703333333333333 -8.6899999999999995e+00 -8.66333333333 -8.59333333333   
422 5064 0.313545469138 9.50972644276 -8.703333333333333 -8.6833333333333336e+00 -8.67333333333 -8.59666666667   
423 5076 0.345413017635 9.68481067011 -8.703333333333333 -8.6899999999999995e+00 -8.67 -8.54333333333   
424 5088 0.392343636373 9.76670671397 -8.703333333333333 -8.6766666666666659e+00 -8.63666666667 -8.57666666667   
425 5100 0.409884742675 9.9120886608 -8.703333333333333 -8.6799999999999997e+00 -8.66333333333 -8.1565   
426 5112 0.415511790768 9.91066371997 -8.703333333333333 -8.6899999999999995e+00 -8.67333333333 -8.54333333333   
427 5124 0.421242068421 9.85131834806 -8.703333333333333 -8.6866666666666674e+00 -8.64666666667 -3.76375   
428 5136 0.419373546392 9.8021732195 -8.703333333333333 -8.6966666666666672e+00 -8.67333333333 -8.58   
429 5148 0.414867228061 9.88369906783 -8.703333333333333 -8.6833333333333336e+00 -8.66666666667 -8.62333333333   
430 5160 0.427116447597 9.86064988523 -8.703333333333333 -8.6899999999999995e+00 -8.67333333333 -5.41606733333   
431 5172 0.42234440886 9.9586545161 -8.703333333333333 -8.6833333333333336e+00 -8.67 -8.52666666667   
432 5184 0.412899401115 10.0365077151 -8.703333333333333 -8.6866666666666674e+00 -8.67 -8.62666666667   
433 5196 0.408725974082 10.0844514129 -8.703333333333333 -8.6966666666666672e+00 -8.67 -3.847578   
434 5208 0.401021995181 9.99196240422 -8.703333333333333 -8.6933333333333334e+00 -8.65333333333 -8.21316666667   
435 5220 0.376760642326 10.0681406101 -8.703333333333333 -8.6799999999999997e+00 -8.66666666667 -8.47666666667   
436 5232 0.358131440871 10.1390280899 -8.703333333333333 -8.6866666666666674e+00 -8.67333333333 -8.60666666667   
437 5244 0.367770819219 10.3092108838 -8.703333333333333 -8.6933333333333334e+00 -8.67 -8.31666666667   
438 5256 0.374171683145 10.4062173437 -8.703333333333333 -8.6899999999999995e+00 -8.67666666667 -8.40333333333   
439 5268 0.393482100711 10.4601117864 -8.703333333333333 -8.6866666666666674e+00 -8.66 -1.47451   
440 5280 0.424162921223 10.3811725077 -8.703333333333333 -8.6799999999999997e+00 -8.67333333333 -8.56333333333   
441 5292 0.43247987428 10.4589935304 -8.703333333333333 -8.6799999999999997e+00 -8.66333333333 -8.10983333333   
442 5304 0.430007736265 10.3664120152 -8.703333333333333 -8.6966666666666672e+00 -8.66666666667 -8.21316666667   
443 5316 0.421492834717 10.5549068316 -8.703333333333333 -8.6766666666666659e+00 -8.64 -5.76899933333   
444 5328 0.411490653956 10.540962633 -8.703333333333333 -8.6899999999999995e+00 -8.67 -8.27316666667   
445 5340 0.391451477264 10.5724636366 -8.703333333333333 -8.6799999999999997e+00 -8.66 -8.0   
446 5352 0.359501750317 10.6509329505 -8.703333333333333 -8.6933333333333334e+00 -8.66 -8.34666666667   
447 5364 0.334084362096 10.4616219113 -8.703333333333333 -8.6866666666666674e+00 -8.66666666667 -8.63   
448 5376 0.325931705249 10.4625947599 -8.703333333333333 -8.6933333333333334e+00 -8.67333333333 -5.88850733333   
449 5388 0.320362303381 10.5745211324 -8.703333333333333 -8.6899999999999995e+00 -8.67 -5.929296   
450 5400 0.328278345487 10.53566916 -8.703333333333333 -8.6899999999999995e+00 -8.66333333333 -8.63333333333   
451 5412 0.342855853443 10.6197465488 -8.703333333333333 -8.6899999999999995e+00 -8.67666666667 -8.64666666667   
452 5424 0.352648784458 10.5556860391 -8.703333333333333 -8.6999999999999993e+00 -8.67666666667 -8.62666666667   
453 5436 0.363470700767 10.549446312 -8.703333333333333 -8.6833333333333336e+00 -8.67 -8.65666666667   
454 5448 0.361317742449 10.6375620928 -8.703333333333333 -8.6899999999999995e+00 -8.67333333333 -8.64333333333   
455 5460 0.378051090527 10.5648754576 -8.703333333333333 -8.6866666666666674e+00 -8.67666666667 -8.65   
456 5472 0.414044022473 10.6495458235 -8.703333333333333 -8.6933333333333334e+00 -8.66666666667 -8.57333333333   
457 5484 0.439969220623 10.7152590832 -8.703333333333333 -8.6966666666666672e+00 -8.66666666667 -8.59333333333   
458 5496 0.450345943949 10.955566775 -8.703333333333333 -8.6933333333333334e+00 -8.66 -8.42333333333   
459 5508 0.464183734606 10.8920021428 -8.703333333333333 -8.6899999999999995e+00 -8.66 -8.2865   
460 5520 0.4754231807 10.896512639 -8.703333333333333 -8.6899999999999995e+00 -8.65 -3.23882   
461 5532 0.473317346827 11.0656853506 -8.703333333333333 -8.6999999999999993e+00 -8.66333333333 -1.26483333333   
462 5544 0.484639945666 11.2177642412 -8.703333333333333 -8.6966666666666672e+00 -8.66 -8.41   
463 5556 0.488153422654 11.2583263306 -8.703333333333333 -8.6833333333333336e+00 -8.66333333333 -1.516838   
464 5568 0.50193922776 11.4173526967 -8.703333333333333 -8.6866666666666674e+00 -8.66333333333 -8.0765   
465 5580 0.525588174198 11.282098006 -8.703333333333333 -8.6899999999999995e+00 -8.66666666667 -8.60666666667   
466 5592 0.53176379902 11.3710235283 -8.703333333333333 -8.6966666666666672e+00 -8.66 -8.53666666667   
467 5604 0.525646811314 11.5843273176 -8.703333333333333 -8.6999999999999993e+00 -8.67 -8.49   
468 5616 0.539482161595 11.772291399 -8.703333333333333 -8.6933333333333334e+00 -8.66666666667 -8.06983333333   
469 5628 0.535974029747 11.956356537 -8.703333333333333 -8.6966666666666672e+00 -8.67666666667 -8.56333333333   
470 5640 0.517756374984 12.0418791337 -8.703333333333333 -8.6933333333333334e+00 -8.66333333333 -8.58   
471 5652 0.510409093076 12.1653969486 -8.703333333333333 -8.6899999999999995e+00 -8.67 -8.19316666667   
472 5664 0.488221305949 12.2452215138 -8.703333333333333 -8.6999999999999993e+00 -8.67666666667 -8.63666666667   
473 5676 0.493476373746 12.3102108351 -8.703333333333333 -8.6933333333333334e+00 -8.68333333333 -8.24983333333   
474 5688 0.505985792961 12.295372844 -8.703333333333333 -8.6999999999999993e+00 -8.68 -8.44333333333   
475 5700 0.525213517955 12.3780627067 -8.703333333333333 -8.6899999999999995e+00 -8.67 -8.54666666667   
476 5712 0.515911585206 12.3305372831 -8.703333333333333 -8.6899999999999995e+00 -8.67333333333 -8.1165   
477 5724 0.491212873979 12.4310386357 -8.703333333333333 -8.6966666666666672e+00 -8.67 -8.48   
478 5736 0.480576751628 12.4887582529 -8.703333333333333 -8.6999999999999993e+00 -8.66333333333 -3.926268   
479 5748 0.475680459549 12.53735125 -8.703333333333333 -8.7033333333333331e+00 -8.65666666667 -8.57   
480 5760 0.44416520161 12.5654239801 -8.703333333333333 -8.6899999999999995e+00 -8.68 -8.57333333333   
481 5772 0.435306952592 12.5320386987 -8.703333333333333 -8.6933333333333334e+00 -8.67666666667 -8.58   
482 5784 0.444230513066 12.6193254452 -8.703333333333333 -8.6966666666666672e+00 -8.68 -8.64   
483 5796 0.451543973047 12.6631891134 -8.703333333333333 -8.6966666666666672e+00 -8.66666666667 -8.0365   
484 5808 0.43931063669 12.5244003126 -8.703333333333333 -8.6833333333333336e+00 -8.67 -8.1165   
485 5820 0.434000817883 12.5038543389 -8.703333333333333 -8.6866666666666674e+00 -8.66666666667 -8.64   
486 5832 0.421860599291 12.3841607316 -8.703333333333333 -8.6966666666666672e+00 -8.66666666667 -8.50666666667   
487 5844 0.410215874285 12.3003404936 -8.703333333333333 -8.6966666666666672e+00 -8.67333333333 -8.31333333333   
488 5856 0.405653786194 12.2711021738 -8.703333333333333 -8.7033333333333331e+00 -8.68 -8.6   
489 5868 0.397575008387 12.3998899239 -8.703333333333333 -8.6866666666666674e+00 -8.67333333333 -8.58333333333   
490 5880 0.381084024538 12.4999438975 -8.703333333333333 -8.6966666666666672e+00 -8.67 -1.29672666667   
491 5892 0.351080880739 12.6488123382 -8.703333333333333 -8.6966666666666672e+00 -8.67 -8.6   
492 5904 0.326392471149 12.6521040168 -8.703333333333333 -8.6933333333333334e+00 -8.67333333333 -5.79475866667   
493 5916 0.330907388747 12.7972433731 -8.703333333333333 -8.6866666666666674e+00 -8.65 -8.1065   
494 5928 0.325246914254 12.7394827545 -8.703333333333333 -8.6966666666666672e+00 -8.65333333333 -8.4   
495 5940 0.31320725813 12.8814316397 -8.703333333333333 -8.6899999999999995e+00 -8.67666666667 -8.54666666667   
496 5952 0.308780758712 13.1652218985 -8.703333333333333 -8.6933333333333334e+00 -8.67 -3.92950466667   
497 5964 0.305212633923 13.1344338182 -8.703333333333333 -8.6966666666666672e+00 -8.66 -8.38   
498 5976 0.297006209639 13.1740637631 -8.703333333333333 -8.6933333333333334e+00 -8.65666666667 -8.49666666667   
499 5988 0.285282599242 13.2467383885 -8.703333333333333 -8.6866666666666674e+00 -8.64 -8.08983333333   
500 6000 0.283860551302 13.3536133804 -8.703333333333333 -8.7033333333333331e+00 -8.67666666667 -8.4   
501 6012 0.279510653634 13.1191961952 -8.703333333333333 -8.6766666666666659e+00 -8.62666666667 -1.432682   
502 6024 0.281922818144 13.055696518 -8.703333333333333 -8.6966666666666672e+00 -8.66666666667 -8.49   
503 6036 0.280355775518 12.9897597266 -8.703333333333333 -8.6933333333333334e+00 -8.64333333333 -8.38333333333   
504 6048 0.275807951454 13.1199667093 -8.703333333333333 -8.6966666666666672e+00 -8.67666666667 -5.15262   
505 6060 0.271513775945 13.0438074924 -8.703333333333333 -8.6966666666666672e+00 -8.67666666667 -8.23983333333   
506 6072 0.275581009372 13.1220270409 -8.703333333333333 -8.6899999999999995e+00 -8.67333333333 -8.32666666667   
507 6084 0.273251705817 13.1119277053 -8.703333333333333 -8.6933333333333334e+00 -8.67333333333 -8.60333333333   
508 6096 0.274719175738 13.1082410388 -8.703333333333333 -8.6933333333333334e+00 -8.67666666667 -8.60666666667   
509 6108 0.280967087395 12.9265346967 -8.703333333333333 -8.6866666666666674e+00 -8.64 -5.37799266667   
510 6120 0.281086572195 12.7437271103 -8.703333333333333 -8.6933333333333334e+00 -8.66 0.707213333333   
511 6132 0.282250380037 12.8015484047 -8.703333333333333 -8.6799999999999997e+00 -8.65666666667 -8.34   
512 6144 0.28248465969 12.6444234359 -8.703333333333333 -8.6966666666666672e+00 -8.66666666667 -8.53   
513 6156 0.287865560083 12.5145950198 -8.703333333333333 -8.6833333333333336e+00 -8.67 -1.38567266667   
514 6168 0.30753182378 12.3613529737 -8.703333333333333 -8.6899999999999995e+00 -8.64666666667 -5.0   
515 6180 0.333934848659 12.4105231909 -8.703333333333333 -8.6899999999999995e+00 -8.67 -8.1065   
516 6192 0.348228502776 12.7486338896 -8.703333333333333 -8.6866666666666674e+00 -8.66333333333 -8.56   
517 6204 0.36151756142 12.8956336533 -8.703333333333333 -8.6999999999999993e+00 -8.68 -8.58333333333   
518 6216 0.352955766973 12.9704719588 -8.703333333333333 -8.6899999999999995e+00 -8.66666666667 -8.6   
519 6228 0.345175987192 13.0357155929 -8.703333333333333 -8.6933333333333334e+00 -8.65 -8.39   
520 6240 0.340528592885 13.2208504406 -8.703333333333333 -8.6899999999999995e+00 -8.65666666667 -8.56   
521 6252 0.335173228702 13.3630184564 -8.703333333333333 -8.6866666666666674e+00 -8.67333333333 -8.65333333333   
522 6264 0.333468892296 13.3335908176 -8.703333333333333 -8.6899999999999995e+00 -8.67333333333 -3.90152266667   
523 6276 0.336163450596 13.5419587239 -8.703333333333333 -8.6899999999999995e+00 -8.67 -8.41666666667   
524 6288 0.338800715793 13.6859236826 -8.703333333333333 -8.7033333333333331e+00 -8.66 -8.62666666667   
525 6300 0.380113714175 13.7735319739 -8.703333333333333 -8.7033333333333331e+00 -8.67333333333 -8.65666666667   
526 6312 0.412419790872 13.6782719729 -8.703333333333333 -8.6999999999999993e+00 -8.67666666667 -5.51203666667   
527 6324 0.437745072502 13.6290441608 -8.703333333333333 -8.7033333333333331e+00 -8.66333333333 -8.59333333333   
528 6336 0.4526385002 13.5817751801 -8.703333333333333 -8.6899999999999995e+00 -8.67666666667 -8.62666666667   
529 6348 0.467414841706 13.653181158 -8.703333333333333 -8.6999999999999993e+00 -8.67 -8.55333333333   
530 6360 0.473101894787 13.5796924836 -8.703333333333333 -8.6866666666666674e+00 -8.63666666667 -8.27983333333   
531 6372 0.453357056654 13.4654037995 -8.703333333333333 -8.6833333333333336e+00 -8.64 -3.890148   
532 6384 0.428772714534 13.630408868 -8.703333333333333 -8.6799999999999997e+00 -8.63666666667 -5.92218533333   
533 6396 0.408810072121 13.6316217594 -8.703333333333333 -8.6899999999999995e+00 -8.66333333333 -8.36666666667   
534 6408 0.390893235326 13.5422658693 -8.703333333333333 -8.6866666666666674e+00 -8.64 -8.25316666667   
535 6420 0.372181990341 13.4870742155 -8.703333333333333 -8.6833333333333336e+00 -8.66333333333 -5.439626   
536 6432 0.373022579524 13.4104967634 -8.703333333333333 -8.6866666666666674e+00 -8.67333333333 -8.63666666667   
537 6444 0.371641056279 13.6236624094 -8.703333333333333 -8.6833333333333336e+00 -8.66 -8.57666666667   
538 6456 0.377729160868 13.8598146412 -8.703333333333333 -8.6866666666666674e+00 -8.67 -8.56333333333   
539 6468 0.384098069839 13.7942323761 -8.703333333333333 -8.6866666666666674e+00 -8.67 -8.45333333333   
540 6480 0.375204244013 13.6807790729 -8.703333333333333 -8.6899999999999995e+00 -8.67333333333 -8.64   
541 6492 0.37054156293 13.7744987724 -8.703333333333333 -8.6866666666666674e+00 -8.67666666667 -8.43   
542 6504 0.364480964042 13.7237429488 -8.703333333333333 -8.6899999999999995e+00 -8.67333333333 -8.65333333333   
543 6516 0.348027612581 13.802901395 -8.703333333333333 -8.6899999999999995e+00 -8.67666666667 -5.596014   
544 6528 0.329779400332 13.424925361 -8.703333333333333 -8.6933333333333334e+00 -8.68 -8.65333333333   
545 6540 0.315539794923 13.2786354559 -8.703333333333333 -8.6866666666666674e+00 -8.66 -8.59666666667   
546 6552 0.299587037291 13.3291433059 -8.703333333333333 -8.6899999999999995e+00 -8.67333333333 -8.59333333333   
547 6564 0.294555565374 13.2782810544 -8.703333333333333 -8.6966666666666672e+00 -8.67333333333 -8.6   
548 6576 0.283806618035 13.2708612417 -8.703333333333333 -8.6933333333333334e+00 -8.67 -8.57   
549 6588 0.280299934515 13.2526553427 -8.709833333333334 -8.7098333333333340e+00 -8.67666666667 -8.64666666667   
550 6600 0.281769890188 13.1165258116 -8.709833333333334 -8.6933333333333334e+00 -8.66 -8.6   
551 6612 0.280468120411 12.8398457714 -8.709833333333334 -8.6966666666666672e+00 -8.66666666667 -8.63666666667   
552 6624 0.2802634189 12.8950276131 -8.709833333333334 -8.6933333333333334e+00 -8.67666666667 -8.27316666667   
553 6636 0.284929676629 12.817854669 -8.709833333333334 -8.6899999999999995e+00 -8.66666666667 -8.58666666667   
554 6648 0.289482916263 12.7822193403 -8.709833333333334 -8.6966666666666672e+00 -8.68 -8.63   
555 6660 0.283822063988 12.6778371705 -8.709833333333334 -8.6966666666666672e+00 -8.68 -8.60666666667   
556 6672 0.283661444384 12.7434660004 -8.709833333333334 -8.6966666666666672e+00 -8.67333333333 -8.55333333333   
557 6684 0.286022689648 12.8247756826 -8.709833333333334 -8.6833333333333336e+00 -8.67 -8.61333333333   
558 6696 0.285688958189 12.8503316545 -8.709833333333334 -8.6999999999999993e+00 -8.67666666667 -8.63333333333   
559 6708 0.285082467483 12.8849822408 -8.709833333333334 -8.6933333333333334e+00 -8.67 -8.56333333333   
560 6720 0.291188599 12.6988858914 -8.709833333333334 -8.6933333333333334e+00 -8.68 -8.66666666667   
561 6732 0.287846357161 12.6122587011 -8.709833333333334 -8.6799999999999997e+00 -8.66333333333 -8.48   
562 6744 0.288979719563 12.6645712205 -8.709833333333334 -8.6833333333333336e+00 -8.67 -5.0   
563 6756 0.287621266638 12.9898577229 -8.709833333333334 -8.6933333333333334e+00 -8.67333333333 -8.61666666667   
564 6768 0.287789617566 13.0152093037 -8.709833333333334 -8.6866666666666674e+00 -8.67333333333 -1.464996   
565 6780 0.29124856882 12.8895287364 -8.709833333333334 -8.6966666666666672e+00 -8.67333333333 -8.65333333333   
566 6792 0.290917076423 12.9940422106 -8.709833333333334 -8.6966666666666672e+00 -8.67666666667 -8.66   
567 6804 0.289792982639 12.9779818185 -8.709833333333334 -8.6899999999999995e+00 -8.68333333333 -8.52   
568 6816 0.29333826543 13.1708106175 -8.709833333333334 -8.6933333333333334e+00 -8.68333333333 -8.53666666667   
569 6828 0.300480289543 13.1886442215 -8.709833333333334 -8.6899999999999995e+00 -8.67333333333 -8.65333333333   
570 6840 0.289800583791 13.1548628575 -8.709833333333334 -8.6933333333333334e+00 -8.66 -8.59333333333   
571 6852 0.29424310004 12.9440127357 -8.709833333333334 -8.6833333333333336e+00 -8.67 -8.61   
572 6864 0.293073038028 13.1054916403 -8.709833333333334 -8.6933333333333334e+00 -8.66 -8.53333333333   
573 6876 0.295211143601 13.486760259 -8.709833333333334 -8.6866666666666674e+00 -8.66333333333 -8.61   
574 6888 0.295601921511 13.554060356 -8.709833333333334 -8.6933333333333334e+00 -8.67333333333 -8.66   
575 6900 0.2957824029 13.4094572165 -8.709833333333334 -8.6966666666666672e+00 -8.68 -8.66   
576 6912 0.298505262605 13.3627554529 -8.709833333333334 -8.6933333333333334e+00 -8.68333333333 -8.53666666667   
577 6924 0.298695769404 13.3058499826 -8.709833333333334 -8.6933333333333334e+00 -8.67 -8.66333333333   
578 6936 0.300065572995 13.3360278881 -8.709833333333334 -8.6899999999999995e+00 -8.68 -8.58333333333   
579 6948 0.296984068693 13.1299878111 -8.709833333333334 -8.6899999999999995e+00 -8.67333333333 -8.64333333333   
580 6960 0.297328829472 13.44670299 -8.709833333333334 -8.6933333333333334e+00 -8.67 -8.50666666667   
581 6972 0.309587625491 13.5804333305 -8.709833333333334 -8.6899999999999995e+00 -8.67333333333 -8.65333333333   
582 6984 0.331221357206 13.8974877131 -8.709833333333334 -8.6966666666666672e+00 -8.67333333333 -8.66666666667   
583 6996 0.336774453996 14.5359539343 -8.709833333333334 -8.6833333333333336e+00 -8.66333333333 -8.57   
584 7008 0.341761502043 14.5103869667 -8.709833333333334 -8.6866666666666674e+00 -8.67333333333 -8.64666666667   
585 7020 0.337051252542 14.5956762107 -8.709833333333334 -8.6866666666666674e+00 -8.67 -8.65333333333   
586 7032 0.332744551711 14.7539770708 -8.709833333333334 -8.6899999999999995e+00 -8.67333333333 -8.66333333333   
587 7044 0.323056064811 15.0327953726 -8.709833333333334 -8.6833333333333336e+00 -8.67333333333 -8.66   
588 7056 0.321253586497 14.9472566234 -8.709833333333334 -8.6933333333333334e+00 -8.67666666667 -8.65333333333   
589 7068 0.325389315208 15.1383381031 -8.709833333333334 -8.6899999999999995e+00 -8.67333333333 -8.66333333333   
590 7080 0.342332635923 14.9584686197 -8.709833333333334 -8.6899999999999995e+00 -8.68 -8.67333333333   
591 7092 0.340137461947 14.6217244132 -8.709833333333334 -8.6866666666666674e+00 -8.67666666667 -8.66666666667   
592 7104 0.349807922273 14.5618309155 -8.709833333333334 -8.6866666666666674e+00 -8.66666666667 -8.65333333333   
593 7116 0.361459421351 14.297768789 -8.709833333333334 -8.6899999999999995e+00 -8.67333333333 -8.61666666667   
594 7128 0.363014906912 14.3778822976 -8.709833333333334 -8.6866666666666674e+00 -8.67666666667 -8.25316666667   
595 7140 0.3508457373 14.2529826109 -8.709833333333334 -8.6866666666666674e+00 -8.66666666667 -8.63   
596 7152 0.335538202771 14.2068158894 -8.709833333333334 -8.6866666666666674e+00 -8.68 -8.65333333333   
597 7164 0.317948542673 14.2870197707 -8.709833333333334 -8.6933333333333334e+00 -8.67 -8.65   
598 7176 0.306717729091 14.3901509452 -8.709833333333334 -8.6933333333333334e+00 -8.67333333333 -8.65666666667   
599 7188 0.2940217128 14.7651257768 -8.709833333333334 -8.6899999999999995e+00 -8.67666666667 -8.53333333333   
600 7200 0.293553315176 14.7890405282 -8.709833333333334 -8.6899999999999995e+00 -8.67 -8.2765   
601 7212 0.291799369641 14.8173010442 -8.709833333333334 -8.6999999999999993e+00 -8.67666666667 -8.66   
602 7224 0.291186444687 14.6801027125 -8.709833333333334 -8.6933333333333334e+00 -8.67666666667 -8.67   
603 7236 0.291413853612 14.7351993147 -8.709833333333334 -8.6866666666666674e+00 -8.67333333333 -8.44333333333   
604 7248 0.298183895142 14.7263641848 -8.709833333333334 -8.6866666666666674e+00 -8.67666666667 -8.63   
605 7260 0.312891184015 14.5458294896 -8.709833333333334 -8.6966666666666672e+00 -8.67666666667 -8.65333333333   
606 7272 0.326133162559 13.9097340688 -8.709833333333334 -8.6866666666666674e+00 -8.67333333333 -8.59   
607 7284 0.351189087055 13.8783238422 -8.709833333333334 -8.6966666666666672e+00 -8.67333333333 -8.61666666667   
608 7296 0.35491489496 13.9995214461 -8.709833333333334 -8.6833333333333336e+00 -8.67 -8.63666666667   
609 7308 0.386528706842 14.2864370736 -8.709833333333334 -8.6933333333333334e+00 -8.67333333333 -8.65333333333   
610 7320 0.408034476708 14.1726739519 -8.709833333333334 -8.6933333333333334e+00 -8.67666666667 -8.63   
611 7332 0.405387785484 14.1250482968 -8.709833333333334 -8.6866666666666674e+00 -8.67 -8.64666666667   
612 7344 0.401606861909 13.8893614847 -8.709833333333334 -8.6899999999999995e+00 -8.67666666667 -8.66666666667   
613 7356 0.39825305386 13.9760940407 -8.709833333333334 -8.6899999999999995e+00 -8.67666666667 -8.62   
614 7368 0.404452077133 14.1899099954 -8.709833333333334 -8.6833333333333336e+00 -8.66666666667 -8.61666666667   
615 7380 0.383590203039 14.1592874427 -8.709833333333334 -8.6899999999999995e+00 -8.67666666667 -8.65333333333   
616 7392 0.364356579428 13.8446420334 -8.709833333333334 -8.6866666666666674e+00 -8.67666666667 -8.63   
617 7404 0.338082987056 13.9642487043 -8.709833333333334 -8.6899999999999995e+00 -8.67666666667 -8.65333333333   
618 7416 0.339772467129 13.9963579631 -8.709833333333334 -8.6899999999999995e+00 -8.67 -8.58333333333   
619 7428 0.333766206819 14.1343979902 -8.709833333333334 -8.6899999999999995e+00 -8.67666666667 -8.65666666667   
620 7440 0.324608651127 14.4427192993 -8.709833333333334 -8.6899999999999995e+00 -8.67 -5.37678266667   
621 7452 0.328403960956 14.4787503989 -8.709833333333334 -8.6966666666666672e+00 -8.67666666667 -8.66666666667   
622 7464 0.343484953945 14.3535483154 -8.709833333333334 -8.6799999999999997e+00 -8.67333333333 -8.65666666667   
623 7476 0.368673181953 14.1316631318 -8.709833333333334 -8.6866666666666674e+00 -8.66333333333 -8.57333333333   
624 7488 0.392960232066 14.2457678896 -8.709833333333334 -8.6899999999999995e+00 -8.66333333333 -8.61   
625 7500 0.398195712235 14.3000199776 -8.709833333333334 -8.6799999999999997e+00 -8.66333333333 -8.58666666667   
626 7512 0.417732886996 14.095978644 -8.709833333333334 -8.6899999999999995e+00 -8.67 -8.64333333333   
627 7524 0.407390726177 13.9177823349 -8.709833333333334 -8.6899999999999995e+00 -8.67666666667 -8.65666666667   
628 7536 0.387235193514 13.9017694037 -8.709833333333334 -8.6799999999999997e+00 -8.67333333333 -8.47   
629 7548 0.377437685056 13.9453603438 -8.709833333333334 -8.6866666666666674e+00 -8.66666666667 -8.55333333333   
630 7560 0.366584716914 13.8678793121 -8.709833333333334 -8.6933333333333334e+00 -8.67 -8.63333333333   
631 7572 0.357672690958 13.9458531134 -8.709833333333334 -8.6933333333333334e+00 -8.68 -8.63666666667   
632 7584 0.344236331227 14.0317449147 -8.709833333333334 -8.6899999999999995e+00 -8.67333333333 -8.66333333333   
633 7596 0.336116175504 14.0537444721 -8.709833333333334 -8.6999999999999993e+00 -8.68 -8.65666666667   
634 7608 0.329416211455 13.9955738222 -8.709833333333334 -8.6866666666666674e+00 -8.67666666667 -8.58333333333   
635 7620 0.320108582247 13.9591040538 -8.709833333333334 -8.6899999999999995e+00 -8.67333333333 -8.66333333333   
636 7632 0.31940364976 14.1424519073 -8.709833333333334 -8.6933333333333334e+00 -8.67666666667 -8.66333333333   
637 7644 0.330506143662 14.309142989 -8.709833333333334 -8.6899999999999995e+00 -8.67333333333 -8.66   
638 7656 0.328422814392 14.434561827 -8.709833333333334 -8.6933333333333334e+00 -8.67333333333 -8.49   
639 7668 0.323926686635 14.6075511024 -8.709833333333334 -8.6899999999999995e+00 -8.67333333333 -8.65666666667   
640 7680 0.329637597665 14.7952446659 -8.709833333333334 -8.6866666666666674e+00 -8.67333333333 -8.60666666667   
641 7692 0.34835493348 14.8359484825 -8.709833333333334 -8.6899999999999995e+00 -8.67333333333 -8.66   
642 7704 0.347965166994 15.0126136738 -8.709833333333334 -8.6833333333333336e+00 -8.67 -8.65   
643 7716 0.360548876448 15.0122886234 -8.709833333333334 -8.6866666666666674e+00 -8.67333333333 -8.66333333333   
644 7728 0.368585074075 14.8814139069 -8.709833333333334 -8.6866666666666674e+00 -8.67 -8.65666666667   
645 7740 0.373854158999 14.907840163 -8.709833333333334 -8.6833333333333336e+00 -8.67333333333 -8.66333333333   
646 7752 0.377566218446 14.9970500025 -8.709833333333334 -8.6899999999999995e+00 -8.67333333333 -8.66333333333   
647 7764 0.393179639585 15.2397445167 -8.709833333333334 -8.6966666666666672e+00 -8.67333333333 -8.54333333333   
648 7776 0.394087917595 15.4752784162 -8.709833333333334 -8.6833333333333336e+00 -8.67 -8.36333333333   
649 7788 0.376764066471 15.4492755552 -8.709833333333334 -8.6833333333333336e+00 -8.66666666667 -8.64   
650 7800 0.357419148551 15.4905899221 -8.709833333333334 -8.6899999999999995e+00 -8.67 -8.65   
651 7812 0.345337405414 15.8080982307 -8.709833333333334 -8.6933333333333334e+00 -8.66666666667 -8.65666666667   
652 7824 0.338219055101 15.8851009992 -8.709833333333334 -8.6733333333333338e+00 -8.67 -8.64666666667   
653 7836 0.331915400988 15.9601961 -8.709833333333334 -8.6766666666666659e+00 -8.66 -8.60666666667   
654 7848 0.325769942187 16.0310212555 -8.709833333333334 -8.6866666666666674e+00 -8.67333333333 -8.64   
655 7860 0.324978278645 15.9297787124 -8.709833333333334 -8.6966666666666672e+00 -8.67333333333 -8.65   
656 7872 0.327117921868 16.1603761886 -8.709833333333334 -8.6966666666666672e+00 -8.67333333333 -8.36333333333   
657 7884 0.331400184008 16.4439390492 -8.709833333333334 -8.6899999999999995e+00 -8.67 -8.19316666667   
658 7896 0.336986563791 16.4153738135 -8.709833333333334 -8.6833333333333336e+00 -8.67 -8.29333333333   
659 7908 0.349309063271 16.60119233 -8.709833333333334 -8.6866666666666674e+00 -8.67666666667 -8.63666666667   
660 7920 0.363679779122 16.7148585954 -8.709833333333334 -8.6833333333333336e+00 -8.67 -8.65   
661 7932 0.376000147021 16.6023086037 -8.709833333333334 -8.6899999999999995e+00 -8.68 -8.65666666667   
662 7944 0.366702466341 16.6561584325 -8.709833333333334 -8.6999999999999993e+00 -8.68 -8.64333333333   
663 7956 0.377543001366 16.8653791353 -8.709833333333334 -8.6899999999999995e+00 -8.67333333333 -8.43333333333   
664 7968 0.388123390072 16.7469844689 -8.709833333333334 -8.6833333333333336e+00 -8.67 -8.64666666667   
665 7980 0.382188986716 16.7521218866 -8.709833333333334 -8.6899999999999995e+00 -8.67 -8.62333333333   
666 7992 0.36305519993 16.7485009249 -8.709833333333334 -8.6833333333333336e+00 -8.67333333333 -8.65333333333   
667 8004 0.363057838788 17.2084790246 -8.709833333333334 -8.6833333333333336e+00 -8.67 -8.65   
668 8016 0.367363946592 16.8923253093 -8.709833333333334 -8.6899999999999995e+00 -8.67666666667 -8.65333333333   
669 8028 0.374779661279 16.8587790921 -8.709833333333334 -8.6866666666666674e+00 -8.67 -8.65666666667   
670 8040 0.389167997557 17.3720328054 -8.709833333333334 -8.6933333333333334e+00 -8.67 -8.65   
671 8052 0.40897288401 17.47663226 -8.709833333333334 -8.6866666666666674e+00 -8.67666666667 -8.66333333333   
672 8064 0.413537337782 17.7386118882 -8.709833333333334 -8.6766666666666659e+00 -8.66666666667 -8.62333333333   
673 8076 0.403593061267 17.8613981195 -8.709833333333334 -8.6833333333333336e+00 -8.67 -8.40333333333   
674 8088 0.383409868028 17.9679283732 -8.709833333333334 -8.6866666666666674e+00 -8.67666666667 -8.65   
675 8100 0.358088399889 18.2636116546 -8.709833333333334 -8.6833333333333336e+00 -8.66666666667 -8.65666666667   
676 8112 0.338450655405 18.3494123009 -8.709833333333334 -8.6899999999999995e+00 -8.67333333333 -8.65333333333   
677 8124 0.31520587848 18.3640370696 -8.709833333333334 -8.6899999999999995e+00 -8.67333333333 -8.62666666667   
678 8136 0.311858470789 18.2502618253 -8.709833333333334 -8.6933333333333334e+00 -8.67333333333 -8.63   
679 8148 0.292572826786 18.4476845047 -8.709833333333334 -8.6866666666666674e+00 -8.67333333333 -8.65666666667   
680 8160 0.291384331095 18.3119317951 -8.709833333333334 -8.6966666666666672e+00 -8.68 -8.65666666667   
681 8172 0.29327096519 18.2653802595 -8.709833333333334 -8.6899999999999995e+00 -8.67666666667 -8.66333333333   
682 8184 0.298458792409 18.2695832445 -8.709833333333334 -8.6833333333333336e+00 -8.66666666667 -8.48666666667   
683 8196 0.302440480175 18.2269436487 -8.709833333333334 -8.6833333333333336e+00 -8.67 -8.61333333333   
684 8208 0.305631176673 17.9985678498 -8.709833333333334 -8.6899999999999995e+00 -8.67333333333 -8.59   
685 8220 0.305298848573 17.7346337902 -8.709833333333334 -8.6933333333333334e+00 -8.67 -8.45   
686 8232 0.307792328107 18.0064885453 -8.709833333333334 -8.6866666666666674e+00 -8.67333333333 -8.6   
687 8244 0.317660864198 18.3968340317 -8.709833333333334 -8.6933333333333334e+00 -8.67666666667 -8.61333333333   
688 8256 0.310816197972 18.9308889566 -8.709833333333334 -8.6899999999999995e+00 -8.67 -8.60333333333   
689 8268 0.300010465941 19.1830752885 -8.709833333333334 -8.6866666666666674e+00 -8.67333333333 -8.66   
690 8280 0.295784602248 19.4082083743 -8.709833333333334 -8.6899999999999995e+00 -8.67333333333 -8.49666666667   
691 8292 0.294509276744 19.343801044 -8.709833333333334 -8.6999999999999993e+00 -8.67333333333 -8.52666666667   
692 8304 0.293915966277 19.5234892748 -8.709833333333334 -8.6833333333333336e+00 -8.67666666667 -8.65   
693 8316 0.295758510625 19.4526275917 -8.709833333333334 -8.6866666666666674e+00 -8.67333333333 -8.57666666667   
694 8328 0.301029958682 19.3330520035 -8.709833333333334 -8.6966666666666672e+00 -8.67333333333 0.0722933333333   
695 8340 0.315177945492 18.8767519496 -8.709833333333334 -8.6933333333333334e+00 -8.68 -8.6   
696 8352 0.322318771402 19.0399242158 -8.709833333333334 -8.6899999999999995e+00 -8.67 -8.65   
697 8364 0.33247648146 19.0521266766 -8.709833333333334 -8.6833333333333336e+00 -8.67333333333 -8.60666666667   
698 8376 0.338898502599 19.2195306926 -8.709833333333334 -8.6899999999999995e+00 -8.67 -8.55666666667   
699 8388 0.334659794161 19.4446324953 -8.709833333333334 -8.6899999999999995e+00 -8.67666666667 -8.64   
700 8400 0.332785954988 19.5145589704 -8.709833333333334 -8.6933333333333334e+00 -8.67333333333 -8.63   
701 8412 0.323857997008 19.2993833169 -8.709833333333334 -8.6866666666666674e+00 -8.67 -8.61666666667   
702 8424 0.321065681045 19.4838787403 -8.709833333333334 -8.6866666666666674e+00 -8.66666666667 -8.5   
703 8436 0.30188697351 19.7274603672 -8.709833333333334 -8.6833333333333336e+00 -8.66666666667 -8.58666666667   
704 8448 0.298576549025 19.8119273798 -8.709833333333334 -8.6933333333333334e+00 -8.67 -8.65   
705 8460 0.298595366645 19.8135267115 -8.709833333333334 -8.6899999999999995e+00 -8.67666666667 -8.66   
706 8472 0.302973984522 20.1948521421 -8.709833333333334 -8.6833333333333336e+00 -8.67333333333 -8.65666666667   
707 8484 0.320524119927 19.9491867503 -8.709833333333334 -8.6899999999999995e+00 -8.66666666667 -8.54333333333   
708 8496 0.330717755135 19.5065640538 -8.709833333333334 -8.6866666666666674e+00 -8.67333333333 -8.62666666667   
709 8508 0.344849849202 19.4008642688 -8.709833333333334 -8.6866666666666674e+00 -8.65333333333 -1.09124666667   
710 8520 0.336704678862 19.8498208066 -8.709833333333334 -8.6833333333333336e+00 -8.66666666667 -8.63333333333   
711 8532 0.312844495967 20.0788932274 -8.709833333333334 -8.6933333333333334e+00 -8.67333333333 -8.65   
712 8544 0.301692564861 19.9805541378 -8.709833333333334 -8.6899999999999995e+00 -8.67333333333 -8.61666666667   
713 8556 0.291072930887 19.9670396553 -8.709833333333334 -8.6933333333333334e+00 -8.66666666667 -8.24983333333   
714 8568 0.29120584469 19.8793863503 -8.709833333333334 -8.6899999999999995e+00 -8.67666666667 -8.64666666667   
715 8580 0.29105886365 19.7955861738 -8.709833333333334 -8.6899999999999995e+00 -8.67 -8.6   
716 8592 0.290083621162 19.8990028651 -8.709833333333334 -8.6899999999999995e+00 -8.67333333333 -8.66333333333   
717 8604 0.291444046313 20.0123240884 -8.709833333333334 -8.6866666666666674e+00 -8.68 -8.52333333333   
718 8616 0.292895634085 20.1533078501 -8.709833333333334 -8.6866666666666674e+00 -8.66666666667 -8.63333333333   
719 8628 0.296764246073 20.3771942916 -8.709833333333334 -8.6866666666666674e+00 -8.67333333333 -8.61   
720 8640 0.297908004893 20.7131028226 -8.709833333333334 -8.6833333333333336e+00 -8.67 -8.64666666667   
721 8652 0.294951980538 20.8617369471 -8.709833333333334 -8.6933333333333334e+00 -8.66666666667 -8.62666666667   
722 8664 0.294843431141 20.7916126859 -8.709833333333334 -8.6899999999999995e+00 -8.67666666667 -8.66666666667   
723 8676 0.29512252996 20.7870526798 -8.709833333333334 -8.6833333333333336e+00 -8.67666666667 -8.42666666667   
724 8688 0.295750271523 21.0258034478 -8.709833333333334 -8.6999999999999993e+00 -8.68 -8.65666666667   
725 8700 0.299626488892 21.1660498398 -8.709833333333334 -8.6899999999999995e+00 -8.67333333333 -8.66   
726 8712 0.297537443051 21.1395874426 -8.709833333333334 -8.6899999999999995e+00 -8.67333333333 -8.66333333333   
727 8724 0.310181086274 21.7946846419 -8.709833333333334 -8.6999999999999993e+00 -8.67 -8.58   
728 8736 0.301449927219 21.902295025 -8.709833333333334 -8.6999999999999993e+00 -8.67666666667 -8.63333333333   
729 8748 0.301814433244 21.7677201434 -8.709833333333334 -8.6866666666666674e+00 -8.67333333333 -8.64666666667   
730 8760 0.300696670985 21.9163105912 -8.709833333333334 -8.6899999999999995e+00 -8.67333333333 -8.60333333333   
731 8772 0.3023705756 21.6226881667 -8.709833333333334 -8.6899999999999995e+00 -8.67 -8.65   
732 8784 0.307908930339 21.1139871643 -8.709833333333334 -8.6866666666666674e+00 -8.67333333333 -8.57333333333   
733 8796 0.307070317232 21.2503807812 -8.709833333333334 -8.6799999999999997e+00 -8.66666666667 -8.49   
734 8808 0.311345197655 21.4084040055 -8.709833333333334 -8.6866666666666674e+00 -8.66333333333 -8.63   
735 8820 0.313510665666 21.8096494701 -8.709833333333334 -8.6833333333333336e+00 -8.66333333333 -8.60333333333   
736 8832 0.310110199779 21.9934977543 -8.709833333333334 -8.6866666666666674e+00 -8.67 -8.55666666667   
737 8844 0.310460649546 22.3048034895 -8.709833333333334 -8.6899999999999995e+00 -8.66333333333 -8.65333333333   
738 8856 0.310172129226 22.2563504822 -8.709833333333334 -8.6933333333333334e+00 -8.67 -8.64666666667   
739 8868 0.31047724784 22.2268293381 -8.709833333333334 -8.6966666666666672e+00 -8.68 -8.66333333333   
740 8880 0.320583675652 22.2146350391 -8.709833333333334 -8.6899999999999995e+00 -8.66333333333 -8.63   
741 8892 0.31903912929 22.8078201075 -8.709833333333334 -8.6899999999999995e+00 -8.67 -8.66333333333   
742 8904 0.309087696419 23.0817381359 -8.709833333333334 -8.6866666666666674e+00 -8.67 -8.39333333333   
743 8916 0.312004691593 22.7170575535 -8.709833333333334 -8.6833333333333336e+00 -8.67333333333 -8.66333333333   
744 8928 0.320824547381 22.5215367993 -8.709833333333334 -8.6966666666666672e+00 -8.67666666667 -8.66333333333   
745 8940 0.327939007044 22.2178006246 -8.709833333333334 -8.6899999999999995e+00 -8.67333333333 -8.65   
746 8952 0.326951935632 22.3395025133 -8.709833333333334 -8.6899999999999995e+00 -8.68333333333 -8.62333333333   
747 8964 0.315229566313 22.362963437 -8.709833333333334 -8.6933333333333334e+00 -8.67333333333 -8.06316666667   
748 8976 0.313722990942 22.6671637995 -8.709833333333334 -8.6899999999999995e+00 -8.67333333333 -8.59666666667   
749 8988 0.312250600859 22.7383877796 -8.709833333333334 -8.6899999999999995e+00 -8.67 -8.64666666667   
750 9000 0.333522283696 22.4052940579 -8.709833333333334 -8.6999999999999993e+00 -8.67666666667 -8.65333333333   
751 9012 0.368246517777 22.4145264116 -8.709833333333334 -8.6899999999999995e+00 -8.67333333333 -8.60333333333   
752 9024 0.398562661479 22.4951281593 -8.709833333333334 -8.6966666666666672e+00 -8.67333333333 -8.65333333333   
753 9036 0.430997504723 22.5079281658 -8.709833333333334 -8.6933333333333334e+00 -8.67 -8.59333333333   
754 9048 0.451216859906 22.2525014531 -8.709833333333334 -8.6866666666666674e+00 -8.67333333333 -8.64   
755 9060 0.467256624523 22.3590400189 -8.709833333333334 -8.6899999999999995e+00 -8.67666666667 -8.65333333333   
756 9072 0.484148741054 22.2598628296 -8.709833333333334 -8.6933333333333334e+00 -8.67333333333 -8.32333333333   
757 9084 0.478957516954 22.4872295572 -8.709833333333334 -8.6799999999999997e+00 -8.67333333333 0.190276666667   
758 9096 0.47790286771 22.1239179295 -8.709833333333334 -8.6966666666666672e+00 -8.66666666667 -8.64333333333   
759 9108 0.465209415113 22.2871227905 -8.709833333333334 -8.6899999999999995e+00 -8.67666666667 -1.789728   
760 9120 0.437309068465 22.0371534753 -8.709833333333334 -8.6833333333333336e+00 -8.67 -8.64333333333   
761 9132 0.427592422401 21.8747089936 -8.709833333333334 -8.6833333333333336e+00 -8.67 -8.54666666667   
762 9144 0.415912893009 21.6232831644 -8.709833333333334 -8.6899999999999995e+00 -8.67333333333 -8.64666666667   
763 9156 0.411188058526 21.4823075388 -8.709833333333334 -8.6899999999999995e+00 -8.67333333333 -8.29   
764 9168 0.425503205461 22.0935854576 -8.709833333333334 -8.6866666666666674e+00 -8.67 -8.64   
765 9180 0.451607389964 21.97191243 -8.709833333333334 -8.6833333333333336e+00 -8.67333333333 -8.63666666667   
766 9192 0.493088913635 21.9584871006 -8.709833333333334 -8.6933333333333334e+00 -8.67 -8.57333333333   
767 9204 0.5153208468 21.5362658184 -8.709833333333334 -8.6866666666666674e+00 -8.67333333333 -8.52   
768 9216 0.523479546256 21.4653252484 -8.709833333333334 -8.6866666666666674e+00 -8.66666666667 -8.62666666667   
769 9228 0.539271636701 21.2447701561 -8.709833333333334 -8.6966666666666672e+00 -8.67 -8.64666666667   
770 9240 0.542061578784 21.1785779206 -8.709833333333334 -8.6899999999999995e+00 -8.67666666667 -8.62   
771 9252 0.564881813336 21.1656658288 -8.709833333333334 -8.6933333333333334e+00 -8.67333333333 -8.65333333333   
772 9264 0.609013598235 21.1611795015 -8.709833333333334 -8.6866666666666674e+00 -8.67666666667 -8.66   
773 9276 0.610983569976 21.2507826582 -8.709833333333334 -8.6999999999999993e+00 -8.66666666667 -8.55666666667   
774 9288 0.626686225351 21.0767507291 -8.709833333333334 -8.6866666666666674e+00 -8.66666666667 -8.64   
775 9300 0.642501945032 20.9608216016 -8.709833333333334 -8.6799999999999997e+00 -8.67 -8.63   
776 9312 0.688731472333 21.2966105929 -8.709833333333334 -8.6799999999999997e+00 -8.66666666667 -8.65333333333   
777 9324 0.726459575476 21.4918363291 -8.709833333333334 -8.6866666666666674e+00 -8.67 -8.64   
778 9336 0.714668525772 21.4725275264 -8.709833333333334 -8.6866666666666674e+00 -8.65666666667 -8.33   
779 9348 0.72344397392 21.9045945086 -8.709833333333334 -8.6866666666666674e+00 -8.67333333333 -8.65333333333   
780 9360 0.709362705831 22.2383664594 -8.709833333333334 -8.6933333333333334e+00 -8.66 -8.47666666667   
781 9372 0.705184501097 22.4997243653 -8.709833333333334 -8.6899999999999995e+00 -8.67 -8.00983333333   
782 9384 0.723894862335 22.3927566315 -8.709833333333334 -8.6966666666666672e+00 -8.67333333333 -8.34666666667   
783 9396 0.745814231011 22.3961434359 -8.709833333333334 -8.6899999999999995e+00 -8.68333333333 -8.64333333333   
784 9408 0.732036599484 22.7006059906 -8.709833333333334 -8.6899999999999995e+00 -8.67333333333 -8.51   
785 9420 0.711179249441 23.0517435048 -8.709833333333334 -8.6866666666666674e+00 -8.67 -8.60333333333   
786 9432 0.683419314854 23.1457067395 -8.709833333333334 -8.6899999999999995e+00 -8.67666666667 -8.66333333333   
787 9444 0.679159544971 22.9666347962 -8.709833333333334 -8.6866666666666674e+00 -8.67 -8.63666666667   
788 9456 0.646766761229 22.8516185401 -8.709833333333334 -8.6899999999999995e+00 -8.68 -8.66   
789 9468 0.638459149872 22.8577176584 -8.709833333333334 -8.6999999999999993e+00 -8.67 -8.34666666667   
790 9480 0.633496518019 23.0608238683 -8.709833333333334 -8.6966666666666672e+00 -8.68 -8.65   
791 9492 0.626985380802 23.061222698 -8.709833333333334 -8.6899999999999995e+00 -8.68 -8.66   
792 9504 0.61668397059 22.7841665987 -8.709833333333334 -8.6999999999999993e+00 -8.67333333333 -8.57333333333   
793 9516 0.617443562522 22.6604696496 -8.709833333333334 -8.6833333333333336e+00 -8.66 -8.55333333333   
794 9528 0.603382345062 22.7517522581 -8.709833333333334 -8.6899999999999995e+00 -8.67 -8.57666666667   
795 9540 0.598314252605 22.5977622824 -8.709833333333334 -8.6999999999999993e+00 -8.67666666667 -8.52   
796 9552 0.579478285605 22.4188518476 -8.709833333333334 -8.6866666666666674e+00 -8.67333333333 -8.58666666667   
797 9564 0.573932406868 22.1154211384 -8.709833333333334 -8.6899999999999995e+00 -8.67333333333 -8.48666666667   
798 9576 0.578950190896 22.3505325627 -8.709833333333334 -8.6899999999999995e+00 -8.67333333333 -8.56   
799 9588 0.601815926677 22.1320192156 -8.709833333333334 -8.6899999999999995e+00 -8.68 -8.59333333333   
800 9600 0.59994388043 22.3255998825 -8.709833333333334 -8.6933333333333334e+00 -8.67 -8.61333333333   
801 9612 0.577189952504 22.4024598697 -8.709833333333334 -8.6866666666666674e+00 -8.66333333333 -8.62   
802 9624 0.545760077651 22.1743075509 -8.709833333333334 -8.6899999999999995e+00 -8.68 -8.63666666667   
803 9636 0.534896719391 22.3200535139 -8.709833333333334 -8.6899999999999995e+00 -8.68 -8.66333333333   
804 9648 0.529047377989 22.595698623 -8.709833333333334 -8.6999999999999993e+00 -8.68 -8.65333333333   
805 9660 0.519329362514 23.091467406 -8.709833333333334 -8.6933333333333334e+00 -8.68 -8.59333333333   
806 9672 0.516603223166 23.0584493768 -8.709833333333334 -8.6933333333333334e+00 -8.67666666667 -8.65333333333   
807 9684 0.509917654787 23.5921059438 -8.709833333333334 -8.6933333333333334e+00 -8.67666666667 -8.65333333333   
808 9696 0.518486859954 23.3670685801 -8.709833333333334 -8.6966666666666672e+00 -8.67333333333 -8.65666666667   
809 9708 0.538203936328 23.5133807737 -8.709833333333334 -8.6933333333333334e+00 -8.67 -8.39   
810 9720 0.560020657108 23.7383563277 -8.709833333333334 -8.6833333333333336e+00 -8.67333333333 -8.63   
811 9732 0.599820996932 23.5500657769 -8.709833333333334 -8.6933333333333334e+00 -8.67333333333 -8.49   
812 9744 0.625077789142 23.8414513759 -8.709833333333334 -8.6833333333333336e+00 -8.67 -8.50666666667   
813 9756 0.695169748164 23.7736982413 -8.709833333333334 -8.6899999999999995e+00 -8.66666666667 -8.56666666667   
814 9768 0.779460548133 23.7654743729 -8.709833333333334 -8.6966666666666672e+00 -8.68 -8.65666666667   
815 9780 0.876592933362 23.7687197925 -8.709833333333334 -8.6799999999999997e+00 -8.67 -8.65666666667   
816 9792 0.947370122359 23.8717064921 -8.709833333333334 -8.6799999999999997e+00 -8.65666666667 0.50262   
817 9804 0.999813699365 24.1614470221 -8.709833333333334 -8.6866666666666674e+00 -8.66666666667 -8.63666666667   
818 9816 1.0407195502 24.3281673588 -8.709833333333334 -8.6866666666666674e+00 -8.65333333333 -8.60333333333   
819 9828 1.10341827427 24.4447402265 -8.709833333333334 -8.6866666666666674e+00 -8.65333333333 0.0868793333333   
820 9840 1.10331125956 24.2430632248 -8.709833333333334 -8.6899999999999995e+00 -8.67 -8.61666666667   
821 9852 1.14339959459 23.9201494525 -8.709833333333334 -8.6933333333333334e+00 -8.68 -8.64333333333   
822 9864 1.19393402615 24.0029077192 -8.709833333333334 -8.6999999999999993e+00 -8.68333333333 -8.4   
823 9876 1.25556844274 24.3130604167 -8.709833333333334 -8.6933333333333334e+00 -8.66666666667 -8.56666666667   
824 9888 1.33550397717 24.8935273933 -8.709833333333334 -8.6833333333333336e+00 -8.65666666667 -8.53   
825 9900 1.41222171955 24.8689560835 -8.709833333333334 -8.6933333333333334e+00 -8.67333333333 -8.56   
826 9912 1.49800088559 24.5609204332 -8.709833333333334 -8.6833333333333336e+00 -8.64333333333 -8.36   
827 9924 1.5295140311 24.980823757 -8.709833333333334 -8.6799999999999997e+00 -8.62333333333 -8.43333333333   
828 9936 1.55062855389 24.9394239856 -8.709833333333334 -8.6866666666666674e+00 -8.59333333333 -1.34917133333   
829 9948 1.58328661108 24.9999992328 -8.709833333333334 -8.6766666666666659e+00 -8.62666666667 -5.70712266667   
830 9960 1.54289321831 25.3165330608 -8.709833333333334 -8.6699999999999999e+00 -8.65666666667 -8.61333333333   
831 9972 1.51838454416 25.5422351839 -8.709833333333334 -8.6966666666666672e+00 -8.65 -8.26983333333   
832 9984 1.511990948 25.8140994182 -8.709833333333334 -8.6733333333333338e+00 -8.65666666667 -3.0   
833 9996 1.46650804726 25.6853067291 -8.709833333333334 -8.6733333333333338e+00 -8.65 -8.58   
834 10008 1.42299762075 26.035642713 -8.709833333333334 -8.6833333333333336e+00 -8.66333333333 -8.64333333333   
835 10020 1.38773985305 25.9542329728 -8.709833333333334 -8.6866666666666674e+00 -8.67333333333 -8.60666666667   
836 10032 1.36397908828 25.4441941867 -8.709833333333334 -8.6833333333333336e+00 -8.66666666667 0.163944   
837 10044 1.39679968883 25.3937589255 -8.709833333333334 -8.6933333333333334e+00 -8.67333333333 -8.63333333333   
838 10056 1.40539207985 25.3248973073 -8.709833333333334 -8.6799999999999997e+00 -8.65666666667 -5.596466   
839 10068 1.32385205904 25.2767853271 -8.709833333333334 -8.6833333333333336e+00 -8.66333333333 -8.40666666667   
840 10080 1.3076240901 25.2407401649 -8.709833333333334 -8.6833333333333336e+00 -8.67 -8.52   
841 10092 1.26593435861 25.1846597247 -8.709833333333334 -8.6799999999999997e+00 -8.66333333333 -1.0402   
842 10104 1.205653895 25.2397826095 -8.709833333333334 -8.6866666666666674e+00 -8.66666666667 -8.59333333333   
843 10116 1.16335629012 25.3167547283 -8.709833333333334 -8.6766666666666659e+00 -8.66 -8.61333333333   
844 10128 1.12033512399 24.9958321599 -8.709833333333334 -8.6866666666666674e+00 -8.66 -8.62   
845 10140 1.12748388694 24.7347187435 -8.709833333333334 -8.6766666666666659e+00 -8.66333333333 -8.37666666667   
846 10152 1.11481704525 25.183751607 -8.709833333333334 -8.6899999999999995e+00 -8.66666666667 -8.64333333333   
847 10164 1.07197984834 25.2307577758 -8.709833333333334 -8.6866666666666674e+00 -8.65666666667 0.0855986666667   
848 10176 1.0196265485 25.0888485714 -8.709833333333334 -8.6833333333333336e+00 -8.67 -8.59666666667   
849 10188 0.975816613778 25.126513471 -8.709833333333334 -8.6866666666666674e+00 -8.67 -8.63   
850 10200 0.939907397743 24.959720984 -8.709833333333334 -8.6899999999999995e+00 -8.67 -8.58   
851 10212 0.905136090158 24.7673642109 -8.709833333333334 -8.6899999999999995e+00 -8.67333333333 -8.48   
852 10224 0.916833883351 24.8550099501 -8.709833333333334 -8.6799999999999997e+00 -8.66333333333 -8.61   
853 10236 0.911413866217 24.5381306702 -8.709833333333334 -8.6966666666666672e+00 -8.67333333333 -8.09983333333   
854 10248 0.954234203937 24.5629465131 -8.709833333333334 -8.6899999999999995e+00 -8.66666666667 -8.64333333333   
855 10260 0.999009310632 24.9347180972 -8.709833333333334 -8.6833333333333336e+00 -8.67333333333 -8.66333333333   
856 10272 1.02470736318 25.0073560725 -8.709833333333334 -8.6899999999999995e+00 -8.66666666667 -8.43333333333   
857 10284 1.01619618006 24.9345156381 -8.709833333333334 -8.6933333333333334e+00 -8.67333333333 -8.65333333333   
858 10296 1.05972683705 25.5934011705 -8.709833333333334 -8.6933333333333334e+00 -8.67666666667 -8.63666666667   
859 10308 1.14504737309 25.6368219693 -8.709833333333334 -8.6799999999999997e+00 -8.66 -8.62333333333   
860 10320 1.21632912554 26.8726550198 -8.709833333333334 -8.6799999999999997e+00 -8.66666666667 -8.57666666667   
861 10332 1.2698745308 27.2729676595 -8.709833333333334 -8.6866666666666674e+00 -8.66333333333 -8.58   
862 10344 1.25956576483 27.5404514994 -8.709833333333334 -8.6866666666666674e+00 -8.66333333333 -8.55666666667   
863 10356 1.1770240751 27.5801662338 -8.709833333333334 -8.6899999999999995e+00 -8.67 -8.64666666667   
864 10368 1.11173512875 27.5359454565 -8.709833333333334 -8.6899999999999995e+00 -8.66666666667 -8.50333333333   
865 10380 1.06431561017 27.5046692396 -8.709833333333334 -8.6866666666666674e+00 -8.66666666667 -8.61333333333   
866 10392 0.987276541966 27.3781128571 -8.709833333333334 -8.6933333333333334e+00 -8.68 -8.52333333333   
867 10404 0.93297049935 27.7396221942 -8.709833333333334 -8.6899999999999995e+00 -8.67333333333 -8.61   
868 10416 0.914075850448 27.9433106592 -8.709833333333334 -8.6966666666666672e+00 -8.68 -8.66   
869 10428 0.879918620907 27.9955022824 -8.709833333333334 -8.6866666666666674e+00 -8.66666666667 -8.19983333333   
870 10440 0.833566863954 27.9861993484 -8.709833333333334 -8.6966666666666672e+00 -8.66 -8.58333333333   
871 10452 0.828615547868 27.9070267297 -8.709833333333334 -8.6899999999999995e+00 -8.68 -8.66666666667   
872 10464 0.835566291842 28.4295553828 -8.709833333333334 -8.6966666666666672e+00 -8.67666666667 -8.62333333333   
873 10476 0.83717176878 28.2222552429 -8.709833333333334 -8.6999999999999993e+00 -8.67 -8.55   
874 10488 0.829858255655 28.3968232344 -8.709833333333334 -8.6933333333333334e+00 -8.68333333333 -8.66333333333   
875 10500 0.831712021913 28.8142505143 -8.709833333333334 -8.6899999999999995e+00 -8.67666666667 -8.62666666667   
876 10512 0.826797825618 28.6517888411 -8.709833333333334 -8.6899999999999995e+00 -8.67666666667 -8.64333333333   
877 10524 0.819063173555 28.7169669835 -8.709833333333334 -8.6899999999999995e+00 -8.67 -5.03262   
878 10536 0.798782272982 29.1045030919 -8.709833333333334 -8.6833333333333336e+00 -8.63666666667 -3.26200666667   
879 10548 0.797462601461 28.6429832454 -8.709833333333334 -8.6833333333333336e+00 -8.66333333333 -1.796128   
880 10560 0.785701632809 28.1476835863 -8.709833333333334 -8.6899999999999995e+00 -8.67 -8.62666666667   
881 10572 0.758453080163 27.8478086269 -8.709833333333334 -8.6866666666666674e+00 -8.67 -8.0965   
882 10584 0.754806936916 27.7858526508 -8.709833333333334 -8.6899999999999995e+00 -8.67333333333 -8.52666666667   
883 10596 0.731657073546 27.9011890148 -8.709833333333334 -8.6933333333333334e+00 -8.64333333333 -1.03302   
884 10608 0.71424433075 27.8772764409 -8.709833333333334 -8.6799999999999997e+00 -8.66333333333 -8.64666666667   
885 10620 0.683397944318 28.0034594478 -8.709833333333334 -8.6966666666666672e+00 -8.66 -5.62807266667   
886 10632 0.655429246746 28.2205832285 -8.709833333333334 -8.6866666666666674e+00 -8.65 -8.41333333333   
887 10644 0.641623669057 28.2835529225 -8.709833333333334 -8.6899999999999995e+00 -8.67 -8.62333333333   
888 10656 0.695930477323 28.6725470207 -8.709833333333334 -8.6833333333333336e+00 -8.67 -8.36333333333   
889 10668 0.733568400365 29.8216390825 -8.709833333333334 -8.6899999999999995e+00 -8.67 -8.62666666667   
890 10680 0.756610712936 30.5563025895 -8.709833333333334 -8.6833333333333336e+00 -8.67 -8.60333333333   
891 10692 0.794298977551 31.138128504 -8.709833333333334 -8.6833333333333336e+00 -8.67 -8.36333333333   
892 10704 0.849010860824 31.5125321399 -8.709833333333334 -8.6899999999999995e+00 -8.67333333333 -3.380668   
893 10716 0.872942854276 32.5105866298 -8.709833333333334 -8.6966666666666672e+00 -8.66 -8.58666666667   
894 10728 0.883409658392 32.5699469499 -8.709833333333334 -8.6866666666666674e+00 -8.67333333333 -8.58666666667   
895 10740 0.881836267431 32.6655916011 -8.709833333333334 -8.6899999999999995e+00 -8.67333333333 -8.47333333333   
896 10752 0.906702309539 32.6265538669 -8.709833333333334 -8.6899999999999995e+00 -8.67666666667 -8.66333333333   
897 10764 0.90898787814 32.6974681068 -8.709833333333334 -8.6899999999999995e+00 -8.65333333333 -8.27316666667   
898 10776 0.898421088886 32.4887689207 -8.709833333333334 -8.6866666666666674e+00 -8.66666666667 -8.44666666667   
899 10788 0.87494316874 32.7467325939 -8.709833333333334 -8.6833333333333336e+00 -8.66333333333 -8.61666666667   
900 10800 0.883255650559 32.8773678108 -8.709833333333334 -8.6866666666666674e+00 -8.67 -8.59333333333   
901 10812 0.845551824484 33.0150442744 -8.709833333333334 -8.6833333333333336e+00 -8.67 -8.63666666667   
902 10824 0.821182147408 32.9061395614 -8.709833333333334 -8.6833333333333336e+00 -8.66666666667 -8.46666666667   
903 10836 0.78813972625 32.8778555272 -8.709833333333334 -8.6966666666666672e+00 -8.67 -8.64666666667   
904 10848 0.794097552513 33.0112751586 -8.709833333333334 -8.6966666666666672e+00 -8.68333333333 -8.64666666667   
905 10860 0.794283121884 33.1397386071 -8.709833333333334 -8.6966666666666672e+00 -8.66333333333 -8.51   
906 10872 0.792712812755 33.0378175904 -8.709833333333334 -8.6899999999999995e+00 -8.67666666667 -8.63333333333   
907 10884 0.807062014912 33.4316220893 -8.709833333333334 -8.6966666666666672e+00 -8.67666666667 -8.65333333333   
908 10896 0.807264414585 33.1906281521 -8.709833333333334 -8.6933333333333334e+00 -8.67666666667 -3.0   
909 10908 0.810747278063 33.0757494021 -8.709833333333334 -8.6933333333333334e+00 -8.66333333333 -8.6   
910 10920 0.822413600522 33.0648692641 -8.709833333333334 -8.6866666666666674e+00 -8.67666666667 -8.65   
911 10932 0.839349383382 32.768658502 -8.709833333333334 -8.6899999999999995e+00 -8.67 -8.0065   
912 10944 0.839145719609 33.0754966411 -8.709833333333334 -8.6833333333333336e+00 -8.65666666667 -8.52   
913 10956 0.830811532896 33.3762043218 -8.709833333333334 -8.6866666666666674e+00 -8.67 -5.28776   
914 10968 0.824307111614 32.5751319724 -8.709833333333334 -8.6866666666666674e+00 -8.67 -8.51666666667   
915 10980 0.800037660349 32.6376806033 -8.709833333333334 -8.6933333333333334e+00 -8.67 -8.62   
916 10992 0.80793767009 33.028055446 -8.709833333333334 -8.6933333333333334e+00 -8.67666666667 -8.25983333333   
917 11004 0.78016845691 32.8968713174 -8.709833333333334 -8.6933333333333334e+00 -8.68 -8.65333333333   
918 11016 0.787205907476 33.113715253 -8.709833333333334 -8.6899999999999995e+00 -8.66666666667 -8.49   
919 11028 0.760449509481 33.3263112611 -8.709833333333334 -8.6999999999999993e+00 -8.67666666667 -8.5   
920 11040 0.760258467359 33.8935220737 -8.709833333333334 -8.6933333333333334e+00 -8.66 -8.27316666667   
921 11052 0.748607882548 32.7530570391 -8.709833333333334 -8.6899999999999995e+00 -8.67333333333 -8.27983333333   
922 11064 0.727912016723 32.9821962927 -8.709833333333334 -8.6966666666666672e+00 -8.67 -8.64   
923 11076 0.688881323294 32.9917720096 -8.709833333333334 -8.6833333333333336e+00 -8.66333333333 -8.49666666667   
924 11088 0.657944973696 32.766123441 -8.709833333333334 -8.6866666666666674e+00 -8.67 -8.2765   
925 11100 0.623939875892 33.9330296088 -8.709833333333334 -8.6966666666666672e+00 -8.67 -8.44666666667   
926 11112 0.599917084471 34.1310445595 -8.709833333333334 -8.6866666666666674e+00 -8.67666666667 -8.64333333333   
927 11124 0.582840987221 33.6971364881 -8.709833333333334 -8.6899999999999995e+00 -8.67333333333 -1.78574866667   
928 11136 0.569289484115 33.2975939021 -8.709833333333334 -8.6899999999999995e+00 -8.67 -8.66333333333   
929 11148 0.541843889384 32.6861132928 -8.709833333333334 -8.6866666666666674e+00 -8.67666666667 -8.31333333333   
930 11160 0.542434931933 32.6133638215 -8.709833333333334 -8.6899999999999995e+00 -8.67 -8.47666666667   
