% # columns="iteration, evaluation, min max(neg(.)) min(pos(.)) max correlation, correlation matrix principle axes lengths  (sorted square roots of eigenvalues of correlation matrix)", seed=7, Tue Jan 30 14:57:57 2018
1 12 -0.0284736388744 -0.000133031671034 0.000331010978179 0.0434022264782 1 1 1 1 1 1 1 1 1 1 1 1 1 1 1
2 24 -0.038646296629 -0.000206095064753 0.000295843632629 0.0612074519564 1 1 1 1 1 1 1 1 1 1 1 1 1 1 1
3 36 -0.05211751766 -0.00020617628152 0.000215319160725 0.0619498936183 1 1 1 1 1 1 1 1 1 1 1 1 1 1 1
4 48 -0.0711160720938 -0.000556300917898 0.000683363251082 0.0807378805764 1 1 1 1 1 1 1 1 1 1 1 1 1 1 1
5 60 -0.0794419563811 -0.00110415823654 0.00074364830413 0.0782477182431 1 1 1 1 1 1 1 1 1 1 1 1 1 1 1
6 72 -0.0814060038294 -5.97425269895e-05 0.000807410224625 0.0693523795763 1 1 1 1 1 1 1 1 1 1 1 1 1 1 1
7 84 -0.0927060952194 -0.00067346540823 0.00091852643847 0.0840349800419 1 1 1 1 1 1 1 1 1 1 1 1 1 1 1
8 96 -0.0950302980856 -0.000396034506431 0.00357305447002 0.0856925522741 1 1 1 1 1 1 1 1 1 1 1 1 1 1 1
9 108 -0.105130345756 -0.00653745771183 0.000911163354454 0.113279796351 1 1 1 1 1 1 1 1 1 1 1 1 1 1 1
10 120 -0.116909858214 -0.000738292861973 4.68439596049e-05 0.118305064133 1 1 1 1 1 1 1 1 1 1 1 1 1 1 1
11 132 -0.109450417659 -0.00218972457548 0.00314844731186 0.129468748226 1 1 1 1 1 1 1 1 1 1 1 1 1 1 1
12 144 -0.115745538202 -0.000694763666446 0.00199803442228 0.144584057422 1 1 1 1 1 1 1 1 1 1 1 1 1 1 1
13 156 -0.119193201586 -0.000199822439317 0.000373355045644 0.146933202623 1 1 1 1 1 1 1 1 1 1 1 1 1 1 1
14 168 -0.143008432953 -0.000215228542476 0.00347577743714 0.167214602713 1 1 1 1 1 1 1 1 1 1 1 1 1 1 1
15 180 -0.150033648377 -0.00204868297167 0.00349253060476 0.177753663491 1 1 1 1 1 1 1 1 1 1 1 1 1 1 1
16 192 -0.168798739578 -4.48341463621e-05 0.000271410006002 0.191737874293 1 1 1 1 1 1 1 1 1 1 1 1 1 1 1
17 204 -0.178510157575 -0.00173685895376 0.00304547509304 0.226262168806 1 1 1 1 1 1 1 1 1 1 1 1 1 1 1
18 216 -0.201871213594 -0.000347369929682 0.00154118931494 0.22850654827 1 1 1 1 1 1 1 1 1 1 1 1 1 1 1
19 228 -0.192244195184 -0.00288994749451 0.00481454179587 0.236448065894 1 1 1 1 1 1 1 1 1 1 1 1 1 1 1
20 240 -0.19129013599 -0.00122490581008 0.00620506501873 0.247163581797 1 1 1 1 1 1 1 1 1 1 1 1 1 1 1
21 252 -0.198135098502 -0.00230300844676 0.00337100302469 0.255409553897 1 1 1 1 1 1 1 1 1 1 1 1 1 1 1
22 264 -0.196398628004 -0.000124797640988 0.00289062693437 0.282109269849 1 1 1 1 1 1 1 1 1 1 1 1 1 1 1
23 276 -0.197212040867 -0.000192931364822 0.000361130145745 0.283978726449 1 1 1 1 1 1 1 1 1 1 1 1 1 1 1
24 288 -0.181639551622 -0.00583685628218 0.00423604456867 0.273864642285 1 1 1 1 1 1 1 1 1 1 1 1 1 1 1
25 300 -0.184195538882 -0.00541189466314 0.00124891456229 0.266717315362 1 1 1 1 1 1 1 1 1 1 1 1 1 1 1
26 312 -0.174638157286 -0.00386769175247 0.00608709265623 0.255684616227 1 1 1 1 1 1 1 1 1 1 1 1 1 1 1
27 324 -0.185102279431 -0.00144164368593 0.00281795863809 0.244517032539 1 1 1 1 1 1 1 1 1 1 1 1 1 1 1
28 336 -0.194365458085 -0.000539238403989 0.000343142734718 0.22349852649 1 1 1 1 1 1 1 1 1 1 1 1 1 1 1
29 348 -0.216003563485 -0.00240715301457 0.00360635822772 0.22030450886 1 1 1 1 1 1 1 1 1 1 1 1 1 1 1
30 360 -0.221698851856 -0.000328666888087 0.00367209649443 0.227752564793 1 1 1 1 1 1 1 1 1 1 1 1 1 1 1
31 372 -0.214393463416 -0.0043447660354 0.00171951986173 0.22767438266 1 1 1 1 1 1 1 1 1 1 1 1 1 1 1
32 384 -0.226247576397 -0.00078822264039 0.00546251339245 0.20962402286 1 1 1 1 1 1 1 1 1 1 1 1 1 1 1
33 396 -0.210947880695 -0.00205747749284 0.00248979680376 0.210096622027 1 1 1 1 1 1 1 1 1 1 1 1 1 1 1
34 408 -0.212590602556 -0.00329141686938 0.00242793455022 0.204448936716 1 1 1 1 1 1 1 1 1 1 1 1 1 1 1
35 420 -0.190511689543 -0.000472059304036 0.00486149834802 0.225255420628 1 1 1 1 1 1 1 1 1 1 1 1 1 1 1
36 432 -0.192704637752 -0.00274351423801 0.00384725792078 0.2200868073 1 1 1 1 1 1 1 1 1 1 1 1 1 1 1
37 444 -0.203901106367 -0.00458786483366 0.00112864684486 0.241654765632 1 1 1 1 1 1 1 1 1 1 1 1 1 1 1
38 456 -0.21873481826 -0.000907254689741 0.00480506022234 0.243546002373 1 1 1 1 1 1 1 1 1 1 1 1 1 1 1
39 468 -0.217616225507 -0.000145824527279 0.00692407494761 0.241636817417 1 1 1 1 1 1 1 1 1 1 1 1 1 1 1
40 480 -0.215413174858 -0.000568348334933 0.00128055069339 0.23950649322 1 1 1 1 1 1 1 1 1 1 1 1 1 1 1
41 492 -0.22424036282 -0.00136230455043 0.00030782983837 0.257600722755 1 1 1 1 1 1 1 1 1 1 1 1 1 1 1
42 504 -0.221152775912 -0.00108137220629 0.00283322312387 0.290741974547 1 1 1 1 1 1 1 1 1 1 1 1 1 1 1
43 516 -0.23847438852 -0.000360337866847 0.000547479633852 0.297714386578 1 1 1 1 1 1 1 1 1 1 1 1 1 1 1
44 528 -0.25151089802 -0.000645841596988 0.00082461643199 0.293835401557 1 1 1 1 1 1 1 1 1 1 1 1 1 1 1
45 540 -0.230265672798 -0.0106435998826 0.00277963322652 0.287969296055 1 1 1 1 1 1 1 1 1 1 1 1 1 1 1
46 552 -0.245673706628 -0.00147687701094 0.00220650537874 0.289001547245 1 1 1 1 1 1 1 1 1 1 1 1 1 1 1
47 564 -0.254546293971 -0.0007807446631 0.00251563337144 0.305261245143 1 1 1 1 1 1 1 1 1 1 1 1 1 1 1
48 576 -0.25748999764 -0.0107524823268 0.00171876404856 0.323197143162 1 1 1 1 1 1 1 1 1 1 1 1 1 1 1
49 588 -0.260969937079 -0.0104008277807 3.20838167651e-05 0.332925728569 1 1 1 1 1 1 1 1 1 1 1 1 1 1 1
50 600 -0.268187500206 -0.0127714153234 0.000364948569795 0.350715724315 1 1 1 1 1 1 1 1 1 1 1 1 1 1 1
51 612 -0.275034844987 -0.000510719676168 0.00701732678301 0.379526925806 1 1 1 1 1 1 1 1 1 1 1 1 1 1 1
52 624 -0.282001724767 -4.00874141435e-05 0.00796548969644 0.379280449448 1 1 1 1 1 1 1 1 1 1 1 1 1 1 1
53 636 -0.292619508786 -0.000707599520828 0.00163331052495 0.367645334488 1 1 1 1 1 1 1 1 1 1 1 1 1 1 1
54 648 -0.301863936432 -0.000734985619246 1.48840833776e-05 0.377711410985 1 1 1 1 1 1 1 1 1 1 1 1 1 1 1
55 660 -0.296110282342 -0.00247946137079 0.00529985284192 0.373210949474 1 1 1 1 1 1 1 1 1 1 1 1 1 1 1
56 672 -0.291201180285 -0.00754629422891 0.00205714611024 0.388326643334 1 1 1 1 1 1 1 1 1 1 1 1 1 1 1
57 684 -0.283783057401 -0.00407385908484 0.00133971924498 0.404698782571 1 1 1 1 1 1 1 1 1 1 1 1 1 1 1
58 696 -0.295026458196 -0.00248166694245 0.00138412921265 0.399855704033 1 1 1 1 1 1 1 1 1 1 1 1 1 1 1
59 708 -0.300602385385 -0.00408557451796 0.000137595126336 0.392834079608 1 1 1 1 1 1 1 1 1 1 1 1 1 1 1
60 720 -0.303515317096 -0.00438538233239 0.00133715479171 0.410605008223 1 1 1 1 1 1 1 1 1 1 1 1 1 1 1
61 732 -0.307303601425 -0.00734310389095 0.000513008983767 0.419440621305 1 1 1 1 1 1 1 1 1 1 1 1 1 1 1
62 744 -0.301156241286 -0.00232961316698 0.00314571582125 0.410728837885 1 1 1 1 1 1 1 1 1 1 1 1 1 1 1
63 756 -0.292186356741 -0.000153758296548 0.00219931483299 0.408608386115 1 1 1 1 1 1 1 1 1 1 1 1 1 1 1
64 768 -0.310427689597 -0.0043197447629 0.00178847248877 0.422716051212 1 1 1 1 1 1 1 1 1 1 1 1 1 1 1
65 780 -0.347839713908 -0.00112105978567 0.0034613920463 0.423310022633 1 1 1 1 1 1 1 1 1 1 1 1 1 1 1
66 792 -0.377723389781 -0.00196782445856 0.000180179319294 0.433652532696 1 1 1 1 1 1 1 1 1 1 1 1 1 1 1
67 804 -0.372337968108 -0.00238235937196 0.00507227882313 0.432603341047 1 1 1 1 1 1 1 1 1 1 1 1 1 1 1
68 816 -0.382621949376 -0.00215474608635 0.000560265184764 0.442063943698 1 1 1 1 1 1 1 1 1 1 1 1 1 1 1
69 828 -0.38800627166 -0.00161823096945 0.00556144338323 0.433943101681 1 1 1 1 1 1 1 1 1 1 1 1 1 1 1
70 840 -0.382613238808 -0.00255297460002 0.00125513202396 0.425276905615 1 1 1 1 1 1 1 1 1 1 1 1 1 1 1
71 852 -0.406358277662 -0.00390073292966 0.00336404210777 0.422232147747 1 1 1 1 1 1 1 1 1 1 1 1 1 1 1
72 864 -0.412150571122 -0.000383987688432 0.00681683842512 0.414329367139 1 1 1 1 1 1 1 1 1 1 1 1 1 1 1
73 876 -0.419089840899 -0.00074007699082 0.0104978846545 0.421843771491 1 1 1 1 1 1 1 1 1 1 1 1 1 1 1
74 888 -0.405799551414 -0.00368615584189 0.00710835606558 0.396110447741 1 1 1 1 1 1 1 1 1 1 1 1 1 1 1
75 900 -0.399772959114 -0.000965226331239 0.000931018421012 0.380332684795 1 1 1 1 1 1 1 1 1 1 1 1 1 1 1
76 912 -0.40191431005 -0.00701818573008 0.00164293853857 0.358668494688 1 1 1 1 1 1 1 1 1 1 1 1 1 1 1
77 924 -0.413518567521 -0.00171962300024 0.0013221592287 0.362769893289 1 1 1 1 1 1 1 1 1 1 1 1 1 1 1
78 936 -0.423766269233 -0.000636201712845 0.00468375759688 0.373518600981 1 1 1 1 1 1 1 1 1 1 1 1 1 1 1
79 948 -0.425507903149 -0.00355171737507 0.000870867379785 0.371749670795 1 1 1 1 1 1 1 1 1 1 1 1 1 1 1
80 960 -0.435550097405 -0.00615626256496 0.00951849567315 0.380414765846 1 1 1 1 1 1 1 1 1 1 1 1 1 1 1
81 972 -0.420708060461 -0.00762955857191 0.00584756413356 0.397791164547 1 1 1 1 1 1 1 1 1 1 1 1 1 1 1
82 984 -0.421069287098 -0.000567712864833 0.000370339583931 0.433077099373 1 1 1 1 1 1 1 1 1 1 1 1 1 1 1
83 996 -0.41654024034 -0.0086806609464 0.0160474210991 0.440115746861 1 1 1 1 1 1 1 1 1 1 1 1 1 1 1
84 1008 -0.409673904415 -0.0109927909061 0.00306890603476 0.44551330869 1 1 1 1 1 1 1 1 1 1 1 1 1 1 1
85 1020 -0.421394939128 -0.00494155455513 0.00623062481448 0.433043348992 1 1 1 1 1 1 1 1 1 1 1 1 1 1 1
86 1032 -0.415959178725 -0.00644628923202 0.00469265136346 0.443568437807 1 1 1 1 1 1 1 1 1 1 1 1 1 1 1
87 1044 -0.40025854529 -0.00166862584399 0.00990568011166 0.446022855331 1 1 1 1 1 1 1 1 1 1 1 1 1 1 1
88 1056 -0.397665436866 -0.00405027965647 0.0010691612883 0.447173753039 1 1 1 1 1 1 1 1 1 1 1 1 1 1 1
89 1068 -0.391928718219 -0.00225844810931 0.00846465973324 0.464936482543 1 1 1 1 1 1 1 1 1 1 1 1 1 1 1
90 1080 -0.404952670803 -0.012612975769 0.00806687495064 0.481795366993 1 1 1 1 1 1 1 1 1 1 1 1 1 1 1
91 1092 -0.420093510308 -0.000233716137029 0.000550425801889 0.513776883001 1 1 1 1 1 1 1 1 1 1 1 1 1 1 1
92 1104 -0.438631304202 -0.00283574208541 0.000319818908772 0.528206076882 1 1 1 1 1 1 1 1 1 1 1 1 1 1 1
93 1116 -0.445993761869 -0.00104556995744 0.00682976022624 0.53971951605 1 1 1 1 1 1 1 1 1 1 1 1 1 1 1
94 1128 -0.460064460447 -0.00509708271759 0.00271630804432 0.535836244048 1 1 1 1 1 1 1 1 1 1 1 1 1 1 1
95 1140 -0.456412152863 -0.00232243846757 0.0194161467846 0.530282534272 1 1 1 1 1 1 1 1 1 1 1 1 1 1 1
96 1152 -0.466298956673 -0.0113379785909 0.00012594714075 0.526788001429 1 1 1 1 1 1 1 1 1 1 1 1 1 1 1
97 1164 -0.463481770951 -0.000781274738318 0.00666682739787 0.518568790451 1 1 1 1 1 1 1 1 1 1 1 1 1 1 1
98 1176 -0.477330853589 -0.000755253143522 0.00242647025211 0.511416151505 1 1 1 1 1 1 1 1 1 1 1 1 1 1 1
99 1188 -0.476954581031 -0.0186936007211 0.004682646471 0.510088452496 1 1 1 1 1 1 1 1 1 1 1 1 1 1 1
100 1200 -0.474201415144 -0.00325053107218 0.00027652097748 0.500200106078 1 1 1 1 1 1 1 1 1 1 1 1 1 1 1
101 1212 -0.472760285125 -0.00149733353989 0.00374706680291 0.491349977993 1 1 1 1 1 1 1 1 1 1 1 1 1 1 1
102 1224 -0.476380447931 -0.000433623394689 0.0038089343772 0.496578222803 1 1 1 1 1 1 1 1 1 1 1 1 1 1 1
103 1236 -0.480430038185 -0.00682772182574 0.00913330985473 0.517986333758 1 1 1 1 1 1 1 1 1 1 1 1 1 1 1
104 1248 -0.476807386252 -0.00022722899996 0.0148381617792 0.524247298194 1 1 1 1 1 1 1 1 1 1 1 1 1 1 1
105 1260 -0.478286230453 -0.00441008021917 0.00687641630281 0.533387940922 1 1 1 1 1 1 1 1 1 1 1 1 1 1 1
106 1272 -0.486745153059 -0.000703615602357 0.00154163648128 0.505855550408 1 1 1 1 1 1 1 1 1 1 1 1 1 1 1
107 1284 -0.481483910507 -0.00250958229833 0.00184570140796 0.495041978363 1 1 1 1 1 1 1 1 1 1 1 1 1 1 1
108 1296 -0.491557976119 -0.0040843792347 0.00181458317473 0.492941712023 1 1 1 1 1 1 1 1 1 1 1 1 1 1 1
109 1308 -0.507287998995 -0.0172929431736 0.00443286410409 0.497438104617 1 1 1 1 1 1 1 1 1 1 1 1 1 1 1
110 1320 -0.523832024706 -0.00084309226596 0.00869841790108 0.493161683599 1 1 1 1 1 1 1 1 1 1 1 1 1 1 1
111 1332 -0.528469545116 -0.000364773545764 0.00443624742941 0.487349765392 1 1 1 1 1 1 1 1 1 1 1 1 1 1 1
112 1344 -0.522228121513 -0.00509343327633 0.00709546844563 0.484878599028 1 1 1 1 1 1 1 1 1 1 1 1 1 1 1
113 1356 -0.524477291269 -0.00204694439853 0.00105998173084 0.486520835445 1 1 1 1 1 1 1 1 1 1 1 1 1 1 1
114 1368 -0.518135929055 -0.00219449553923 0.00362884229851 0.487255196985 1 1 1 1 1 1 1 1 1 1 1 1 1 1 1
115 1380 -0.516515032854 -0.00315676093269 0.00683295734798 0.49265872142 1 1 1 1 1 1 1 1 1 1 1 1 1 1 1
116 1392 -0.508643521691 -0.0024204746025 0.00165739253302 0.492112011356 1 1 1 1 1 1 1 1 1 1 1 1 1 1 1
117 1404 -0.502296663568 -0.00134309038154 0.00130936741762 0.495830467868 1 1 1 1 1 1 1 1 1 1 1 1 1 1 1
118 1416 -0.484185873806 -0.00469011741539 0.00125511225808 0.488181537007 1 1 1 1 1 1 1 1 1 1 1 1 1 1 1
119 1428 -0.478204007634 -0.00109508922178 0.00987557315439 0.454216031212 1 1 1 1 1 1 1 1 1 1 1 1 1 1 1
120 1440 -0.487264391013 -0.00247977457865 0.00485327561371 0.448638700278 1 1 1 1 1 1 1 1 1 1 1 1 1 1 1
121 1452 -0.481550955291 -0.00144314908386 0.000676754790935 0.449494478253 1 1 1 1 1 1 1 1 1 1 1 1 1 1 1
122 1464 -0.490881523848 -0.000445428198093 0.00178202493031 0.428989395556 1 1 1 1 1 1 1 1 1 1 1 1 1 1 1
123 1476 -0.489429470274 -0.0062340601614 0.00263701030349 0.407982485199 1 1 1 1 1 1 1 1 1 1 1 1 1 1 1
124 1488 -0.523455655237 -0.00348807874963 0.000668210809727 0.423688947338 1 1 1 1 1 1 1 1 1 1 1 1 1 1 1
125 1500 -0.525250396208 -0.00598896417227 0.000501119602948 0.41323129099 1 1 1 1 1 1 1 1 1 1 1 1 1 1 1
126 1512 -0.511849070404 -7.61548902599e-05 0.00270144792777 0.427447139655 1 1 1 1 1 1 1 1 1 1 1 1 1 1 1
127 1524 -0.520222839032 -0.00269267545618 0.000389992269727 0.427333309417 1 1 1 1 1 1 1 1 1 1 1 1 1 1 1
128 1536 -0.534522769391 -0.00194973136837 0.00105134759882 0.42823742973 1 1 1 1 1 1 1 1 1 1 1 1 1 1 1
129 1548 -0.54322492435 -0.00221948759744 0.00330235544248 0.435015542593 1 1 1 1 1 1 1 1 1 1 1 1 1 1 1
130 1560 -0.558797865503 -0.00782482373666 0.00261536431689 0.427002620778 1 1 1 1 1 1 1 1 1 1 1 1 1 1 1
131 1572 -0.575166881294 -0.00634992213596 0.0132542633197 0.438104107188 1 1 1 1 1 1 1 1 1 1 1 1 1 1 1
132 1584 -0.585646372543 -0.00966536096813 5.56131084313e-05 0.469532230722 1 1 1 1 1 1 1 1 1 1 1 1 1 1 1
133 1596 -0.590882101392 -0.0030681771134 0.00367339275964 0.467722961215 1 1 1 1 1 1 1 1 1 1 1 1 1 1 1
134 1608 -0.602293179889 -0.00910374858572 0.000836585631516 0.480694785133 1 1 1 1 1 1 1 1 1 1 1 1 1 1 1
135 1620 -0.61103560481 -0.00140778280253 0.000300379463125 0.476491758813 1 1 1 1 1 1 1 1 1 1 1 1 1 1 1
136 1632 -0.598331527968 -0.00458527875853 0.000859304446894 0.465938585785 1 1 1 1 1 1 1 1 1 1 1 1 1 1 1
137 1644 -0.592703896964 -0.00105876502527 0.000121912800127 0.470791907936 1 1 1 1 1 1 1 1 1 1 1 1 1 1 1
138 1656 -0.591152289208 -0.000372214033855 0.00411098271869 0.485992907182 1 1 1 1 1 1 1 1 1 1 1 1 1 1 1
139 1668 -0.600244806709 -0.000545985602989 0.00178305673546 0.491673410138 1 1 1 1 1 1 1 1 1 1 1 1 1 1 1
140 1680 -0.610636304403 -0.0012411552211 0.00657691153744 0.488327212258 1 1 1 1 1 1 1 1 1 1 1 1 1 1 1
141 1692 -0.607457062077 -0.0029252680002 0.00957271745915 0.479266050157 1 1 1 1 1 1 1 1 1 1 1 1 1 1 1
142 1704 -0.593509812832 -0.00099430716507 0.000966166928523 0.484863638118 1 1 1 1 1 1 1 1 1 1 1 1 1 1 1
143 1716 -0.586910286318 -0.00467579566765 0.00512821254208 0.473543758863 1 1 1 1 1 1 1 1 1 1 1 1 1 1 1
144 1728 -0.588482709535 -0.00324317644452 0.00734289916919 0.484510930534 1 1 1 1 1 1 1 1 1 1 1 1 1 1 1
145 1740 -0.587572524276 -0.00458630934051 0.00584821144071 0.493539346971 1 1 1 1 1 1 1 1 1 1 1 1 1 1 1
146 1752 -0.580743043976 -0.0152947732766 0.00887703662377 0.500606108662 1 1 1 1 1 1 1 1 1 1 1 1 1 1 1
147 1764 -0.575352025507 -0.00478303311713 0.00500254577198 0.499830004117 1 1 1 1 1 1 1 1 1 1 1 1 1 1 1
148 1776 -0.576456536831 -0.000601218821055 0.000752916550393 0.507793523515 1 1 1 1 1 1 1 1 1 1 1 1 1 1 1
149 1788 -0.571376000027 -0.00618936808341 0.00920643819396 0.512108782361 1 1 1 1 1 1 1 1 1 1 1 1 1 1 1
150 1800 -0.574453742872 -0.00833074443928 0.00413883362701 0.50309142766 1 1 1 1 1 1 1 1 1 1 1 1 1 1 1
151 1812 -0.566216757233 -0.00451997479321 0.00846702422418 0.509735856493 1 1 1 1 1 1 1 1 1 1 1 1 1 1 1
152 1824 -0.564425275465 -0.00470118318415 0.00336201926824 0.514184673094 1 1 1 1 1 1 1 1 1 1 1 1 1 1 1
153 1836 -0.564894465769 -0.00343911466169 0.00243560466626 0.517904328858 1 1 1 1 1 1 1 1 1 1 1 1 1 1 1
154 1848 -0.570370051875 -0.00266979761995 0.000538916176136 0.535964110005 1 1 1 1 1 1 1 1 1 1 1 1 1 1 1
155 1860 -0.550613562958 -0.00390533687224 0.00720802418608 0.51783653247 1 1 1 1 1 1 1 1 1 1 1 1 1 1 1
156 1872 -0.541444255181 -0.00195643442746 0.00384078115199 0.533195379631 1 1 1 1 1 1 1 1 1 1 1 1 1 1 1
157 1884 -0.547544936248 -0.000349644811006 0.00085654964761 0.517068369628 1 1 1 1 1 1 1 1 1 1 1 1 1 1 1
158 1896 -0.552747729244 -0.000977048747664 0.00256454226268 0.52327980792 1 1 1 1 1 1 1 1 1 1 1 1 1 1 1
159 1908 -0.540897778408 -0.006716323919 0.00109977302213 0.521420496765 1 1 1 1 1 1 1 1 1 1 1 1 1 1 1
160 1920 -0.51076022084 -0.00595121261421 0.00109301302511 0.516720257403 1 1 1 1 1 1 1 1 1 1 1 1 1 1 1
161 1932 -0.514166950961 -0.000404894674039 0.00834165933833 0.514174423996 1 1 1 1 1 1 1 1 1 1 1 1 1 1 1
162 1944 -0.504372999068 -0.00287328457118 0.00258186338124 0.51179179153 1 1 1 1 1 1 1 1 1 1 1 1 1 1 1
163 1956 -0.510372999502 -0.0114307909487 0.00253639534454 0.513495236655 1 1 1 1 1 1 1 1 1 1 1 1 1 1 1
164 1968 -0.514373199466 -7.10867015159e-06 0.0033977049196 0.524800736553 1 1 1 1 1 1 1 1 1 1 1 1 1 1 1
165 1980 -0.519378778345 -0.00178232473197 0.0021081328986 0.525155180896 1 1 1 1 1 1 1 1 1 1 1 1 1 1 1
166 1992 -0.52158035546 -0.00407813116568 0.00616913891935 0.524872789637 1 1 1 1 1 1 1 1 1 1 1 1 1 1 1
167 2004 -0.518394213051 -0.0121133372386 0.000599924480468 0.524939121987 1 1 1 1 1 1 1 1 1 1 1 1 1 1 1
168 2016 -0.516708040407 -0.00314104649898 0.00132626893237 0.524579620187 1 1 1 1 1 1 1 1 1 1 1 1 1 1 1
169 2028 -0.523591992988 -0.00692697076278 0.00100976495417 0.514296830807 1 1 1 1 1 1 1 1 1 1 1 1 1 1 1
170 2040 -0.509636658076 -0.00378605753106 0.0134250252059 0.503784131091 1 1 1 1 1 1 1 1 1 1 1 1 1 1 1
171 2052 -0.51095399064 -0.000685746715 0.00885022521199 0.515228283591 1 1 1 1 1 1 1 1 1 1 1 1 1 1 1
172 2064 -0.510609598569 -0.00207242616973 0.00541387830461 0.52383142276 1 1 1 1 1 1 1 1 1 1 1 1 1 1 1
173 2076 -0.526559552791 -0.000492898684984 0.00107848962621 0.539045136285 1 1 1 1 1 1 1 1 1 1 1 1 1 1 1
174 2088 -0.525910501415 -0.00111308505814 0.000772166239614 0.54869023427 1 1 1 1 1 1 1 1 1 1 1 1 1 1 1
175 2100 -0.503728490123 -0.00697533628265 0.0154303394079 0.531596797364 1 1 1 1 1 1 1 1 1 1 1 1 1 1 1
176 2112 -0.518918534326 -0.00823618786065 0.00719834310338 0.548211365805 1 1 1 1 1 1 1 1 1 1 1 1 1 1 1
177 2124 -0.522006024675 -8.61159157662e-05 0.00562168536764 0.554212855766 1 1 1 1 1 1 1 1 1 1 1 1 1 1 1
178 2136 -0.517560956879 -0.00272085283568 0.00449355471628 0.563773419688 1 1 1 1 1 1 1 1 1 1 1 1 1 1 1
179 2148 -0.520944880254 -0.00447651470605 0.00120204504966 0.57050383258 1 1 1 1 1 1 1 1 1 1 1 1 1 1 1
180 2160 -0.516467025233 -0.00777166412702 0.000924451648154 0.564343705236 1 1 1 1 1 1 1 1 1 1 1 1 1 1 1
181 2172 -0.505773999076 -0.0146403052844 0.00122773810532 0.579127936337 1 1 1 1 1 1 1 1 1 1 1 1 1 1 1
182 2184 -0.517466632384 -0.00537112555469 0.00289188853371 0.584395696942 1 1 1 1 1 1 1 1 1 1 1 1 1 1 1
183 2196 -0.508250101526 -0.00467774583412 0.00230067757446 0.576912913575 1 1 1 1 1 1 1 1 1 1 1 1 1 1 1
184 2208 -0.516099029082 -0.0154833772848 0.00341729440417 0.584493950152 1 1 1 1 1 1 1 1 1 1 1 1 1 1 1
185 2220 -0.529288072055 -0.00585698725432 0.00246299516285 0.59471131655 1 1 1 1 1 1 1 1 1 1 1 1 1 1 1
186 2232 -0.526797404842 -0.00111389920432 0.00186160733186 0.584755973228 1 1 1 1 1 1 1 1 1 1 1 1 1 1 1
187 2244 -0.521879619222 -0.00531604179926 0.00598080798578 0.575856068599 1 1 1 1 1 1 1 1 1 1 1 1 1 1 1
188 2256 -0.52420383055 -0.00220367527417 0.00233033600043 0.579387250117 1 1 1 1 1 1 1 1 1 1 1 1 1 1 1
189 2268 -0.522762893415 -0.000470359839888 0.000979255203547 0.570123537075 1 1 1 1 1 1 1 1 1 1 1 1 1 1 1
190 2280 -0.531167891136 -0.000146838340882 0.00561662200315 0.565411578831 1 1 1 1 1 1 1 1 1 1 1 1 1 1 1
191 2292 -0.521085819807 -0.00966025605643 0.0143970329459 0.574193418268 1 1 1 1 1 1 1 1 1 1 1 1 1 1 1
192 2304 -0.512005309589 -0.000978368828117 0.0129524441505 0.562317648451 1 1 1 1 1 1 1 1 1 1 1 1 1 1 1
193 2316 -0.521448515531 -0.000485864213494 0.00639629317877 0.555357799382 1 1 1 1 1 1 1 1 1 1 1 1 1 1 1
194 2328 -0.505960444146 -0.000995790300584 0.00252625379128 0.543489475229 1 1 1 1 1 1 1 1 1 1 1 1 1 1 1
195 2340 -0.500130536523 -0.000866704766813 0.0215386828279 0.529359275882 1 1 1 1 1 1 1 1 1 1 1 1 1 1 1
196 2352 -0.448695560183 -0.00120496766526 0.00069996571115 0.501399727391 1 1 1 1 1 1 1 1 1 1 1 1 1 1 1
197 2364 -0.441175321663 -0.000690980909993 0.00235394400373 0.496170848068 1 1 1 1 1 1 1 1 1 1 1 1 1 1 1
198 2376 -0.448924175347 -7.34997720379e-05 0.00292592564852 0.496505765824 1 1 1 1 1 1 1 1 1 1 1 1 1 1 1
199 2388 -0.463228509281 -0.00399185322344 0.00472003072887 0.506475218963 1 1 1 1 1 1 1 1 1 1 1 1 1 1 1
200 2400 -0.461025684278 -0.00966276029743 0.0012771623849 0.512856054549 1 1 1 1 1 1 1 1 1 1 1 1 1 1 1
201 2412 -0.458589428693 -0.0131592812205 0.000515183281338 0.515308718448 1 1 1 1 1 1 1 1 1 1 1 1 1 1 1
202 2424 -0.455616379996 -0.000350205461866 0.00389756370548 0.533754861861 1 1 1 1 1 1 1 1 1 1 1 1 1 1 1
203 2436 -0.459085507455 -0.00376604164873 0.00129289116879 0.541286968754 1 1 1 1 1 1 1 1 1 1 1 1 1 1 1
204 2448 -0.450348119895 -0.00446366724674 0.00903273425996 0.545829934549 1 1 1 1 1 1 1 1 1 1 1 1 1 1 1
205 2460 -0.456703009733 -0.000444705622317 0.00139214991917 0.538962483424 1 1 1 1 1 1 1 1 1 1 1 1 1 1 1
206 2472 -0.448508670132 -0.0062136708582 0.00198877525887 0.525819112614 1 1 1 1 1 1 1 1 1 1 1 1 1 1 1
207 2484 -0.424304606915 -0.00458286834216 0.000267162289727 0.506078755416 1 1 1 1 1 1 1 1 1 1 1 1 1 1 1
208 2496 -0.428990986965 -0.00366606241191 0.0021039122163 0.497244233095 1 1 1 1 1 1 1 1 1 1 1 1 1 1 1
209 2508 -0.441488105765 -0.00291468669452 0.00651197737589 0.496774661067 1 1 1 1 1 1 1 1 1 1 1 1 1 1 1
210 2520 -0.438369042737 -0.00834284468299 0.0129611563785 0.492002040194 1 1 1 1 1 1 1 1 1 1 1 1 1 1 1
211 2532 -0.435414669824 -0.00376680777642 0.0116972129437 0.511913945029 1 1 1 1 1 1 1 1 1 1 1 1 1 1 1
212 2544 -0.433777182276 -0.0086756931579 0.00408366898895 0.516723308235 1 1 1 1 1 1 1 1 1 1 1 1 1 1 1
213 2556 -0.44315461204 -0.00534222441336 0.00729652581258 0.512769320397 1 1 1 1 1 1 1 1 1 1 1 1 1 1 1
214 2568 -0.451200879989 -0.000659462858257 0.0054632461886 0.520058519163 1 1 1 1 1 1 1 1 1 1 1 1 1 1 1
215 2580 -0.454584886678 -0.000132599477642 0.00695173470861 0.511606438517 1 1 1 1 1 1 1 1 1 1 1 1 1 1 1
216 2592 -0.458723937658 -0.00189298422905 0.00042201853424 0.512991506463 1 1 1 1 1 1 1 1 1 1 1 1 1 1 1
217 2604 -0.451361644519 -0.00451316424614 0.00355863093408 0.513415318288 1 1 1 1 1 1 1 1 1 1 1 1 1 1 1
218 2616 -0.459877682387 -0.000526206093084 0.000990642607897 0.528506495081 1 1 1 1 1 1 1 1 1 1 1 1 1 1 1
219 2628 -0.464042352096 -0.00560926667058 0.000186869807759 0.528754200889 1 1 1 1 1 1 1 1 1 1 1 1 1 1 1
220 2640 -0.447289766058 -0.00640471574463 0.0117344457825 0.515785726773 1 1 1 1 1 1 1 1 1 1 1 1 1 1 1
221 2652 -0.467485550729 -0.000318008827399 0.000211081233824 0.517210779902 1 1 1 1 1 1 1 1 1 1 1 1 1 1 1
222 2664 -0.474138525784 -0.00568978251844 0.00210499204596 0.548669261246 1 1 1 1 1 1 1 1 1 1 1 1 1 1 1
223 2676 -0.503673406629 -0.00323251279418 0.00533053936206 0.578549637473 1 1 1 1 1 1 1 1 1 1 1 1 1 1 1
224 2688 -0.511882133694 -0.00247582554895 0.000561270364237 0.599202603723 1 1 1 1 1 1 1 1 1 1 1 1 1 1 1
225 2700 -0.528822060396 -0.00386121159886 0.0070221708425 0.633480734561 1 1 1 1 1 1 1 1 1 1 1 1 1 1 1
226 2712 -0.531533485655 -0.00343458043166 0.0019709365276 0.633742240896 1 1 1 1 1 1 1 1 1 1 1 1 1 1 1
227 2724 -0.532476300726 -0.00629574749328 0.00664114310656 0.627277460734 1 1 1 1 1 1 1 1 1 1 1 1 1 1 1
228 2736 -0.531556860076 -0.00775847123674 0.0061235621217 0.630978791589 1 1 1 1 1 1 1 1 1 1 1 1 1 1 1
229 2748 -0.534103358571 -0.00535078166846 0.00748924273372 0.642755932481 1 1 1 1 1 1 1 1 1 1 1 1 1 1 1
230 2760 -0.530862819754 -0.0105455611862 0.00155204632233 0.642094609695 1 1 1 1 1 1 1 1 1 1 1 1 1 1 1
231 2772 -0.528007805566 -0.00348306431923 0.0121963406786 0.638951684084 1 1 1 1 1 1 1 1 1 1 1 1 1 1 1
232 2784 -0.517602384556 -0.00160589219023 0.00102883001352 0.638855993769 1 1 1 1 1 1 1 1 1 1 1 1 1 1 1
233 2796 -0.52246544716 -0.000926127883124 0.000636407901727 0.646102287977 1 1 1 1 1 1 1 1 1 1 1 1 1 1 1
234 2808 -0.506086370111 -0.00257359273529 0.00288066932666 0.643970595528 1 1 1 1 1 1 1 1 1 1 1 1 1 1 1
235 2820 -0.516404165337 -0.000628466501029 0.00114897159018 0.638343204659 1 1 1 1 1 1 1 1 1 1 1 1 1 1 1
236 2832 -0.519143849263 -0.000373056152886 0.00929834058384 0.641906512915 1 1 1 1 1 1 1 1 1 1 1 1 1 1 1
237 2844 -0.513544196311 -0.00750462196965 0.000465100175464 0.635723559066 1 1 1 1 1 1 1 1 1 1 1 1 1 1 1
238 2856 -0.503935988616 -0.000394887008873 0.00452311355166 0.634105456502 1 1 1 1 1 1 1 1 1 1 1 1 1 1 1
239 2868 -0.522954721185 -0.00818556171919 0.0161421729123 0.635514276901 1 1 1 1 1 1 1 1 1 1 1 1 1 1 1
240 2880 -0.519103788784 -0.00438863250373 0.00361961851344 0.634693760693 1 1 1 1 1 1 1 1 1 1 1 1 1 1 1
241 2892 -0.52273668596 -0.00128600946277 0.000916294027838 0.634978865296 1 1 1 1 1 1 1 1 1 1 1 1 1 1 1
242 2904 -0.530622340102 -0.00174843385578 0.0122586605406 0.648196425752 1 1 1 1 1 1 1 1 1 1 1 1 1 1 1
243 2916 -0.524611578837 -0.0002802215078 0.00921379767355 0.651232573505 1 1 1 1 1 1 1 1 1 1 1 1 1 1 1
244 2928 -0.5331479593 -0.0177218571202 0.0054843412554 0.625732011158 1 1 1 1 1 1 1 1 1 1 1 1 1 1 1
245 2940 -0.565093415836 -0.00614762766861 0.00402897047361 0.624176267072 1 1 1 1 1 1 1 1 1 1 1 1 1 1 1
246 2952 -0.568239388223 -0.0148858799096 0.00540863303423 0.617935574471 1 1 1 1 1 1 1 1 1 1 1 1 1 1 1
247 2964 -0.583057437634 -0.0174519554252 0.0070993072003 0.616183225082 1 1 1 1 1 1 1 1 1 1 1 1 1 1 1
248 2976 -0.575162614894 -0.00290344416642 0.015286516316 0.596637145682 1 1 1 1 1 1 1 1 1 1 1 1 1 1 1
249 2988 -0.57372070908 -0.00261749389139 0.00315167894134 0.587759879599 1 1 1 1 1 1 1 1 1 1 1 1 1 1 1
250 3000 -0.568693491071 -0.00469434967023 0.000244550557588 0.572801320792 1 1 1 1 1 1 1 1 1 1 1 1 1 1 1
251 3012 -0.566314146166 -0.000157937607506 0.00610090586336 0.570814009663 1 1 1 1 1 1 1 1 1 1 1 1 1 1 1
252 3024 -0.577036427272 -0.00469909513592 0.00642325663911 0.588034820633 1 1 1 1 1 1 1 1 1 1 1 1 1 1 1
253 3036 -0.579753020655 -0.00568901402751 0.000605237433451 0.57231776393 1 1 1 1 1 1 1 1 1 1 1 1 1 1 1
254 3048 -0.586634829529 -0.0145222879032 0.0115328377021 0.569874298601 1 1 1 1 1 1 1 1 1 1 1 1 1 1 1
255 3060 -0.592320573718 -0.00705083353795 0.0196935032967 0.570392948673 1 1 1 1 1 1 1 1 1 1 1 1 1 1 1
256 3072 -0.597428603095 -0.00794324572837 0.0131714639061 0.570741479814 1 1 1 1 1 1 1 1 1 1 1 1 1 1 1
257 3084 -0.594808649973 -0.00865534972246 0.00185630049526 0.563445426525 1 1 1 1 1 1 1 1 1 1 1 1 1 1 1
258 3096 -0.57862457237 -0.00103353313522 0.00390450130265 0.556333416288 1 1 1 1 1 1 1 1 1 1 1 1 1 1 1
259 3108 -0.578860021258 -0.00112290009847 0.00116384544096 0.560746587544 1 1 1 1 1 1 1 1 1 1 1 1 1 1 1
260 3120 -0.574038360924 -0.00371026900734 0.000988732794694 0.535355024687 1 1 1 1 1 1 1 1 1 1 1 1 1 1 1
261 3132 -0.57716765346 -0.000684437345414 0.00279571144853 0.529097125948 1 1 1 1 1 1 1 1 1 1 1 1 1 1 1
262 3144 -0.565059470136 -0.00501596608886 0.00309231245122 0.539736558273 1 1 1 1 1 1 1 1 1 1 1 1 1 1 1
263 3156 -0.56687979672 -0.00700890426181 0.00172733542329 0.537785154867 1 1 1 1 1 1 1 1 1 1 1 1 1 1 1
264 3168 -0.554148817061 -0.00554122485875 0.00150047624849 0.516174655466 1 1 1 1 1 1 1 1 1 1 1 1 1 1 1
265 3180 -0.554040699656 -0.00597472436188 0.00603131325135 0.524876797002 1 1 1 1 1 1 1 1 1 1 1 1 1 1 1
266 3192 -0.566042668078 -0.000558661664193 0.0132227776088 0.529031810904 1 1 1 1 1 1 1 1 1 1 1 1 1 1 1
267 3204 -0.565066700937 -0.00514511671116 0.00680432807989 0.52206288424 1 1 1 1 1 1 1 1 1 1 1 1 1 1 1
268 3216 -0.572030338064 -0.00179728246762 0.00244817156545 0.514130343067 1 1 1 1 1 1 1 1 1 1 1 1 1 1 1
269 3228 -0.588794702458 -0.00446969418336 0.00430785472122 0.515536219881 1 1 1 1 1 1 1 1 1 1 1 1 1 1 1
270 3240 -0.592933871429 -0.00248291599863 0.00152243851149 0.507826244682 1 1 1 1 1 1 1 1 1 1 1 1 1 1 1
271 3252 -0.594380627364 -0.0191011997999 0.000371142320382 0.497029534552 1 1 1 1 1 1 1 1 1 1 1 1 1 1 1
272 3264 -0.594672182955 -0.0159883709368 0.000461989070717 0.507322416083 1 1 1 1 1 1 1 1 1 1 1 1 1 1 1
273 3276 -0.599207553055 -0.00274222277955 0.0145571031804 0.5078541019 1 1 1 1 1 1 1 1 1 1 1 1 1 1 1
274 3288 -0.603043916841 -0.0167711393558 0.00092443887182 0.511361452305 1 1 1 1 1 1 1 1 1 1 1 1 1 1 1
275 3300 -0.597036798095 -0.00706266602388 0.00080961461373 0.499464960105 1 1 1 1 1 1 1 1 1 1 1 1 1 1 1
276 3312 -0.595937667175 -0.00593944739963 0.00432019916541 0.493951389301 1 1 1 1 1 1 1 1 1 1 1 1 1 1 1
277 3324 -0.584640060548 -0.00512783075502 0.00398931473175 0.506607261926 1 1 1 1 1 1 1 1 1 1 1 1 1 1 1
278 3336 -0.596509065692 -0.00417002887377 0.000802975128106 0.526797925975 1 1 1 1 1 1 1 1 1 1 1 1 1 1 1
279 3348 -0.604560837761 -0.0233287813324 0.00135099826432 0.52713909977 1 1 1 1 1 1 1 1 1 1 1 1 1 1 1
280 3360 -0.610677019649 -0.00880484989111 0.00268464625783 0.534451541528 1 1 1 1 1 1 1 1 1 1 1 1 1 1 1
281 3372 -0.61959074422 -0.000254133881695 0.000417891927088 0.512096570356 1 1 1 1 1 1 1 1 1 1 1 1 1 1 1
282 3384 -0.612373904511 -0.0384673420092 0.00162409984648 0.519369710939 1 1 1 1 1 1 1 1 1 1 1 1 1 1 1
283 3396 -0.610480074588 -0.0299314954176 0.00369566455304 0.514190010668 1 1 1 1 1 1 1 1 1 1 1 1 1 1 1
284 3408 -0.615275819601 -0.00441673385319 0.00211042651825 0.532114849578 1 1 1 1 1 1 1 1 1 1 1 1 1 1 1
285 3420 -0.609644524813 -0.00694661903923 0.0118181970288 0.547875457492 1 1 1 1 1 1 1 1 1 1 1 1 1 1 1
286 3432 -0.619930365409 -0.00633221679719 0.0183947528809 0.553417862228 1 1 1 1 1 1 1 1 1 1 1 1 1 1 1
287 3444 -0.616373282232 -0.0167751556978 0.0025792946788 0.566506168766 1 1 1 1 1 1 1 1 1 1 1 1 1 1 1
288 3456 -0.626569094538 -0.00425716938781 0.000495496804743 0.560571316917 1 1 1 1 1 1 1 1 1 1 1 1 1 1 1
289 3468 -0.639207647652 -0.0316224674524 0.0101852857514 0.561071550956 1 1 1 1 1 1 1 1 1 1 1 1 1 1 1
290 3480 -0.642165879762 -0.0233157111634 0.014794998513 0.568971758376 1 1 1 1 1 1 1 1 1 1 1 1 1 1 1
291 3492 -0.660001339333 -0.0185093735945 0.0163856222903 0.567024202806 1 1 1 1 1 1 1 1 1 1 1 1 1 1 1
292 3504 -0.663896434271 -0.0333306340817 0.00312936487425 0.563970505924 1 1 1 1 1 1 1 1 1 1 1 1 1 1 1
293 3516 -0.663373213461 -0.00125605643505 0.00345715606448 0.554550203606 1 1 1 1 1 1 1 1 1 1 1 1 1 1 1
294 3528 -0.656528728514 -0.0275280279879 0.0041541541999 0.55390357853 1 1 1 1 1 1 1 1 1 1 1 1 1 1 1
295 3540 -0.663534587965 -0.00128019748273 3.38479515827e-05 0.540232051663 1 1 1 1 1 1 1 1 1 1 1 1 1 1 1
296 3552 -0.671736199586 -0.00636668761173 0.000626190349405 0.539322555193 1 1 1 1 1 1 1 1 1 1 1 1 1 1 1
297 3564 -0.670127088102 -0.000927279247276 0.00115625490802 0.534826744337 1 1 1 1 1 1 1 1 1 1 1 1 1 1 1
298 3576 -0.677064185838 -0.00362147108156 0.00109243745571 0.538037822641 1 1 1 1 1 1 1 1 1 1 1 1 1 1 1
299 3588 -0.680381338113 -0.00599422147741 0.00179933653186 0.537481641659 1 1 1 1 1 1 1 1 1 1 1 1 1 1 1
300 3600 -0.684750345445 -0.00294117612909 0.0107146527974 0.53773033249 1 1 1 1 1 1 1 1 1 1 1 1 1 1 1
301 3612 -0.683110419368 -0.00227375604397 0.000123389033225 0.54171266789 1 1 1 1 1 1 1 1 1 1 1 1 1 1 1
302 3624 -0.684460220436 -0.00539738552161 0.020648488131 0.533864039189 1 1 1 1 1 1 1 1 1 1 1 1 1 1 1
303 3636 -0.681408825316 -0.012340016245 0.0121645455857 0.530537281911 1 1 1 1 1 1 1 1 1 1 1 1 1 1 1
304 3648 -0.678237420484 -0.0104869163717 0.0128511924389 0.532355679199 1 1 1 1 1 1 1 1 1 1 1 1 1 1 1
305 3660 -0.675166932907 -0.00948337019417 0.0106333587096 0.537897880004 1 1 1 1 1 1 1 1 1 1 1 1 1 1 1
306 3672 -0.671581725277 -0.00886732412641 0.00958935693008 0.535072100771 1 1 1 1 1 1 1 1 1 1 1 1 1 1 1
307 3684 -0.683780233193 -0.00648371924883 0.00311544052907 0.513191476092 1 1 1 1 1 1 1 1 1 1 1 1 1 1 1
308 3696 -0.691812791856 -0.00064015902309 0.00480221322741 0.518125522445 1 1 1 1 1 1 1 1 1 1 1 1 1 1 1
309 3708 -0.675147006143 -0.00417643325137 0.0099080605741 0.512597515335 1 1 1 1 1 1 1 1 1 1 1 1 1 1 1
310 3720 -0.669148506935 -0.00670967763751 0.0120395328162 0.510181444613 1 1 1 1 1 1 1 1 1 1 1 1 1 1 1
311 3732 -0.666152282569 -0.00313031322239 0.00748786850309 0.526607246539 1 1 1 1 1 1 1 1 1 1 1 1 1 1 1
312 3744 -0.684567514219 -0.00541075364839 0.00171909979645 0.539335468097 1 1 1 1 1 1 1 1 1 1 1 1 1 1 1
313 3756 -0.688648581299 -0.00607884422852 0.00386940620163 0.530738365812 1 1 1 1 1 1 1 1 1 1 1 1 1 1 1
314 3768 -0.687742373716 -0.00258477037184 0.00361804215001 0.526901653121 1 1 1 1 1 1 1 1 1 1 1 1 1 1 1
315 3780 -0.684616448738 -0.00873184136239 0.00741661842592 0.525249710591 1 1 1 1 1 1 1 1 1 1 1 1 1 1 1
316 3792 -0.688123525171 -0.00291688126602 0.00131296371652 0.512630933589 1 1 1 1 1 1 1 1 1 1 1 1 1 1 1
317 3804 -0.690942991824 -0.0136897702895 0.00265605283235 0.527191391902 1 1 1 1 1 1 1 1 1 1 1 1 1 1 1
318 3816 -0.696246384071 -0.00857184223963 0.000443718821862 0.518353075926 1 1 1 1 1 1 1 1 1 1 1 1 1 1 1
319 3828 -0.698192187332 -0.0019796510861 0.00575833587757 0.527220524572 1 1 1 1 1 1 1 1 1 1 1 1 1 1 1
320 3840 -0.691340662079 -0.0182150530787 0.0112212363986 0.520332739327 1 1 1 1 1 1 1 1 1 1 1 1 1 1 1
321 3852 -0.683909171996 -0.00094648303664 0.0127217807456 0.534748778861 1 1 1 1 1 1 1 1 1 1 1 1 1 1 1
322 3864 -0.677572583413 -0.00665353734966 0.0170076578072 0.536003955382 1 1 1 1 1 1 1 1 1 1 1 1 1 1 1
323 3876 -0.689184755808 -0.0101613195034 0.00376456312776 0.532782114911 1 1 1 1 1 1 1 1 1 1 1 1 1 1 1
324 3888 -0.689570534848 -0.0190347490844 0.000421721837707 0.528936987619 1 1 1 1 1 1 1 1 1 1 1 1 1 1 1
325 3900 -0.701442986102 -0.0272261107172 0.00904196046652 0.526734588557 1 1 1 1 1 1 1 1 1 1 1 1 1 1 1
326 3912 -0.710760523036 -0.00122585177439 0.019824773642 0.516115388961 1 1 1 1 1 1 1 1 1 1 1 1 1 1 1
327 3924 -0.697608531077 -0.00147254718722 0.000625082381685 0.510959640224 1 1 1 1 1 1 1 1 1 1 1 1 1 1 1
328 3936 -0.699294832028 -0.000239925546371 0.0253049464953 0.535237830374 1 1 1 1 1 1 1 1 1 1 1 1 1 1 1
329 3948 -0.693163587586 -0.0159705549967 0.02001848971 0.546681596797 1 1 1 1 1 1 1 1 1 1 1 1 1 1 1
330 3960 -0.694736193394 -0.0122461675812 0.00415915193285 0.565661855533 1 1 1 1 1 1 1 1 1 1 1 1 1 1 1
331 3972 -0.697442720998 -0.0144403046922 0.0134336347095 0.582279150128 1 1 1 1 1 1 1 1 1 1 1 1 1 1 1
332 3984 -0.693903968133 -0.00262279498632 0.0136141593189 0.592555762468 1 1 1 1 1 1 1 1 1 1 1 1 1 1 1
333 3996 -0.698857330652 -0.000776989592212 0.0103637845584 0.60420839964 1 1 1 1 1 1 1 1 1 1 1 1 1 1 1
334 4008 -0.70758465958 -0.00814501375317 0.00616776016609 0.637902730759 1 1 1 1 1 1 1 1 1 1 1 1 1 1 1
335 4020 -0.705792057133 -0.00152446310235 0.00795890808742 0.643628324442 1 1 1 1 1 1 1 1 1 1 1 1 1 1 1
336 4032 -0.696151385086 -0.0185356407236 0.00526679049748 0.637844652157 1 1 1 1 1 1 1 1 1 1 1 1 1 1 1
337 4044 -0.680512969878 -0.00173142213943 0.0235677524523 0.653188507806 1 1 1 1 1 1 1 1 1 1 1 1 1 1 1
338 4056 -0.660103137125 -0.00735116222884 0.0256951765982 0.640411969316 1 1 1 1 1 1 1 1 1 1 1 1 1 1 1
339 4068 -0.649560830393 -0.00261452860795 0.0124702900456 0.646727626379 1 1 1 1 1 1 1 1 1 1 1 1 1 1 1
340 4080 -0.657771724988 -0.00727465974595 0.00308853105779 0.6519544325 1 1 1 1 1 1 1 1 1 1 1 1 1 1 1
341 4092 -0.670211820315 -0.00426551556739 0.0171681689557 0.666031488211 1 1 1 1 1 1 1 1 1 1 1 1 1 1 1
342 4104 -0.685469649939 -0.00669064233078 0.00209081812918 0.680196627375 1 1 1 1 1 1 1 1 1 1 1 1 1 1 1
343 4116 -0.685070634833 -0.0040720566501 0.000117908897622 0.66970881584 1 1 1 1 1 1 1 1 1 1 1 1 1 1 1
344 4128 -0.667229962318 -0.014350273991 0.00451885124882 0.652370473946 1 1 1 1 1 1 1 1 1 1 1 1 1 1 1
345 4140 -0.68939878097 -0.00596819340861 0.00716815428265 0.673078953228 1 1 1 1 1 1 1 1 1 1 1 1 1 1 1
346 4152 -0.696189456232 -0.00382345322009 0.0071983337218 0.675411499748 1 1 1 1 1 1 1 1 1 1 1 1 1 1 1
347 4164 -0.696758468628 -4.62243080528e-05 0.00683088400745 0.679184172163 1 1 1 1 1 1 1 1 1 1 1 1 1 1 1
348 4176 -0.685946146028 -0.0190664531675 0.00180787285683 0.680067539677 1 1 1 1 1 1 1 1 1 1 1 1 1 1 1
349 4188 -0.687263616895 -0.00736618506656 0.0057191714959 0.691926078957 1 1 1 1 1 1 1 1 1 1 1 1 1 1 1
350 4200 -0.687340882834 -0.00134692609008 0.00650596035095 0.696186129808 1 1 1 1 1 1 1 1 1 1 1 1 1 1 1
351 4212 -0.685061608105 -0.00403808604777 0.00114693344195 0.69767202391 1 1 1 1 1 1 1 1 1 1 1 1 1 1 1
352 4224 -0.682848319393 -0.0097509857016 0.00156976762939 0.698478066227 1 1 1 1 1 1 1 1 1 1 1 1 1 1 1
353 4236 -0.675123037214 -0.00205528382515 0.000553381753974 0.700051944239 1 1 1 1 1 1 1 1 1 1 1 1 1 1 1
354 4248 -0.669155200455 -0.00458800152638 0.00226587699327 0.695861266163 1 1 1 1 1 1 1 1 1 1 1 1 1 1 1
355 4260 -0.67240078739 -0.000120238569858 0.000202876362411 0.689532860872 1 1 1 1 1 1 1 1 1 1 1 1 1 1 1
356 4272 -0.65941006562 -0.00673501776854 0.00868260583026 0.678669771572 1 1 1 1 1 1 1 1 1 1 1 1 1 1 1
357 4284 -0.664356369931 -0.00631720511259 6.55709344918e-05 0.668831510266 1 1 1 1 1 1 1 1 1 1 1 1 1 1 1
358 4296 -0.661270376078 -0.00641755365617 0.0060040663234 0.668558952452 1 1 1 1 1 1 1 1 1 1 1 1 1 1 1
359 4308 -0.663728828121 -0.0107576790565 0.00051735289149 0.668181430828 1 1 1 1 1 1 1 1 1 1 1 1 1 1 1
360 4320 -0.665065865988 -0.00392870021087 0.000274715828835 0.662828521044 1 1 1 1 1 1 1 1 1 1 1 1 1 1 1
361 4332 -0.660001606797 -0.00137541446896 0.00153828126348 0.664783732975 1 1 1 1 1 1 1 1 1 1 1 1 1 1 1
362 4344 -0.667250134577 -0.000915534792868 0.00239117782447 0.65476320013 1 1 1 1 1 1 1 1 1 1 1 1 1 1 1
363 4356 -0.661648353854 -0.00420883152916 0.00212739686956 0.661391236312 1 1 1 1 1 1 1 1 1 1 1 1 1 1 1
364 4368 -0.666978083573 -0.00941781633238 0.00561098354713 0.649719491618 1 1 1 1 1 1 1 1 1 1 1 1 1 1 1
365 4380 -0.664911125889 -0.00283045342809 0.00236662100787 0.642236326642 1 1 1 1 1 1 1 1 1 1 1 1 1 1 1
366 4392 -0.660235679796 -0.00435914706814 0.0058897783486 0.629885252696 1 1 1 1 1 1 1 1 1 1 1 1 1 1 1
367 4404 -0.676754025257 -0.00126812181784 0.00330097212709 0.631010094977 1 1 1 1 1 1 1 1 1 1 1 1 1 1 1
368 4416 -0.672849928052 -0.0014598549249 0.00983029879548 0.630170921826 1 1 1 1 1 1 1 1 1 1 1 1 1 1 1
369 4428 -0.666182053563 -0.00774110801883 0.00518637510803 0.62544709048 1 1 1 1 1 1 1 1 1 1 1 1 1 1 1
370 4440 -0.661588588952 -0.00162439129483 0.0137692514655 0.629769509077 1 1 1 1 1 1 1 1 1 1 1 1 1 1 1
371 4452 -0.665937977573 -0.00241821453527 0.000861342219523 0.63139490381 1 1 1 1 1 1 1 1 1 1 1 1 1 1 1
372 4464 -0.66553715216 -0.00644463518048 0.000598464720262 0.633917805363 1 1 1 1 1 1 1 1 1 1 1 1 1 1 1
373 4476 -0.680399503734 -0.00225330273283 0.00690107267337 0.630618754207 1 1 1 1 1 1 1 1 1 1 1 1 1 1 1
374 4488 -0.674822487399 -0.0125198657771 5.12251912324e-05 0.633112646437 1 1 1 1 1 1 1 1 1 1 1 1 1 1 1
375 4500 -0.673335967236 -0.00167131497944 0.0252508633269 0.63426815619 1 1 1 1 1 1 1 1 1 1 1 1 1 1 1
376 4512 -0.675432167043 -0.0161182477246 0.0125206249907 0.632697704797 1 1 1 1 1 1 1 1 1 1 1 1 1 1 1
377 4524 -0.666317061577 -0.00181673347207 0.00822061621033 0.646501178583 1 1 1 1 1 1 1 1 1 1 1 1 1 1 1
378 4536 -0.664656137067 -0.0114689694051 0.00135908130407 0.644176702984 1 1 1 1 1 1 1 1 1 1 1 1 1 1 1
379 4548 -0.65890522468 -0.00938712434807 0.021493630756 0.646222231679 1 1 1 1 1 1 1 1 1 1 1 1 1 1 1
380 4560 -0.656037948795 -0.00257662669679 0.00497616998428 0.610844218738 1 1 1 1 1 1 1 1 1 1 1 1 1 1 1
381 4572 -0.656424451447 -0.00912104869229 0.00122127848955 0.608413008053 1 1 1 1 1 1 1 1 1 1 1 1 1 1 1
382 4584 -0.667660896672 -0.00825522900549 0.00872616335244 0.610270572891 1 1 1 1 1 1 1 1 1 1 1 1 1 1 1
383 4596 -0.673433776729 -0.00241824430661 0.00659850780711 0.609835714556 1 1 1 1 1 1 1 1 1 1 1 1 1 1 1
384 4608 -0.678377889749 -0.0196118381621 0.0120460808084 0.608538074902 1 1 1 1 1 1 1 1 1 1 1 1 1 1 1
385 4620 -0.683027614743 -0.0113635256729 0.0132354619322 0.626124900831 1 1 1 1 1 1 1 1 1 1 1 1 1 1 1
386 4632 -0.69593253549 -0.0017426942873 0.0021951596231 0.631988529683 1 1 1 1 1 1 1 1 1 1 1 1 1 1 1
387 4644 -0.699466451921 -0.00708407330939 0.0142940982242 0.636071220993 1 1 1 1 1 1 1 1 1 1 1 1 1 1 1
388 4656 -0.704380717214 -0.000357626614533 0.0160367694302 0.643249107402 1 1 1 1 1 1 1 1 1 1 1 1 1 1 1
389 4668 -0.694346330302 -0.000800370764997 0.00923208036568 0.639996709913 1 1 1 1 1 1 1 1 1 1 1 1 1 1 1
390 4680 -0.698561022141 -0.00137838495872 0.00860014527852 0.629728814561 1 1 1 1 1 1 1 1 1 1 1 1 1 1 1
391 4692 -0.703996320268 -0.00284691392028 0.0196725693752 0.641869179425 1 1 1 1 1 1 1 1 1 1 1 1 1 1 1
392 4704 -0.699374162277 -0.00339562778146 0.018814528638 0.641173304663 1 1 1 1 1 1 1 1 1 1 1 1 1 1 1
393 4716 -0.713350121523 -0.00951137156952 0.00151064917562 0.645283450786 1 1 1 1 1 1 1 1 1 1 1 1 1 1 1
394 4728 -0.707466634966 -0.0180575746969 0.00117415216177 0.636421494906 1 1 1 1 1 1 1 1 1 1 1 1 1 1 1
395 4740 -0.71312036015 -0.00158633036082 0.00806988907422 0.632064325555 1 1 1 1 1 1 1 1 1 1 1 1 1 1 1
396 4752 -0.715243953679 -0.00397327037648 7.60820809787e-05 0.625738835833 1 1 1 1 1 1 1 1 1 1 1 1 1 1 1
397 4764 -0.720765066887 -0.00434399799984 0.000100844844905 0.623225991922 1 1 1 1 1 1 1 1 1 1 1 1 1 1 1
398 4776 -0.730927943769 -0.00917065554173 0.000267574791172 0.622123405114 1 1 1 1 1 1 1 1 1 1 1 1 1 1 1
399 4788 -0.737113876876 -0.000681133771642 0.00296353987864 0.636684241591 1 1 1 1 1 1 1 1 1 1 1 1 1 1 1
400 4800 -0.744058760925 -0.00311816351735 0.0110237638342 0.629361603459 1 1 1 1 1 1 1 1 1 1 1 1 1 1 1
401 4812 -0.764154340905 -0.0162026617355 0.0117458402016 0.63944163306 1 1 1 1 1 1 1 1 1 1 1 1 1 1 1
402 4824 -0.777676533475 -0.00753958753337 0.0129979345173 0.625696331033 1 1 1 1 1 1 1 1 1 1 1 1 1 1 1
403 4836 -0.775587544402 -0.0225345546096 0.000635733893067 0.635959846769 1 1 1 1 1 1 1 1 1 1 1 1 1 1 1
404 4848 -0.767901464378 -0.00403909364024 0.0191103996331 0.630937413217 1 1 1 1 1 1 1 1 1 1 1 1 1 1 1
405 4860 -0.766503616457 -0.0116749786692 0.0207930401186 0.619719756819 1 1 1 1 1 1 1 1 1 1 1 1 1 1 1
406 4872 -0.76896748399 -0.0113261147236 0.00534029072986 0.587754729859 1 1 1 1 1 1 1 1 1 1 1 1 1 1 1
407 4884 -0.76916632878 -0.00667889209963 0.000489750857707 0.581583149408 1 1 1 1 1 1 1 1 1 1 1 1 1 1 1
408 4896 -0.782070465916 -0.00109589351954 0.00716351162297 0.579470956925 1 1 1 1 1 1 1 1 1 1 1 1 1 1 1
409 4908 -0.780918364252 -0.0167748352722 0.00519900103922 0.576035467127 1 1 1 1 1 1 1 1 1 1 1 1 1 1 1
410 4920 -0.784357994273 -0.00528159711708 0.00985996797527 0.583521914836 1 1 1 1 1 1 1 1 1 1 1 1 1 1 1
411 4932 -0.783350359377 -0.000292619181909 0.00741922148727 0.593951573428 1 1 1 1 1 1 1 1 1 1 1 1 1 1 1
412 4944 -0.779742687114 -0.00256841348829 0.0122505346894 0.614328900437 1 1 1 1 1 1 1 1 1 1 1 1 1 1 1
413 4956 -0.773259785489 -0.00949811440124 0.0079229753964 0.612957488172 1 1 1 1 1 1 1 1 1 1 1 1 1 1 1
414 4968 -0.767439423799 -0.00516364112186 0.000489572533424 0.610878591076 1 1 1 1 1 1 1 1 1 1 1 1 1 1 1
415 4980 -0.766113143573 -0.010619158926 0.00104897499611 0.606529447547 1 1 1 1 1 1 1 1 1 1 1 1 1 1 1
416 4992 -0.769488461954 -0.00745551081366 0.0202909167025 0.608261134306 1 1 1 1 1 1 1 1 1 1 1 1 1 1 1
417 5004 -0.766124140505 -0.00794404529048 0.00879547069859 0.599320243554 1 1 1 1 1 1 1 1 1 1 1 1 1 1 1
418 5016 -0.782700015566 -0.00788830652008 0.00274153390308 0.613945402442 1 1 1 1 1 1 1 1 1 1 1 1 1 1 1
419 5028 -0.784321677423 -0.000214176471039 0.00913312452992 0.626085112044 1 1 1 1 1 1 1 1 1 1 1 1 1 1 1
420 5040 -0.785590936707 -0.000182482044357 0.0128379009518 0.633465759179 1 1 1 1 1 1 1 1 1 1 1 1 1 1 1
421 5052 -0.79297832469 -0.00257993219781 3.35169939653e-05 0.62923839897 1 1 1 1 1 1 1 1 1 1 1 1 1 1 1
422 5064 -0.789067511992 -0.00222401582567 0.000714773924881 0.627872309584 1 1 1 1 1 1 1 1 1 1 1 1 1 1 1
423 5076 -0.782138613862 -0.0204330995225 0.00451112791734 0.632337582533 1 1 1 1 1 1 1 1 1 1 1 1 1 1 1
424 5088 -0.783200891234 -0.0069339280472 0.0109442123437 0.629572629557 1 1 1 1 1 1 1 1 1 1 1 1 1 1 1
425 5100 -0.795123185151 -0.00195514495506 0.00988042575296 0.628904121243 1 1 1 1 1 1 1 1 1 1 1 1 1 1 1
426 5112 -0.790965238667 -0.00368150689864 0.00765542876857 0.633256400222 1 1 1 1 1 1 1 1 1 1 1 1 1 1 1
427 5124 -0.792345334765 -0.00343124574245 1.30378337587e-05 0.639905308073 1 1 1 1 1 1 1 1 1 1 1 1 1 1 1
428 5136 -0.785288238576 -0.0022910449917 0.00548664679082 0.643806159792 1 1 1 1 1 1 1 1 1 1 1 1 1 1 1
429 5148 -0.787432640276 -0.00148999598853 0.00163930642087 0.644537700359 1 1 1 1 1 1 1 1 1 1 1 1 1 1 1
430 5160 -0.785964934081 -0.00172840517668 0.00180510358701 0.647773839194 1 1 1 1 1 1 1 1 1 1 1 1 1 1 1
431 5172 -0.780718632982 -0.00347943836686 0.00341846457011 0.649261844856 1 1 1 1 1 1 1 1 1 1 1 1 1 1 1
432 5184 -0.767503764974 -0.00302277059712 0.00229855975191 0.652441170225 1 1 1 1 1 1 1 1 1 1 1 1 1 1 1
433 5196 -0.767294106381 -0.00326611803567 0.0089350353116 0.656520254058 1 1 1 1 1 1 1 1 1 1 1 1 1 1 1
434 5208 -0.765456744886 -0.000669983752237 0.0150284316924 0.655040028257 1 1 1 1 1 1 1 1 1 1 1 1 1 1 1
435 5220 -0.767625692904 -0.0209745414339 0.00216437164085 0.651862919445 1 1 1 1 1 1 1 1 1 1 1 1 1 1 1
436 5232 -0.767240666194 -0.00211736322005 0.00341245434447 0.636807808362 1 1 1 1 1 1 1 1 1 1 1 1 1 1 1
437 5244 -0.763774112843 -0.002298294198 0.00769086028272 0.63458332525 1 1 1 1 1 1 1 1 1 1 1 1 1 1 1
438 5256 -0.760062791936 -0.00598350764036 0.00385945849463 0.633828274633 1 1 1 1 1 1 1 1 1 1 1 1 1 1 1
439 5268 -0.755043495216 -0.00712631510406 0.00120099819605 0.622257789499 1 1 1 1 1 1 1 1 1 1 1 1 1 1 1
440 5280 -0.748404092413 -0.00493687247393 0.00038420739039 0.619769215761 1 1 1 1 1 1 1 1 1 1 1 1 1 1 1
441 5292 -0.731102757642 -0.00917357990637 0.000435609641657 0.620130367182 1 1 1 1 1 1 1 1 1 1 1 1 1 1 1
442 5304 -0.720061281706 -0.00173442169529 0.00491354998302 0.623517392407 1 1 1 1 1 1 1 1 1 1 1 1 1 1 1
443 5316 -0.719992983616 -0.011457659721 0.0021391035524 0.621627348302 1 1 1 1 1 1 1 1 1 1 1 1 1 1 1
444 5328 -0.711621790116 -0.0102211626323 0.00481708051766 0.618052190092 1 1 1 1 1 1 1 1 1 1 1 1 1 1 1
445 5340 -0.712338889596 -0.0101207063652 0.00262077399663 0.623500712441 1 1 1 1 1 1 1 1 1 1 1 1 1 1 1
446 5352 -0.711943854205 -0.00280348165312 0.0107047016211 0.615236532015 1 1 1 1 1 1 1 1 1 1 1 1 1 1 1
447 5364 -0.706517505664 -0.00618388826257 0.00643977046002 0.622287344946 1 1 1 1 1 1 1 1 1 1 1 1 1 1 1
448 5376 -0.699009500803 -0.00256766230287 0.00696184519341 0.625232476952 1 1 1 1 1 1 1 1 1 1 1 1 1 1 1
449 5388 -0.697016296375 -0.00453839746431 0.0175971139386 0.625217487806 1 1 1 1 1 1 1 1 1 1 1 1 1 1 1
450 5400 -0.697926980628 -0.00767040260798 0.01337358329 0.610276461226 1 1 1 1 1 1 1 1 1 1 1 1 1 1 1
451 5412 -0.709478808599 -0.00759426783635 0.00827388756516 0.614759576733 1 1 1 1 1 1 1 1 1 1 1 1 1 1 1
452 5424 -0.721780127998 -0.00211431487133 0.000736129439457 0.637181884129 1 1 1 1 1 1 1 1 1 1 1 1 1 1 1
453 5436 -0.724531078404 -0.00269085991424 0.00343390831425 0.645213632518 1 1 1 1 1 1 1 1 1 1 1 1 1 1 1
454 5448 -0.711111008726 -0.0018318242481 0.00432454577673 0.626957291707 1 1 1 1 1 1 1 1 1 1 1 1 1 1 1
455 5460 -0.71371889073 -0.0119489585142 0.0113551284331 0.632737871034 1 1 1 1 1 1 1 1 1 1 1 1 1 1 1
456 5472 -0.716428757347 -0.00331280856277 0.0132392992561 0.627293849534 1 1 1 1 1 1 1 1 1 1 1 1 1 1 1
457 5484 -0.719462173628 -0.00319066802513 0.00839167066585 0.624410756618 1 1 1 1 1 1 1 1 1 1 1 1 1 1 1
458 5496 -0.734728511865 -0.001521500613 5.69981384878e-05 0.649175469798 1 1 1 1 1 1 1 1 1 1 1 1 1 1 1
459 5508 -0.746108872366 -0.0025452416327 0.000570628915512 0.658367920602 1 1 1 1 1 1 1 1 1 1 1 1 1 1 1
460 5520 -0.751429346673 -0.00354602635832 0.00175031930618 0.654588820187 1 1 1 1 1 1 1 1 1 1 1 1 1 1 1
461 5532 -0.748474846799 -0.00134863673262 0.0104225578022 0.650472340861 1 1 1 1 1 1 1 1 1 1 1 1 1 1 1
462 5544 -0.734375989727 -0.00108702083381 0.00289709279114 0.657716071529 1 1 1 1 1 1 1 1 1 1 1 1 1 1 1
463 5556 -0.739760717223 -0.00330232372276 0.00535141795272 0.655893346958 1 1 1 1 1 1 1 1 1 1 1 1 1 1 1
464 5568 -0.741374919027 -0.00075984443953 0.00414186706051 0.657943149906 1 1 1 1 1 1 1 1 1 1 1 1 1 1 1
465 5580 -0.747256933022 -0.00118477680054 0.000707032455406 0.673939194417 1 1 1 1 1 1 1 1 1 1 1 1 1 1 1
466 5592 -0.745711392075 -0.00329795064106 0.0136798106679 0.672599055887 1 1 1 1 1 1 1 1 1 1 1 1 1 1 1
467 5604 -0.754155016701 -0.00138664582602 0.0104417219543 0.67132171232 1 1 1 1 1 1 1 1 1 1 1 1 1 1 1
468 5616 -0.747704959816 -0.0180351024836 0.00637214055267 0.670073411841 1 1 1 1 1 1 1 1 1 1 1 1 1 1 1
469 5628 -0.7495116042 -0.0010773168515 0.0184702542059 0.666775349859 1 1 1 1 1 1 1 1 1 1 1 1 1 1 1
470 5640 -0.755972304886 -0.0042157995778 0.000546559154673 0.664983474185 1 1 1 1 1 1 1 1 1 1 1 1 1 1 1
471 5652 -0.75999141633 -0.0157606127903 0.00111978850422 0.679919232521 1 1 1 1 1 1 1 1 1 1 1 1 1 1 1
472 5664 -0.753853562064 -0.0136239588654 0.00137394885149 0.681703384411 1 1 1 1 1 1 1 1 1 1 1 1 1 1 1
473 5676 -0.748380318081 -0.0145425800456 0.0106324917359 0.682579239072 1 1 1 1 1 1 1 1 1 1 1 1 1 1 1
474 5688 -0.745146960414 -0.00615932375542 0.00422967932584 0.673397085041 1 1 1 1 1 1 1 1 1 1 1 1 1 1 1
475 5700 -0.723461426916 -0.000272771342246 0.00485654083188 0.644080293253 1 1 1 1 1 1 1 1 1 1 1 1 1 1 1
476 5712 -0.722174361099 -0.00104922588821 0.00997999046189 0.637017103688 1 1 1 1 1 1 1 1 1 1 1 1 1 1 1
477 5724 -0.724474322539 -0.00128545332563 0.00450816682651 0.640595870271 1 1 1 1 1 1 1 1 1 1 1 1 1 1 1
478 5736 -0.718446375128 -0.00247178667391 0.00235487815141 0.643468281564 1 1 1 1 1 1 1 1 1 1 1 1 1 1 1
479 5748 -0.713577508405 -0.00239842921041 0.000496674714089 0.639105378582 1 1 1 1 1 1 1 1 1 1 1 1 1 1 1
480 5760 -0.706058292988 -0.00860635022734 0.00613203441532 0.636337670039 1 1 1 1 1 1 1 1 1 1 1 1 1 1 1
481 5772 -0.709033481088 -0.00252692139686 0.001482511044 0.641787981911 1 1 1 1 1 1 1 1 1 1 1 1 1 1 1
482 5784 -0.711317658469 -0.00218742885404 0.00563889232632 0.646779232579 1 1 1 1 1 1 1 1 1 1 1 1 1 1 1
483 5796 -0.724326987893 -0.00417589756627 0.00769124072548 0.654807398546 1 1 1 1 1 1 1 1 1 1 1 1 1 1 1
484 5808 -0.737127498482 -0.00436744816299 0.00357170847084 0.652793458022 1 1 1 1 1 1 1 1 1 1 1 1 1 1 1
485 5820 -0.735814565493 -0.00152858395835 0.000325635146207 0.6616472803 1 1 1 1 1 1 1 1 1 1 1 1 1 1 1
486 5832 -0.734056232313 -0.00483014320646 0.000727257817621 0.665492913253 1 1 1 1 1 1 1 1 1 1 1 1 1 1 1
487 5844 -0.734022103941 -0.00158755248892 0.000640641812092 0.668762346771 1 1 1 1 1 1 1 1 1 1 1 1 1 1 1
488 5856 -0.744930954744 -0.00383731519673 0.00585824096829 0.676131449749 1 1 1 1 1 1 1 1 1 1 1 1 1 1 1
489 5868 -0.740921712053 -0.00204696874844 0.00833137173177 0.674971869803 1 1 1 1 1 1 1 1 1 1 1 1 1 1 1
490 5880 -0.740978642136 -0.010193471717 0.00553151384674 0.684066087801 1 1 1 1 1 1 1 1 1 1 1 1 1 1 1
491 5892 -0.743885312228 -0.00227658947378 0.00124029045909 0.69197291267 1 1 1 1 1 1 1 1 1 1 1 1 1 1 1
492 5904 -0.745480882791 -0.00524215280939 0.000564330783915 0.685411704928 1 1 1 1 1 1 1 1 1 1 1 1 1 1 1
493 5916 -0.759717398504 -0.00419912157128 0.00666929564666 0.71032166744 1 1 1 1 1 1 1 1 1 1 1 1 1 1 1
494 5928 -0.75946604679 -0.0105617142059 0.000587813985129 0.708678291224 1 1 1 1 1 1 1 1 1 1 1 1 1 1 1
495 5940 -0.75716597259 -0.0065205009083 0.00579477508542 0.70131598878 1 1 1 1 1 1 1 1 1 1 1 1 1 1 1
496 5952 -0.758778777692 -0.00712533252337 0.00808427476255 0.716092499571 1 1 1 1 1 1 1 1 1 1 1 1 1 1 1
497 5964 -0.751987147942 -0.00689336513623 0.00105517840152 0.715941520369 1 1 1 1 1 1 1 1 1 1 1 1 1 1 1
498 5976 -0.760683728218 -0.00250092542188 0.0014321344675 0.705804477688 1 1 1 1 1 1 1 1 1 1 1 1 1 1 1
499 5988 -0.758700465837 -0.0019954502852 0.00106959356393 0.702775151336 1 1 1 1 1 1 1 1 1 1 1 1 1 1 1
500 6000 -0.761541238141 -0.000433699481917 0.00585602036094 0.704903163901 1 1 1 1 1 1 1 1 1 1 1 1 1 1 1
501 6012 -0.755511850789 -0.00394707472096 0.0108383893076 0.700175347748 1 1 1 1 1 1 1 1 1 1 1 1 1 1 1
502 6024 -0.758472568815 -0.00558286963457 0.00308835964777 0.695628828643 1 1 1 1 1 1 1 1 1 1 1 1 1 1 1
503 6036 -0.75574044965 -0.00281108510907 0.0010367276776 0.686102138365 1 1 1 1 1 1 1 1 1 1 1 1 1 1 1
504 6048 -0.746623533866 -0.0162020505976 0.00106589389971 0.685663324479 1 1 1 1 1 1 1 1 1 1 1 1 1 1 1
505 6060 -0.747693168546 -0.00120261226207 0.00144706956941 0.693071399999 1 1 1 1 1 1 1 1 1 1 1 1 1 1 1
506 6072 -0.75265739951 -0.00469675332492 0.000221841179344 0.67390069408 1 1 1 1 1 1 1 1 1 1 1 1 1 1 1
507 6084 -0.752353885333 -0.000550253099661 0.00427505311864 0.671143422043 1 1 1 1 1 1 1 1 1 1 1 1 1 1 1
508 6096 -0.749517159218 -0.00235987615119 0.024998875628 0.666703435661 1 1 1 1 1 1 1 1 1 1 1 1 1 1 1
509 6108 -0.754095424699 -0.0192054781908 0.00536641667106 0.673029132216 1 1 1 1 1 1 1 1 1 1 1 1 1 1 1
510 6120 -0.755864205996 -0.00270214130076 0.0228168942176 0.666998097504 1 1 1 1 1 1 1 1 1 1 1 1 1 1 1
511 6132 -0.761489181713 -0.00192827538036 0.0287065801862 0.661978257612 1 1 1 1 1 1 1 1 1 1 1 1 1 1 1
512 6144 -0.760467665464 -0.00331069842827 0.00641458286632 0.659135458526 1 1 1 1 1 1 1 1 1 1 1 1 1 1 1
513 6156 -0.77346984072 -0.00904469318587 0.000247511066027 0.649737399084 1 1 1 1 1 1 1 1 1 1 1 1 1 1 1
514 6168 -0.77612548585 -0.00405720677578 0.0139528202013 0.65620254785 1 1 1 1 1 1 1 1 1 1 1 1 1 1 1
515 6180 -0.788898515069 -0.0143030523549 0.015026005929 0.659915475592 1 1 1 1 1 1 1 1 1 1 1 1 1 1 1
516 6192 -0.782338155032 -0.02060883669 0.00106579451306 0.663585841885 1 1 1 1 1 1 1 1 1 1 1 1 1 1 1
517 6204 -0.781261468562 -0.0182679099264 0.0229484380708 0.663927166189 1 1 1 1 1 1 1 1 1 1 1 1 1 1 1
518 6216 -0.785284206304 -0.00529034304035 0.0122120521634 0.663496787115 1 1 1 1 1 1 1 1 1 1 1 1 1 1 1
519 6228 -0.78549888783 -0.000233621013138 0.00651573373882 0.660061124259 1 1 1 1 1 1 1 1 1 1 1 1 1 1 1
520 6240 -0.787835844987 -0.00488540927736 0.00471691629788 0.659253059721 1 1 1 1 1 1 1 1 1 1 1 1 1 1 1
521 6252 -0.787504480712 -0.00517884844517 0.0231126248726 0.657539787952 1 1 1 1 1 1 1 1 1 1 1 1 1 1 1
522 6264 -0.788126201295 -0.0013840158972 0.00166999215155 0.657041319579 1 1 1 1 1 1 1 1 1 1 1 1 1 1 1
523 6276 -0.789447748465 -0.00116992101329 0.00186407607379 0.670906663232 1 1 1 1 1 1 1 1 1 1 1 1 1 1 1
524 6288 -0.783022000156 -0.00128923948224 0.0101143733041 0.675741723599 1 1 1 1 1 1 1 1 1 1 1 1 1 1 1
525 6300 -0.777331234199 -0.00873651523454 0.00630410416296 0.677892365638 1 1 1 1 1 1 1 1 1 1 1 1 1 1 1
526 6312 -0.795986486943 -0.00598336343103 0.00478893289807 0.688434561841 1 1 1 1 1 1 1 1 1 1 1 1 1 1 1
527 6324 -0.788717613876 -0.0008211981548 0.00217753094732 0.692687407152 1 1 1 1 1 1 1 1 1 1 1 1 1 1 1
528 6336 -0.784065529464 -0.0137618953786 0.00227362143879 0.696753651277 1 1 1 1 1 1 1 1 1 1 1 1 1 1 1
529 6348 -0.787034997354 -0.0137935155394 0.00483570309225 0.696918244737 1 1 1 1 1 1 1 1 1 1 1 1 1 1 1
530 6360 -0.789186259538 -0.000797955926374 0.00446947134404 0.698418763242 1 1 1 1 1 1 1 1 1 1 1 1 1 1 1
531 6372 -0.788607708702 -0.00490782257385 0.00215776943403 0.696910989902 1 1 1 1 1 1 1 1 1 1 1 1 1 1 1
532 6384 -0.786983080357 -0.00275983013023 0.00351630091882 0.706295229132 1 1 1 1 1 1 1 1 1 1 1 1 1 1 1
533 6396 -0.784751634853 -0.00651290193911 0.00130093300573 0.706211045986 1 1 1 1 1 1 1 1 1 1 1 1 1 1 1
534 6408 -0.795107963238 -0.00621548017433 0.00179060720573 0.698014455173 1 1 1 1 1 1 1 1 1 1 1 1 1 1 1
535 6420 -0.798912146157 -0.0142530839485 0.00438617139589 0.710896829395 1 1 1 1 1 1 1 1 1 1 1 1 1 1 1
536 6432 -0.794382244385 -0.00122473540377 0.0124060164196 0.711698752711 1 1 1 1 1 1 1 1 1 1 1 1 1 1 1
537 6444 -0.796277955375 -0.0106937761399 0.000955602667165 0.709569142621 1 1 1 1 1 1 1 1 1 1 1 1 1 1 1
538 6456 -0.795730076903 -0.0147959576227 0.00788578765562 0.705663353996 1 1 1 1 1 1 1 1 1 1 1 1 1 1 1
539 6468 -0.807089748176 -0.00971581803654 0.002043474318 0.707548309453 1 1 1 1 1 1 1 1 1 1 1 1 1 1 1
540 6480 -0.808089822471 -0.00208239217159 0.00839722411013 0.708726066014 1 1 1 1 1 1 1 1 1 1 1 1 1 1 1
541 6492 -0.807946329899 -0.0185745792079 0.00594537163117 0.716845822711 1 1 1 1 1 1 1 1 1 1 1 1 1 1 1
542 6504 -0.803266897551 -0.0183739442158 0.011288134506 0.714348660372 1 1 1 1 1 1 1 1 1 1 1 1 1 1 1
543 6516 -0.807145146561 -0.0047906734917 0.00244775197481 0.713282917893 1 1 1 1 1 1 1 1 1 1 1 1 1 1 1
544 6528 -0.806338855777 -0.00920432618041 0.0139738592494 0.715801671301 1 1 1 1 1 1 1 1 1 1 1 1 1 1 1
545 6540 -0.810208094707 -0.002424915624 0.00768161357772 0.722604171668 1 1 1 1 1 1 1 1 1 1 1 1 1 1 1
546 6552 -0.812194679591 -0.000300123241153 0.0186995401707 0.730578063956 1 1 1 1 1 1 1 1 1 1 1 1 1 1 1
547 6564 -0.822439393104 -0.00195999904737 0.0202829986494 0.730201878622 1 1 1 1 1 1 1 1 1 1 1 1 1 1 1
548 6576 -0.817490182245 -0.0112466838476 0.00596317029698 0.727751993795 1 1 1 1 1 1 1 1 1 1 1 1 1 1 1
549 6588 -0.81646798592 -0.0119203774412 0.00843143540911 0.728133623372 1 1 1 1 1 1 1 1 1 1 1 1 1 1 1
550 6600 -0.814877681816 -0.024404464975 0.0036770085691 0.731144088847 1 1 1 1 1 1 1 1 1 1 1 1 1 1 1
551 6612 -0.817640268496 -0.00120873322423 0.024083680629 0.732720762218 1 1 1 1 1 1 1 1 1 1 1 1 1 1 1
552 6624 -0.818706421035 -0.00348254320237 0.00634919834519 0.743785279353 1 1 1 1 1 1 1 1 1 1 1 1 1 1 1
553 6636 -0.820640089726 -0.00127942612994 0.00488937887722 0.731942877383 1 1 1 1 1 1 1 1 1 1 1 1 1 1 1
554 6648 -0.817028170663 -0.00514999653834 0.00490738082851 0.74393077221 1 1 1 1 1 1 1 1 1 1 1 1 1 1 1
555 6660 -0.812075158698 -0.00871078406908 0.00521517155544 0.742673104114 1 1 1 1 1 1 1 1 1 1 1 1 1 1 1
556 6672 -0.805198970091 -0.00233613704267 0.00522605926613 0.73588148129 1 1 1 1 1 1 1 1 1 1 1 1 1 1 1
557 6684 -0.808491341746 -0.000230421924449 0.000621817894533 0.731167542389 1 1 1 1 1 1 1 1 1 1 1 1 1 1 1
558 6696 -0.807729730307 -0.00497996120999 0.000593434331254 0.733885768789 1 1 1 1 1 1 1 1 1 1 1 1 1 1 1
559 6708 -0.801702243549 -0.0165222821432 0.00202033546372 0.729908602387 1 1 1 1 1 1 1 1 1 1 1 1 1 1 1
560 6720 -0.801565831214 -0.00841726800786 0.00105398964582 0.734540020356 1 1 1 1 1 1 1 1 1 1 1 1 1 1 1
561 6732 -0.802901362376 -0.00218204407551 0.0057300900887 0.736209962247 1 1 1 1 1 1 1 1 1 1 1 1 1 1 1
562 6744 -0.802270666403 -0.00243966657295 0.00478648134924 0.734982633788 1 1 1 1 1 1 1 1 1 1 1 1 1 1 1
563 6756 -0.804961603536 -0.00889755605426 0.00535665158107 0.736136988795 1 1 1 1 1 1 1 1 1 1 1 1 1 1 1
564 6768 -0.807173879798 -0.0032469115315 0.00326939432605 0.742659398154 1 1 1 1 1 1 1 1 1 1 1 1 1 1 1
565 6780 -0.809138060412 -0.0022505835218 0.000401737316718 0.736998959678 1 1 1 1 1 1 1 1 1 1 1 1 1 1 1
566 6792 -0.811869862451 -0.00113766970857 0.0128844995491 0.723449141115 1 1 1 1 1 1 1 1 1 1 1 1 1 1 1
567 6804 -0.813572060805 -0.00256330555241 0.00153093486946 0.696971949714 1 1 1 1 1 1 1 1 1 1 1 1 1 1 1
568 6816 -0.809503887826 -0.00104103232821 0.00192458417004 0.686377472992 1 1 1 1 1 1 1 1 1 1 1 1 1 1 1
569 6828 -0.807938357539 -2.11422208336e-05 0.000175251298629 0.685855719395 1 1 1 1 1 1 1 1 1 1 1 1 1 1 1
570 6840 -0.80286928362 -0.00426735431517 0.00132306657285 0.701054951129 1 1 1 1 1 1 1 1 1 1 1 1 1 1 1
571 6852 -0.79522692062 -0.0129140703424 0.00874381880125 0.698141151837 1 1 1 1 1 1 1 1 1 1 1 1 1 1 1
572 6864 -0.791627302193 -0.00530326217548 0.0106738724186 0.702346439976 1 1 1 1 1 1 1 1 1 1 1 1 1 1 1
573 6876 -0.789802187081 -0.00969528746416 0.000112343477691 0.703254318787 1 1 1 1 1 1 1 1 1 1 1 1 1 1 1
574 6888 -0.788892062426 -0.00921266975535 0.0240201475345 0.700836305494 1 1 1 1 1 1 1 1 1 1 1 1 1 1 1
575 6900 -0.786114774612 -0.002027211612 0.0188692180186 0.691895412283 1 1 1 1 1 1 1 1 1 1 1 1 1 1 1
576 6912 -0.785318615798 -0.00412940233214 0.00672810612283 0.678187875426 1 1 1 1 1 1 1 1 1 1 1 1 1 1 1
577 6924 -0.774223412688 -0.00547253320545 0.00708565485418 0.676446563885 1 1 1 1 1 1 1 1 1 1 1 1 1 1 1
578 6936 -0.778340376563 -0.00419885470861 0.00299387895657 0.679559512595 1 1 1 1 1 1 1 1 1 1 1 1 1 1 1
579 6948 -0.785040621059 -0.0165188876568 0.00348911485511 0.681091794963 1 1 1 1 1 1 1 1 1 1 1 1 1 1 1
580 6960 -0.782537817748 -0.0143643590953 0.00033741296912 0.676507545079 1 1 1 1 1 1 1 1 1 1 1 1 1 1 1
581 6972 -0.787306849217 -0.00192056558737 0.000793582712469 0.675042100828 1 1 1 1 1 1 1 1 1 1 1 1 1 1 1
582 6984 -0.788580288066 -0.00095710946669 0.00296045187354 0.689334479823 1 1 1 1 1 1 1 1 1 1 1 1 1 1 1
583 6996 -0.791616161455 -0.00076011693325 0.0257549834643 0.68596486467 1 1 1 1 1 1 1 1 1 1 1 1 1 1 1
584 7008 -0.796847351642 -0.00538555830108 0.00117449845946 0.690693912172 1 1 1 1 1 1 1 1 1 1 1 1 1 1 1
585 7020 -0.790945193713 -0.00120967063316 0.00120038308751 0.686030013056 1 1 1 1 1 1 1 1 1 1 1 1 1 1 1
