% # columns="iteration, evaluation, min max(neg(.)) min(pos(.)) max correlation, correlation matrix principle axes lengths  (sorted square roots of eigenvalues of correlation matrix)", seed=17, Sun Feb  4 03:22:03 2018
1 12 -0.0280898119729 -0.000298537680594 0.000431276939255 0.0342995725809 1 1 1 1 1 1 1 1 1 1 1 1 1 1 1
2 24 -0.0430502788514 -8.51918678465e-05 0.000104060030081 0.0514990290584 1 1 1 1 1 1 1 1 1 1 1 1 1 1 1
3 36 -0.0639757527549 -0.000772555506156 0.000319163101005 0.0714910223431 1 1 1 1 1 1 1 1 1 1 1 1 1 1 1
4 48 -0.0744614304709 -0.000406132570254 0.000462582515106 0.0736054411198 1 1 1 1 1 1 1 1 1 1 1 1 1 1 1
5 60 -0.0966965414128 -0.000160306033865 0.000315015608057 0.0972877758548 1 1 1 1 1 1 1 1 1 1 1 1 1 1 1
6 72 -0.133423640528 -0.000910901991695 3.52733937071e-05 0.142414397042 1 1 1 1 1 1 1 1 1 1 1 1 1 1 1
7 84 -0.162147669883 -0.00130676865553 0.00182561283964 0.15919830203 1 1 1 1 1 1 1 1 1 1 1 1 1 1 1
8 96 -0.187960642847 -0.00155430906021 0.000339628396763 0.188379010682 1 1 1 1 1 1 1 1 1 1 1 1 1 1 1
9 108 -0.202216873861 -0.00071307845615 0.00184145603508 0.204827324693 1 1 1 1 1 1 1 1 1 1 1 1 1 1 1
10 120 -0.205783426359 -2.6267643401e-05 0.000596351418399 0.23131894328 1 1 1 1 1 1 1 1 1 1 1 1 1 1 1
11 132 -0.216732734857 -0.000134977354659 0.000845284609929 0.257873383554 1 1 1 1 1 1 1 1 1 1 1 1 1 1 1
12 144 -0.223819227513 -0.000878609232108 0.00202159356143 0.244563920932 1 1 1 1 1 1 1 1 1 1 1 1 1 1 1
13 156 -0.218867098028 -0.000411938341339 0.00260133428849 0.254539565992 1 1 1 1 1 1 1 1 1 1 1 1 1 1 1
14 168 -0.233023572493 -0.000130845487133 0.00569656245379 0.300472727036 1 1 1 1 1 1 1 1 1 1 1 1 1 1 1
15 180 -0.254208556059 -0.003135488522 0.011554012475 0.321605696799 1 1 1 1 1 1 1 1 1 1 1 1 1 1 1
16 192 -0.263766293754 -0.0054178657903 0.00495723449567 0.341710264305 1 1 1 1 1 1 1 1 1 1 1 1 1 1 1
17 204 -0.25688058076 -0.0014807891395 0.00409809238996 0.349818966255 1 1 1 1 1 1 1 1 1 1 1 1 1 1 1
18 216 -0.285744134283 -0.00152016555357 0.00413283527428 0.343148033707 1 1 1 1 1 1 1 1 1 1 1 1 1 1 1
19 228 -0.303352779821 -0.00194778662743 0.000893277772387 0.325476581874 1 1 1 1 1 1 1 1 1 1 1 1 1 1 1
20 240 -0.303023222105 -0.000218118959041 0.00110552142161 0.337757818643 1 1 1 1 1 1 1 1 1 1 1 1 1 1 1
21 252 -0.312080580806 -0.00449676899003 0.00146573834381 0.330183331449 1 1 1 1 1 1 1 1 1 1 1 1 1 1 1
22 264 -0.31724616888 -0.00178791605293 0.000476987464344 0.337318145109 1 1 1 1 1 1 1 1 1 1 1 1 1 1 1
23 276 -0.295592373202 -0.0024046320001 0.000914342625997 0.349867393033 1 1 1 1 1 1 1 1 1 1 1 1 1 1 1
24 288 -0.304305837215 -0.00292858582222 0.00630036076254 0.372709774052 1 1 1 1 1 1 1 1 1 1 1 1 1 1 1
25 300 -0.301357427867 -0.000933151186976 0.000981258785537 0.361668858817 1 1 1 1 1 1 1 1 1 1 1 1 1 1 1
26 312 -0.30921810282 -0.00412983361105 0.000434696739051 0.3563699255 1 1 1 1 1 1 1 1 1 1 1 1 1 1 1
27 324 -0.295951417418 -0.0019313914622 0.00348783860184 0.347496007814 1 1 1 1 1 1 1 1 1 1 1 1 1 1 1
28 336 -0.302826226603 -0.0022012222075 0.00254992235731 0.343535579758 1 1 1 1 1 1 1 1 1 1 1 1 1 1 1
29 348 -0.286508313202 -0.000830473569954 0.000224746847525 0.319931845022 1 1 1 1 1 1 1 1 1 1 1 1 1 1 1
30 360 -0.282687538395 -0.00109693139545 0.00126440437072 0.31735929462 1 1 1 1 1 1 1 1 1 1 1 1 1 1 1
31 372 -0.279287886156 -0.00134807060351 0.0013479754991 0.306607408511 1 1 1 1 1 1 1 1 1 1 1 1 1 1 1
32 384 -0.281623764415 -0.000749975867228 0.00763344366254 0.316104062216 1 1 1 1 1 1 1 1 1 1 1 1 1 1 1
33 396 -0.292865765888 -0.00152444251526 0.00393180419065 0.306767263759 1 1 1 1 1 1 1 1 1 1 1 1 1 1 1
34 408 -0.28278484363 -0.0051462727963 0.000928717092423 0.312701216467 1 1 1 1 1 1 1 1 1 1 1 1 1 1 1
35 420 -0.300069169249 -0.00158199307781 0.000564867023071 0.320024836657 1 1 1 1 1 1 1 1 1 1 1 1 1 1 1
36 432 -0.303785960836 -0.00169588673065 0.000104764038023 0.30914461711 1 1 1 1 1 1 1 1 1 1 1 1 1 1 1
37 444 -0.306232669058 -0.00137010301375 0.00579594412961 0.297515750647 1 1 1 1 1 1 1 1 1 1 1 1 1 1 1
38 456 -0.30780383739 -0.00284167099155 0.000283346480608 0.294568311803 1 1 1 1 1 1 1 1 1 1 1 1 1 1 1
39 468 -0.305938457697 -0.0016874236506 0.00726314898965 0.290740426048 1 1 1 1 1 1 1 1 1 1 1 1 1 1 1
40 480 -0.313374656951 -0.00138815215437 0.0117888648269 0.281993884455 1 1 1 1 1 1 1 1 1 1 1 1 1 1 1
41 492 -0.29241072379 -0.00181221585836 0.004985329646 0.285274059084 1 1 1 1 1 1 1 1 1 1 1 1 1 1 1
42 504 -0.295184069713 -0.00106850307235 0.00230368812611 0.287564396808 1 1 1 1 1 1 1 1 1 1 1 1 1 1 1
43 516 -0.299831284599 -0.00506188122499 0.0025949909132 0.287634697718 1 1 1 1 1 1 1 1 1 1 1 1 1 1 1
44 528 -0.296995619687 -0.00021664603958 0.00485571462801 0.277809162646 1 1 1 1 1 1 1 1 1 1 1 1 1 1 1
45 540 -0.295486387247 -0.00590505783722 0.00257165943217 0.273942121397 1 1 1 1 1 1 1 1 1 1 1 1 1 1 1
46 552 -0.30528565772 -0.000556615583161 0.00201598157908 0.281679469137 1 1 1 1 1 1 1 1 1 1 1 1 1 1 1
47 564 -0.291820042886 -0.000171904217835 9.71322451709e-05 0.259272243397 1 1 1 1 1 1 1 1 1 1 1 1 1 1 1
48 576 -0.294435328286 -0.0015651749679 0.000975796042585 0.262644844809 1 1 1 1 1 1 1 1 1 1 1 1 1 1 1
49 588 -0.324443995464 -0.00595392938687 0.00170587994341 0.270622980116 1 1 1 1 1 1 1 1 1 1 1 1 1 1 1
50 600 -0.326613660957 -0.00351171262752 0.00239249016206 0.282474023019 1 1 1 1 1 1 1 1 1 1 1 1 1 1 1
51 612 -0.322301878285 -0.0118395844576 0.0105064279798 0.288317683997 1 1 1 1 1 1 1 1 1 1 1 1 1 1 1
52 624 -0.318436530165 -0.00498619273592 0.00425188347307 0.306015138723 1 1 1 1 1 1 1 1 1 1 1 1 1 1 1
53 636 -0.31373782518 -0.005953723127 0.00380385244883 0.301018139757 1 1 1 1 1 1 1 1 1 1 1 1 1 1 1
54 648 -0.300565173234 -0.00334913954816 0.00313932160332 0.27143373787 1 1 1 1 1 1 1 1 1 1 1 1 1 1 1
55 660 -0.306159054701 -0.000718156467945 0.000574393661519 0.269649845614 1 1 1 1 1 1 1 1 1 1 1 1 1 1 1
56 672 -0.324597983764 -0.00123401358569 0.00584747850817 0.279776271604 1 1 1 1 1 1 1 1 1 1 1 1 1 1 1
57 684 -0.3198952503 -0.000205907037255 0.00353131048552 0.275587462161 1 1 1 1 1 1 1 1 1 1 1 1 1 1 1
58 696 -0.321137595843 -0.00367089239757 0.00162937543092 0.262835850004 1 1 1 1 1 1 1 1 1 1 1 1 1 1 1
59 708 -0.321153883438 -0.00212124670306 0.0023486521032 0.252205428216 1 1 1 1 1 1 1 1 1 1 1 1 1 1 1
60 720 -0.315937772583 -0.00220610581816 0.000576128085552 0.238050130525 1 1 1 1 1 1 1 1 1 1 1 1 1 1 1
61 732 -0.345889288031 -0.000875170325763 0.00612248224835 0.253776273531 1 1 1 1 1 1 1 1 1 1 1 1 1 1 1
62 744 -0.357782737781 -0.00107010751236 0.000913616636317 0.276874750873 1 1 1 1 1 1 1 1 1 1 1 1 1 1 1
63 756 -0.362187631795 -0.00752533554866 0.00728131581753 0.254833504387 1 1 1 1 1 1 1 1 1 1 1 1 1 1 1
