% # columns="iteration, evaluation, min max(neg(.)) min(pos(.)) max correlation, correlation matrix principle axes lengths  (sorted square roots of eigenvalues of correlation matrix)", seed=6, Mon Jan 29 09:58:56 2018
1 12 -0.0291366530463 -0.000598547650968 0.000173318268976 0.021912582484 1 1 1 1 1 1 1 1 1 1 1 1 1 1 1
2 24 -0.0387636194622 -0.000284590791543 0.000436445166074 0.0471598861079 1 1 1 1 1 1 1 1 1 1 1 1 1 1 1
3 36 -0.040043052772 -0.00209615141397 0.000466442853513 0.0510963437533 1 1 1 1 1 1 1 1 1 1 1 1 1 1 1
4 48 -0.0564708014108 -0.000134828825182 7.63635770911e-05 0.0579732307416 1 1 1 1 1 1 1 1 1 1 1 1 1 1 1
5 60 -0.0648549337646 -0.000939737873964 0.000252398591769 0.0814928314683 1 1 1 1 1 1 1 1 1 1 1 1 1 1 1
6 72 -0.0649222753913 -0.00248245432434 0.000272185369116 0.0978970055898 1 1 1 1 1 1 1 1 1 1 1 1 1 1 1
7 84 -0.075310698134 -0.000332102632332 0.000721605306784 0.108548745799 1 1 1 1 1 1 1 1 1 1 1 1 1 1 1
8 96 -0.096098200022 -0.00109593603892 0.000509518717308 0.118499045914 1 1 1 1 1 1 1 1 1 1 1 1 1 1 1
9 108 -0.107508179282 -0.00100667797761 0.000931495556599 0.111924223055 1 1 1 1 1 1 1 1 1 1 1 1 1 1 1
10 120 -0.116229446156 -0.00352308427336 0.00118371863049 0.112746699649 1 1 1 1 1 1 1 1 1 1 1 1 1 1 1
11 132 -0.131234217735 -0.000770081847143 0.00516450481427 0.122541532287 1 1 1 1 1 1 1 1 1 1 1 1 1 1 1
12 144 -0.130223439403 -0.000180113448564 0.000135006121306 0.126508136822 1 1 1 1 1 1 1 1 1 1 1 1 1 1 1
13 156 -0.143562938555 -0.000645022500928 0.00196447881257 0.127418441991 1 1 1 1 1 1 1 1 1 1 1 1 1 1 1
14 168 -0.184851722367 -0.00910807078701 0.0010203358328 0.171470043119 1 1 1 1 1 1 1 1 1 1 1 1 1 1 1
15 180 -0.226265796507 -0.00318322581344 0.00167114207694 0.151063909079 1 1 1 1 1 1 1 1 1 1 1 1 1 1 1
16 192 -0.248185530737 -0.00206341819122 0.00264037191197 0.154409853253 1 1 1 1 1 1 1 1 1 1 1 1 1 1 1
17 204 -0.252123056331 -0.000326724195793 0.00537872025076 0.174813731641 1 1 1 1 1 1 1 1 1 1 1 1 1 1 1
18 216 -0.264757746313 -0.00241809009116 0.00172056558833 0.179422823475 1 1 1 1 1 1 1 1 1 1 1 1 1 1 1
19 228 -0.267787659282 -0.000980742274933 0.00461128235188 0.183959290111 1 1 1 1 1 1 1 1 1 1 1 1 1 1 1
20 240 -0.254446786829 -0.0033780432085 0.000161360712885 0.19612111485 1 1 1 1 1 1 1 1 1 1 1 1 1 1 1
21 252 -0.255148453194 -0.00276016364073 0.000557027676235 0.220782242203 1 1 1 1 1 1 1 1 1 1 1 1 1 1 1
22 264 -0.264848154347 -0.000507576915949 0.00417085922022 0.224197236433 1 1 1 1 1 1 1 1 1 1 1 1 1 1 1
23 276 -0.257613453154 -0.00225571133452 0.00109987285326 0.220550635985 1 1 1 1 1 1 1 1 1 1 1 1 1 1 1
24 288 -0.261320337968 -0.00763519184788 0.00174530560999 0.240351882232 1 1 1 1 1 1 1 1 1 1 1 1 1 1 1
25 300 -0.258630270144 -0.00162061315416 0.00128002178625 0.24403901403 1 1 1 1 1 1 1 1 1 1 1 1 1 1 1
26 312 -0.254539190894 -0.000440379394491 0.000235701136179 0.232570553388 1 1 1 1 1 1 1 1 1 1 1 1 1 1 1
27 324 -0.252448706736 -0.00158114456849 0.00556629295265 0.224160266315 1 1 1 1 1 1 1 1 1 1 1 1 1 1 1
28 336 -0.242815013175 -0.000309544035384 0.00321364273843 0.24248533909 1 1 1 1 1 1 1 1 1 1 1 1 1 1 1
29 348 -0.23820483844 -0.00109319710867 0.000240510283291 0.251115034473 1 1 1 1 1 1 1 1 1 1 1 1 1 1 1
30 360 -0.251109476784 -0.0032545543835 0.00024845915556 0.251506503993 1 1 1 1 1 1 1 1 1 1 1 1 1 1 1
31 372 -0.246745004164 -0.000184721802502 0.000146532278332 0.237007605022 1 1 1 1 1 1 1 1 1 1 1 1 1 1 1
32 384 -0.259755777547 -0.000705087148188 0.0022594086009 0.247736106774 1 1 1 1 1 1 1 1 1 1 1 1 1 1 1
33 396 -0.27263246631 -0.000313876623861 0.000754342507501 0.213902931367 1 1 1 1 1 1 1 1 1 1 1 1 1 1 1
34 408 -0.283497842674 -0.00199166852029 0.00265613017379 0.217417124395 1 1 1 1 1 1 1 1 1 1 1 1 1 1 1
35 420 -0.267890047363 -0.000552644566412 0.000336807426158 0.234006820961 1 1 1 1 1 1 1 1 1 1 1 1 1 1 1
36 432 -0.253374180496 -0.0039198025701 0.00252283921827 0.251132848244 1 1 1 1 1 1 1 1 1 1 1 1 1 1 1
37 444 -0.255660370347 -0.00126654173619 0.00507789393398 0.251387082744 1 1 1 1 1 1 1 1 1 1 1 1 1 1 1
38 456 -0.252099015902 -0.00125075775615 0.00459492199883 0.248852551898 1 1 1 1 1 1 1 1 1 1 1 1 1 1 1
39 468 -0.245280982183 -0.00101106026945 0.000499699464897 0.258749057327 1 1 1 1 1 1 1 1 1 1 1 1 1 1 1
40 480 -0.235610345515 -0.00584298256329 0.00284580750978 0.256984626364 1 1 1 1 1 1 1 1 1 1 1 1 1 1 1
41 492 -0.234622378071 -0.000166518618551 0.0011003281283 0.256873985654 1 1 1 1 1 1 1 1 1 1 1 1 1 1 1
42 504 -0.25415124038 -0.00154978056486 0.006625775853 0.257516202577 1 1 1 1 1 1 1 1 1 1 1 1 1 1 1
43 516 -0.251020054765 -0.000665815762037 0.00134076894664 0.29021735894 1 1 1 1 1 1 1 1 1 1 1 1 1 1 1
44 528 -0.260843628948 -0.00159194845617 0.000218431451137 0.281613815417 1 1 1 1 1 1 1 1 1 1 1 1 1 1 1
45 540 -0.249229173278 -0.00186644576485 0.0013882924968 0.298164161376 1 1 1 1 1 1 1 1 1 1 1 1 1 1 1
46 552 -0.256213590905 -0.000428547768321 0.000277306492021 0.30845213465 1 1 1 1 1 1 1 1 1 1 1 1 1 1 1
47 564 -0.265738867552 -0.0004180469788 0.00063749338202 0.337445611987 1 1 1 1 1 1 1 1 1 1 1 1 1 1 1
48 576 -0.261722261866 -0.000177929954329 0.00251621560734 0.333250327799 1 1 1 1 1 1 1 1 1 1 1 1 1 1 1
49 588 -0.253715321294 -0.000575014270928 0.00269333452407 0.328981864264 1 1 1 1 1 1 1 1 1 1 1 1 1 1 1
50 600 -0.246008292082 -0.00721280300786 0.00866955655296 0.328631503379 1 1 1 1 1 1 1 1 1 1 1 1 1 1 1
51 612 -0.248405565038 -0.00397882497377 0.000452618059496 0.304687786741 1 1 1 1 1 1 1 1 1 1 1 1 1 1 1
52 624 -0.253136013827 -0.00476715899591 0.000481784610247 0.303924146682 1 1 1 1 1 1 1 1 1 1 1 1 1 1 1
53 636 -0.224508886633 -5.71073599534e-05 0.000310985165959 0.316666910038 1 1 1 1 1 1 1 1 1 1 1 1 1 1 1
54 648 -0.217632625722 -0.00582560341586 0.00326807076844 0.311065686726 1 1 1 1 1 1 1 1 1 1 1 1 1 1 1
55 660 -0.220773897626 -0.00308854265718 0.00241869171278 0.300670240127 1 1 1 1 1 1 1 1 1 1 1 1 1 1 1
56 672 -0.191670941139 -0.00305398048929 0.00061075012304 0.303885989824 1 1 1 1 1 1 1 1 1 1 1 1 1 1 1
57 684 -0.214879350674 -0.010872146118 0.00569355690454 0.310656151423 1 1 1 1 1 1 1 1 1 1 1 1 1 1 1
58 696 -0.224556389198 -0.00105125743111 0.00852445675789 0.312391419795 1 1 1 1 1 1 1 1 1 1 1 1 1 1 1
59 708 -0.235808990132 -0.00445458023317 0.00056198962116 0.316901451158 1 1 1 1 1 1 1 1 1 1 1 1 1 1 1
60 720 -0.244542593218 -0.00166504372121 0.000780527195174 0.353762368059 1 1 1 1 1 1 1 1 1 1 1 1 1 1 1
61 732 -0.24686889304 -0.000972468081626 9.5033072285e-05 0.360599182312 1 1 1 1 1 1 1 1 1 1 1 1 1 1 1
62 744 -0.261324677099 -0.0019536197163 0.00186979029271 0.345876308913 1 1 1 1 1 1 1 1 1 1 1 1 1 1 1
63 756 -0.249701943635 -0.00524755976138 0.000554444804101 0.352760644086 1 1 1 1 1 1 1 1 1 1 1 1 1 1 1
64 768 -0.268781910461 -0.0029485481097 0.00445676202652 0.355953537537 1 1 1 1 1 1 1 1 1 1 1 1 1 1 1
65 780 -0.263238068188 -0.00335824138733 0.000918997864961 0.351071548676 1 1 1 1 1 1 1 1 1 1 1 1 1 1 1
66 792 -0.256816071037 -0.000920562379701 0.0244522775781 0.347707045415 1 1 1 1 1 1 1 1 1 1 1 1 1 1 1
67 804 -0.279997118232 -0.00660353586345 0.00681475490664 0.362547962859 1 1 1 1 1 1 1 1 1 1 1 1 1 1 1
68 816 -0.306770274772 -0.000434618703862 0.000767600122678 0.377897743738 1 1 1 1 1 1 1 1 1 1 1 1 1 1 1
69 828 -0.312025945442 -0.0193363194805 0.00231680552975 0.37822037201 1 1 1 1 1 1 1 1 1 1 1 1 1 1 1
70 840 -0.322941608443 -0.0020625399733 0.00298853629354 0.368478150428 1 1 1 1 1 1 1 1 1 1 1 1 1 1 1
71 852 -0.318718227456 -8.17941618885e-05 0.00364205416341 0.359395716412 1 1 1 1 1 1 1 1 1 1 1 1 1 1 1
72 864 -0.317917125054 -0.00610131018896 0.00037376215107 0.369528494834 1 1 1 1 1 1 1 1 1 1 1 1 1 1 1
73 876 -0.312058742296 -0.0054658146844 0.00140321876809 0.370986121702 1 1 1 1 1 1 1 1 1 1 1 1 1 1 1
74 888 -0.314202365012 -0.00148007167359 0.00458252254494 0.37094567534 1 1 1 1 1 1 1 1 1 1 1 1 1 1 1
75 900 -0.345190233713 -0.0016691533988 0.00744452649494 0.385307382525 1 1 1 1 1 1 1 1 1 1 1 1 1 1 1
76 912 -0.349719208681 -0.00350543999124 0.000256743526251 0.393328847553 1 1 1 1 1 1 1 1 1 1 1 1 1 1 1
77 924 -0.355030347522 -0.000249454237929 0.00912535945545 0.402572267102 1 1 1 1 1 1 1 1 1 1 1 1 1 1 1
78 936 -0.375249519216 -0.0193576605223 0.00174234904629 0.411889961316 1 1 1 1 1 1 1 1 1 1 1 1 1 1 1
79 948 -0.368662463584 -0.000379004204496 0.00787412642199 0.416302498474 1 1 1 1 1 1 1 1 1 1 1 1 1 1 1
80 960 -0.364738281794 -0.000445064539262 0.00447880965725 0.391327909432 1 1 1 1 1 1 1 1 1 1 1 1 1 1 1
81 972 -0.363625884994 -0.0145123825335 0.00618983744739 0.40681808599 1 1 1 1 1 1 1 1 1 1 1 1 1 1 1
82 984 -0.353296712951 -0.0081337812809 0.00218348483352 0.406095478846 1 1 1 1 1 1 1 1 1 1 1 1 1 1 1
83 996 -0.388513862195 -0.0276920977907 0.00479234542687 0.416654720912 1 1 1 1 1 1 1 1 1 1 1 1 1 1 1
84 1008 -0.386633734759 -0.0136068097705 0.0114371638356 0.40437931552 1 1 1 1 1 1 1 1 1 1 1 1 1 1 1
85 1020 -0.391099415638 -0.026844238839 0.00500014447218 0.380772535289 1 1 1 1 1 1 1 1 1 1 1 1 1 1 1
86 1032 -0.387713040584 -0.00660524980096 0.00447841081032 0.358719483274 1 1 1 1 1 1 1 1 1 1 1 1 1 1 1
87 1044 -0.386302864061 -0.017004456568 0.00350526275081 0.367631961433 1 1 1 1 1 1 1 1 1 1 1 1 1 1 1
88 1056 -0.394329766543 -0.00447207078431 0.00180178820331 0.363712131774 1 1 1 1 1 1 1 1 1 1 1 1 1 1 1
89 1068 -0.380435274306 -0.0160936720682 0.00100641879085 0.36409515951 1 1 1 1 1 1 1 1 1 1 1 1 1 1 1
90 1080 -0.380599594028 -0.00522952704829 0.00661301114456 0.350729871813 1 1 1 1 1 1 1 1 1 1 1 1 1 1 1
91 1092 -0.387557872954 -0.000174646556493 0.00403114065591 0.358804590632 1 1 1 1 1 1 1 1 1 1 1 1 1 1 1
92 1104 -0.374165257624 -0.000833392724182 0.00830206056155 0.370379288377 1 1 1 1 1 1 1 1 1 1 1 1 1 1 1
93 1116 -0.394163192619 -0.00290681773429 0.0173919342682 0.377702204903 1 1 1 1 1 1 1 1 1 1 1 1 1 1 1
94 1128 -0.395912604309 -0.00647348005038 0.00902600827095 0.382045264076 1 1 1 1 1 1 1 1 1 1 1 1 1 1 1
95 1140 -0.394262634082 -0.00178213267309 0.00159296649018 0.399747497575 1 1 1 1 1 1 1 1 1 1 1 1 1 1 1
96 1152 -0.384128751835 -0.02088125447 0.00178491954572 0.394007373568 1 1 1 1 1 1 1 1 1 1 1 1 1 1 1
97 1164 -0.384889977458 -0.000710797049255 0.000953710611588 0.396850747614 1 1 1 1 1 1 1 1 1 1 1 1 1 1 1
98 1176 -0.380247884136 -0.00625839652306 0.00227457941475 0.392356515081 1 1 1 1 1 1 1 1 1 1 1 1 1 1 1
99 1188 -0.336141110069 -0.0104010262463 0.00450009962025 0.389777473857 1 1 1 1 1 1 1 1 1 1 1 1 1 1 1
100 1200 -0.327804368517 -0.00913201300267 0.0116011076161 0.403863536584 1 1 1 1 1 1 1 1 1 1 1 1 1 1 1
101 1212 -0.344029773499 -0.00537127022865 6.47604224397e-05 0.411874613198 1 1 1 1 1 1 1 1 1 1 1 1 1 1 1
102 1224 -0.357062252569 -0.00329000184742 0.00310642368272 0.403430593757 1 1 1 1 1 1 1 1 1 1 1 1 1 1 1
103 1236 -0.380964862503 -0.0150234186087 0.00867044436432 0.399036816465 1 1 1 1 1 1 1 1 1 1 1 1 1 1 1
104 1248 -0.401646832798 -0.00196912846386 0.00265390058214 0.399167534239 1 1 1 1 1 1 1 1 1 1 1 1 1 1 1
105 1260 -0.385763050451 -0.0017261749357 0.0175368978483 0.404672104141 1 1 1 1 1 1 1 1 1 1 1 1 1 1 1
106 1272 -0.38600827227 -0.00557229478323 0.0118223046757 0.41192780903 1 1 1 1 1 1 1 1 1 1 1 1 1 1 1
107 1284 -0.413297094537 -0.0112936349233 0.00446107838552 0.403731068633 1 1 1 1 1 1 1 1 1 1 1 1 1 1 1
108 1296 -0.424463099611 -0.0125376265586 0.00416569166278 0.42664335785 1 1 1 1 1 1 1 1 1 1 1 1 1 1 1
109 1308 -0.415112527955 -0.0265035493535 0.0106458705876 0.440877816543 1 1 1 1 1 1 1 1 1 1 1 1 1 1 1
110 1320 -0.441361149091 -0.00276222220429 0.00217015192513 0.44861052293 1 1 1 1 1 1 1 1 1 1 1 1 1 1 1
111 1332 -0.451952863162 -0.0128715854868 0.00889576293722 0.454003052546 1 1 1 1 1 1 1 1 1 1 1 1 1 1 1
112 1344 -0.441717455994 -0.0104852596619 0.00059861590358 0.451044716997 1 1 1 1 1 1 1 1 1 1 1 1 1 1 1
113 1356 -0.426646251908 -0.0175167616872 0.0128099636573 0.463530591722 1 1 1 1 1 1 1 1 1 1 1 1 1 1 1
114 1368 -0.431758765417 -0.0132923570045 0.011475042609 0.45611689636 1 1 1 1 1 1 1 1 1 1 1 1 1 1 1
115 1380 -0.456019752478 -0.026277497991 0.000265384169744 0.46071042009 1 1 1 1 1 1 1 1 1 1 1 1 1 1 1
116 1392 -0.467054264837 -0.00345737220208 0.00810287904427 0.471764000975 1 1 1 1 1 1 1 1 1 1 1 1 1 1 1
117 1404 -0.472293501137 -0.00183000140429 0.00503384231821 0.476228720716 1 1 1 1 1 1 1 1 1 1 1 1 1 1 1
118 1416 -0.458248671565 -0.0327689790267 0.00530816489235 0.478689940006 1 1 1 1 1 1 1 1 1 1 1 1 1 1 1
119 1428 -0.477777163435 -0.00289801547961 0.0156930170553 0.477285537326 1 1 1 1 1 1 1 1 1 1 1 1 1 1 1
120 1440 -0.471295334083 -0.0207050415117 0.00437800394749 0.488151805858 1 1 1 1 1 1 1 1 1 1 1 1 1 1 1
121 1452 -0.457091273624 -0.00500897227521 0.0215793531209 0.47432667029 1 1 1 1 1 1 1 1 1 1 1 1 1 1 1
122 1464 -0.453213923621 -0.0205696315893 0.0144808315312 0.471609165881 1 1 1 1 1 1 1 1 1 1 1 1 1 1 1
123 1476 -0.458661478624 -0.0253860066584 0.0119827999608 0.479497532136 1 1 1 1 1 1 1 1 1 1 1 1 1 1 1
124 1488 -0.453884900131 -0.00523047192512 0.0160964257091 0.478806112662 1 1 1 1 1 1 1 1 1 1 1 1 1 1 1
125 1500 -0.454752002919 -0.00100526500827 0.0062226286253 0.473707644271 1 1 1 1 1 1 1 1 1 1 1 1 1 1 1
126 1512 -0.459691548705 -0.0111642499028 0.0032414647919 0.479329864442 1 1 1 1 1 1 1 1 1 1 1 1 1 1 1
127 1524 -0.459307826026 -0.0126654289018 0.00187840794027 0.484520304279 1 1 1 1 1 1 1 1 1 1 1 1 1 1 1
128 1536 -0.458115603959 -0.00696024103497 0.00558790782612 0.487343491584 1 1 1 1 1 1 1 1 1 1 1 1 1 1 1
129 1548 -0.459852892727 -0.0124862628342 0.00751544326765 0.499427947657 1 1 1 1 1 1 1 1 1 1 1 1 1 1 1
130 1560 -0.445779084354 -0.00600933278967 0.0190886995513 0.496825841698 1 1 1 1 1 1 1 1 1 1 1 1 1 1 1
131 1572 -0.437747832589 -0.0189789387606 0.00605079357811 0.505560244362 1 1 1 1 1 1 1 1 1 1 1 1 1 1 1
132 1584 -0.434987976128 -0.0246549255807 0.0108255170465 0.510946828683 1 1 1 1 1 1 1 1 1 1 1 1 1 1 1
133 1596 -0.447773059683 -0.00760642547733 0.0419687198697 0.51072925915 1 1 1 1 1 1 1 1 1 1 1 1 1 1 1
134 1608 -0.447781020585 -0.00986920144856 0.0103824227735 0.506264475811 1 1 1 1 1 1 1 1 1 1 1 1 1 1 1
135 1620 -0.442132719588 -0.0035710574169 0.000619327150038 0.499915070756 1 1 1 1 1 1 1 1 1 1 1 1 1 1 1
136 1632 -0.445653618015 -0.00276684601503 0.0211141289927 0.500565088662 1 1 1 1 1 1 1 1 1 1 1 1 1 1 1
137 1644 -0.4445527394 -0.00222335946972 0.0185579420679 0.510893811844 1 1 1 1 1 1 1 1 1 1 1 1 1 1 1
138 1656 -0.431854035125 -0.00208456592406 0.010020673448 0.522798574495 1 1 1 1 1 1 1 1 1 1 1 1 1 1 1
139 1668 -0.429408512721 -0.0132388424566 0.0145442527767 0.531036612852 1 1 1 1 1 1 1 1 1 1 1 1 1 1 1
140 1680 -0.428901831534 -0.000107672350878 0.0086565794493 0.534264223495 1 1 1 1 1 1 1 1 1 1 1 1 1 1 1
141 1692 -0.428423618703 -0.0113184010687 0.00567707966871 0.542909660398 1 1 1 1 1 1 1 1 1 1 1 1 1 1 1
142 1704 -0.433787418364 -0.00724146603046 0.00356634948169 0.551926873154 1 1 1 1 1 1 1 1 1 1 1 1 1 1 1
143 1716 -0.436439638828 -0.0187976042942 0.0086417204484 0.567663294808 1 1 1 1 1 1 1 1 1 1 1 1 1 1 1
144 1728 -0.444045772464 -0.0148139061996 0.0253666317248 0.580829882373 1 1 1 1 1 1 1 1 1 1 1 1 1 1 1
145 1740 -0.451973617537 -0.00999360794678 0.0167294156787 0.575081262569 1 1 1 1 1 1 1 1 1 1 1 1 1 1 1
146 1752 -0.460295078989 -0.00166047876133 0.025561617335 0.578669053221 1 1 1 1 1 1 1 1 1 1 1 1 1 1 1
147 1764 -0.463677905882 -0.00643157275519 0.00211066862509 0.584720359181 1 1 1 1 1 1 1 1 1 1 1 1 1 1 1
148 1776 -0.467872618147 -0.00495506824402 0.000830541074408 0.588519941774 1 1 1 1 1 1 1 1 1 1 1 1 1 1 1
149 1788 -0.48707109776 -0.00109639821033 0.0108319855881 0.602115847885 1 1 1 1 1 1 1 1 1 1 1 1 1 1 1
150 1800 -0.502718266316 -0.00816074334824 0.00213092778753 0.606798327061 1 1 1 1 1 1 1 1 1 1 1 1 1 1 1
151 1812 -0.516633686109 -0.010035793932 0.00536466979035 0.608333807196 1 1 1 1 1 1 1 1 1 1 1 1 1 1 1
152 1824 -0.52056911141 -0.000950164744417 0.00989783113098 0.595474021219 1 1 1 1 1 1 1 1 1 1 1 1 1 1 1
153 1836 -0.520484839284 -0.00215138652471 0.00128843521437 0.594454852757 1 1 1 1 1 1 1 1 1 1 1 1 1 1 1
154 1848 -0.523707312617 -0.00343629904978 0.0128165908876 0.603417831722 1 1 1 1 1 1 1 1 1 1 1 1 1 1 1
155 1860 -0.516038179937 -0.00258573095834 0.0144784557113 0.59446747188 1 1 1 1 1 1 1 1 1 1 1 1 1 1 1
156 1872 -0.509166999409 -0.0088349831272 0.00901092413123 0.58772727272 1 1 1 1 1 1 1 1 1 1 1 1 1 1 1
157 1884 -0.496573825508 -0.0141019523315 0.00388613287059 0.595656001279 1 1 1 1 1 1 1 1 1 1 1 1 1 1 1
158 1896 -0.480713236362 -0.00324591247165 0.00855055008936 0.617827022719 1 1 1 1 1 1 1 1 1 1 1 1 1 1 1
159 1908 -0.486751163977 -0.00990986376568 0.00274265913854 0.63309318385 1 1 1 1 1 1 1 1 1 1 1 1 1 1 1
160 1920 -0.498163123492 -0.00585190352275 0.00713339860362 0.645175904604 1 1 1 1 1 1 1 1 1 1 1 1 1 1 1
161 1932 -0.507403396707 -0.00427017833463 0.00578393236522 0.645938431171 1 1 1 1 1 1 1 1 1 1 1 1 1 1 1
162 1944 -0.523150567065 -0.0141108524242 0.00253372169467 0.642229527464 1 1 1 1 1 1 1 1 1 1 1 1 1 1 1
163 1956 -0.547493849093 -0.000158770388566 0.0048872849823 0.651045625582 1 1 1 1 1 1 1 1 1 1 1 1 1 1 1
164 1968 -0.548446802051 -0.00619681782767 0.0123675039464 0.655391559765 1 1 1 1 1 1 1 1 1 1 1 1 1 1 1
165 1980 -0.542150635823 -0.001412093683 0.00235287991504 0.642625829323 1 1 1 1 1 1 1 1 1 1 1 1 1 1 1
166 1992 -0.560827048908 -0.000649178519267 0.000410983914472 0.648697806274 1 1 1 1 1 1 1 1 1 1 1 1 1 1 1
167 2004 -0.552782352666 -0.00817776309537 0.0115945774936 0.64911508552 1 1 1 1 1 1 1 1 1 1 1 1 1 1 1
168 2016 -0.552618800941 -0.00870288572332 0.00449536442044 0.64385911629 1 1 1 1 1 1 1 1 1 1 1 1 1 1 1
169 2028 -0.557626978631 -0.0064483797413 0.00562723133021 0.646351926336 1 1 1 1 1 1 1 1 1 1 1 1 1 1 1
170 2040 -0.555661481091 -0.00929285446888 0.0147514958934 0.645550733467 1 1 1 1 1 1 1 1 1 1 1 1 1 1 1
171 2052 -0.545878056595 -0.00599807286201 0.0103945129699 0.650682696626 1 1 1 1 1 1 1 1 1 1 1 1 1 1 1
172 2064 -0.54351463578 -0.000188409853699 0.0156569444044 0.656439528491 1 1 1 1 1 1 1 1 1 1 1 1 1 1 1
173 2076 -0.559167089824 -0.00268485980888 0.0160119939795 0.654032357405 1 1 1 1 1 1 1 1 1 1 1 1 1 1 1
174 2088 -0.557247749271 -0.00292354733172 0.00859887285209 0.663086359205 1 1 1 1 1 1 1 1 1 1 1 1 1 1 1
175 2100 -0.549690740132 -0.0142989700693 0.00260033197831 0.659496850689 1 1 1 1 1 1 1 1 1 1 1 1 1 1 1
176 2112 -0.531954491645 -0.00028439858116 0.0106990101713 0.657317777279 1 1 1 1 1 1 1 1 1 1 1 1 1 1 1
177 2124 -0.522517687385 -0.00388109454186 3.14416756935e-05 0.646916961812 1 1 1 1 1 1 1 1 1 1 1 1 1 1 1
178 2136 -0.533542825703 -0.00595804342805 0.00245017032536 0.656885357755 1 1 1 1 1 1 1 1 1 1 1 1 1 1 1
179 2148 -0.549984220649 -0.00507255453207 0.0111013741291 0.656955812533 1 1 1 1 1 1 1 1 1 1 1 1 1 1 1
180 2160 -0.545091819671 -0.00567057266283 0.00785049255857 0.644033614309 1 1 1 1 1 1 1 1 1 1 1 1 1 1 1
181 2172 -0.554660636761 -0.00464505363259 0.00658605180614 0.638262973147 1 1 1 1 1 1 1 1 1 1 1 1 1 1 1
182 2184 -0.5513446204 -0.0155141309772 0.00611727981489 0.650404718964 1 1 1 1 1 1 1 1 1 1 1 1 1 1 1
183 2196 -0.552122527895 -0.0144126525533 0.0131345078049 0.648154718436 1 1 1 1 1 1 1 1 1 1 1 1 1 1 1
184 2208 -0.553207665146 -0.00974016976059 0.0107329467033 0.65820100423 1 1 1 1 1 1 1 1 1 1 1 1 1 1 1
185 2220 -0.540560788037 -0.0132466284359 0.0196394744977 0.647595549431 1 1 1 1 1 1 1 1 1 1 1 1 1 1 1
186 2232 -0.557838611907 -0.00561739103403 0.0111130411135 0.643242564292 1 1 1 1 1 1 1 1 1 1 1 1 1 1 1
187 2244 -0.573248844736 -0.00348273965676 0.00566074687817 0.637988952764 1 1 1 1 1 1 1 1 1 1 1 1 1 1 1
188 2256 -0.571863317202 -0.00238535283257 0.0162107304358 0.636498236344 1 1 1 1 1 1 1 1 1 1 1 1 1 1 1
189 2268 -0.575013543506 -0.000699708895842 0.00372100226157 0.628239467635 1 1 1 1 1 1 1 1 1 1 1 1 1 1 1
190 2280 -0.57204585334 -0.000224115147824 0.00456599490483 0.628226240948 1 1 1 1 1 1 1 1 1 1 1 1 1 1 1
191 2292 -0.570874154376 -0.00454485939388 0.000364217919245 0.630547461571 1 1 1 1 1 1 1 1 1 1 1 1 1 1 1
192 2304 -0.571912310948 -0.00650222103676 0.00188632081549 0.632902106803 1 1 1 1 1 1 1 1 1 1 1 1 1 1 1
193 2316 -0.564912637119 -0.00692120124396 0.00821523477151 0.631508620791 1 1 1 1 1 1 1 1 1 1 1 1 1 1 1
194 2328 -0.553882160163 -0.0011910141068 0.00330400734557 0.624261513123 1 1 1 1 1 1 1 1 1 1 1 1 1 1 1
195 2340 -0.569316636403 -0.0074137046309 0.0327673177325 0.643273104872 1 1 1 1 1 1 1 1 1 1 1 1 1 1 1
196 2352 -0.570971477988 -0.00491736301321 0.0205277280671 0.640449677388 1 1 1 1 1 1 1 1 1 1 1 1 1 1 1
197 2364 -0.581507422623 -0.00288274988388 0.00332122733594 0.638629228127 1 1 1 1 1 1 1 1 1 1 1 1 1 1 1
198 2376 -0.566958390517 -0.00575611733945 0.0236876404152 0.642355687441 1 1 1 1 1 1 1 1 1 1 1 1 1 1 1
199 2388 -0.574393451527 -0.00740967672709 0.0192505153995 0.644719770244 1 1 1 1 1 1 1 1 1 1 1 1 1 1 1
200 2400 -0.570209174456 -0.010205945351 0.010890732208 0.645348670095 1 1 1 1 1 1 1 1 1 1 1 1 1 1 1
201 2412 -0.572128075937 -0.020812953068 0.000258339600199 0.64958966144 1 1 1 1 1 1 1 1 1 1 1 1 1 1 1
202 2424 -0.574453262856 -0.00933094105418 0.000670413451222 0.652412987489 1 1 1 1 1 1 1 1 1 1 1 1 1 1 1
203 2436 -0.55757443646 -0.00151451297483 0.00391274774708 0.663515902671 1 1 1 1 1 1 1 1 1 1 1 1 1 1 1
204 2448 -0.529368115956 -0.00989334141089 0.00839979362364 0.66294868484 1 1 1 1 1 1 1 1 1 1 1 1 1 1 1
205 2460 -0.515711902733 -0.0115844848456 0.000992702133056 0.63962217552 1 1 1 1 1 1 1 1 1 1 1 1 1 1 1
206 2472 -0.529959153577 -0.000222240329445 0.000510380074185 0.633523570278 1 1 1 1 1 1 1 1 1 1 1 1 1 1 1
207 2484 -0.523813657442 -0.00426063598927 0.000967234786782 0.629125686282 1 1 1 1 1 1 1 1 1 1 1 1 1 1 1
208 2496 -0.537489653269 -0.00263851095988 0.0134647004321 0.651070289802 1 1 1 1 1 1 1 1 1 1 1 1 1 1 1
209 2508 -0.55388273028 -0.00823879189678 0.00369941356515 0.662150352156 1 1 1 1 1 1 1 1 1 1 1 1 1 1 1
210 2520 -0.559077766135 -0.00228786217881 0.00229342093805 0.684739290597 1 1 1 1 1 1 1 1 1 1 1 1 1 1 1
211 2532 -0.561037636585 -0.00113252033845 0.0134336412858 0.695535813408 1 1 1 1 1 1 1 1 1 1 1 1 1 1 1
212 2544 -0.573841142906 -0.00195261982535 0.000891248523198 0.705596539119 1 1 1 1 1 1 1 1 1 1 1 1 1 1 1
213 2556 -0.576217799883 -0.00321125379533 0.00148016617948 0.70891582959 1 1 1 1 1 1 1 1 1 1 1 1 1 1 1
214 2568 -0.578842531495 -0.0143026560001 0.000809357089112 0.718637925867 1 1 1 1 1 1 1 1 1 1 1 1 1 1 1
215 2580 -0.569931749451 -0.000123983950549 0.0108196272983 0.724753580983 1 1 1 1 1 1 1 1 1 1 1 1 1 1 1
216 2592 -0.570838795582 -0.000115217376237 0.00132165654725 0.728943460687 1 1 1 1 1 1 1 1 1 1 1 1 1 1 1
217 2604 -0.578202670502 -0.00012386077288 0.00983869460903 0.721762379671 1 1 1 1 1 1 1 1 1 1 1 1 1 1 1
218 2616 -0.587295587893 -0.00806351581681 0.00665175703554 0.717183799616 1 1 1 1 1 1 1 1 1 1 1 1 1 1 1
219 2628 -0.589148586575 -0.00235373485366 0.00509686998905 0.722795842149 1 1 1 1 1 1 1 1 1 1 1 1 1 1 1
220 2640 -0.583313915767 -0.00971547999534 0.0230477608058 0.730152964557 1 1 1 1 1 1 1 1 1 1 1 1 1 1 1
221 2652 -0.58723125903 -0.0273860161211 0.000200495333561 0.740472290819 1 1 1 1 1 1 1 1 1 1 1 1 1 1 1
222 2664 -0.594606518128 -0.0113799340541 0.00978930873137 0.734470541739 1 1 1 1 1 1 1 1 1 1 1 1 1 1 1
223 2676 -0.592587041986 -0.00524818995067 0.00312189582332 0.734838575823 1 1 1 1 1 1 1 1 1 1 1 1 1 1 1
224 2688 -0.591698482211 -0.0126419778722 0.00423147871396 0.736336111262 1 1 1 1 1 1 1 1 1 1 1 1 1 1 1
225 2700 -0.599181134019 -4.92213085588e-05 0.00355770658338 0.740374368402 1 1 1 1 1 1 1 1 1 1 1 1 1 1 1
226 2712 -0.595339513337 -0.00466560190412 0.00148594844599 0.754671909181 1 1 1 1 1 1 1 1 1 1 1 1 1 1 1
227 2724 -0.605950149949 -0.00189961409822 0.000493473785322 0.756930914295 1 1 1 1 1 1 1 1 1 1 1 1 1 1 1
228 2736 -0.616029251574 -0.00345505112133 0.0105264322691 0.757247898793 1 1 1 1 1 1 1 1 1 1 1 1 1 1 1
229 2748 -0.608038033852 -0.0225952053436 0.00148674200785 0.749375003727 1 1 1 1 1 1 1 1 1 1 1 1 1 1 1
230 2760 -0.605669708012 -0.000540544622427 0.00165856176789 0.736704294571 1 1 1 1 1 1 1 1 1 1 1 1 1 1 1
231 2772 -0.607661472626 -0.00597109803613 0.00200422921875 0.713448952066 1 1 1 1 1 1 1 1 1 1 1 1 1 1 1
232 2784 -0.606348809888 -0.00152033441928 0.00484879170806 0.713203314628 1 1 1 1 1 1 1 1 1 1 1 1 1 1 1
233 2796 -0.618411906589 -0.00225153369815 0.00121996620806 0.712075546074 1 1 1 1 1 1 1 1 1 1 1 1 1 1 1
234 2808 -0.628624741189 -0.011157661764 0.00398525246275 0.702803860285 1 1 1 1 1 1 1 1 1 1 1 1 1 1 1
235 2820 -0.625620705668 -0.00709583565608 0.000149729724571 0.682687840444 1 1 1 1 1 1 1 1 1 1 1 1 1 1 1
236 2832 -0.621121143252 -0.000301562334517 0.00104339952234 0.677432953838 1 1 1 1 1 1 1 1 1 1 1 1 1 1 1
237 2844 -0.615079403503 -0.00353303564632 0.000177254525828 0.679001137859 1 1 1 1 1 1 1 1 1 1 1 1 1 1 1
238 2856 -0.616305251564 -0.00698168028048 0.00116582458993 0.677421146138 1 1 1 1 1 1 1 1 1 1 1 1 1 1 1
239 2868 -0.612609129862 -0.00152318149758 0.000586950889621 0.682263475531 1 1 1 1 1 1 1 1 1 1 1 1 1 1 1
240 2880 -0.61683739907 -0.00299618579901 0.00192257207497 0.676865369641 1 1 1 1 1 1 1 1 1 1 1 1 1 1 1
241 2892 -0.619774639837 -0.00545331695402 0.000356355149072 0.667508211698 1 1 1 1 1 1 1 1 1 1 1 1 1 1 1
242 2904 -0.61978557776 -0.00412296174529 0.00300545596025 0.654597386077 1 1 1 1 1 1 1 1 1 1 1 1 1 1 1
243 2916 -0.621654569426 -0.00385834795311 0.0015137226721 0.653307777938 1 1 1 1 1 1 1 1 1 1 1 1 1 1 1
244 2928 -0.628765485796 -0.000159095862208 0.00494464972371 0.652799032588 1 1 1 1 1 1 1 1 1 1 1 1 1 1 1
245 2940 -0.636428314129 -0.00228328953954 0.0111911482997 0.663756055771 1 1 1 1 1 1 1 1 1 1 1 1 1 1 1
246 2952 -0.630679825807 -0.000610478896944 0.004164107438 0.666336016858 1 1 1 1 1 1 1 1 1 1 1 1 1 1 1
247 2964 -0.631721058836 -0.00856247460313 0.00319920033139 0.657426245519 1 1 1 1 1 1 1 1 1 1 1 1 1 1 1
248 2976 -0.642115538785 -0.0184895694157 0.00320641416811 0.656899323495 1 1 1 1 1 1 1 1 1 1 1 1 1 1 1
249 2988 -0.640231814718 -0.000733419265323 0.00383004910228 0.655398630051 1 1 1 1 1 1 1 1 1 1 1 1 1 1 1
250 3000 -0.645037482439 -0.00255917298292 0.00461869243183 0.659773321876 1 1 1 1 1 1 1 1 1 1 1 1 1 1 1
251 3012 -0.647817653777 -0.000637623245932 0.0240419150332 0.652354218379 1 1 1 1 1 1 1 1 1 1 1 1 1 1 1
252 3024 -0.647586059711 -0.015077892934 0.00713190992729 0.646145262513 1 1 1 1 1 1 1 1 1 1 1 1 1 1 1
253 3036 -0.652894040047 -0.0100186157335 0.00760809675935 0.653771718842 1 1 1 1 1 1 1 1 1 1 1 1 1 1 1
254 3048 -0.665599476608 -0.000716775108113 0.00161557827971 0.673409221224 1 1 1 1 1 1 1 1 1 1 1 1 1 1 1
255 3060 -0.667234384576 -0.00972578677155 0.00983433591399 0.67622837361 1 1 1 1 1 1 1 1 1 1 1 1 1 1 1
256 3072 -0.668598597291 -0.00296699512802 0.0146592284113 0.681853152447 1 1 1 1 1 1 1 1 1 1 1 1 1 1 1
257 3084 -0.674098149344 -0.00640980706616 0.00197215341796 0.683842638347 1 1 1 1 1 1 1 1 1 1 1 1 1 1 1
258 3096 -0.672794596205 -0.000183886115283 0.0104607352387 0.676042400062 1 1 1 1 1 1 1 1 1 1 1 1 1 1 1
259 3108 -0.67118783323 -0.00089537061348 0.00195394173366 0.670080050198 1 1 1 1 1 1 1 1 1 1 1 1 1 1 1
260 3120 -0.669808406645 -0.00102609521767 0.00167096950764 0.666313019788 1 1 1 1 1 1 1 1 1 1 1 1 1 1 1
261 3132 -0.675892037546 -0.000360068002377 0.0131969522021 0.670951445041 1 1 1 1 1 1 1 1 1 1 1 1 1 1 1
262 3144 -0.678647728616 -0.00138804378619 0.0090244698281 0.673683852476 1 1 1 1 1 1 1 1 1 1 1 1 1 1 1
263 3156 -0.655890779716 -0.00893844943809 0.018759710465 0.66292709128 1 1 1 1 1 1 1 1 1 1 1 1 1 1 1
264 3168 -0.654915315775 -0.0101418623373 0.0168451113888 0.672644181178 1 1 1 1 1 1 1 1 1 1 1 1 1 1 1
265 3180 -0.655989594006 -0.00959392819453 0.00458403147003 0.683209537971 1 1 1 1 1 1 1 1 1 1 1 1 1 1 1
266 3192 -0.64771480352 -0.00697565471219 0.00108853554469 0.674230539597 1 1 1 1 1 1 1 1 1 1 1 1 1 1 1
267 3204 -0.648810812589 -0.00715917426217 0.00317824436062 0.680723108754 1 1 1 1 1 1 1 1 1 1 1 1 1 1 1
268 3216 -0.632996468295 -0.00636175182147 0.00125728458231 0.666447822558 1 1 1 1 1 1 1 1 1 1 1 1 1 1 1
269 3228 -0.625605902265 -0.00171948833717 0.00366499905355 0.670670175699 1 1 1 1 1 1 1 1 1 1 1 1 1 1 1
270 3240 -0.642137485412 -0.00504105575117 0.00463729673614 0.663604492578 1 1 1 1 1 1 1 1 1 1 1 1 1 1 1
271 3252 -0.647654733663 -0.00178233512254 0.00350861959168 0.660470638825 1 1 1 1 1 1 1 1 1 1 1 1 1 1 1
272 3264 -0.64911906519 -0.00309446234537 0.00616669562576 0.658814791368 1 1 1 1 1 1 1 1 1 1 1 1 1 1 1
273 3276 -0.646511525395 -0.00311267802835 0.0122839770043 0.656039741062 1 1 1 1 1 1 1 1 1 1 1 1 1 1 1
274 3288 -0.649821170902 -0.00658242766538 0.0031825558615 0.65924072184 1 1 1 1 1 1 1 1 1 1 1 1 1 1 1
275 3300 -0.654126815001 -0.0208142146171 0.00819310744405 0.656803844711 1 1 1 1 1 1 1 1 1 1 1 1 1 1 1
276 3312 -0.658286008345 -0.00649001500898 0.00162548465769 0.660012128652 1 1 1 1 1 1 1 1 1 1 1 1 1 1 1
277 3324 -0.664791779301 -0.0200414491312 0.0124995746718 0.665440412422 1 1 1 1 1 1 1 1 1 1 1 1 1 1 1
278 3336 -0.668102043975 -0.0101886132367 0.00123328427537 0.677200346859 1 1 1 1 1 1 1 1 1 1 1 1 1 1 1
279 3348 -0.664720523276 -0.00626665323659 0.00298830069206 0.674849287761 1 1 1 1 1 1 1 1 1 1 1 1 1 1 1
280 3360 -0.66098438276 -0.0114035182667 0.00975415503047 0.678949587318 1 1 1 1 1 1 1 1 1 1 1 1 1 1 1
281 3372 -0.65926221728 -0.0138740247485 0.0302858361482 0.684902260844 1 1 1 1 1 1 1 1 1 1 1 1 1 1 1
282 3384 -0.657049076354 -0.0129667148943 0.0363910120214 0.684062275073 1 1 1 1 1 1 1 1 1 1 1 1 1 1 1
283 3396 -0.665136618343 -0.00722178474736 0.000872778338622 0.69224889289 1 1 1 1 1 1 1 1 1 1 1 1 1 1 1
284 3408 -0.668032750574 -0.0155031304267 0.00584632638524 0.687739304253 1 1 1 1 1 1 1 1 1 1 1 1 1 1 1
285 3420 -0.659509175394 -0.00736293983585 0.00550525987091 0.694034019012 1 1 1 1 1 1 1 1 1 1 1 1 1 1 1
286 3432 -0.651608078173 -0.0150711765824 0.00393176220232 0.682906892183 1 1 1 1 1 1 1 1 1 1 1 1 1 1 1
287 3444 -0.651459211281 -0.00844903758281 0.00239431279024 0.671766172487 1 1 1 1 1 1 1 1 1 1 1 1 1 1 1
288 3456 -0.648487301253 -0.00213925319164 0.00619876330664 0.666754748636 1 1 1 1 1 1 1 1 1 1 1 1 1 1 1
289 3468 -0.628835226229 -0.0195488940426 0.000427545280473 0.659744531748 1 1 1 1 1 1 1 1 1 1 1 1 1 1 1
290 3480 -0.627959633703 -0.00516623749541 0.00374356184495 0.66673321223 1 1 1 1 1 1 1 1 1 1 1 1 1 1 1
291 3492 -0.627034907733 -0.00717922509371 0.011124973633 0.674755419183 1 1 1 1 1 1 1 1 1 1 1 1 1 1 1
292 3504 -0.624394655246 -0.000290222821248 0.0122249532131 0.663004194702 1 1 1 1 1 1 1 1 1 1 1 1 1 1 1
293 3516 -0.631587139426 -0.00192455787289 0.00999138843814 0.66409250893 1 1 1 1 1 1 1 1 1 1 1 1 1 1 1
294 3528 -0.632453567805 -0.00843607311994 0.000298430709107 0.668849671991 1 1 1 1 1 1 1 1 1 1 1 1 1 1 1
295 3540 -0.645646129059 -0.009408977945 0.00988902175321 0.673352908542 1 1 1 1 1 1 1 1 1 1 1 1 1 1 1
296 3552 -0.650071434393 -0.00197085683163 0.000825137191935 0.668609996757 1 1 1 1 1 1 1 1 1 1 1 1 1 1 1
297 3564 -0.634288392019 -5.42131766398e-05 0.00787485095282 0.664142372749 1 1 1 1 1 1 1 1 1 1 1 1 1 1 1
298 3576 -0.627642734496 -0.0060905851124 0.00162088881094 0.65013158974 1 1 1 1 1 1 1 1 1 1 1 1 1 1 1
299 3588 -0.639399588069 -0.0078519510266 0.00281797918715 0.659785923346 1 1 1 1 1 1 1 1 1 1 1 1 1 1 1
300 3600 -0.649969465383 -0.00908334723742 0.033358341001 0.66028446884 1 1 1 1 1 1 1 1 1 1 1 1 1 1 1
301 3612 -0.654003322453 -0.00317801614554 0.0228870223551 0.654672574845 1 1 1 1 1 1 1 1 1 1 1 1 1 1 1
302 3624 -0.653896786137 -0.00161494805876 0.00078112557408 0.656222617028 1 1 1 1 1 1 1 1 1 1 1 1 1 1 1
303 3636 -0.65050393881 -0.00474759047992 0.00128662356179 0.653731937338 1 1 1 1 1 1 1 1 1 1 1 1 1 1 1
304 3648 -0.633191368084 -0.0140441914887 0.00241289878114 0.670242337769 1 1 1 1 1 1 1 1 1 1 1 1 1 1 1
305 3660 -0.616573129267 -0.00597037098738 0.00777040722406 0.686034564396 1 1 1 1 1 1 1 1 1 1 1 1 1 1 1
306 3672 -0.622908815823 -0.00494747791302 0.0126030943567 0.685853033659 1 1 1 1 1 1 1 1 1 1 1 1 1 1 1
307 3684 -0.623052035482 -0.0133864575576 0.00734286889944 0.681442193822 1 1 1 1 1 1 1 1 1 1 1 1 1 1 1
308 3696 -0.638548876232 -0.00136165052883 0.000826356908053 0.695835525506 1 1 1 1 1 1 1 1 1 1 1 1 1 1 1
309 3708 -0.636188219988 -0.000620853733311 0.0129492898874 0.70022284658 1 1 1 1 1 1 1 1 1 1 1 1 1 1 1
310 3720 -0.640917335224 -0.00791287873281 0.0021425775834 0.702038817242 1 1 1 1 1 1 1 1 1 1 1 1 1 1 1
311 3732 -0.638938113719 -0.00735782554408 0.0120439170021 0.698708798449 1 1 1 1 1 1 1 1 1 1 1 1 1 1 1
312 3744 -0.636484379651 -0.000907307005979 0.00403970684649 0.703629800868 1 1 1 1 1 1 1 1 1 1 1 1 1 1 1
313 3756 -0.63608497895 -0.000483224365507 0.0095992357089 0.700781277201 1 1 1 1 1 1 1 1 1 1 1 1 1 1 1
314 3768 -0.630458075898 -0.00665359025117 0.0132908890092 0.703713349075 1 1 1 1 1 1 1 1 1 1 1 1 1 1 1
315 3780 -0.635288675298 -0.00170098123002 0.0268485310075 0.704998899811 1 1 1 1 1 1 1 1 1 1 1 1 1 1 1
316 3792 -0.638407847757 -0.0157164540186 0.00191333652975 0.706905119325 1 1 1 1 1 1 1 1 1 1 1 1 1 1 1
317 3804 -0.629446353951 -0.0142793047882 0.00373751997486 0.708614400577 1 1 1 1 1 1 1 1 1 1 1 1 1 1 1
318 3816 -0.614499037492 -0.00354931246778 0.00684427557273 0.706106843961 1 1 1 1 1 1 1 1 1 1 1 1 1 1 1
319 3828 -0.619910915189 -0.00100467906348 0.0116800826173 0.700657149221 1 1 1 1 1 1 1 1 1 1 1 1 1 1 1
320 3840 -0.636849464145 -0.00746664586634 0.00656254101307 0.699874988766 1 1 1 1 1 1 1 1 1 1 1 1 1 1 1
321 3852 -0.629814594314 -0.000537054644701 0.00660450595664 0.673290233434 1 1 1 1 1 1 1 1 1 1 1 1 1 1 1
322 3864 -0.625328534746 -0.0131776160428 0.00167517105856 0.679423563691 1 1 1 1 1 1 1 1 1 1 1 1 1 1 1
323 3876 -0.620347872081 -0.0232966818657 0.00312947555764 0.662716213032 1 1 1 1 1 1 1 1 1 1 1 1 1 1 1
324 3888 -0.616594231453 -0.00201352469668 0.000325146358533 0.661262988932 1 1 1 1 1 1 1 1 1 1 1 1 1 1 1
325 3900 -0.621042692213 -0.00502650399802 0.00393478648497 0.669043458647 1 1 1 1 1 1 1 1 1 1 1 1 1 1 1
326 3912 -0.624787541049 -0.00156506708169 0.00580112593913 0.663400128363 1 1 1 1 1 1 1 1 1 1 1 1 1 1 1
327 3924 -0.623195912348 -0.00568172197519 0.00173022021099 0.664487523668 1 1 1 1 1 1 1 1 1 1 1 1 1 1 1
328 3936 -0.605691940447 -0.00439208651401 0.0128305582134 0.656835871844 1 1 1 1 1 1 1 1 1 1 1 1 1 1 1
329 3948 -0.609605135132 -0.00504198126909 0.00109797034091 0.661435704077 1 1 1 1 1 1 1 1 1 1 1 1 1 1 1
330 3960 -0.594179526317 -0.0255609191794 0.00302960711988 0.647763820535 1 1 1 1 1 1 1 1 1 1 1 1 1 1 1
331 3972 -0.598979334159 -0.00104169622278 0.00228095131457 0.648896391606 1 1 1 1 1 1 1 1 1 1 1 1 1 1 1
332 3984 -0.603196150541 -0.00421716698476 0.000561583714575 0.64604155715 1 1 1 1 1 1 1 1 1 1 1 1 1 1 1
333 3996 -0.589654093805 -0.00563396567173 0.000891615377813 0.632150199737 1 1 1 1 1 1 1 1 1 1 1 1 1 1 1
334 4008 -0.605136858507 -0.00420261767509 0.00971940375255 0.63606552553 1 1 1 1 1 1 1 1 1 1 1 1 1 1 1
335 4020 -0.601417429647 -0.00194124391585 0.00461287905623 0.63046569361 1 1 1 1 1 1 1 1 1 1 1 1 1 1 1
336 4032 -0.585257193008 -0.0141471069706 0.00110089765893 0.623576049458 1 1 1 1 1 1 1 1 1 1 1 1 1 1 1
337 4044 -0.569004805537 -0.010728795677 0.0154094233243 0.607334453116 1 1 1 1 1 1 1 1 1 1 1 1 1 1 1
338 4056 -0.574744050046 -0.0011434208843 0.0123053745833 0.622372149909 1 1 1 1 1 1 1 1 1 1 1 1 1 1 1
339 4068 -0.553549547409 -0.00044622852022 0.0124894244882 0.614508163898 1 1 1 1 1 1 1 1 1 1 1 1 1 1 1
340 4080 -0.552005175368 -0.000307816036796 0.00911112303138 0.60876114298 1 1 1 1 1 1 1 1 1 1 1 1 1 1 1
341 4092 -0.53037594836 -0.00225188410303 0.00210719494534 0.606227384738 1 1 1 1 1 1 1 1 1 1 1 1 1 1 1
342 4104 -0.533480070116 -0.0120953442182 9.8696422305e-05 0.626993771874 1 1 1 1 1 1 1 1 1 1 1 1 1 1 1
343 4116 -0.523849164637 -0.0205379331636 0.011040012006 0.634327480992 1 1 1 1 1 1 1 1 1 1 1 1 1 1 1
344 4128 -0.50164185118 -0.0140940791963 0.0060353293175 0.63274225455 1 1 1 1 1 1 1 1 1 1 1 1 1 1 1
345 4140 -0.5162113951 -0.000221812725388 0.012866326185 0.638325008402 1 1 1 1 1 1 1 1 1 1 1 1 1 1 1
346 4152 -0.509109495285 -0.0159515433927 0.00829923512001 0.638998530392 1 1 1 1 1 1 1 1 1 1 1 1 1 1 1
347 4164 -0.509298181077 -0.0100102124989 0.00128537204817 0.647087935889 1 1 1 1 1 1 1 1 1 1 1 1 1 1 1
348 4176 -0.517881076527 -0.0213673708363 0.0144218647183 0.644382094287 1 1 1 1 1 1 1 1 1 1 1 1 1 1 1
349 4188 -0.523376439125 -0.00708359977051 0.00350778022981 0.640647041031 1 1 1 1 1 1 1 1 1 1 1 1 1 1 1
350 4200 -0.524136194621 -0.00419539148611 0.00173078392148 0.644506688446 1 1 1 1 1 1 1 1 1 1 1 1 1 1 1
351 4212 -0.530938641848 -1.88861375484e-06 0.0027093355107 0.630148573637 1 1 1 1 1 1 1 1 1 1 1 1 1 1 1
352 4224 -0.522183747432 -0.0187291661627 0.00823788945494 0.641967185665 1 1 1 1 1 1 1 1 1 1 1 1 1 1 1
353 4236 -0.524721235735 -0.0129838342154 0.0198369447978 0.634440552894 1 1 1 1 1 1 1 1 1 1 1 1 1 1 1
354 4248 -0.537257640683 -0.0128709092447 0.0166243838752 0.630412882973 1 1 1 1 1 1 1 1 1 1 1 1 1 1 1
355 4260 -0.533609287464 -0.0147715808956 0.0184840468014 0.63090889368 1 1 1 1 1 1 1 1 1 1 1 1 1 1 1
356 4272 -0.540004578542 -0.00218276198204 0.00626353635474 0.634050889575 1 1 1 1 1 1 1 1 1 1 1 1 1 1 1
357 4284 -0.544955752275 -0.00368938344962 0.00635381188756 0.633093104619 1 1 1 1 1 1 1 1 1 1 1 1 1 1 1
358 4296 -0.548901507074 -0.0076697358441 0.0141943125167 0.62832242647 1 1 1 1 1 1 1 1 1 1 1 1 1 1 1
359 4308 -0.540575616339 -0.0205359169557 0.00521033320619 0.633823284887 1 1 1 1 1 1 1 1 1 1 1 1 1 1 1
360 4320 -0.54256371594 -0.00528803210489 0.00303890117355 0.631710428969 1 1 1 1 1 1 1 1 1 1 1 1 1 1 1
361 4332 -0.530303375678 -0.00743805723394 0.00503176429852 0.629477104846 1 1 1 1 1 1 1 1 1 1 1 1 1 1 1
362 4344 -0.545337111821 -0.00876257531643 0.0072048548674 0.6259560965 1 1 1 1 1 1 1 1 1 1 1 1 1 1 1
363 4356 -0.542262801181 -0.00746643430936 0.000590975565694 0.616081881767 1 1 1 1 1 1 1 1 1 1 1 1 1 1 1
364 4368 -0.543817532063 -0.00061864825428 0.00406827071104 0.605656463845 1 1 1 1 1 1 1 1 1 1 1 1 1 1 1
365 4380 -0.554964726131 -0.0104957516265 0.00764140066228 0.614227453519 1 1 1 1 1 1 1 1 1 1 1 1 1 1 1
366 4392 -0.563816206289 -0.00417556270135 0.000799575502769 0.623271846037 1 1 1 1 1 1 1 1 1 1 1 1 1 1 1
367 4404 -0.567843338608 -0.00464955587226 0.000836262622629 0.621520671207 1 1 1 1 1 1 1 1 1 1 1 1 1 1 1
368 4416 -0.578929193311 -0.00317197706916 0.0332599867983 0.62947797187 1 1 1 1 1 1 1 1 1 1 1 1 1 1 1
369 4428 -0.576659021077 -0.000497220876091 0.00269338170115 0.642614633782 1 1 1 1 1 1 1 1 1 1 1 1 1 1 1
370 4440 -0.581929995585 -0.0115245503213 0.00255408132235 0.635963628822 1 1 1 1 1 1 1 1 1 1 1 1 1 1 1
371 4452 -0.602094397066 -0.0115736375976 0.00805483197274 0.635046145754 1 1 1 1 1 1 1 1 1 1 1 1 1 1 1
372 4464 -0.606168776488 -0.00464044945564 0.00839361044339 0.636329305016 1 1 1 1 1 1 1 1 1 1 1 1 1 1 1
373 4476 -0.599872786408 -0.00890297190466 0.0174556781019 0.631821249176 1 1 1 1 1 1 1 1 1 1 1 1 1 1 1
374 4488 -0.611421043903 -0.00518319575999 0.0196578692979 0.631234574802 1 1 1 1 1 1 1 1 1 1 1 1 1 1 1
375 4500 -0.616350971048 -0.0192569161089 0.0163850979069 0.62824025927 1 1 1 1 1 1 1 1 1 1 1 1 1 1 1
376 4512 -0.619373982127 -0.00868295173602 0.00288993803091 0.640856855667 1 1 1 1 1 1 1 1 1 1 1 1 1 1 1
377 4524 -0.606638227393 -0.00492248536273 0.00558392524624 0.646121914498 1 1 1 1 1 1 1 1 1 1 1 1 1 1 1
378 4536 -0.62072664996 -0.0161218501784 0.00664823719417 0.653238603339 1 1 1 1 1 1 1 1 1 1 1 1 1 1 1
379 4548 -0.610849462438 -0.00889043635167 0.00658076111336 0.655066887774 1 1 1 1 1 1 1 1 1 1 1 1 1 1 1
380 4560 -0.606899665514 -0.00702338918053 0.0081998692569 0.652066248015 1 1 1 1 1 1 1 1 1 1 1 1 1 1 1
381 4572 -0.598983461209 -0.0038814903261 0.00863929650787 0.64213945556 1 1 1 1 1 1 1 1 1 1 1 1 1 1 1
382 4584 -0.593431453126 -0.00258823923029 0.0024870214757 0.640772927554 1 1 1 1 1 1 1 1 1 1 1 1 1 1 1
383 4596 -0.589970547338 -0.000124763333396 0.0184214093576 0.638019660133 1 1 1 1 1 1 1 1 1 1 1 1 1 1 1
384 4608 -0.595465962677 -0.000224285890089 0.00197378377156 0.637341112434 1 1 1 1 1 1 1 1 1 1 1 1 1 1 1
385 4620 -0.608410256066 -0.012524782917 0.003485672151 0.641526830973 1 1 1 1 1 1 1 1 1 1 1 1 1 1 1
386 4632 -0.59401506305 -0.00836168697864 0.000420132053793 0.64533913328 1 1 1 1 1 1 1 1 1 1 1 1 1 1 1
387 4644 -0.588237832517 -0.00547388160138 0.00535870984503 0.653100813599 1 1 1 1 1 1 1 1 1 1 1 1 1 1 1
388 4656 -0.595342589944 -0.00357942758897 0.00783461523924 0.63742538427 1 1 1 1 1 1 1 1 1 1 1 1 1 1 1
389 4668 -0.598420240847 -0.0029762136698 0.0130107170248 0.640867381482 1 1 1 1 1 1 1 1 1 1 1 1 1 1 1
390 4680 -0.619459481024 -0.00965866566921 0.00614516090804 0.661299678592 1 1 1 1 1 1 1 1 1 1 1 1 1 1 1
391 4692 -0.608129709755 -0.0251233868521 0.00186992645374 0.654408558348 1 1 1 1 1 1 1 1 1 1 1 1 1 1 1
392 4704 -0.596178669658 -0.000568540776783 0.00129449474882 0.649644176299 1 1 1 1 1 1 1 1 1 1 1 1 1 1 1
393 4716 -0.589711248137 -0.00622602752733 0.00356270036178 0.652471068112 1 1 1 1 1 1 1 1 1 1 1 1 1 1 1
394 4728 -0.584125642786 -0.00557558049773 0.0156535598683 0.659433195463 1 1 1 1 1 1 1 1 1 1 1 1 1 1 1
395 4740 -0.572792997005 -0.00344660050396 0.00845815109591 0.670203774287 1 1 1 1 1 1 1 1 1 1 1 1 1 1 1
396 4752 -0.577498426358 -0.0157661770979 0.0172941819226 0.674278314018 1 1 1 1 1 1 1 1 1 1 1 1 1 1 1
397 4764 -0.599431597693 -0.0020493403541 0.0173850028648 0.687302509423 1 1 1 1 1 1 1 1 1 1 1 1 1 1 1
398 4776 -0.604264540365 -0.00692565669363 0.00803720718853 0.692093471689 1 1 1 1 1 1 1 1 1 1 1 1 1 1 1
399 4788 -0.605318701796 -0.0011291163694 0.004756176328 0.680541361375 1 1 1 1 1 1 1 1 1 1 1 1 1 1 1
400 4800 -0.602897650914 -0.00320351869406 0.0135411163138 0.686400637315 1 1 1 1 1 1 1 1 1 1 1 1 1 1 1
401 4812 -0.583605808203 -0.00054880669865 0.0118881804889 0.694970915804 1 1 1 1 1 1 1 1 1 1 1 1 1 1 1
402 4824 -0.585049269905 -0.00567582586494 0.0066454175255 0.6772793579 1 1 1 1 1 1 1 1 1 1 1 1 1 1 1
403 4836 -0.583276547095 -0.0180298549415 0.00918952381081 0.672612114287 1 1 1 1 1 1 1 1 1 1 1 1 1 1 1
404 4848 -0.591809498073 -0.00175472899561 0.00138822265295 0.672803410121 1 1 1 1 1 1 1 1 1 1 1 1 1 1 1
405 4860 -0.601195915934 -0.00392949736113 0.00233546247014 0.677835425617 1 1 1 1 1 1 1 1 1 1 1 1 1 1 1
406 4872 -0.601098741178 -0.00109253794983 0.00831871435823 0.669498901153 1 1 1 1 1 1 1 1 1 1 1 1 1 1 1
407 4884 -0.601682911362 -0.00671533524596 0.0064227132511 0.675505049799 1 1 1 1 1 1 1 1 1 1 1 1 1 1 1
408 4896 -0.60048125955 -0.000106919102764 0.00017579161683 0.689400479066 1 1 1 1 1 1 1 1 1 1 1 1 1 1 1
409 4908 -0.601327235091 -0.0026727829031 0.00374938114522 0.691234940592 1 1 1 1 1 1 1 1 1 1 1 1 1 1 1
410 4920 -0.598659689051 -0.0115522299632 0.00508299823318 0.694378592142 1 1 1 1 1 1 1 1 1 1 1 1 1 1 1
411 4932 -0.599044524748 -0.00513257124475 0.00319226515343 0.676069959826 1 1 1 1 1 1 1 1 1 1 1 1 1 1 1
412 4944 -0.603517907248 -0.0114106926903 0.00287534844621 0.670915039451 1 1 1 1 1 1 1 1 1 1 1 1 1 1 1
413 4956 -0.604972711636 -0.00398673353171 0.00123475085564 0.678880717532 1 1 1 1 1 1 1 1 1 1 1 1 1 1 1
414 4968 -0.581248091741 -0.00354229796083 0.00296641866057 0.689582744076 1 1 1 1 1 1 1 1 1 1 1 1 1 1 1
415 4980 -0.589263956862 -0.0250065182758 0.00323377032911 0.689784779981 1 1 1 1 1 1 1 1 1 1 1 1 1 1 1
416 4992 -0.588315881025 -0.0157222253855 0.0116718630484 0.694291916986 1 1 1 1 1 1 1 1 1 1 1 1 1 1 1
417 5004 -0.58296481956 -0.0085501699238 0.00488641911322 0.696419419137 1 1 1 1 1 1 1 1 1 1 1 1 1 1 1
418 5016 -0.574674689517 -0.00313758697516 0.00532205924546 0.685788219626 1 1 1 1 1 1 1 1 1 1 1 1 1 1 1
419 5028 -0.573337245848 -0.000606471092834 0.00697966494379 0.687969211444 1 1 1 1 1 1 1 1 1 1 1 1 1 1 1
420 5040 -0.57333728988 -0.00200374921208 0.0156266601698 0.688534615382 1 1 1 1 1 1 1 1 1 1 1 1 1 1 1
421 5052 -0.572544583708 -0.00328825505894 0.00535951847777 0.680796199682 1 1 1 1 1 1 1 1 1 1 1 1 1 1 1
422 5064 -0.577448892135 -0.00237720174353 0.00123024735388 0.6753852302 1 1 1 1 1 1 1 1 1 1 1 1 1 1 1
423 5076 -0.590056011835 -0.00611363368306 0.00460656772752 0.675642141003 1 1 1 1 1 1 1 1 1 1 1 1 1 1 1
424 5088 -0.581793337295 -0.00682557496887 0.00203653792005 0.680325271378 1 1 1 1 1 1 1 1 1 1 1 1 1 1 1
425 5100 -0.582106785147 -0.00765781681424 0.00757634758483 0.690512209363 1 1 1 1 1 1 1 1 1 1 1 1 1 1 1
426 5112 -0.582313442323 -0.000540335456612 0.0105924332793 0.703754823786 1 1 1 1 1 1 1 1 1 1 1 1 1 1 1
427 5124 -0.573551597713 -0.00543387010916 0.0187406621441 0.708552699035 1 1 1 1 1 1 1 1 1 1 1 1 1 1 1
428 5136 -0.570869823489 -0.00511264470548 0.00390267906165 0.709257022494 1 1 1 1 1 1 1 1 1 1 1 1 1 1 1
429 5148 -0.584292824196 -3.54350325881e-05 0.0043850138679 0.709088852933 1 1 1 1 1 1 1 1 1 1 1 1 1 1 1
430 5160 -0.581985626266 -0.00380259244851 0.0198345561727 0.711920607426 1 1 1 1 1 1 1 1 1 1 1 1 1 1 1
431 5172 -0.595349536562 -0.00405309037206 0.00401205965274 0.713698199714 1 1 1 1 1 1 1 1 1 1 1 1 1 1 1
432 5184 -0.583532075882 -0.00888258969009 0.00466937858079 0.715382302627 1 1 1 1 1 1 1 1 1 1 1 1 1 1 1
433 5196 -0.574334814939 -0.0138065421398 0.000450024774995 0.710009300505 1 1 1 1 1 1 1 1 1 1 1 1 1 1 1
434 5208 -0.58681380169 -0.00190973828438 0.00703491153439 0.71491822188 1 1 1 1 1 1 1 1 1 1 1 1 1 1 1
435 5220 -0.577826309336 -0.00442758604189 0.000999099358929 0.71815179321 1 1 1 1 1 1 1 1 1 1 1 1 1 1 1
436 5232 -0.575628901225 -0.000611116515092 0.00414814032532 0.717825122669 1 1 1 1 1 1 1 1 1 1 1 1 1 1 1
437 5244 -0.580716213475 -0.000262360331739 0.00021676603985 0.719938133087 1 1 1 1 1 1 1 1 1 1 1 1 1 1 1
438 5256 -0.59006833698 -0.032419925232 0.00103323367986 0.71396341799 1 1 1 1 1 1 1 1 1 1 1 1 1 1 1
439 5268 -0.584455509924 -0.031051994803 0.00362695342097 0.709358924368 1 1 1 1 1 1 1 1 1 1 1 1 1 1 1
440 5280 -0.578366293472 -0.0117708199443 0.00447017989151 0.702795942549 1 1 1 1 1 1 1 1 1 1 1 1 1 1 1
441 5292 -0.56547243971 -0.00954472301199 0.00900961318816 0.700549916913 1 1 1 1 1 1 1 1 1 1 1 1 1 1 1
442 5304 -0.553535104745 -0.0131661615551 0.00153803396427 0.697462821446 1 1 1 1 1 1 1 1 1 1 1 1 1 1 1
443 5316 -0.565365583267 -0.0024245506206 0.0048687469354 0.695606733693 1 1 1 1 1 1 1 1 1 1 1 1 1 1 1
444 5328 -0.561021767109 -0.00141014957872 0.0154024248136 0.69498019031 1 1 1 1 1 1 1 1 1 1 1 1 1 1 1
445 5340 -0.570502919362 -0.000695806685026 0.00244197093407 0.697706992553 1 1 1 1 1 1 1 1 1 1 1 1 1 1 1
446 5352 -0.582557026012 -0.000665408415889 0.00223963975283 0.697713700378 1 1 1 1 1 1 1 1 1 1 1 1 1 1 1
447 5364 -0.583021375906 -0.00126204449928 0.0177951352956 0.694741863502 1 1 1 1 1 1 1 1 1 1 1 1 1 1 1
448 5376 -0.57932189015 -0.000547945422842 0.00673529363018 0.697485498571 1 1 1 1 1 1 1 1 1 1 1 1 1 1 1
449 5388 -0.576470467203 -0.0212321608862 0.00151395636851 0.700143479582 1 1 1 1 1 1 1 1 1 1 1 1 1 1 1
450 5400 -0.562119257173 -0.000433351132749 0.00366793942425 0.709478851458 1 1 1 1 1 1 1 1 1 1 1 1 1 1 1
451 5412 -0.566965609552 -0.00362229229259 0.00542528980527 0.712466001274 1 1 1 1 1 1 1 1 1 1 1 1 1 1 1
452 5424 -0.575018783853 -0.00829723781982 0.00435568116113 0.714570386244 1 1 1 1 1 1 1 1 1 1 1 1 1 1 1
453 5436 -0.581368760557 -0.000143622573044 0.00623284021175 0.709281505804 1 1 1 1 1 1 1 1 1 1 1 1 1 1 1
454 5448 -0.587247962809 -0.00240791437789 0.00737179755714 0.711675680204 1 1 1 1 1 1 1 1 1 1 1 1 1 1 1
455 5460 -0.57604134598 -0.00775752032822 0.000398094895167 0.717855888843 1 1 1 1 1 1 1 1 1 1 1 1 1 1 1
456 5472 -0.577664896253 -0.005215596789 0.01248708878 0.724263675176 1 1 1 1 1 1 1 1 1 1 1 1 1 1 1
457 5484 -0.580339756168 -0.00548701461661 0.0176448699955 0.728566936939 1 1 1 1 1 1 1 1 1 1 1 1 1 1 1
458 5496 -0.565327272358 -0.00629225721131 8.93694893361e-05 0.723239661088 1 1 1 1 1 1 1 1 1 1 1 1 1 1 1
459 5508 -0.55531798375 -0.0122093900883 0.000670855669616 0.719809981073 1 1 1 1 1 1 1 1 1 1 1 1 1 1 1
460 5520 -0.557302717661 -0.00635395899841 0.0109451752677 0.713790213072 1 1 1 1 1 1 1 1 1 1 1 1 1 1 1
461 5532 -0.572973305116 -0.0123704288284 0.00181769123477 0.70354739042 1 1 1 1 1 1 1 1 1 1 1 1 1 1 1
462 5544 -0.578384490263 -0.00628705010453 0.00598826134507 0.695161298884 1 1 1 1 1 1 1 1 1 1 1 1 1 1 1
463 5556 -0.58473098844 -0.00595995765017 0.00318150184583 0.68772404953 1 1 1 1 1 1 1 1 1 1 1 1 1 1 1
464 5568 -0.569342291177 -0.0102981739229 0.00907538839817 0.681800240306 1 1 1 1 1 1 1 1 1 1 1 1 1 1 1
465 5580 -0.571183470557 -0.00140118376577 0.00416267697737 0.678720051398 1 1 1 1 1 1 1 1 1 1 1 1 1 1 1
466 5592 -0.572190801941 -0.00072595270243 0.00352031392606 0.669122047281 1 1 1 1 1 1 1 1 1 1 1 1 1 1 1
467 5604 -0.565384122357 -0.00620473008495 0.00110936645038 0.669788530544 1 1 1 1 1 1 1 1 1 1 1 1 1 1 1
468 5616 -0.558727285344 -0.00514698324527 0.00217158117914 0.674562569379 1 1 1 1 1 1 1 1 1 1 1 1 1 1 1
469 5628 -0.566888740895 -0.00217626869941 0.00213244510843 0.661855281743 1 1 1 1 1 1 1 1 1 1 1 1 1 1 1
470 5640 -0.565999146116 -0.000757156371112 0.00141981573554 0.655840507192 1 1 1 1 1 1 1 1 1 1 1 1 1 1 1
471 5652 -0.583009731097 -0.00638159553588 0.0168011799949 0.644617791752 1 1 1 1 1 1 1 1 1 1 1 1 1 1 1
472 5664 -0.599238668132 -0.0176079177788 0.00702719623832 0.632607782007 1 1 1 1 1 1 1 1 1 1 1 1 1 1 1
473 5676 -0.599469164992 -0.00144461376145 0.000344514408856 0.62817315886 1 1 1 1 1 1 1 1 1 1 1 1 1 1 1
474 5688 -0.596271017774 -0.0222592402004 0.00885091684863 0.61978031349 1 1 1 1 1 1 1 1 1 1 1 1 1 1 1
475 5700 -0.593812491001 -0.00337039001935 0.00569528880025 0.626711622474 1 1 1 1 1 1 1 1 1 1 1 1 1 1 1
476 5712 -0.598570708129 -0.0067251651204 0.0110200643331 0.622456205201 1 1 1 1 1 1 1 1 1 1 1 1 1 1 1
477 5724 -0.599356139982 -0.0140572801853 0.00156962246676 0.606580199854 1 1 1 1 1 1 1 1 1 1 1 1 1 1 1
478 5736 -0.597650230324 -0.0015007987066 0.00476501126075 0.61268810764 1 1 1 1 1 1 1 1 1 1 1 1 1 1 1
479 5748 -0.604541473605 -0.000544636309386 0.0128882084977 0.606976720565 1 1 1 1 1 1 1 1 1 1 1 1 1 1 1
480 5760 -0.620547006719 -0.00243018577239 0.000274313682145 0.621426369077 1 1 1 1 1 1 1 1 1 1 1 1 1 1 1
481 5772 -0.614134564685 -0.0120480451412 0.00505508413074 0.620261083795 1 1 1 1 1 1 1 1 1 1 1 1 1 1 1
482 5784 -0.613272083408 -0.00315320550164 0.000483593863571 0.629116558802 1 1 1 1 1 1 1 1 1 1 1 1 1 1 1
483 5796 -0.606231424789 -0.000797967275558 0.00703932397038 0.634367853216 1 1 1 1 1 1 1 1 1 1 1 1 1 1 1
484 5808 -0.602104369502 -0.0012341810715 0.00794241214942 0.627879672874 1 1 1 1 1 1 1 1 1 1 1 1 1 1 1
485 5820 -0.607912846013 -0.00706608088996 0.00148163177359 0.624604856129 1 1 1 1 1 1 1 1 1 1 1 1 1 1 1
486 5832 -0.599176997618 -0.00624279845467 0.00103784521324 0.626394501622 1 1 1 1 1 1 1 1 1 1 1 1 1 1 1
487 5844 -0.615107977422 -0.00249095771264 0.0119755588467 0.62707748296 1 1 1 1 1 1 1 1 1 1 1 1 1 1 1
488 5856 -0.619516077903 -0.00377697225609 0.0102010878896 0.628563301541 1 1 1 1 1 1 1 1 1 1 1 1 1 1 1
489 5868 -0.617315603819 -0.000445235702337 0.0053400655488 0.631668228959 1 1 1 1 1 1 1 1 1 1 1 1 1 1 1
490 5880 -0.624700362613 -0.00432822102186 0.00660838504582 0.630695055961 1 1 1 1 1 1 1 1 1 1 1 1 1 1 1
491 5892 -0.61505762143 -0.0167691784119 0.00737666831213 0.633941084993 1 1 1 1 1 1 1 1 1 1 1 1 1 1 1
492 5904 -0.602405921929 -0.00948466648271 0.00804852539281 0.637254546361 1 1 1 1 1 1 1 1 1 1 1 1 1 1 1
493 5916 -0.599280348522 -0.0117442918067 0.000474404606304 0.633659159402 1 1 1 1 1 1 1 1 1 1 1 1 1 1 1
494 5928 -0.598306388469 -0.00374987112531 0.0043626330934 0.638088741692 1 1 1 1 1 1 1 1 1 1 1 1 1 1 1
495 5940 -0.599533030813 -0.00258345461869 0.00107869070233 0.645492834056 1 1 1 1 1 1 1 1 1 1 1 1 1 1 1
496 5952 -0.594530386288 -0.00213242323388 0.00184052669469 0.637830347705 1 1 1 1 1 1 1 1 1 1 1 1 1 1 1
497 5964 -0.60026290805 -0.00449472977149 0.000311041022845 0.648866311885 1 1 1 1 1 1 1 1 1 1 1 1 1 1 1
498 5976 -0.608205844406 -0.00339486168003 0.00365398468963 0.663504972833 1 1 1 1 1 1 1 1 1 1 1 1 1 1 1
499 5988 -0.615705734328 -0.00412782989676 0.00681896440042 0.667921425528 1 1 1 1 1 1 1 1 1 1 1 1 1 1 1
500 6000 -0.622810229355 -0.00286124583602 0.00146490553476 0.669120150242 1 1 1 1 1 1 1 1 1 1 1 1 1 1 1
501 6012 -0.627739157426 -0.00555523217922 0.000741275492945 0.663712448792 1 1 1 1 1 1 1 1 1 1 1 1 1 1 1
502 6024 -0.618615702388 -0.000878263865052 0.00718326469827 0.667215352012 1 1 1 1 1 1 1 1 1 1 1 1 1 1 1
503 6036 -0.620976097525 -0.000515858496478 0.0036799864415 0.655613670839 1 1 1 1 1 1 1 1 1 1 1 1 1 1 1
504 6048 -0.6260055868 -0.00540691040616 0.00317891117326 0.65213427065 1 1 1 1 1 1 1 1 1 1 1 1 1 1 1
505 6060 -0.628011571334 -0.00421776688604 0.0120717847411 0.639810563804 1 1 1 1 1 1 1 1 1 1 1 1 1 1 1
506 6072 -0.611010422675 -0.0009814609848 0.0172262912035 0.63294287298 1 1 1 1 1 1 1 1 1 1 1 1 1 1 1
507 6084 -0.614785443227 -0.0122127063226 0.00951272778161 0.62818386409 1 1 1 1 1 1 1 1 1 1 1 1 1 1 1
508 6096 -0.6130204548 -0.00494851934492 0.000418094747846 0.622759856558 1 1 1 1 1 1 1 1 1 1 1 1 1 1 1
509 6108 -0.618727935695 -0.0105683152469 0.00332230374786 0.629306756379 1 1 1 1 1 1 1 1 1 1 1 1 1 1 1
510 6120 -0.627807181425 -0.0167300729396 0.00280812244785 0.624509999042 1 1 1 1 1 1 1 1 1 1 1 1 1 1 1
511 6132 -0.614550482708 -0.00870566771165 0.00730118876236 0.62205874756 1 1 1 1 1 1 1 1 1 1 1 1 1 1 1
512 6144 -0.616898946963 -0.00868026388716 0.00369229673836 0.637724800206 1 1 1 1 1 1 1 1 1 1 1 1 1 1 1
513 6156 -0.615471180311 -0.0225043517337 0.00744686386909 0.637923359493 1 1 1 1 1 1 1 1 1 1 1 1 1 1 1
514 6168 -0.606444014648 -0.00662439666241 0.0115946158716 0.628210826204 1 1 1 1 1 1 1 1 1 1 1 1 1 1 1
515 6180 -0.615618747433 -0.00355573518499 0.00916183073453 0.630131009956 1 1 1 1 1 1 1 1 1 1 1 1 1 1 1
516 6192 -0.607151021945 -0.000998104890036 0.000816131082638 0.624855629159 1 1 1 1 1 1 1 1 1 1 1 1 1 1 1
517 6204 -0.607008311295 -0.00334054773511 0.000222799214729 0.621791810819 1 1 1 1 1 1 1 1 1 1 1 1 1 1 1
518 6216 -0.619735542335 -0.0045135900528 0.000671080347409 0.626877521068 1 1 1 1 1 1 1 1 1 1 1 1 1 1 1
519 6228 -0.618397643728 -0.00618304471775 0.00498638836974 0.635305757464 1 1 1 1 1 1 1 1 1 1 1 1 1 1 1
520 6240 -0.61830752755 -0.00768129178514 0.0144090117642 0.646097847244 1 1 1 1 1 1 1 1 1 1 1 1 1 1 1
521 6252 -0.630434779058 -0.011810916956 5.28680784438e-06 0.660519796633 1 1 1 1 1 1 1 1 1 1 1 1 1 1 1
522 6264 -0.633561905731 -0.00697656614093 0.0100393447702 0.671204543211 1 1 1 1 1 1 1 1 1 1 1 1 1 1 1
523 6276 -0.633804172563 -0.00238696178216 0.0128612615751 0.667300908325 1 1 1 1 1 1 1 1 1 1 1 1 1 1 1
524 6288 -0.644854506084 -0.0112334774832 0.00250243570233 0.661514316412 1 1 1 1 1 1 1 1 1 1 1 1 1 1 1
525 6300 -0.643582691128 -0.0104469023424 0.0099650832583 0.670121734124 1 1 1 1 1 1 1 1 1 1 1 1 1 1 1
526 6312 -0.653608663863 -0.00257281798957 0.00635473786015 0.6696660011 1 1 1 1 1 1 1 1 1 1 1 1 1 1 1
527 6324 -0.6684584143 -0.000285534371532 0.00609124320442 0.665314491937 1 1 1 1 1 1 1 1 1 1 1 1 1 1 1
528 6336 -0.666344151274 -0.00900360122812 0.0147710909243 0.664542572485 1 1 1 1 1 1 1 1 1 1 1 1 1 1 1
529 6348 -0.669660119862 -0.00279060982192 0.00831069686361 0.669287909113 1 1 1 1 1 1 1 1 1 1 1 1 1 1 1
530 6360 -0.677994249754 -0.00325570041919 0.00428042366096 0.676900182203 1 1 1 1 1 1 1 1 1 1 1 1 1 1 1
531 6372 -0.672830986954 -0.017120299593 0.000927727439882 0.673373283485 1 1 1 1 1 1 1 1 1 1 1 1 1 1 1
532 6384 -0.66169728639 -0.0137526913896 0.00324301537252 0.678743816002 1 1 1 1 1 1 1 1 1 1 1 1 1 1 1
533 6396 -0.657471744841 -0.000394897387588 0.0078244334061 0.671441794336 1 1 1 1 1 1 1 1 1 1 1 1 1 1 1
534 6408 -0.657035258672 -0.00629931517102 0.0093611952064 0.669178918323 1 1 1 1 1 1 1 1 1 1 1 1 1 1 1
535 6420 -0.665922179074 -0.00195557788319 0.0138336425592 0.671862969725 1 1 1 1 1 1 1 1 1 1 1 1 1 1 1
536 6432 -0.663766434921 -0.00175557980694 0.0127219569909 0.668323518996 1 1 1 1 1 1 1 1 1 1 1 1 1 1 1
537 6444 -0.661963191059 -0.0126366080414 0.00969044369154 0.655933545537 1 1 1 1 1 1 1 1 1 1 1 1 1 1 1
538 6456 -0.651387154039 -0.0138994189523 0.0041439194879 0.648562239139 1 1 1 1 1 1 1 1 1 1 1 1 1 1 1
539 6468 -0.661562773309 -0.020135347212 0.00339984011105 0.6517662724 1 1 1 1 1 1 1 1 1 1 1 1 1 1 1
540 6480 -0.674843988711 -0.00999812784037 0.00472357481271 0.649121281712 1 1 1 1 1 1 1 1 1 1 1 1 1 1 1
541 6492 -0.663693802744 -0.000920204141533 0.0136543581816 0.647434791372 1 1 1 1 1 1 1 1 1 1 1 1 1 1 1
542 6504 -0.670885687923 -0.00199069000365 0.00618523045953 0.641339248062 1 1 1 1 1 1 1 1 1 1 1 1 1 1 1
543 6516 -0.674913689849 -0.000120568147238 0.000704861614272 0.636478444542 1 1 1 1 1 1 1 1 1 1 1 1 1 1 1
544 6528 -0.675358501388 -0.000393853879866 0.000968064994495 0.643087766602 1 1 1 1 1 1 1 1 1 1 1 1 1 1 1
545 6540 -0.669887972022 -0.00283588610762 0.00101564527644 0.648496922497 1 1 1 1 1 1 1 1 1 1 1 1 1 1 1
546 6552 -0.65133388747 -0.00613529603837 0.00040986477342 0.638772734049 1 1 1 1 1 1 1 1 1 1 1 1 1 1 1
547 6564 -0.637062152531 -0.00719180133815 0.00864384882193 0.637624627244 1 1 1 1 1 1 1 1 1 1 1 1 1 1 1
548 6576 -0.631798532973 -0.00781366009392 0.00854170696108 0.634791528249 1 1 1 1 1 1 1 1 1 1 1 1 1 1 1
549 6588 -0.639891802754 -0.00572588173521 0.0129940690463 0.62943300537 1 1 1 1 1 1 1 1 1 1 1 1 1 1 1
550 6600 -0.638862063777 -0.00814238055538 0.0104758446031 0.629174377531 1 1 1 1 1 1 1 1 1 1 1 1 1 1 1
551 6612 -0.628645930718 -0.011672244943 0.000870696735298 0.618657769662 1 1 1 1 1 1 1 1 1 1 1 1 1 1 1
552 6624 -0.628082626171 -0.00584188986127 0.00391404086541 0.626778695633 1 1 1 1 1 1 1 1 1 1 1 1 1 1 1
553 6636 -0.633615767403 -0.0164946043797 0.00920508436019 0.625891620986 1 1 1 1 1 1 1 1 1 1 1 1 1 1 1
554 6648 -0.632818433045 -0.00861776420482 0.00243371328698 0.621413951881 1 1 1 1 1 1 1 1 1 1 1 1 1 1 1
555 6660 -0.641524224226 -0.0023228364219 0.000104642114105 0.633918431854 1 1 1 1 1 1 1 1 1 1 1 1 1 1 1
556 6672 -0.627958501592 -0.0040276228557 0.00055024340091 0.631280761018 1 1 1 1 1 1 1 1 1 1 1 1 1 1 1
557 6684 -0.63399214828 -0.00377604655449 0.0132304608096 0.642288526274 1 1 1 1 1 1 1 1 1 1 1 1 1 1 1
558 6696 -0.643830611264 -0.00294215337363 0.00265979174041 0.640597780872 1 1 1 1 1 1 1 1 1 1 1 1 1 1 1
559 6708 -0.643359587258 -0.00620743440295 0.0212812838927 0.63789653188 1 1 1 1 1 1 1 1 1 1 1 1 1 1 1
560 6720 -0.646821683133 -0.00356825608723 0.0140666578268 0.630107095418 1 1 1 1 1 1 1 1 1 1 1 1 1 1 1
561 6732 -0.641866368223 -0.0034237105961 0.00261649734933 0.635262011004 1 1 1 1 1 1 1 1 1 1 1 1 1 1 1
562 6744 -0.641887617778 -0.00142444352795 0.00412269374582 0.633143364809 1 1 1 1 1 1 1 1 1 1 1 1 1 1 1
563 6756 -0.632936811575 -0.00155067127066 0.0387306121343 0.654760425043 1 1 1 1 1 1 1 1 1 1 1 1 1 1 1
564 6768 -0.620382741291 -0.0210198161989 0.00622709910783 0.654335456831 1 1 1 1 1 1 1 1 1 1 1 1 1 1 1
565 6780 -0.641199149731 -0.000103232577512 0.00320648780613 0.66274207829 1 1 1 1 1 1 1 1 1 1 1 1 1 1 1
566 6792 -0.636157376098 -0.00359774899026 0.000557153442437 0.659022894597 1 1 1 1 1 1 1 1 1 1 1 1 1 1 1
567 6804 -0.632471830027 -0.00288332112705 0.0129094330905 0.649738348221 1 1 1 1 1 1 1 1 1 1 1 1 1 1 1
568 6816 -0.628268601564 -0.00219258540168 0.00449579778685 0.644648050993 1 1 1 1 1 1 1 1 1 1 1 1 1 1 1
569 6828 -0.616137349007 -0.00809562450075 0.0016163455829 0.642575336239 1 1 1 1 1 1 1 1 1 1 1 1 1 1 1
570 6840 -0.611496229292 -0.0105732030334 0.000190630191881 0.640935659186 1 1 1 1 1 1 1 1 1 1 1 1 1 1 1
571 6852 -0.618739801019 -0.0112456162778 0.00216928023581 0.644228423812 1 1 1 1 1 1 1 1 1 1 1 1 1 1 1
572 6864 -0.632093013564 -0.000757025423569 0.00700877898843 0.650710431343 1 1 1 1 1 1 1 1 1 1 1 1 1 1 1
573 6876 -0.633850568437 -0.00595149507163 0.00980792258379 0.651102409432 1 1 1 1 1 1 1 1 1 1 1 1 1 1 1
574 6888 -0.630952471451 -0.00663461687292 0.00343226938095 0.653873731819 1 1 1 1 1 1 1 1 1 1 1 1 1 1 1
575 6900 -0.624660002113 -0.00393609037455 0.00180270896142 0.625967895776 1 1 1 1 1 1 1 1 1 1 1 1 1 1 1
576 6912 -0.608791923945 -0.000849445388633 0.0091232466467 0.608593897673 1 1 1 1 1 1 1 1 1 1 1 1 1 1 1
577 6924 -0.604580709469 -0.00219273681485 0.0105774306603 0.612404547692 1 1 1 1 1 1 1 1 1 1 1 1 1 1 1
578 6936 -0.608634191832 -0.00455686603351 0.00871890772511 0.600313063067 1 1 1 1 1 1 1 1 1 1 1 1 1 1 1
579 6948 -0.614918846151 -0.00788454381109 0.000277907332185 0.593472513173 1 1 1 1 1 1 1 1 1 1 1 1 1 1 1
580 6960 -0.634012885297 -0.00459815241424 0.000284966062948 0.583251828054 1 1 1 1 1 1 1 1 1 1 1 1 1 1 1
581 6972 -0.631787930742 -0.00288696008027 0.00163820609406 0.581541267206 1 1 1 1 1 1 1 1 1 1 1 1 1 1 1
582 6984 -0.650510935882 -0.00543702145924 0.0025343216235 0.579113268845 1 1 1 1 1 1 1 1 1 1 1 1 1 1 1
583 6996 -0.65546590842 -0.00542606167696 0.00527283040881 0.583302942189 1 1 1 1 1 1 1 1 1 1 1 1 1 1 1
584 7008 -0.661309406563 -0.00123649998829 0.00176662380627 0.570722253489 1 1 1 1 1 1 1 1 1 1 1 1 1 1 1
585 7020 -0.660623308883 -0.0168198567228 0.00457261326982 0.565886971898 1 1 1 1 1 1 1 1 1 1 1 1 1 1 1
586 7032 -0.657340862304 -0.00241576877517 0.00378105117909 0.555362127563 1 1 1 1 1 1 1 1 1 1 1 1 1 1 1
587 7044 -0.671770115795 -0.000721143114507 0.00279157967956 0.558881006577 1 1 1 1 1 1 1 1 1 1 1 1 1 1 1
588 7056 -0.684771495029 -0.0118608551477 0.00260422565356 0.559987969904 1 1 1 1 1 1 1 1 1 1 1 1 1 1 1
589 7068 -0.677294688721 -0.00182583518856 0.00255861400286 0.547558045597 1 1 1 1 1 1 1 1 1 1 1 1 1 1 1
590 7080 -0.692528715748 -0.00736928527987 0.00145768462235 0.549220643568 1 1 1 1 1 1 1 1 1 1 1 1 1 1 1
591 7092 -0.712240002555 -0.00336859116407 0.00326473888661 0.549380066099 1 1 1 1 1 1 1 1 1 1 1 1 1 1 1
592 7104 -0.702892052419 -0.00304875566628 0.0305284448826 0.558816510655 1 1 1 1 1 1 1 1 1 1 1 1 1 1 1
593 7116 -0.70156947589 -0.00215226633951 0.00873692042444 0.548215177621 1 1 1 1 1 1 1 1 1 1 1 1 1 1 1
594 7128 -0.705450986426 -0.00206524708971 0.00431235657678 0.547860504948 1 1 1 1 1 1 1 1 1 1 1 1 1 1 1
595 7140 -0.691121446193 -0.00562339659662 0.00090681223572 0.552273068869 1 1 1 1 1 1 1 1 1 1 1 1 1 1 1
596 7152 -0.689329201299 -0.00242557631677 0.0100596612279 0.532296709775 1 1 1 1 1 1 1 1 1 1 1 1 1 1 1
597 7164 -0.67701403885 -0.00012281772455 0.0111497207023 0.526611462226 1 1 1 1 1 1 1 1 1 1 1 1 1 1 1
598 7176 -0.682247138848 -0.00511798737991 0.00700557877867 0.521283202414 1 1 1 1 1 1 1 1 1 1 1 1 1 1 1
599 7188 -0.698938904325 -0.0149445957686 0.00294558880339 0.509649749064 1 1 1 1 1 1 1 1 1 1 1 1 1 1 1
600 7200 -0.692279919029 -0.0110386789477 0.00245737380108 0.513406400383 1 1 1 1 1 1 1 1 1 1 1 1 1 1 1
601 7212 -0.704904930303 -0.00146547821486 0.00166636141154 0.505501141595 1 1 1 1 1 1 1 1 1 1 1 1 1 1 1
602 7224 -0.706453435297 -0.00214863551757 0.0149480747112 0.521853160414 1 1 1 1 1 1 1 1 1 1 1 1 1 1 1
603 7236 -0.717740032787 -0.00931510072694 0.00106020822155 0.518061143959 1 1 1 1 1 1 1 1 1 1 1 1 1 1 1
604 7248 -0.714298504578 -0.0121718468795 0.00791313662698 0.51330769688 1 1 1 1 1 1 1 1 1 1 1 1 1 1 1
605 7260 -0.689580926245 -0.0125662569267 0.00138201185771 0.526302277492 1 1 1 1 1 1 1 1 1 1 1 1 1 1 1
606 7272 -0.70020454617 -0.00143134053458 0.0167856172463 0.542136644486 1 1 1 1 1 1 1 1 1 1 1 1 1 1 1
607 7284 -0.693213983832 -0.00471192233091 0.0118092246818 0.549751909756 1 1 1 1 1 1 1 1 1 1 1 1 1 1 1
608 7296 -0.685745439837 -0.00545642772118 0.00532198278936 0.54945042571 1 1 1 1 1 1 1 1 1 1 1 1 1 1 1
609 7308 -0.679800953016 -0.0225335253007 0.00528538018534 0.55521911087 1 1 1 1 1 1 1 1 1 1 1 1 1 1 1
610 7320 -0.683905256582 -0.00984441631322 0.00240584093424 0.538288821194 1 1 1 1 1 1 1 1 1 1 1 1 1 1 1
611 7332 -0.686308476207 -0.0200731007532 0.00330877179351 0.522878024755 1 1 1 1 1 1 1 1 1 1 1 1 1 1 1
612 7344 -0.682969820597 -0.00552398769599 0.00292039702751 0.518842423984 1 1 1 1 1 1 1 1 1 1 1 1 1 1 1
613 7356 -0.675833694924 -0.00864987437307 0.00588472884404 0.535979965153 1 1 1 1 1 1 1 1 1 1 1 1 1 1 1
614 7368 -0.673766818045 -0.00668939260996 0.00196261021104 0.54032941532 1 1 1 1 1 1 1 1 1 1 1 1 1 1 1
615 7380 -0.686215096062 -0.0173322453844 0.00107332902151 0.544466395559 1 1 1 1 1 1 1 1 1 1 1 1 1 1 1
616 7392 -0.698024458619 -0.0039951127364 0.014747853931 0.545166892805 1 1 1 1 1 1 1 1 1 1 1 1 1 1 1
617 7404 -0.691544555138 -0.00697593918828 0.0297989956154 0.543261240677 1 1 1 1 1 1 1 1 1 1 1 1 1 1 1
618 7416 -0.68492321914 -0.000397712345064 0.00517534711671 0.541268775534 1 1 1 1 1 1 1 1 1 1 1 1 1 1 1
619 7428 -0.68413923551 -0.00304140145254 0.0047933331936 0.539322928669 1 1 1 1 1 1 1 1 1 1 1 1 1 1 1
620 7440 -0.694652635212 -0.00423251280806 0.0120194419598 0.552982612817 1 1 1 1 1 1 1 1 1 1 1 1 1 1 1
621 7452 -0.701156811231 -0.00647920611031 0.000157135194357 0.555072107318 1 1 1 1 1 1 1 1 1 1 1 1 1 1 1
622 7464 -0.709543002222 -0.00843086124735 0.000863108252344 0.560619595734 1 1 1 1 1 1 1 1 1 1 1 1 1 1 1
623 7476 -0.709993182485 -0.00668786048463 0.000321416643446 0.556540077482 1 1 1 1 1 1 1 1 1 1 1 1 1 1 1
624 7488 -0.705864090561 -0.0069232288294 0.0153037946167 0.561742792452 1 1 1 1 1 1 1 1 1 1 1 1 1 1 1
625 7500 -0.710874008825 -0.00179489714323 0.0153535809742 0.562581757422 1 1 1 1 1 1 1 1 1 1 1 1 1 1 1
626 7512 -0.721399123945 -0.0173749927572 0.0261546904555 0.554421127013 1 1 1 1 1 1 1 1 1 1 1 1 1 1 1
627 7524 -0.71998431474 -0.0133494400154 0.0255982059937 0.556651116849 1 1 1 1 1 1 1 1 1 1 1 1 1 1 1
628 7536 -0.718556680256 -0.0170071617664 0.0223498036057 0.548449979908 1 1 1 1 1 1 1 1 1 1 1 1 1 1 1
629 7548 -0.713702652732 -0.00632083157851 0.0201431082413 0.541908148362 1 1 1 1 1 1 1 1 1 1 1 1 1 1 1
630 7560 -0.716956310554 -0.00246827373016 0.0184594712413 0.548403299865 1 1 1 1 1 1 1 1 1 1 1 1 1 1 1
631 7572 -0.715293479918 -0.000771831662086 0.0109134181695 0.541771334895 1 1 1 1 1 1 1 1 1 1 1 1 1 1 1
632 7584 -0.707224735404 -0.0194483525041 0.00258828032351 0.549505628975 1 1 1 1 1 1 1 1 1 1 1 1 1 1 1
633 7596 -0.707717237426 -0.0128650868623 0.0105471969563 0.549007039087 1 1 1 1 1 1 1 1 1 1 1 1 1 1 1
634 7608 -0.717850048759 -0.00826437949879 0.0152579973947 0.550577500489 1 1 1 1 1 1 1 1 1 1 1 1 1 1 1
635 7620 -0.713758584687 -0.0225990399927 0.00811840304023 0.556868522581 1 1 1 1 1 1 1 1 1 1 1 1 1 1 1
636 7632 -0.701249158689 -7.49487317219e-05 0.013801845501 0.558014604355 1 1 1 1 1 1 1 1 1 1 1 1 1 1 1
637 7644 -0.698267376465 -0.00162697665627 0.00656995920659 0.544355840666 1 1 1 1 1 1 1 1 1 1 1 1 1 1 1
638 7656 -0.696037098935 -0.00496365371318 0.00874066141987 0.544355938146 1 1 1 1 1 1 1 1 1 1 1 1 1 1 1
639 7668 -0.69492852145 -0.0291420043946 0.0116643807073 0.547578992675 1 1 1 1 1 1 1 1 1 1 1 1 1 1 1
640 7680 -0.695693759112 -0.0145054225191 0.00065808318756 0.543830772436 1 1 1 1 1 1 1 1 1 1 1 1 1 1 1
641 7692 -0.683137993301 -0.00102848587054 0.0127770086029 0.522956492597 1 1 1 1 1 1 1 1 1 1 1 1 1 1 1
642 7704 -0.689152929766 -0.00553401030106 0.00383082214807 0.516900184727 1 1 1 1 1 1 1 1 1 1 1 1 1 1 1
643 7716 -0.679647178036 -0.00463127715559 0.0466007424664 0.50529193219 1 1 1 1 1 1 1 1 1 1 1 1 1 1 1
644 7728 -0.673591260514 -0.022410630982 0.00227240025967 0.526474587869 1 1 1 1 1 1 1 1 1 1 1 1 1 1 1
645 7740 -0.665790233514 -0.0201743609516 0.00544628396554 0.509669115986 1 1 1 1 1 1 1 1 1 1 1 1 1 1 1
646 7752 -0.67938709337 -0.0133569857401 0.0176820566661 0.515203970482 1 1 1 1 1 1 1 1 1 1 1 1 1 1 1
647 7764 -0.698040864785 -0.0228893056561 0.00155340321684 0.525956413089 1 1 1 1 1 1 1 1 1 1 1 1 1 1 1
648 7776 -0.696085701823 -0.0133284477687 0.00217764385808 0.532978989751 1 1 1 1 1 1 1 1 1 1 1 1 1 1 1
649 7788 -0.717531319761 -0.0135113458969 0.0154241269499 0.549327992856 1 1 1 1 1 1 1 1 1 1 1 1 1 1 1
650 7800 -0.726911701265 -0.00172340263311 0.0217709021559 0.559063739928 1 1 1 1 1 1 1 1 1 1 1 1 1 1 1
651 7812 -0.743383668277 -0.0139765991598 0.0158080402381 0.578482883937 1 1 1 1 1 1 1 1 1 1 1 1 1 1 1
652 7824 -0.750110512702 -0.0151731921889 0.0153187503044 0.586448331269 1 1 1 1 1 1 1 1 1 1 1 1 1 1 1
653 7836 -0.752909121063 -0.0320038151319 0.00735938759816 0.59326607678 1 1 1 1 1 1 1 1 1 1 1 1 1 1 1
654 7848 -0.756040839781 -0.000598507470352 0.00592655469827 0.602303464713 1 1 1 1 1 1 1 1 1 1 1 1 1 1 1
655 7860 -0.743397036791 -0.0011621240306 0.0243530880343 0.600509129251 1 1 1 1 1 1 1 1 1 1 1 1 1 1 1
656 7872 -0.751201660866 -0.00839054310705 0.0085760613464 0.599006242799 1 1 1 1 1 1 1 1 1 1 1 1 1 1 1
657 7884 -0.755950355433 -0.0261429091 0.00759303172765 0.595491981391 1 1 1 1 1 1 1 1 1 1 1 1 1 1 1
658 7896 -0.751780447913 -0.00142672356376 0.00498185357062 0.590138681533 1 1 1 1 1 1 1 1 1 1 1 1 1 1 1
659 7908 -0.75581365825 -0.00682917702727 0.0158028769607 0.582892092182 1 1 1 1 1 1 1 1 1 1 1 1 1 1 1
660 7920 -0.749270241961 -0.00539061342649 0.0186373967415 0.588769144251 1 1 1 1 1 1 1 1 1 1 1 1 1 1 1
661 7932 -0.748180332271 -0.0158755935573 0.00522404403521 0.607219356257 1 1 1 1 1 1 1 1 1 1 1 1 1 1 1
662 7944 -0.744733118812 -0.0118256736671 0.0202384788024 0.610153028316 1 1 1 1 1 1 1 1 1 1 1 1 1 1 1
663 7956 -0.737262901658 -0.00725564693084 0.0138582452081 0.608365065807 1 1 1 1 1 1 1 1 1 1 1 1 1 1 1
664 7968 -0.73314968294 -0.00743506998348 0.00270143479707 0.598413537204 1 1 1 1 1 1 1 1 1 1 1 1 1 1 1
665 7980 -0.731387629199 -0.011189671672 0.0130512837866 0.600019544861 1 1 1 1 1 1 1 1 1 1 1 1 1 1 1
666 7992 -0.730485280427 -0.0018736559076 0.00722232749487 0.593196683987 1 1 1 1 1 1 1 1 1 1 1 1 1 1 1
667 8004 -0.725181187121 -0.0045005825417 0.01707553176 0.601953763727 1 1 1 1 1 1 1 1 1 1 1 1 1 1 1
668 8016 -0.730679472 -0.00273276550756 0.00241979334151 0.607204091722 1 1 1 1 1 1 1 1 1 1 1 1 1 1 1
669 8028 -0.727596227537 -0.00894793044931 0.00224253753945 0.603865833681 1 1 1 1 1 1 1 1 1 1 1 1 1 1 1
670 8040 -0.738476703059 -0.00544149569363 0.00631008002334 0.607359031604 1 1 1 1 1 1 1 1 1 1 1 1 1 1 1
671 8052 -0.728622821222 -0.00244208617878 0.00876541449201 0.599487746675 1 1 1 1 1 1 1 1 1 1 1 1 1 1 1
672 8064 -0.728706075259 -0.00625840995649 0.00722679936188 0.606602185937 1 1 1 1 1 1 1 1 1 1 1 1 1 1 1
673 8076 -0.726013022211 -0.00802320867643 0.00304181029499 0.610879588821 1 1 1 1 1 1 1 1 1 1 1 1 1 1 1
674 8088 -0.722804833035 -0.00279428523075 0.0033685213991 0.611827976605 1 1 1 1 1 1 1 1 1 1 1 1 1 1 1
675 8100 -0.715517743458 -0.00509509972249 0.00241718358647 0.614580718761 1 1 1 1 1 1 1 1 1 1 1 1 1 1 1
676 8112 -0.718205989269 -0.0100261281141 0.000207948602054 0.608809985463 1 1 1 1 1 1 1 1 1 1 1 1 1 1 1
677 8124 -0.718803028453 -0.00491776690889 0.0146942178341 0.588310174903 1 1 1 1 1 1 1 1 1 1 1 1 1 1 1
678 8136 -0.71421491302 -0.00479759990996 0.00973257687797 0.572793064559 1 1 1 1 1 1 1 1 1 1 1 1 1 1 1
679 8148 -0.717786058877 -0.00875387461756 0.010763512306 0.571529309498 1 1 1 1 1 1 1 1 1 1 1 1 1 1 1
680 8160 -0.720565608371 -0.0014498294397 0.00415998747522 0.570525748252 1 1 1 1 1 1 1 1 1 1 1 1 1 1 1
681 8172 -0.718960672548 -0.00377809222179 0.00435400878256 0.575492156151 1 1 1 1 1 1 1 1 1 1 1 1 1 1 1
682 8184 -0.725100965 -0.00292127922725 0.00416783383905 0.568771217877 1 1 1 1 1 1 1 1 1 1 1 1 1 1 1
683 8196 -0.721233988816 -0.00220597063154 0.00548674951293 0.562757367239 1 1 1 1 1 1 1 1 1 1 1 1 1 1 1
684 8208 -0.720030598858 -0.00233372946348 0.000745535686238 0.562939332792 1 1 1 1 1 1 1 1 1 1 1 1 1 1 1
685 8220 -0.731689635714 -2.63832874087e-05 0.00376105378886 0.568418604777 1 1 1 1 1 1 1 1 1 1 1 1 1 1 1
686 8232 -0.723667238526 -0.00387858450317 0.00154658118854 0.561128864771 1 1 1 1 1 1 1 1 1 1 1 1 1 1 1
687 8244 -0.717947352701 -0.00172484437897 0.00518857099081 0.545923205354 1 1 1 1 1 1 1 1 1 1 1 1 1 1 1
688 8256 -0.715570127547 -0.00663210769069 0.00435723121506 0.544956890693 1 1 1 1 1 1 1 1 1 1 1 1 1 1 1
689 8268 -0.716751340181 -0.00746451690607 0.00250811340839 0.550245387318 1 1 1 1 1 1 1 1 1 1 1 1 1 1 1
690 8280 -0.72018962871 -0.00337042851656 0.00322403336892 0.552054675758 1 1 1 1 1 1 1 1 1 1 1 1 1 1 1
691 8292 -0.730678840276 -0.00370784957013 0.00114604875883 0.560047364048 1 1 1 1 1 1 1 1 1 1 1 1 1 1 1
692 8304 -0.738024757827 -0.000477292334955 0.0133113830294 0.549528594411 1 1 1 1 1 1 1 1 1 1 1 1 1 1 1
693 8316 -0.754886286683 -0.0100621761717 0.00525692518869 0.557856834676 1 1 1 1 1 1 1 1 1 1 1 1 1 1 1
694 8328 -0.752834131081 -0.00368908417968 0.00960840121255 0.575080539657 1 1 1 1 1 1 1 1 1 1 1 1 1 1 1
695 8340 -0.772404683416 -0.0094465577622 0.00157901407744 0.579233626286 1 1 1 1 1 1 1 1 1 1 1 1 1 1 1
696 8352 -0.78276144926 -0.0275364812112 0.00713702799262 0.576270084212 1 1 1 1 1 1 1 1 1 1 1 1 1 1 1
697 8364 -0.787989024934 -0.0261456616688 0.00248963340028 0.593661932191 1 1 1 1 1 1 1 1 1 1 1 1 1 1 1
698 8376 -0.78971662385 -0.00220149255918 0.00861579821542 0.572474986313 1 1 1 1 1 1 1 1 1 1 1 1 1 1 1
699 8388 -0.792295149778 -0.0258577608084 0.0115958659025 0.57246081119 1 1 1 1 1 1 1 1 1 1 1 1 1 1 1
700 8400 -0.789132812998 -0.00295852531355 0.00647884898769 0.576788590317 1 1 1 1 1 1 1 1 1 1 1 1 1 1 1
701 8412 -0.785102291742 -0.0147426187589 0.00798977784942 0.572998058284 1 1 1 1 1 1 1 1 1 1 1 1 1 1 1
702 8424 -0.789324620258 -0.000206949149872 0.00164088401343 0.574029721062 1 1 1 1 1 1 1 1 1 1 1 1 1 1 1
703 8436 -0.789708934236 -3.50673879071e-05 0.0124472881959 0.543354240928 1 1 1 1 1 1 1 1 1 1 1 1 1 1 1
704 8448 -0.789387105169 -0.0149131507746 0.00321608997285 0.532403289789 1 1 1 1 1 1 1 1 1 1 1 1 1 1 1
705 8460 -0.784566350411 -0.00261524350576 0.0074475158317 0.527058639111 1 1 1 1 1 1 1 1 1 1 1 1 1 1 1
706 8472 -0.7836801352 -0.00417893093878 0.0114760587701 0.529273987143 1 1 1 1 1 1 1 1 1 1 1 1 1 1 1
707 8484 -0.785876687919 -0.00717848729788 0.00251459040458 0.522721633436 1 1 1 1 1 1 1 1 1 1 1 1 1 1 1
708 8496 -0.782804510674 -0.00460276303895 0.00409575839952 0.538078631261 1 1 1 1 1 1 1 1 1 1 1 1 1 1 1
709 8508 -0.779418734218 -0.00764052617542 0.00962195566286 0.528940820675 1 1 1 1 1 1 1 1 1 1 1 1 1 1 1
710 8520 -0.779924241504 -0.0100972630687 0.00899579517207 0.532798550151 1 1 1 1 1 1 1 1 1 1 1 1 1 1 1
711 8532 -0.778287593592 -0.0134377260844 0.0194377820409 0.533541358902 1 1 1 1 1 1 1 1 1 1 1 1 1 1 1
712 8544 -0.782640962051 -0.00872212747901 0.00556382063006 0.558052697478 1 1 1 1 1 1 1 1 1 1 1 1 1 1 1
713 8556 -0.784139019162 -0.00352276297342 0.0124109170756 0.568099711744 1 1 1 1 1 1 1 1 1 1 1 1 1 1 1
714 8568 -0.790862867037 -0.00685485851534 0.000300999123363 0.593890508345 1 1 1 1 1 1 1 1 1 1 1 1 1 1 1
715 8580 -0.790824353265 -0.00218507455707 0.0210678466292 0.607630143244 1 1 1 1 1 1 1 1 1 1 1 1 1 1 1
716 8592 -0.786560791446 -0.0047282284136 0.000526456023641 0.613954155899 1 1 1 1 1 1 1 1 1 1 1 1 1 1 1
717 8604 -0.786594488234 -0.00675730641933 0.000359846058108 0.597422510826 1 1 1 1 1 1 1 1 1 1 1 1 1 1 1
718 8616 -0.78867476625 -0.0239839073428 0.007559011038 0.605905222635 1 1 1 1 1 1 1 1 1 1 1 1 1 1 1
719 8628 -0.784806836364 -0.0109065964465 0.00682394834299 0.615294024477 1 1 1 1 1 1 1 1 1 1 1 1 1 1 1
720 8640 -0.774734000741 -0.000472884459002 0.00438703119022 0.608922725514 1 1 1 1 1 1 1 1 1 1 1 1 1 1 1
721 8652 -0.772141245981 -0.00846180107518 0.0249024261204 0.610907622446 1 1 1 1 1 1 1 1 1 1 1 1 1 1 1
722 8664 -0.783752337107 -0.001025678205 0.0155340547563 0.611820589502 1 1 1 1 1 1 1 1 1 1 1 1 1 1 1
723 8676 -0.788139983121 -0.000202132602212 0.000147803287168 0.608057395327 1 1 1 1 1 1 1 1 1 1 1 1 1 1 1
724 8688 -0.783737078979 -0.00247345568943 0.00101556989855 0.60667953349 1 1 1 1 1 1 1 1 1 1 1 1 1 1 1
725 8700 -0.785181033762 -0.00541042373871 0.00419705628163 0.607190967906 1 1 1 1 1 1 1 1 1 1 1 1 1 1 1
726 8712 -0.792348263775 -0.00111013578157 0.000237796876135 0.614317813903 1 1 1 1 1 1 1 1 1 1 1 1 1 1 1
727 8724 -0.790809905893 -0.005819803967 0.0122244423049 0.617973439173 1 1 1 1 1 1 1 1 1 1 1 1 1 1 1
728 8736 -0.791828942957 -0.00472050222269 0.00241793076985 0.626642707686 1 1 1 1 1 1 1 1 1 1 1 1 1 1 1
729 8748 -0.79130419943 -0.00708878763319 0.0129277648048 0.631753183376 1 1 1 1 1 1 1 1 1 1 1 1 1 1 1
730 8760 -0.799244351119 -0.0024848425819 0.00205369855165 0.632034489446 1 1 1 1 1 1 1 1 1 1 1 1 1 1 1
731 8772 -0.797291112157 -0.00115055798894 0.00540082424196 0.631974701699 1 1 1 1 1 1 1 1 1 1 1 1 1 1 1
732 8784 -0.794092811404 -0.00107642828092 0.00956022708142 0.620859558037 1 1 1 1 1 1 1 1 1 1 1 1 1 1 1
733 8796 -0.791905515092 -0.0142033470354 0.0016121467653 0.60004198286 1 1 1 1 1 1 1 1 1 1 1 1 1 1 1
734 8808 -0.793355054926 -0.0113201809658 0.00922350989628 0.578095663001 1 1 1 1 1 1 1 1 1 1 1 1 1 1 1
735 8820 -0.782023941093 -0.020039744514 0.00826668459448 0.58886242763 1 1 1 1 1 1 1 1 1 1 1 1 1 1 1
736 8832 -0.782997475012 -0.0163748674401 0.000262421074025 0.591033029242 1 1 1 1 1 1 1 1 1 1 1 1 1 1 1
737 8844 -0.782321735377 -0.00327028646176 0.00983083335856 0.595803119112 1 1 1 1 1 1 1 1 1 1 1 1 1 1 1
738 8856 -0.774034302476 -0.00783264146784 0.00334574568699 0.602685876237 1 1 1 1 1 1 1 1 1 1 1 1 1 1 1
739 8868 -0.770152681466 -0.00474777779711 0.0030252722723 0.612226492956 1 1 1 1 1 1 1 1 1 1 1 1 1 1 1
740 8880 -0.769205092318 -0.00214070336864 0.0140762968888 0.609262630979 1 1 1 1 1 1 1 1 1 1 1 1 1 1 1
741 8892 -0.762986457728 -0.00108177445119 0.00581776994553 0.618453678664 1 1 1 1 1 1 1 1 1 1 1 1 1 1 1
742 8904 -0.761437737549 -0.0107391474818 0.0111448351902 0.614188897758 1 1 1 1 1 1 1 1 1 1 1 1 1 1 1
743 8916 -0.762154158705 -0.00747816225767 0.0170471380984 0.620342879591 1 1 1 1 1 1 1 1 1 1 1 1 1 1 1
744 8928 -0.770479044472 -0.000617562088996 0.0063162943538 0.607951349115 1 1 1 1 1 1 1 1 1 1 1 1 1 1 1
745 8940 -0.766705370214 -0.0135951407202 0.016216165519 0.601979149349 1 1 1 1 1 1 1 1 1 1 1 1 1 1 1
746 8952 -0.773563067969 -0.00431943059453 0.00796406190985 0.608213792452 1 1 1 1 1 1 1 1 1 1 1 1 1 1 1
747 8964 -0.777953341366 -0.00464737474603 0.01195574176 0.602904692082 1 1 1 1 1 1 1 1 1 1 1 1 1 1 1
748 8976 -0.773371865353 -0.00305622052795 0.0129658384471 0.603791156112 1 1 1 1 1 1 1 1 1 1 1 1 1 1 1
749 8988 -0.775939074535 -0.0047412220066 0.0045797322623 0.593427215342 1 1 1 1 1 1 1 1 1 1 1 1 1 1 1
750 9000 -0.77341737393 -0.00104886321865 0.00686654759121 0.600408633911 1 1 1 1 1 1 1 1 1 1 1 1 1 1 1
751 9012 -0.777705562589 -0.0037167122268 0.0119109149897 0.599622763795 1 1 1 1 1 1 1 1 1 1 1 1 1 1 1
752 9024 -0.776217630658 -0.00184608497783 0.0035741877918 0.600040616647 1 1 1 1 1 1 1 1 1 1 1 1 1 1 1
753 9036 -0.784650513985 -0.0076334657919 0.00051468546319 0.597785430573 1 1 1 1 1 1 1 1 1 1 1 1 1 1 1
754 9048 -0.784590266295 -0.00421278847941 0.00635973535963 0.615060214541 1 1 1 1 1 1 1 1 1 1 1 1 1 1 1
755 9060 -0.782022893187 -0.00663020347685 0.00362445645113 0.604746327592 1 1 1 1 1 1 1 1 1 1 1 1 1 1 1
756 9072 -0.787413207065 -0.0103789962922 0.000524974736476 0.606775773028 1 1 1 1 1 1 1 1 1 1 1 1 1 1 1
757 9084 -0.785015469772 -0.001658197323 0.00467001687938 0.590595443447 1 1 1 1 1 1 1 1 1 1 1 1 1 1 1
758 9096 -0.784701715653 -0.00376079868556 0.00315496156725 0.606675308963 1 1 1 1 1 1 1 1 1 1 1 1 1 1 1
759 9108 -0.778120084457 -0.000905741430019 0.00125111183231 0.599966729623 1 1 1 1 1 1 1 1 1 1 1 1 1 1 1
760 9120 -0.773886667254 -0.00323509368535 0.00335962915893 0.599734519387 1 1 1 1 1 1 1 1 1 1 1 1 1 1 1
761 9132 -0.77112014957 -0.00581008693719 0.00710473259785 0.607424155374 1 1 1 1 1 1 1 1 1 1 1 1 1 1 1
762 9144 -0.772426928013 -0.0057029742477 0.00022743525705 0.61326434384 1 1 1 1 1 1 1 1 1 1 1 1 1 1 1
763 9156 -0.76460959084 -0.00177582343723 0.0237122036316 0.616563875754 1 1 1 1 1 1 1 1 1 1 1 1 1 1 1
764 9168 -0.766736917802 -0.00343234053747 0.0206523587033 0.598708876714 1 1 1 1 1 1 1 1 1 1 1 1 1 1 1
765 9180 -0.760709435985 -0.00697748213619 0.000404137402517 0.604641784973 1 1 1 1 1 1 1 1 1 1 1 1 1 1 1
766 9192 -0.76243531498 -0.00154181677765 0.00308908261935 0.602548002628 1 1 1 1 1 1 1 1 1 1 1 1 1 1 1
767 9204 -0.75960345874 -0.00101486097524 0.00477833316973 0.609880406063 1 1 1 1 1 1 1 1 1 1 1 1 1 1 1
768 9216 -0.758309342357 -0.00142564206755 0.00911839707804 0.615780175255 1 1 1 1 1 1 1 1 1 1 1 1 1 1 1
769 9228 -0.752839162859 -0.00472275370428 0.00740703504588 0.60808640829 1 1 1 1 1 1 1 1 1 1 1 1 1 1 1
770 9240 -0.760023773608 -0.00893171093457 0.00132088743681 0.609982719176 1 1 1 1 1 1 1 1 1 1 1 1 1 1 1
771 9252 -0.764121727192 -0.00419102680668 0.00347224926519 0.603697418943 1 1 1 1 1 1 1 1 1 1 1 1 1 1 1
772 9264 -0.766357033333 -0.00311801434795 0.0114094198591 0.594232490523 1 1 1 1 1 1 1 1 1 1 1 1 1 1 1
773 9276 -0.77254900351 -0.0065450544195 0.00153940604684 0.584472699858 1 1 1 1 1 1 1 1 1 1 1 1 1 1 1
774 9288 -0.765137791575 -0.00204852218541 0.0130457712682 0.595674336302 1 1 1 1 1 1 1 1 1 1 1 1 1 1 1
775 9300 -0.764701275124 -0.000215224519982 0.00347889559624 0.589122252633 1 1 1 1 1 1 1 1 1 1 1 1 1 1 1
776 9312 -0.766398984452 -0.000234549481694 0.0109656730308 0.588438899302 1 1 1 1 1 1 1 1 1 1 1 1 1 1 1
777 9324 -0.768442193471 -0.0055996175724 0.00281165080877 0.595934406633 1 1 1 1 1 1 1 1 1 1 1 1 1 1 1
778 9336 -0.765138267486 -0.0033898964571 0.000807272937982 0.593813045942 1 1 1 1 1 1 1 1 1 1 1 1 1 1 1
779 9348 -0.76387399099 -0.000602661147212 0.0087139388779 0.588141369035 1 1 1 1 1 1 1 1 1 1 1 1 1 1 1
780 9360 -0.757730016095 -0.0127846926711 0.000537405089749 0.570647372022 1 1 1 1 1 1 1 1 1 1 1 1 1 1 1
781 9372 -0.761803308598 -0.00177073818405 0.0103526629663 0.570184235616 1 1 1 1 1 1 1 1 1 1 1 1 1 1 1
782 9384 -0.760448712036 -0.00546088591749 0.00520444687727 0.571808205374 1 1 1 1 1 1 1 1 1 1 1 1 1 1 1
783 9396 -0.752037236879 -0.00397728396547 0.00981808229296 0.584574143198 1 1 1 1 1 1 1 1 1 1 1 1 1 1 1
784 9408 -0.752306656875 -0.000516134083366 0.00416545958999 0.593922419881 1 1 1 1 1 1 1 1 1 1 1 1 1 1 1
785 9420 -0.748109611371 -0.00645038234955 0.0141605065472 0.598214929771 1 1 1 1 1 1 1 1 1 1 1 1 1 1 1
786 9432 -0.745384150396 -0.00690579145215 0.000139126373553 0.612632973119 1 1 1 1 1 1 1 1 1 1 1 1 1 1 1
787 9444 -0.747511134674 -0.00184277554791 0.00356046266564 0.605539710145 1 1 1 1 1 1 1 1 1 1 1 1 1 1 1
788 9456 -0.74373062016 -0.00775840571074 0.00593606204084 0.593207991983 1 1 1 1 1 1 1 1 1 1 1 1 1 1 1
789 9468 -0.751317905514 -0.00598970562054 0.00389352465614 0.583319727023 1 1 1 1 1 1 1 1 1 1 1 1 1 1 1
790 9480 -0.748900359729 -0.005698105743 0.000487672790875 0.565156609324 1 1 1 1 1 1 1 1 1 1 1 1 1 1 1
791 9492 -0.74594697393 -0.00121746671978 0.00536487209931 0.561150336011 1 1 1 1 1 1 1 1 1 1 1 1 1 1 1
792 9504 -0.744796416887 -0.00225165920999 0.00065378519069 0.578386321432 1 1 1 1 1 1 1 1 1 1 1 1 1 1 1
793 9516 -0.739971262794 -0.000676556369874 0.00922267329163 0.578442836238 1 1 1 1 1 1 1 1 1 1 1 1 1 1 1
794 9528 -0.733045956654 -0.000425641151825 0.000631671530982 0.57652346534 1 1 1 1 1 1 1 1 1 1 1 1 1 1 1
795 9540 -0.726510083809 -0.000949317129075 0.0129354244061 0.576093847491 1 1 1 1 1 1 1 1 1 1 1 1 1 1 1
796 9552 -0.729458652126 -0.00396865670159 0.00217777336417 0.569791691459 1 1 1 1 1 1 1 1 1 1 1 1 1 1 1
797 9564 -0.731435767264 -0.0025551788763 0.00397997046045 0.560437549506 1 1 1 1 1 1 1 1 1 1 1 1 1 1 1
798 9576 -0.733957796431 -0.00107898257036 0.00245899539747 0.554317953982 1 1 1 1 1 1 1 1 1 1 1 1 1 1 1
799 9588 -0.737474543274 -0.00580230339475 0.0135772208282 0.562218434127 1 1 1 1 1 1 1 1 1 1 1 1 1 1 1
800 9600 -0.731614288878 -0.0147977918308 0.00180123602193 0.539357707848 1 1 1 1 1 1 1 1 1 1 1 1 1 1 1
801 9612 -0.730385797638 -0.0136545539313 0.0164315246224 0.549035506507 1 1 1 1 1 1 1 1 1 1 1 1 1 1 1
802 9624 -0.731011404136 -0.00901527506817 0.00190726056214 0.53967705489 1 1 1 1 1 1 1 1 1 1 1 1 1 1 1
803 9636 -0.726060343419 -0.00415642032917 0.00891583432308 0.547655417288 1 1 1 1 1 1 1 1 1 1 1 1 1 1 1
804 9648 -0.729556240459 -0.00432338955272 0.00238425008905 0.550370287298 1 1 1 1 1 1 1 1 1 1 1 1 1 1 1
805 9660 -0.720795621709 -0.00138854473053 0.011644019717 0.53687354847 1 1 1 1 1 1 1 1 1 1 1 1 1 1 1
806 9672 -0.714129126398 -0.00224374536753 0.0429531341303 0.529694806291 1 1 1 1 1 1 1 1 1 1 1 1 1 1 1
807 9684 -0.710274677909 -0.0137790428379 0.057454942731 0.508455147776 1 1 1 1 1 1 1 1 1 1 1 1 1 1 1
808 9696 -0.71674902072 -0.0158705123389 0.0211979969884 0.506563739805 1 1 1 1 1 1 1 1 1 1 1 1 1 1 1
809 9708 -0.7217730688 -0.00688965215835 0.0136033675064 0.50228538262 1 1 1 1 1 1 1 1 1 1 1 1 1 1 1
810 9720 -0.719429494002 -0.00115100378796 0.00699449401261 0.507638728778 1 1 1 1 1 1 1 1 1 1 1 1 1 1 1
811 9732 -0.722767942126 -0.00699570871902 0.0269920401488 0.504018083271 1 1 1 1 1 1 1 1 1 1 1 1 1 1 1
812 9744 -0.718502096531 -0.000298496031362 0.00993953290023 0.499794982209 1 1 1 1 1 1 1 1 1 1 1 1 1 1 1
813 9756 -0.71554900417 -0.0204184318219 0.00426673238883 0.496542240617 1 1 1 1 1 1 1 1 1 1 1 1 1 1 1
814 9768 -0.724530308222 -0.00819218643081 0.0366597927006 0.488567258182 1 1 1 1 1 1 1 1 1 1 1 1 1 1 1
815 9780 -0.723880939533 -0.000147041920249 0.0387584108732 0.500506822602 1 1 1 1 1 1 1 1 1 1 1 1 1 1 1
816 9792 -0.72448388837 -0.0126414546677 0.0110159121953 0.50404953606 1 1 1 1 1 1 1 1 1 1 1 1 1 1 1
817 9804 -0.722350801141 -0.00514417982698 0.00015713566264 0.513332353651 1 1 1 1 1 1 1 1 1 1 1 1 1 1 1
818 9816 -0.732048780253 -0.00498630576531 0.0190323801809 0.522800395271 1 1 1 1 1 1 1 1 1 1 1 1 1 1 1
819 9828 -0.73632098566 -0.00709792475951 0.00468648615227 0.530522861066 1 1 1 1 1 1 1 1 1 1 1 1 1 1 1
820 9840 -0.745375156263 -0.0166839121674 0.00105220336712 0.542048305387 1 1 1 1 1 1 1 1 1 1 1 1 1 1 1
821 9852 -0.750258467767 -0.00660193681262 5.62172010331e-05 0.547086552158 1 1 1 1 1 1 1 1 1 1 1 1 1 1 1
822 9864 -0.75077783595 -0.00293701202638 0.000518743812941 0.554058408262 1 1 1 1 1 1 1 1 1 1 1 1 1 1 1
823 9876 -0.72801540247 -0.00322708070772 0.00107973003656 0.549905309105 1 1 1 1 1 1 1 1 1 1 1 1 1 1 1
824 9888 -0.728140944289 -0.000516245264774 0.00370241827776 0.55189942973 1 1 1 1 1 1 1 1 1 1 1 1 1 1 1
825 9900 -0.72994663676 -0.00121111025046 0.000857759874715 0.559423756165 1 1 1 1 1 1 1 1 1 1 1 1 1 1 1
826 9912 -0.718364708636 -0.012883038117 0.00419312179726 0.559785763242 1 1 1 1 1 1 1 1 1 1 1 1 1 1 1
827 9924 -0.713463146514 -0.00244130522774 0.00494513660975 0.558851108155 1 1 1 1 1 1 1 1 1 1 1 1 1 1 1
828 9936 -0.715831222542 -0.00407120853335 0.0106651494596 0.558411664024 1 1 1 1 1 1 1 1 1 1 1 1 1 1 1
829 9948 -0.718828804423 -0.00111799214407 0.00596268201969 0.551817491897 1 1 1 1 1 1 1 1 1 1 1 1 1 1 1
830 9960 -0.707012830804 -0.00314661286144 0.00160249575032 0.541029827117 1 1 1 1 1 1 1 1 1 1 1 1 1 1 1
831 9972 -0.694374530298 -0.00440929892203 0.00178075326388 0.537842649761 1 1 1 1 1 1 1 1 1 1 1 1 1 1 1
832 9984 -0.697269480511 -0.00841332396755 0.00213957616122 0.545276106682 1 1 1 1 1 1 1 1 1 1 1 1 1 1 1
833 9996 -0.703505772192 -0.000600446491651 0.00213763279062 0.558468449002 1 1 1 1 1 1 1 1 1 1 1 1 1 1 1
834 10008 -0.701067854241 -0.00128612790637 0.001712686773 0.565973182125 1 1 1 1 1 1 1 1 1 1 1 1 1 1 1
835 10020 -0.70131012033 -0.00877851876766 0.0065480826949 0.571724670653 1 1 1 1 1 1 1 1 1 1 1 1 1 1 1
836 10032 -0.69432433282 -0.000187313589593 0.0106300132223 0.579640805224 1 1 1 1 1 1 1 1 1 1 1 1 1 1 1
837 10044 -0.693209545865 -0.00346293358318 0.016088566949 0.581815483727 1 1 1 1 1 1 1 1 1 1 1 1 1 1 1
838 10056 -0.683550797515 -0.0067501672968 0.013341161132 0.593801313504 1 1 1 1 1 1 1 1 1 1 1 1 1 1 1
839 10068 -0.678076886837 -0.0167592541112 0.00644575665901 0.595641021741 1 1 1 1 1 1 1 1 1 1 1 1 1 1 1
840 10080 -0.673028960429 -0.0243432784853 0.0098079659418 0.583990324063 1 1 1 1 1 1 1 1 1 1 1 1 1 1 1
841 10092 -0.66647118908 -0.00357304793619 0.002219841263 0.586720584799 1 1 1 1 1 1 1 1 1 1 1 1 1 1 1
842 10104 -0.66173365046 -0.00397899821156 0.00405743335432 0.592600691655 1 1 1 1 1 1 1 1 1 1 1 1 1 1 1
843 10116 -0.66017772797 -0.00341721422235 0.0132666648842 0.579534759506 1 1 1 1 1 1 1 1 1 1 1 1 1 1 1
844 10128 -0.648289979953 -0.0255959391411 0.00409905437474 0.585751728436 1 1 1 1 1 1 1 1 1 1 1 1 1 1 1
845 10140 -0.638403721358 -0.0142558166836 0.0365355590261 0.591950275478 1 1 1 1 1 1 1 1 1 1 1 1 1 1 1
846 10152 -0.6335800187 -0.011792810173 0.0312925660617 0.589642810999 1 1 1 1 1 1 1 1 1 1 1 1 1 1 1
847 10164 -0.63007673229 -0.0279246685858 0.0239973105084 0.579225200926 1 1 1 1 1 1 1 1 1 1 1 1 1 1 1
848 10176 -0.62601419099 -0.0104616443106 0.00476355957468 0.580936252785 1 1 1 1 1 1 1 1 1 1 1 1 1 1 1
849 10188 -0.629953786463 -0.00345186833261 0.0255644718857 0.576839179783 1 1 1 1 1 1 1 1 1 1 1 1 1 1 1
850 10200 -0.646560494566 -0.0146591733519 0.0202759468705 0.587190377185 1 1 1 1 1 1 1 1 1 1 1 1 1 1 1
851 10212 -0.662704955028 -0.022554555992 0.00926120688598 0.596591386883 1 1 1 1 1 1 1 1 1 1 1 1 1 1 1
852 10224 -0.657458804771 -0.00252529268505 0.00860889396624 0.589441807247 1 1 1 1 1 1 1 1 1 1 1 1 1 1 1
853 10236 -0.657517348346 -0.0214914504147 0.0392856796376 0.582594161873 1 1 1 1 1 1 1 1 1 1 1 1 1 1 1
854 10248 -0.65165238162 -0.0192125005489 0.00397509037604 0.585375606009 1 1 1 1 1 1 1 1 1 1 1 1 1 1 1
855 10260 -0.654354172125 -0.0195597963089 0.00290284770638 0.572620602624 1 1 1 1 1 1 1 1 1 1 1 1 1 1 1
856 10272 -0.640894022048 -0.00240970020933 0.00910628442952 0.556513179269 1 1 1 1 1 1 1 1 1 1 1 1 1 1 1
857 10284 -0.64290566892 -0.00291607459107 0.00265247864374 0.564827318675 1 1 1 1 1 1 1 1 1 1 1 1 1 1 1
858 10296 -0.644309169075 -0.00158138050233 0.01470415875 0.558839139613 1 1 1 1 1 1 1 1 1 1 1 1 1 1 1
859 10308 -0.653886636819 -0.00621708520661 0.0144422124961 0.558884905766 1 1 1 1 1 1 1 1 1 1 1 1 1 1 1
860 10320 -0.653371004087 -0.00792585937476 0.00277209240425 0.550778941615 1 1 1 1 1 1 1 1 1 1 1 1 1 1 1
861 10332 -0.658179873096 -0.013453685661 0.014000442011 0.553604926663 1 1 1 1 1 1 1 1 1 1 1 1 1 1 1
862 10344 -0.649977273249 -0.00352074515691 0.0166322773423 0.542317672168 1 1 1 1 1 1 1 1 1 1 1 1 1 1 1
863 10356 -0.648417965885 -0.0330453832777 0.00574811304955 0.544573941928 1 1 1 1 1 1 1 1 1 1 1 1 1 1 1
864 10368 -0.639100949363 -0.0170886904572 0.00595906218345 0.546991136748 1 1 1 1 1 1 1 1 1 1 1 1 1 1 1
865 10380 -0.643721837815 -0.00210100087963 0.0270707795826 0.558067113965 1 1 1 1 1 1 1 1 1 1 1 1 1 1 1
866 10392 -0.642636983211 -0.0209332267757 0.00209115975211 0.584566896173 1 1 1 1 1 1 1 1 1 1 1 1 1 1 1
867 10404 -0.644567010692 -0.00439179274446 0.0083211114727 0.585028141549 1 1 1 1 1 1 1 1 1 1 1 1 1 1 1
868 10416 -0.646247837336 -0.00164111884197 0.000544408049765 0.58659378975 1 1 1 1 1 1 1 1 1 1 1 1 1 1 1
869 10428 -0.647424948649 -0.0396114552952 0.00702195843602 0.580882939196 1 1 1 1 1 1 1 1 1 1 1 1 1 1 1
870 10440 -0.648883028005 -0.041419539686 0.00617572491532 0.550605036367 1 1 1 1 1 1 1 1 1 1 1 1 1 1 1
871 10452 -0.653383300195 -0.0276323864731 0.00693689376132 0.54281189142 1 1 1 1 1 1 1 1 1 1 1 1 1 1 1
872 10464 -0.660994745439 -0.0221233179719 0.0024526170672 0.539552840813 1 1 1 1 1 1 1 1 1 1 1 1 1 1 1
873 10476 -0.666499466721 -0.00891325343102 0.00621126791643 0.530073660554 1 1 1 1 1 1 1 1 1 1 1 1 1 1 1
874 10488 -0.658458862657 -0.00900106617969 0.003454868648 0.528725943086 1 1 1 1 1 1 1 1 1 1 1 1 1 1 1
875 10500 -0.656124397887 -0.000833603644684 0.00307091743889 0.531082372212 1 1 1 1 1 1 1 1 1 1 1 1 1 1 1
876 10512 -0.645151067314 -0.00178561272855 0.0117471201551 0.537729012212 1 1 1 1 1 1 1 1 1 1 1 1 1 1 1
877 10524 -0.645502665022 -0.040378795362 0.00114153588068 0.538857143609 1 1 1 1 1 1 1 1 1 1 1 1 1 1 1
878 10536 -0.656555770091 -0.0145157091702 0.00618175135065 0.542201309689 1 1 1 1 1 1 1 1 1 1 1 1 1 1 1
879 10548 -0.655103034612 -0.014621175253 0.00127003956685 0.551366596569 1 1 1 1 1 1 1 1 1 1 1 1 1 1 1
880 10560 -0.647720218598 -0.00048017474286 0.00488293965789 0.556515416602 1 1 1 1 1 1 1 1 1 1 1 1 1 1 1
881 10572 -0.643553385524 -0.0099716682449 0.00473105696265 0.543496811781 1 1 1 1 1 1 1 1 1 1 1 1 1 1 1
882 10584 -0.642799157268 -0.0108669841627 0.00234235608959 0.544258645986 1 1 1 1 1 1 1 1 1 1 1 1 1 1 1
883 10596 -0.64446375681 -0.0114146225985 0.00163033549459 0.532427282943 1 1 1 1 1 1 1 1 1 1 1 1 1 1 1
884 10608 -0.654160635795 -0.0107865497987 0.00576812908149 0.556431924786 1 1 1 1 1 1 1 1 1 1 1 1 1 1 1
885 10620 -0.64921501697 -0.00538090066476 0.0267820827623 0.562293661079 1 1 1 1 1 1 1 1 1 1 1 1 1 1 1
886 10632 -0.657245892519 -0.00339494154398 0.00257761192114 0.558518842322 1 1 1 1 1 1 1 1 1 1 1 1 1 1 1
887 10644 -0.654201686006 -0.0130824676844 0.00440968801049 0.563298267354 1 1 1 1 1 1 1 1 1 1 1 1 1 1 1
888 10656 -0.652125570913 -0.0143830920022 0.00181558808833 0.565370219202 1 1 1 1 1 1 1 1 1 1 1 1 1 1 1
889 10668 -0.650690904017 -0.0383754114421 0.00311857320429 0.573852714296 1 1 1 1 1 1 1 1 1 1 1 1 1 1 1
890 10680 -0.65827719655 -0.00489360268184 0.00853682176852 0.588083906412 1 1 1 1 1 1 1 1 1 1 1 1 1 1 1
