% # columns="iteration, evaluation, void, void, void, xmean", seed=1, Wed Jan 31 20:25:35 2018, <python>{}</python> # scaling_of_variables: 1, typical_x: 0
1 12 0 0 0 -0.83489081147 3.10251349328 0.148014651079 5.9268063794 5.29339041844 4.14479215712 11.4415611773 1.89474074639 8.71363145588 -0.1159643711 9.31341850879 -0.443442315807 9.56568445587 0.109896367836 10.4996047877
2 24 0 0 0 -0.913851886043 2.16383089858 0.208191809512 6.56438937953 4.19601480557 4.14593830819 11.2736710436 2.89882555009 7.84104630618 0.360010243685 9.58334805004 -0.126531051487 8.92534797689 1.68374653689 10.8479264141
3 36 0 0 0 -1.5579456213 2.27403085309 1.67082772055 6.30388978846 3.65677440528 4.17690799075 11.4509793799 2.72740613187 7.33258457635 -0.543773008451 7.97520611815 0.491777709626 10.4979608631 0.673938825546 10.8178628455
4 48 0 0 0 -0.932037393821 1.33389557263 1.96446720674 4.11631680197 3.4296721867 3.85033219906 10.4001233966 2.64612745708 7.30801537828 -1.02692819206 9.17750131606 -0.567722411142 9.89346152704 0.174398434939 9.73796285643
5 60 0 0 0 -0.11735720228 0.895343202634 2.17283638502 4.00873597972 2.88689483768 2.76848195778 10.3083635625 2.51870534048 6.88931724496 -1.61278859325 9.25638336189 -0.722388847837 10.5687064433 -1.1402190219 10.8019388727
6 72 0 0 0 0.99898751344 0.535964895482 2.89934680661 3.76854083363 4.50305233841 2.91638135852 10.1414940934 3.03906508332 6.79701241459 -2.29207012503 9.52986846572 0.868160337753 9.60435497599 -1.07190120271 11.010332446
7 84 0 0 0 0.487332141664 0.108175697925 3.52850218993 3.31816666766 3.92104334709 2.27406067118 10.6222469845 2.69081223133 6.55046051884 -2.3371025463 10.470924616 1.24552885455 9.39141341111 -1.52565080668 10.8580944403
8 96 0 0 0 0.00162583902033 -0.20162144258 3.32404391526 2.13095259927 2.22743180572 2.39082989014 10.2269830535 2.58355190306 6.89327813996 -1.51801967221 10.3772580845 1.82774141409 9.48232808371 -1.66084384826 10.4237935071
9 108 0 0 0 -0.98438622942 -0.572038185104 4.29752847673 0.967886253697 1.51955740264 1.26822389183 9.53484907014 2.21736074582 5.30709616607 -1.81714982903 9.94875518451 2.14616501663 9.57918180419 -2.57836593228 9.24982179248
10 120 0 0 0 -1.17335889611 -0.271621731577 5.92198568974 0.17732106217 1.61014270422 1.79751501409 10.6222460578 3.42157890011 5.99200009811 -1.54851314865 8.06838018027 0.944840758213 9.76625531329 -2.97401031144 9.9675598083
11 132 0 0 0 -0.0433489940351 -0.99746129062 6.13374761012 0.293083493772 1.03036379331 1.80668945397 11.3008791226 3.39062056164 5.88081448052 -1.31572344604 7.92962141202 0.433616863917 10.670578783 -2.47203290881 9.69472702612
12 144 0 0 0 1.3093030066 -1.14870617517 6.46340815985 1.00654963388 1.29969262458 1.29097189409 11.6330878199 3.86972644317 5.77773419142 -1.81419438572 8.10267943308 0.953306704668 9.8991668159 -2.2475782587 11.0795970114
13 156 0 0 0 1.5975902777 -1.08879508063 8.11578672507 0.692214468791 0.202606718669 -0.00185490978023 11.8238399915 4.77238800923 5.15888689741 -0.451412523357 7.56681567355 0.166706734098 11.4601631354 -2.07296961249 10.7904102158
14 168 0 0 0 0.470378089023 -0.726764951861 7.83800376837 1.10756841451 0.165798263981 -0.383990389145 11.6435762929 4.20144253814 4.71278004965 -0.707862886229 7.74370436703 0.399857828062 11.8130140428 -3.62600456328 10.5363213109
15 180 0 0 0 1.37356424107 -0.43525353493 7.81626925213 3.29667734117 0.862838647882 1.13295648981 12.0099935281 3.69570458114 4.81914166381 -1.91761209629 7.94110424552 0.748973050528 12.0068319303 -3.41402066523 10.772821209
16 192 0 0 0 0.205736229269 -1.28035282249 7.00968565379 3.21270100335 -0.864845951029 0.570252845041 11.6317006911 4.32801996193 4.2392780088 -1.94152831947 8.40724687348 -0.178829996609 11.9969330561 -2.49365493268 10.5454709809
17 204 0 0 0 0.786980458404 -0.90921891933 6.93402238147 4.26540167315 -0.607626309177 0.894939099337 11.5373248117 4.43950747292 5.02950091384 -1.24920420655 9.11251883468 0.314738835813 12.6786732192 -3.1415296588 10.0961883491
18 216 0 0 0 0.675482334867 -1.5079967566 5.83766643072 4.44107635674 0.407657853001 0.693607811268 11.0757218534 4.38009511058 4.96164761081 -1.46862089006 8.96092728296 -0.422263854791 12.660117742 -2.50571551601 11.7401382774
19 228 0 0 0 -0.484132814665 -1.9419380995 5.53243878707 4.59234310802 0.199676605388 0.883677210156 11.2244707171 4.47886499177 5.60041054438 -1.74985815102 9.25449456084 -0.540559951725 11.2846252353 -1.77024001015 12.6263867042
20 240 0 0 0 -0.869204418274 -1.3143991138 4.94636150133 3.76685397926 -0.739521802822 0.856118929967 10.820317974 3.92833011184 4.843603436 -1.53572381805 8.74028899927 -0.35127287415 11.197782582 -1.99230635379 13.0728069584
21 252 0 0 0 -1.33474401902 -2.17666811368 5.24280524333 3.73779732002 -0.481526092534 0.581164877068 10.2332358098 4.26715347411 4.9199204321 -1.18945774559 8.75786401581 -0.71918306213 11.1335042876 -2.19045022295 13.385361424
22 264 0 0 0 -1.38375141438 -2.71227618869 4.73154911085 2.44950102288 -0.902096542367 0.0728965632954 9.95369921204 5.35587010908 5.13488989496 -0.600715470526 8.88165856722 -0.239381116255 11.4304746059 -1.21714056001 13.3898072273
23 276 0 0 0 -0.786768510747 -3.13739242371 5.31193974207 3.37787270878 -1.6510165926 1.13879265766 9.87232054316 6.20542774994 3.90200694012 -0.128508083726 9.05871518424 -0.445992598044 10.9408196139 -1.16282289646 12.2580282311
24 288 0 0 0 0.206265440828 -2.8872063219 7.09576296091 2.28315042272 -2.00202127117 0.243416711103 10.0147985659 5.86768083279 3.80615488886 0.31649690835 9.14077833166 -0.583722704188 11.5388664419 -1.99446087152 11.4187755741
25 300 0 0 0 0.298965862605 -3.01717963436 7.25678539209 3.38753421022 -1.6389964976 -0.317034809741 9.35415037798 6.38642048515 4.05158249157 0.735835760585 9.73974328506 -0.347748102337 12.2150839577 -2.60837710545 12.0461097874
26 312 0 0 0 0.992897312673 -2.38175280902 7.52631450278 3.62064014282 -1.82554072726 -0.882857439476 9.76942128284 6.61585275203 3.41470636313 -0.0158185125699 9.30209232117 0.401884111737 12.3333418508 -2.15267763591 12.3393546783
27 324 0 0 0 2.0044316551 -2.4962501098 8.857690375 3.82541864961 -2.58402015208 -1.52169999883 9.95883462823 6.99713021834 3.55229428493 0.266189543097 9.3306731502 -0.08903771087 12.0329816791 -2.60647011656 11.5101368096
28 336 0 0 0 2.2674014239 -3.24045923746 8.08690396172 3.33682216415 -2.40595052082 -1.98594428347 9.55379050788 7.80770008081 4.00929470549 -0.292126983706 9.71324162753 0.0132455202496 11.3312360131 -1.16568940712 11.305922422
29 348 0 0 0 1.28898129843 -2.29563022973 7.65807451389 3.42468051872 -2.88346669366 -1.80713166383 9.5540194198 7.02341126914 4.39618547124 -0.636143865494 9.50090915717 -0.256198316512 11.3691595085 -1.77890710733 10.8384037393
30 360 0 0 0 1.23098135547 -2.60475001097 7.48425019786 3.48262790489 -3.64253886513 -1.84174744085 9.68296525594 6.46877072595 5.35353762772 -0.736221335458 10.4300737893 -0.340955177067 9.88970956895 -2.03699765374 10.9930249957
31 372 0 0 0 1.77125202067 -2.17444443274 8.53583982485 4.15415811999 -3.92815913245 -2.42036918208 10.2327161685 7.47276995878 5.30047992059 -1.02187451609 11.0051940611 -0.0540150085707 9.67745051836 -2.78219371528 10.2192363974
32 384 0 0 0 2.02156557287 -1.36705092892 8.1327374023 4.10228113211 -4.31170181531 -2.51348895828 10.573014459 7.10489657033 6.14090201541 -1.37722589679 11.1651813058 -0.36662741971 9.88637020439 -2.31296882119 10.7745805554
33 396 0 0 0 2.90709964005 -2.60205688451 9.04957199827 4.46258595156 -4.22244296238 -2.42742617738 10.8705743267 6.90081394726 6.71487770277 -1.94844265863 10.6506588275 -0.778482754002 10.7636452939 -1.2861813825 11.0669163516
34 408 0 0 0 2.64113242788 -2.92728427504 8.92898111959 3.54262674207 -3.57620925004 -3.01901818173 10.6752395104 6.11467300469 6.81319917045 -1.95804940895 11.0597584342 -0.470337050059 11.1847756933 -1.51914252182 10.7290014597
35 420 0 0 0 2.61891687976 -2.56119752245 8.90509138863 4.29538547903 -3.63837636796 -2.97050871616 10.044412028 7.49102779042 6.49380399866 -1.39900778085 10.6807077201 -0.338637935356 11.0220641543 -0.834526907527 10.3274011501
36 432 0 0 0 2.78620595932 -1.81082491372 8.33886183686 4.49580943486 -1.4810882276 -1.68547163247 9.90980399334 7.37423625112 7.43092347317 -0.981613574022 10.123631318 -0.695248913995 10.5190866843 -0.061875493336 11.1850066885
37 444 0 0 0 3.24328623937 -1.69011343701 8.84079986376 4.07677105764 -1.28623328777 -2.19546224939 9.33631300756 7.22748468797 7.35945473835 -0.110575783782 10.7044105684 -0.28923901256 9.89923835544 -0.626831063299 10.7826534326
38 456 0 0 0 2.79540937972 -1.77303818039 7.73788307702 4.99471632578 -0.944295893886 -2.25909072079 8.8021895994 6.66467270328 8.07230525913 -0.0343240138769 11.3205264856 -1.05221375127 9.46809022814 -0.1429340806 10.7042092727
39 468 0 0 0 3.30318697493 -2.62644850671 7.25167010063 5.78242064725 -1.58258551096 -1.8892956334 8.59943289416 6.65516868318 7.12299710483 0.0615620988793 12.3063047371 -1.02251022895 10.2873032766 -0.406165811847 9.82287181326
40 480 0 0 0 3.73030752575 -2.35333777412 7.70529951021 5.69236701224 -1.14183457576 -2.00081067629 9.67737908336 6.53573101297 6.75131145268 0.921830415841 11.9184928714 -1.06047767864 9.86702051981 -0.890472768993 10.2752112115
41 492 0 0 0 3.31372220516 -2.04806913624 7.5111417958 5.17238802894 -0.748435844946 -0.852363694844 10.2316360971 6.86060025127 7.06769441586 0.0520626946365 12.396632317 -0.577626335025 9.7844883168 -1.29060523322 9.28282569707
42 504 0 0 0 2.65945952252 -2.37072087821 7.36726390692 5.5056611017 -0.561251831397 -1.36753609318 9.98902572994 5.79543868868 7.64974422706 -0.927455241 12.6666511365 -0.556932429907 9.49999671235 -2.60904505501 9.19071332327
43 516 0 0 0 2.87479625568 -2.35134920149 7.86268456382 5.96411313908 -1.46622008418 -2.21271335398 9.67589289784 5.53733346845 7.17222324813 -0.213549625186 12.5129418748 -0.0803603867944 9.41857071345 -3.8207046431 8.9712823906
44 528 0 0 0 2.82564990767 -2.38171661055 7.9187977457 5.66630277728 -1.96853002195 -2.91014431521 9.42312527079 5.26190232132 7.57281960094 0.195770126776 12.086161124 -0.873719264799 8.75335796452 -4.45334651414 8.97010928322
45 540 0 0 0 1.81692120249 -2.53851599495 7.80271740081 5.33765065137 -1.36363912585 -2.67465284615 8.96485328632 5.09981566171 8.22101163247 0.275122686571 11.8900652872 -0.635238727652 9.7491348205 -4.68596914406 8.99035316144
46 552 0 0 0 1.28966536907 -2.57282677128 6.5629264543 5.33799044286 -2.31221370988 -1.82698553972 9.81959828249 4.54935348351 8.31566655294 0.0735890371464 12.3644899114 -0.157433151978 10.3890760158 -5.10485012816 8.42594360863
47 564 0 0 0 1.44326969896 -2.48946935836 7.38823246221 4.93214238484 -1.97960926284 -1.97581330775 10.9584496124 4.29365691398 7.73582508268 0.38275341053 11.9740716845 -0.00354266033735 10.5409208031 -4.77573590206 9.1587190563
48 576 0 0 0 0.905526719304 -2.33054278802 7.54942530354 5.32682929718 -1.85546281045 -1.5801222306 10.5728165377 4.65097881624 7.20348892203 0.176403349343 11.7436177299 -0.23377244064 10.746939216 -4.69571654597 8.78467425928
49 588 0 0 0 2.49498833187 -3.06403642446 8.14831603421 4.88249094507 -2.20530334327 -0.989698124845 10.225387716 4.95771314972 7.1131123576 0.930280821298 12.4789801414 -1.17948971993 10.5746550249 -3.40818081519 8.90330063506
50 600 0 0 0 2.78744281136 -2.33441418957 8.83952017749 4.9169533486 -2.40330905407 -1.11214421153 10.7184327034 5.13158340942 7.72281118695 -0.0134589445106 12.0760698725 -1.23860509563 10.585529522 -3.57544752383 9.08009330645
51 612 0 0 0 2.78952322032 -2.14857838267 9.09907650495 4.64106938475 -2.14783069739 -0.142731343545 10.6727395075 4.8990065243 8.18450422734 0.202293327922 12.3445454375 -1.63576316722 10.5793445218 -3.31456009705 9.06429473803
52 624 0 0 0 2.54022568094 -1.36012648022 8.66165137746 4.75032190612 -1.95600629907 0.318015865184 11.3993829297 4.38231094434 7.92363547899 0.109641924509 11.890118548 -1.05716342961 9.93397657801 -3.6147329607 9.85839595087
53 636 0 0 0 2.51778281162 -0.470365000139 8.43698702742 4.61762308486 -1.94127459792 0.0962746367711 11.3908001818 4.45822827002 8.30604499093 -0.509093666564 11.7533053569 -0.719879258454 9.99727275029 -2.97665364007 9.42984770787
54 648 0 0 0 3.03624989853 -0.674709345795 8.19655799831 4.43769586255 -2.2065937003 -0.104140060431 11.2081970977 5.17053208459 8.00886011452 -0.496226247392 11.8075264544 -1.26087459189 10.1927913962 -2.35249948981 8.98957557205
55 660 0 0 0 2.74995281666 -0.579850848027 8.34520040292 5.59963003621 -2.95086206238 0.0814115283965 11.2251281657 5.64281269549 8.31165695067 -0.0154303736719 11.2441204456 -2.10424044351 10.3328827599 -1.77366091796 9.09696084252
56 672 0 0 0 2.73855579811 -0.755635146111 8.01672652784 5.96096697739 -2.83877867667 0.280273051851 11.6366900531 5.8417102508 8.01735355543 -0.632264675441 11.2376678443 -2.04505910496 10.2410980514 -1.77348300147 9.2973005768
57 684 0 0 0 2.25817316714 -1.52185588316 7.5036640844 7.05398469273 -2.75298246428 0.569718929728 11.6216655294 5.68644592532 8.16178732766 -0.206727934716 11.9392845978 -1.78468374532 10.7997982064 -2.01225809585 9.0652147816
58 696 0 0 0 2.02836068728 -1.63457390455 7.30946604484 7.71199875478 -3.10599095382 0.836765582601 12.2650285715 5.62542379271 8.48174826849 -0.357386357087 11.9186784753 -1.06597820954 11.224413578 -2.06982985956 9.20890366279
59 708 0 0 0 2.41279908023 -2.08925352632 7.29435937496 7.88041465386 -3.42522418597 1.07111916969 11.8372731724 5.33174693033 7.74008231475 -0.489247318146 11.8370924069 -1.3315468662 10.5624913114 -1.47604013305 9.00612057158
60 720 0 0 0 1.98862190808 -1.7724539615 7.29280108055 7.90824987609 -3.01565737089 0.985045946219 12.0024023904 5.83798587833 7.73541739246 -0.945738090637 11.1902177749 -1.39019966019 11.1454634396 -0.860972919922 9.45466425172
61 732 0 0 0 2.12739149342 -2.13846096908 7.91924399783 8.59443476489 -3.60516309064 0.042408768478 12.0662079118 5.79698002902 7.15860350391 -0.717139608767 10.9514653876 -1.2100351665 12.0021763107 -1.40162867354 9.24590602629
62 744 0 0 0 1.92015525092 -1.94552798606 7.6357041983 7.98061602444 -3.20927804194 0.459273557086 11.7676720195 5.32597497236 7.7502231693 -1.07044398038 11.1833919647 -1.19243263256 12.4456579504 -1.45484292865 9.79367053988
63 756 0 0 0 2.4715399291 -2.1066549954 7.31012946211 8.58686886899 -3.52561460397 0.836563155751 11.9898769863 5.28552004314 7.35332149122 -1.6458157797 11.2886835847 -1.16950476708 12.0393928594 -1.46775552822 9.60508070699
64 768 0 0 0 3.04023123098 -1.78257463579 7.60998852222 8.48306551772 -3.08664019095 0.457452147861 11.5344223895 5.50034436163 7.52871883518 -1.64757662269 11.2205361083 -1.40290622961 11.763503612 -1.10734948091 9.1021075622
65 780 0 0 0 2.60689131402 -1.86892641587 7.5248885928 8.16233830431 -3.79199885824 0.0215023174339 11.4066965645 5.45703602674 7.33528072168 -1.73086896336 11.3172130392 -1.54371196621 11.9442854548 -1.46274023843 9.25651000318
66 792 0 0 0 2.76002756332 -1.98085078259 7.20796854188 9.22083300075 -4.15620593989 0.629071690681 11.6584999372 5.3176959066 6.88089373647 -1.1480605082 10.9725564252 -1.98927441347 11.6726894285 -1.88502913679 9.34312784376
67 804 0 0 0 3.11282522383 -2.6584414126 6.95233895571 9.57926289494 -3.47102540706 0.674173108891 11.3811084221 5.46544687774 6.58870346548 -0.831813674566 10.6640193392 -2.25761004945 11.7690340858 -1.05946761453 9.25202329555
68 816 0 0 0 2.92867500724 -2.40470628037 6.86211300388 9.21582076835 -3.04183919299 1.01694838641 11.3999702354 5.88787779965 7.50012613563 -0.556183483782 10.9233362813 -2.5342335435 11.6209344372 -0.955480986847 9.52804997402
69 828 0 0 0 2.63301195368 -2.08104818425 6.76624543886 9.02686791247 -2.96526961483 1.25986406171 11.6640356721 5.75769125804 7.03793377802 -1.10338600925 11.0399570818 -2.39991977789 11.7840915967 -0.740051275966 9.77488424142
70 840 0 0 0 2.1283714834 -1.76679707127 6.62316010528 8.80249396823 -2.63771547666 1.06040289969 11.5238271919 5.84792380431 6.48395799999 -1.18363633342 10.6258885873 -2.39861597368 12.2441338714 -0.641480494443 9.49755772452
71 852 0 0 0 2.46796217469 -1.9040291141 6.75822596216 8.6057240669 -2.37735372116 1.48344931453 11.9603135349 6.07087992971 6.51094788413 -1.6818507333 10.3665428101 -2.36630719646 11.8352994617 -0.337051288227 9.0966257859
72 864 0 0 0 2.16142581563 -1.74679299144 6.8416254868 8.49039287968 -1.9131574358 1.06259131029 11.8294371914 6.18156128734 6.21156570007 -1.35501675433 10.4627794571 -2.40675968122 11.4386648039 -0.438944440559 9.34586457318
73 876 0 0 0 1.96503258663 -1.5693237256 6.84525554323 8.64387574894 -1.4028146651 0.640347100838 12.0502635283 5.93349180719 5.72249312029 -1.23772316359 10.3151873268 -2.40635354163 11.8021358174 -0.33484849325 9.32698963556
74 888 0 0 0 1.65746088194 -1.76316930638 6.98805402456 7.84398129597 -1.17104505065 0.436486464856 11.9137078113 5.70790232527 5.97473657328 -1.01887894465 10.5206816812 -2.27299537389 12.3038643285 -1.02345539187 9.0466501471
75 900 0 0 0 1.97179379798 -1.57369866137 7.07990767935 7.71912575558 -1.52577853994 0.552436528321 11.6324877578 5.82741704243 5.81358183385 -1.38687938031 10.4141417837 -2.12164439656 12.4941625124 -0.594325276713 9.15714955117
76 912 0 0 0 2.00151728968 -1.49159069043 7.3496743583 7.35271385558 -2.03809420331 0.476115444607 11.3621878117 5.69624577102 6.36266397437 -1.71690474398 10.7186295958 -2.2594942972 12.71084582 -0.850819400484 8.67839475068
77 924 0 0 0 2.01170082887 -1.54810722358 7.46578390909 7.52644914255 -2.00278213843 0.438059648832 11.1934497403 5.56567436955 6.16468893412 -1.99188763769 10.6015441908 -2.29143211267 12.317629383 -0.939948355707 8.34880528326
78 936 0 0 0 2.01751009241 -1.55985150772 7.3954804842 7.36761181162 -2.22120318911 0.81338559845 11.5731536129 5.60237339997 6.03995317554 -1.89630382904 10.7607786743 -2.51244378245 12.2161344225 -0.729787766924 7.80663452655
79 948 0 0 0 2.16386131598 -1.15978048076 7.84758859323 7.10784636997 -2.76610029409 0.365909013638 11.5055775708 5.40323416349 6.41221235545 -1.73208324793 10.8238208353 -2.50264960674 12.3127471466 -1.340083836 7.77533372378
