% # columns="iteration, evaluation, min max(neg(.)) min(pos(.)) max correlation, correlation matrix principle axes lengths  (sorted square roots of eigenvalues of correlation matrix)", seed=9, Mon Jan 29 12:23:10 2018
1 12 -0.0288442094005 -4.53188106418e-05 0.000570927689035 0.0258883789863 1 1 1 1 1 1 1 1 1 1 1 1 1 1 1 1 1
2 24 -0.0417659621413 -0.000226497220359 0.000157903486717 0.0428197647605 1 1 1 1 1 1 1 1 1 1 1 1 1 1 1 1 1
3 36 -0.0521567350741 -0.000382010518639 0.000276663698996 0.0506539563216 1 1 1 1 1 1 1 1 1 1 1 1 1 1 1 1 1
4 48 -0.0770355180732 -0.00198747798345 0.000772643245686 0.0626747419808 1 1 1 1 1 1 1 1 1 1 1 1 1 1 1 1 1
5 60 -0.112247720365 -7.49104992157e-05 0.00126834791409 0.0740222764037 1 1 1 1 1 1 1 1 1 1 1 1 1 1 1 1 1
6 72 -0.120437038081 -0.00053182539054 0.00146376804268 0.0906501610047 1 1 1 1 1 1 1 1 1 1 1 1 1 1 1 1 1
7 84 -0.133242848595 -0.000152772475668 0.000487748812572 0.122681309763 1 1 1 1 1 1 1 1 1 1 1 1 1 1 1 1 1
8 96 -0.135678298478 -0.000803954891186 0.000342612740178 0.113262085577 1 1 1 1 1 1 1 1 1 1 1 1 1 1 1 1 1
9 108 -0.162094986988 -0.00193079674639 0.00109384572364 0.14489766152 1 1 1 1 1 1 1 1 1 1 1 1 1 1 1 1 1
10 120 -0.166244763758 -0.000634614555361 0.00547864999181 0.148525630905 1 1 1 1 1 1 1 1 1 1 1 1 1 1 1 1 1
11 132 -0.154355510735 -0.000434474845697 0.00144409015954 0.141836973319 1 1 1 1 1 1 1 1 1 1 1 1 1 1 1 1 1
12 144 -0.16337436151 -0.000341170094564 0.00194637520484 0.163311115951 1 1 1 1 1 1 1 1 1 1 1 1 1 1 1 1 1
13 156 -0.182824133123 -0.00018103270307 0.000743509911089 0.173988563426 1 1 1 1 1 1 1 1 1 1 1 1 1 1 1 1 1
14 168 -0.164404823964 -0.000838298746523 0.00102477921233 0.190397078754 1 1 1 1 1 1 1 1 1 1 1 1 1 1 1 1 1
15 180 -0.148779231807 -0.000106535765126 0.00241986971636 0.184114847449 1 1 1 1 1 1 1 1 1 1 1 1 1 1 1 1 1
16 192 -0.147367736897 -0.000156126119178 0.00147003294869 0.196855638902 1 1 1 1 1 1 1 1 1 1 1 1 1 1 1 1 1
17 204 -0.148908583639 -0.000399614499143 0.000447117810885 0.183825618699 1 1 1 1 1 1 1 1 1 1 1 1 1 1 1 1 1
18 216 -0.146460531109 -0.00245717183354 0.000514756796009 0.183314151477 1 1 1 1 1 1 1 1 1 1 1 1 1 1 1 1 1
19 228 -0.145368468457 -0.00137351786682 0.000286156894402 0.183840888259 1 1 1 1 1 1 1 1 1 1 1 1 1 1 1 1 1
20 240 -0.138614484303 -0.00148909909967 0.00173968868064 0.179524117549 1 1 1 1 1 1 1 1 1 1 1 1 1 1 1 1 1
21 252 -0.143374240165 -2.76990804413e-06 0.00120763124638 0.184969153303 1 1 1 1 1 1 1 1 1 1 1 1 1 1 1 1 1
22 264 -0.148285158587 -0.000498981335937 0.00142142035551 0.192247102675 1 1 1 1 1 1 1 1 1 1 1 1 1 1 1 1 1
23 276 -0.154714196404 -0.00226818030679 0.000869930445853 0.185292346668 1 1 1 1 1 1 1 1 1 1 1 1 1 1 1 1 1
24 288 -0.153621803367 -0.000590473089012 3.29033984484e-05 0.178610111317 1 1 1 1 1 1 1 1 1 1 1 1 1 1 1 1 1
25 300 -0.168270280534 -0.002241903373 0.00400264971275 0.18003974527 1 1 1 1 1 1 1 1 1 1 1 1 1 1 1 1 1
26 312 -0.184828264934 -8.16648348973e-05 0.00011878054784 0.18512209348 1 1 1 1 1 1 1 1 1 1 1 1 1 1 1 1 1
27 324 -0.185065169771 -0.0011520769645 0.000500620832346 0.189919658111 1 1 1 1 1 1 1 1 1 1 1 1 1 1 1 1 1
28 336 -0.166479616817 -0.0031633756518 2.4336721826e-05 0.180979585668 1 1 1 1 1 1 1 1 1 1 1 1 1 1 1 1 1
29 348 -0.152201219268 -0.0019185313938 0.00153987829743 0.188529030976 1 1 1 1 1 1 1 1 1 1 1 1 1 1 1 1 1
30 360 -0.15041974669 -0.00100585184093 0.000430610781616 0.191798090512 1 1 1 1 1 1 1 1 1 1 1 1 1 1 1 1 1
31 372 -0.166151661072 -0.00341361231327 0.00151554091229 0.194933172078 1 1 1 1 1 1 1 1 1 1 1 1 1 1 1 1 1
32 384 -0.160537798109 -8.26821961859e-05 0.00428421341988 0.193669287055 1 1 1 1 1 1 1 1 1 1 1 1 1 1 1 1 1
33 396 -0.164168280493 -0.00118428515638 0.000660741770637 0.19058477443 1 1 1 1 1 1 1 1 1 1 1 1 1 1 1 1 1
34 408 -0.175234751284 -0.00183709112744 0.00122402470322 0.188676060611 1 1 1 1 1 1 1 1 1 1 1 1 1 1 1 1 1
35 420 -0.178161762118 -0.00111904423586 0.00335809814264 0.189651790459 1 1 1 1 1 1 1 1 1 1 1 1 1 1 1 1 1
36 432 -0.186662372421 -0.000244459929037 0.000626457489728 0.190350279285 1 1 1 1 1 1 1 1 1 1 1 1 1 1 1 1 1
37 444 -0.183651296883 -0.00317803932309 0.00180966069544 0.183801440474 1 1 1 1 1 1 1 1 1 1 1 1 1 1 1 1 1
38 456 -0.195341670207 -0.000590698699563 0.00135222992682 0.199942716232 1 1 1 1 1 1 1 1 1 1 1 1 1 1 1 1 1
39 468 -0.181553314837 -0.00148405489497 0.000520710226152 0.201831415099 1 1 1 1 1 1 1 1 1 1 1 1 1 1 1 1 1
40 480 -0.185958239547 -0.000459170934515 0.000296929561125 0.199924719185 1 1 1 1 1 1 1 1 1 1 1 1 1 1 1 1 1
41 492 -0.171743285241 -0.000808688228707 0.000378433803383 0.193024255208 1 1 1 1 1 1 1 1 1 1 1 1 1 1 1 1 1
42 504 -0.17453999654 -0.00300545970198 3.42587559068e-05 0.207387048635 1 1 1 1 1 1 1 1 1 1 1 1 1 1 1 1 1
43 516 -0.164549706014 -0.00204104991577 0.0007828620557 0.190208307135 1 1 1 1 1 1 1 1 1 1 1 1 1 1 1 1 1
44 528 -0.164994201034 -0.000343727524148 0.00214215389725 0.207194351978 1 1 1 1 1 1 1 1 1 1 1 1 1 1 1 1 1
45 540 -0.179909068543 -0.000402284551255 0.000908853312981 0.182671927801 1 1 1 1 1 1 1 1 1 1 1 1 1 1 1 1 1
46 552 -0.177369780053 -0.00177029104352 0.0031292706173 0.180165196195 1 1 1 1 1 1 1 1 1 1 1 1 1 1 1 1 1
47 564 -0.16242351417 -0.000815141426824 0.000515284632838 0.201472831549 1 1 1 1 1 1 1 1 1 1 1 1 1 1 1 1 1
48 576 -0.173693603596 -0.00224386025946 0.000947467535211 0.198417943081 1 1 1 1 1 1 1 1 1 1 1 1 1 1 1 1 1
49 588 -0.1514910381 -0.00572826044373 0.00261199874964 0.212646655394 1 1 1 1 1 1 1 1 1 1 1 1 1 1 1 1 1
50 600 -0.153161868369 -0.000546151839416 0.00147124838208 0.212055258399 1 1 1 1 1 1 1 1 1 1 1 1 1 1 1 1 1
51 612 -0.152303694476 -0.00166070264304 0.00114346891865 0.205418300647 1 1 1 1 1 1 1 1 1 1 1 1 1 1 1 1 1
52 624 -0.1770489041 -0.000719823239224 0.000192619560399 0.22368708901 1 1 1 1 1 1 1 1 1 1 1 1 1 1 1 1 1
53 636 -0.191718659012 -0.00284621795187 0.000641958956963 0.260099922672 1 1 1 1 1 1 1 1 1 1 1 1 1 1 1 1 1
54 648 -0.214872498111 -0.000264702323213 0.000876100333389 0.280413360096 1 1 1 1 1 1 1 1 1 1 1 1 1 1 1 1 1
55 660 -0.230760807522 -0.00128751476557 0.00111894510142 0.295537236839 1 1 1 1 1 1 1 1 1 1 1 1 1 1 1 1 1
56 672 -0.233943014851 -0.00118814614744 0.00027697464512 0.296650416875 1 1 1 1 1 1 1 1 1 1 1 1 1 1 1 1 1
57 684 -0.248112047885 -0.00421106434492 1.00055187659e-05 0.300564121494 1 1 1 1 1 1 1 1 1 1 1 1 1 1 1 1 1
58 696 -0.252403214652 -0.000759068490776 0.00071883184664 0.310715967888 1 1 1 1 1 1 1 1 1 1 1 1 1 1 1 1 1
59 708 -0.244989413181 -0.00171249764678 0.000821686584084 0.308222802412 1 1 1 1 1 1 1 1 1 1 1 1 1 1 1 1 1
60 720 -0.246305295546 -0.00152039748569 0.00274376948763 0.319165783648 1 1 1 1 1 1 1 1 1 1 1 1 1 1 1 1 1
61 732 -0.250628968589 -0.000211774637039 0.0018767777512 0.331598751538 1 1 1 1 1 1 1 1 1 1 1 1 1 1 1 1 1
62 744 -0.25378737776 -0.0013714605844 0.000983499957768 0.327878313593 1 1 1 1 1 1 1 1 1 1 1 1 1 1 1 1 1
63 756 -0.264969701856 -0.00152015662507 0.00106118139526 0.340482266899 1 1 1 1 1 1 1 1 1 1 1 1 1 1 1 1 1
64 768 -0.286107041334 -0.00153501865689 5.78640988255e-05 0.344274767175 1 1 1 1 1 1 1 1 1 1 1 1 1 1 1 1 1
65 780 -0.298103730189 -0.00151629481043 0.000925869844122 0.342159085737 1 1 1 1 1 1 1 1 1 1 1 1 1 1 1 1 1
66 792 -0.293547171636 -0.00152414350383 2.10531601248e-06 0.346256826194 1 1 1 1 1 1 1 1 1 1 1 1 1 1 1 1 1
67 804 -0.291715419066 -0.00400287586352 0.0060414441177 0.337805848597 1 1 1 1 1 1 1 1 1 1 1 1 1 1 1 1 1
68 816 -0.304429515818 -0.00166427501829 0.00141149693495 0.335471651019 1 1 1 1 1 1 1 1 1 1 1 1 1 1 1 1 1
69 828 -0.30223143317 -0.00299622704368 0.00131352705761 0.320171836225 1 1 1 1 1 1 1 1 1 1 1 1 1 1 1 1 1
70 840 -0.325854174009 -0.00245516220744 0.000841546779866 0.330521177808 1 1 1 1 1 1 1 1 1 1 1 1 1 1 1 1 1
71 852 -0.338829300466 -0.000195118404996 0.000348081511043 0.332446515565 1 1 1 1 1 1 1 1 1 1 1 1 1 1 1 1 1
72 864 -0.329054604814 -0.0018308699825 0.00116893283151 0.323292402055 1 1 1 1 1 1 1 1 1 1 1 1 1 1 1 1 1
73 876 -0.29501685225 -0.00145266588004 2.29517189127e-05 0.327105985835 1 1 1 1 1 1 1 1 1 1 1 1 1 1 1 1 1
74 888 -0.29038156215 -0.000250078810912 0.00186392915753 0.30419956964 1 1 1 1 1 1 1 1 1 1 1 1 1 1 1 1 1
75 900 -0.2730239874 -0.000412154455685 0.00372431456948 0.302705524595 1 1 1 1 1 1 1 1 1 1 1 1 1 1 1 1 1
76 912 -0.293616600275 -0.000497307457533 0.00525717721107 0.324069514048 1 1 1 1 1 1 1 1 1 1 1 1 1 1 1 1 1
77 924 -0.303929410713 -0.00298969549676 5.09622410066e-05 0.340177671278 1 1 1 1 1 1 1 1 1 1 1 1 1 1 1 1 1
78 936 -0.29931509182 -0.000587705073086 0.00625413576625 0.341667207876 1 1 1 1 1 1 1 1 1 1 1 1 1 1 1 1 1
79 948 -0.293837476049 -0.00134181693824 0.00171481311736 0.348760189748 1 1 1 1 1 1 1 1 1 1 1 1 1 1 1 1 1
80 960 -0.272991782369 -0.0071075360323 0.00668179737797 0.341950919152 1 1 1 1 1 1 1 1 1 1 1 1 1 1 1 1 1
81 972 -0.27049596588 -0.00331957080563 0.00651347315675 0.320234794613 1 1 1 1 1 1 1 1 1 1 1 1 1 1 1 1 1
82 984 -0.271909602342 -0.00293932449497 0.00786764158569 0.313505283754 1 1 1 1 1 1 1 1 1 1 1 1 1 1 1 1 1
83 996 -0.272130556517 -0.000893163139024 0.00294264673905 0.312093180861 1 1 1 1 1 1 1 1 1 1 1 1 1 1 1 1 1
84 1008 -0.272523790751 -0.00485482782584 0.00100230342652 0.317667950692 1 1 1 1 1 1 1 1 1 1 1 1 1 1 1 1 1
85 1020 -0.28121540017 -0.00228173690845 0.00352329863289 0.325268389 1 1 1 1 1 1 1 1 1 1 1 1 1 1 1 1 1
86 1032 -0.289549645473 -0.00144950381939 0.00543466434411 0.321806631327 1 1 1 1 1 1 1 1 1 1 1 1 1 1 1 1 1
87 1044 -0.288888432309 -0.00385748011839 0.00348968755345 0.318373899193 1 1 1 1 1 1 1 1 1 1 1 1 1 1 1 1 1
88 1056 -0.297960476522 -0.0006865421827 0.000480754293304 0.329079664702 1 1 1 1 1 1 1 1 1 1 1 1 1 1 1 1 1
89 1068 -0.295311311144 -0.00221275098989 0.00344182410006 0.329556176234 1 1 1 1 1 1 1 1 1 1 1 1 1 1 1 1 1
90 1080 -0.30144881135 -0.00458138202815 0.001796129442 0.340937569018 1 1 1 1 1 1 1 1 1 1 1 1 1 1 1 1 1
91 1092 -0.312625657613 -0.003824992022 0.00074404046486 0.339275350993 1 1 1 1 1 1 1 1 1 1 1 1 1 1 1 1 1
92 1104 -0.304642069056 -0.00385398291218 0.0045016558603 0.340533580304 1 1 1 1 1 1 1 1 1 1 1 1 1 1 1 1 1
93 1116 -0.309704026228 -0.00373505308243 0.0002752897282 0.339036495892 1 1 1 1 1 1 1 1 1 1 1 1 1 1 1 1 1
94 1128 -0.339915512468 -0.000260800179744 0.000886880848838 0.326882385778 1 1 1 1 1 1 1 1 1 1 1 1 1 1 1 1 1
95 1140 -0.345829612884 -0.000827763043418 0.00112325570656 0.328647712627 1 1 1 1 1 1 1 1 1 1 1 1 1 1 1 1 1
96 1152 -0.353671435361 -0.00119426862768 0.000414038035174 0.343670154574 1 1 1 1 1 1 1 1 1 1 1 1 1 1 1 1 1
97 1164 -0.352926958821 -0.00120375870415 0.000377335164365 0.336869070217 1 1 1 1 1 1 1 1 1 1 1 1 1 1 1 1 1
98 1176 -0.358391495191 -0.00339287099338 0.00196125841891 0.359359073209 1 1 1 1 1 1 1 1 1 1 1 1 1 1 1 1 1
99 1188 -0.361984828465 -0.0075570770141 0.000358319350724 0.367236338755 1 1 1 1 1 1 1 1 1 1 1 1 1 1 1 1 1
100 1200 -0.358141520692 -0.00246264205356 0.0019550168266 0.365221040175 1 1 1 1 1 1 1 1 1 1 1 1 1 1 1 1 1
101 1212 -0.347353232622 -0.000354094950892 0.00178128660421 0.366293253908 1 1 1 1 1 1 1 1 1 1 1 1 1 1 1 1 1
102 1224 -0.356415469913 -0.000241928802554 0.000840910126348 0.36638516892 1 1 1 1 1 1 1 1 1 1 1 1 1 1 1 1 1
103 1236 -0.360962633806 -0.00225422634637 0.000867115977107 0.365316382037 1 1 1 1 1 1 1 1 1 1 1 1 1 1 1 1 1
104 1248 -0.37196019104 -0.00820692744686 0.00106038643057 0.375787736595 1 1 1 1 1 1 1 1 1 1 1 1 1 1 1 1 1
105 1260 -0.363490797034 -0.0019003454619 0.000489606672769 0.38472604281 1 1 1 1 1 1 1 1 1 1 1 1 1 1 1 1 1
106 1272 -0.352581967343 -0.00680775633816 0.00510831754356 0.355742539986 1 1 1 1 1 1 1 1 1 1 1 1 1 1 1 1 1
107 1284 -0.381112298983 -0.00162015306474 0.00411785124844 0.349403192319 1 1 1 1 1 1 1 1 1 1 1 1 1 1 1 1 1
108 1296 -0.377962799056 -0.0068094614571 0.000953648751811 0.346590867238 1 1 1 1 1 1 1 1 1 1 1 1 1 1 1 1 1
109 1308 -0.369785172039 -0.00762507406262 0.0066667216894 0.362998147964 1 1 1 1 1 1 1 1 1 1 1 1 1 1 1 1 1
110 1320 -0.363260967039 -0.00184233021494 0.00857089038372 0.38144335312 1 1 1 1 1 1 1 1 1 1 1 1 1 1 1 1 1
111 1332 -0.373465606904 -0.00937488387227 0.00128656949386 0.391024527919 1 1 1 1 1 1 1 1 1 1 1 1 1 1 1 1 1
112 1344 -0.385751860869 -0.00326437853659 0.00523177538959 0.400053572357 1 1 1 1 1 1 1 1 1 1 1 1 1 1 1 1 1
113 1356 -0.395623004998 -0.00269482762475 0.00151726177841 0.386479362718 1 1 1 1 1 1 1 1 1 1 1 1 1 1 1 1 1
114 1368 -0.391710924174 -0.00714219509579 0.00526494559203 0.38240746189 1 1 1 1 1 1 1 1 1 1 1 1 1 1 1 1 1
115 1380 -0.392226497997 -0.00158984595397 0.000925121437788 0.385393694289 1 1 1 1 1 1 1 1 1 1 1 1 1 1 1 1 1
116 1392 -0.389757015268 -0.00116593430668 0.00390104272598 0.38864593248 1 1 1 1 1 1 1 1 1 1 1 1 1 1 1 1 1
117 1404 -0.390548962687 -0.00155838690088 0.00243768146044 0.385268753693 1 1 1 1 1 1 1 1 1 1 1 1 1 1 1 1 1
118 1416 -0.387518632325 -0.00375936218078 0.000185691276916 0.389604035054 1 1 1 1 1 1 1 1 1 1 1 1 1 1 1 1 1
119 1428 -0.375237144563 -0.00128192426998 0.00882748803687 0.401603491361 1 1 1 1 1 1 1 1 1 1 1 1 1 1 1 1 1
120 1440 -0.374251675358 -5.20511498572e-05 0.00771032660502 0.400663498017 1 1 1 1 1 1 1 1 1 1 1 1 1 1 1 1 1
121 1452 -0.383155440171 -0.00528564725712 0.00140061598092 0.39386281452 1 1 1 1 1 1 1 1 1 1 1 1 1 1 1 1 1
122 1464 -0.375581750965 -0.00727777421144 7.76709680352e-05 0.38037334067 1 1 1 1 1 1 1 1 1 1 1 1 1 1 1 1 1
123 1476 -0.389698938818 -0.00614566891958 0.00159746638795 0.384140571228 1 1 1 1 1 1 1 1 1 1 1 1 1 1 1 1 1
124 1488 -0.392263204147 -0.00156091904094 0.00412794966476 0.378425263365 1 1 1 1 1 1 1 1 1 1 1 1 1 1 1 1 1
125 1500 -0.387044905491 -0.0026667046275 0.00417805507804 0.379232139849 1 1 1 1 1 1 1 1 1 1 1 1 1 1 1 1 1
126 1512 -0.383545597754 -4.88772135535e-05 0.00271751049196 0.366313098184 1 1 1 1 1 1 1 1 1 1 1 1 1 1 1 1 1
127 1524 -0.392392883291 -0.00269505447678 0.0010247253878 0.369405419648 1 1 1 1 1 1 1 1 1 1 1 1 1 1 1 1 1
128 1536 -0.381419693946 -0.00202396196315 0.000129313981889 0.366352518147 1 1 1 1 1 1 1 1 1 1 1 1 1 1 1 1 1
129 1548 -0.393472247624 -0.00188194459228 0.00275649649572 0.36850273543 1 1 1 1 1 1 1 1 1 1 1 1 1 1 1 1 1
130 1560 -0.387185330485 -5.86146804367e-05 0.00210791926245 0.367862166835 1 1 1 1 1 1 1 1 1 1 1 1 1 1 1 1 1
131 1572 -0.390426816778 -0.00152077244311 0.000814345478258 0.378543089176 1 1 1 1 1 1 1 1 1 1 1 1 1 1 1 1 1
132 1584 -0.384558853019 -0.00122953316663 0.00172123912554 0.368937356281 1 1 1 1 1 1 1 1 1 1 1 1 1 1 1 1 1
133 1596 -0.386774359999 -0.00190445191485 0.000375584908585 0.353734870602 1 1 1 1 1 1 1 1 1 1 1 1 1 1 1 1 1
134 1608 -0.385897575734 -0.00262188769265 0.00177455152214 0.359228785596 1 1 1 1 1 1 1 1 1 1 1 1 1 1 1 1 1
135 1620 -0.365738058449 -0.00471593510146 0.000428646316522 0.38096876175 1 1 1 1 1 1 1 1 1 1 1 1 1 1 1 1 1
136 1632 -0.371568880203 -0.000509876462248 0.000525893465913 0.383977253375 1 1 1 1 1 1 1 1 1 1 1 1 1 1 1 1 1
137 1644 -0.351161581392 -0.00301601453635 0.00182198626053 0.369296696409 1 1 1 1 1 1 1 1 1 1 1 1 1 1 1 1 1
138 1656 -0.350610325135 -0.00246476719527 0.00110263787022 0.362595914786 1 1 1 1 1 1 1 1 1 1 1 1 1 1 1 1 1
139 1668 -0.33568555986 -0.00215232662427 0.00103022261053 0.357620651277 1 1 1 1 1 1 1 1 1 1 1 1 1 1 1 1 1
140 1680 -0.341694992446 -0.0119822498021 0.00176011867275 0.363563717167 1 1 1 1 1 1 1 1 1 1 1 1 1 1 1 1 1
141 1692 -0.337076183873 -0.00529358086418 0.00284151450001 0.3782917659 1 1 1 1 1 1 1 1 1 1 1 1 1 1 1 1 1
142 1704 -0.337956643162 -0.000542148856218 0.00286525941094 0.380700727768 1 1 1 1 1 1 1 1 1 1 1 1 1 1 1 1 1
143 1716 -0.327887279768 -0.00077989652111 0.00175254917105 0.390904077084 1 1 1 1 1 1 1 1 1 1 1 1 1 1 1 1 1
144 1728 -0.334691607953 -0.00337813277769 0.000294967874866 0.407258539706 1 1 1 1 1 1 1 1 1 1 1 1 1 1 1 1 1
145 1740 -0.330698807467 -0.00421903923053 0.00254000428791 0.430349577765 1 1 1 1 1 1 1 1 1 1 1 1 1 1 1 1 1
146 1752 -0.337319864126 -0.00210539322968 0.00474714243692 0.422427651396 1 1 1 1 1 1 1 1 1 1 1 1 1 1 1 1 1
147 1764 -0.344533113929 -0.00217203821882 0.000368306878897 0.428313881649 1 1 1 1 1 1 1 1 1 1 1 1 1 1 1 1 1
148 1776 -0.359460184128 -0.00172435743749 0.00143478714488 0.436448943179 1 1 1 1 1 1 1 1 1 1 1 1 1 1 1 1 1
149 1788 -0.348254191344 -0.000337634499802 0.00349225988989 0.413836850329 1 1 1 1 1 1 1 1 1 1 1 1 1 1 1 1 1
150 1800 -0.356881360093 -0.000321444671872 0.00655491765702 0.404852669757 1 1 1 1 1 1 1 1 1 1 1 1 1 1 1 1 1
151 1812 -0.360583498789 -0.0020597830481 0.00137782081951 0.403976606621 1 1 1 1 1 1 1 1 1 1 1 1 1 1 1 1 1
152 1824 -0.360791687089 -0.00028734735499 0.000864320247521 0.411427402945 1 1 1 1 1 1 1 1 1 1 1 1 1 1 1 1 1
153 1836 -0.367780888774 -0.00179516692417 0.00375665015274 0.396302678783 1 1 1 1 1 1 1 1 1 1 1 1 1 1 1 1 1
154 1848 -0.367528276632 -0.00187439143995 0.00196548856927 0.400772544431 1 1 1 1 1 1 1 1 1 1 1 1 1 1 1 1 1
155 1860 -0.365271179274 -8.69825698045e-05 0.00146303533927 0.400585847266 1 1 1 1 1 1 1 1 1 1 1 1 1 1 1 1 1
156 1872 -0.343251626262 -0.000441754318417 0.00413777475381 0.409890893435 1 1 1 1 1 1 1 1 1 1 1 1 1 1 1 1 1
157 1884 -0.370219338459 -0.00295883256157 0.00402090206852 0.424307056223 1 1 1 1 1 1 1 1 1 1 1 1 1 1 1 1 1
158 1896 -0.388567147289 -0.00274798153399 0.0063548745527 0.452026844605 1 1 1 1 1 1 1 1 1 1 1 1 1 1 1 1 1
159 1908 -0.37679608903 -0.000716170346728 0.00221194636393 0.454231189823 1 1 1 1 1 1 1 1 1 1 1 1 1 1 1 1 1
160 1920 -0.378312018992 -0.00411044251676 0.00252963845791 0.456809834159 1 1 1 1 1 1 1 1 1 1 1 1 1 1 1 1 1
161 1932 -0.377361676706 -0.00136204246388 0.00160868376169 0.460985166639 1 1 1 1 1 1 1 1 1 1 1 1 1 1 1 1 1
162 1944 -0.387777393495 -0.00248467050269 0.00630183997449 0.462288622802 1 1 1 1 1 1 1 1 1 1 1 1 1 1 1 1 1
163 1956 -0.394176683578 -0.0132767055976 0.0001987276216 0.476378422007 1 1 1 1 1 1 1 1 1 1 1 1 1 1 1 1 1
164 1968 -0.379135164032 -0.00400618682192 0.000874601505125 0.469691545257 1 1 1 1 1 1 1 1 1 1 1 1 1 1 1 1 1
165 1980 -0.388932994501 -0.00639331555881 0.00186791693546 0.476152166983 1 1 1 1 1 1 1 1 1 1 1 1 1 1 1 1 1
166 1992 -0.384696232458 -0.00136679247126 0.0016162505089 0.478445386908 1 1 1 1 1 1 1 1 1 1 1 1 1 1 1 1 1
167 2004 -0.401203987076 -0.00429875308011 0.000842064194499 0.477309407806 1 1 1 1 1 1 1 1 1 1 1 1 1 1 1 1 1
168 2016 -0.403972735291 -0.00168266342564 0.000379836890319 0.472523952432 1 1 1 1 1 1 1 1 1 1 1 1 1 1 1 1 1
169 2028 -0.392676125598 -0.0016549673374 0.00257816230776 0.472515323607 1 1 1 1 1 1 1 1 1 1 1 1 1 1 1 1 1
170 2040 -0.395750047576 -0.000270829207756 0.00798504965699 0.470249789177 1 1 1 1 1 1 1 1 1 1 1 1 1 1 1 1 1
171 2052 -0.400514830526 -0.00495080037837 0.000223181175465 0.476517889703 1 1 1 1 1 1 1 1 1 1 1 1 1 1 1 1 1
172 2064 -0.389184388736 -0.012294828283 3.02382708977e-05 0.469588559321 1 1 1 1 1 1 1 1 1 1 1 1 1 1 1 1 1
173 2076 -0.391672010052 -0.00791826709487 8.23505560458e-05 0.461630606289 1 1 1 1 1 1 1 1 1 1 1 1 1 1 1 1 1
174 2088 -0.383098220649 -0.00312328607582 0.00643619496527 0.463282618927 1 1 1 1 1 1 1 1 1 1 1 1 1 1 1 1 1
175 2100 -0.38810766671 -0.00660330465409 0.00395013801348 0.473427592217 1 1 1 1 1 1 1 1 1 1 1 1 1 1 1 1 1
176 2112 -0.401601590668 -0.00563879881301 0.000423944621752 0.461971110383 1 1 1 1 1 1 1 1 1 1 1 1 1 1 1 1 1
177 2124 -0.385572507993 -0.00107793084731 0.00675623239254 0.466856454438 1 1 1 1 1 1 1 1 1 1 1 1 1 1 1 1 1
178 2136 -0.394229692403 -0.00282738988834 0.000365078699633 0.47401223194 1 1 1 1 1 1 1 1 1 1 1 1 1 1 1 1 1
179 2148 -0.385661486561 -0.00162148946975 0.0102567280322 0.478992651738 1 1 1 1 1 1 1 1 1 1 1 1 1 1 1 1 1
180 2160 -0.381041302574 -9.2933858981e-06 0.00231642453796 0.489142338378 1 1 1 1 1 1 1 1 1 1 1 1 1 1 1 1 1
181 2172 -0.387137606787 -0.00305939004462 0.00272117443462 0.511764993699 1 1 1 1 1 1 1 1 1 1 1 1 1 1 1 1 1
182 2184 -0.384957457229 -0.000631995315068 0.0108150557576 0.523670095663 1 1 1 1 1 1 1 1 1 1 1 1 1 1 1 1 1
183 2196 -0.403759792873 -0.00236974645637 0.00109531453239 0.534548799539 1 1 1 1 1 1 1 1 1 1 1 1 1 1 1 1 1
184 2208 -0.421747586131 -0.00211521111515 0.00738873456798 0.532284276422 1 1 1 1 1 1 1 1 1 1 1 1 1 1 1 1 1
185 2220 -0.43544263083 -0.00588876889884 0.00285635843749 0.541142587548 1 1 1 1 1 1 1 1 1 1 1 1 1 1 1 1 1
186 2232 -0.4351708414 -0.0050320245309 0.00277290311985 0.546112453933 1 1 1 1 1 1 1 1 1 1 1 1 1 1 1 1 1
187 2244 -0.442889429977 -0.0135515134719 0.0060241830411 0.540925551358 1 1 1 1 1 1 1 1 1 1 1 1 1 1 1 1 1
188 2256 -0.437846658687 -0.00646133651658 0.0183600051087 0.550984420012 1 1 1 1 1 1 1 1 1 1 1 1 1 1 1 1 1
189 2268 -0.427903662557 -0.00860392522343 0.0123828561264 0.540282883606 1 1 1 1 1 1 1 1 1 1 1 1 1 1 1 1 1
190 2280 -0.433658651982 -0.00711371093246 0.00201502575933 0.548763146331 1 1 1 1 1 1 1 1 1 1 1 1 1 1 1 1 1
191 2292 -0.466544060956 -0.00383338907915 0.00495003092423 0.548861043181 1 1 1 1 1 1 1 1 1 1 1 1 1 1 1 1 1
192 2304 -0.480991477189 -0.0109324263358 0.00201338679438 0.566531915756 1 1 1 1 1 1 1 1 1 1 1 1 1 1 1 1 1
193 2316 -0.484130539164 -0.0116572532053 0.00319188534241 0.571160728533 1 1 1 1 1 1 1 1 1 1 1 1 1 1 1 1 1
194 2328 -0.486211068575 -0.00914892771891 0.00601587345136 0.573402963803 1 1 1 1 1 1 1 1 1 1 1 1 1 1 1 1 1
195 2340 -0.483746972775 -0.000373453351544 0.00116476333455 0.569501215469 1 1 1 1 1 1 1 1 1 1 1 1 1 1 1 1 1
196 2352 -0.489068384505 -0.00262486910213 0.00381666402285 0.572359316506 1 1 1 1 1 1 1 1 1 1 1 1 1 1 1 1 1
197 2364 -0.488619359879 -0.00158614085507 0.00230764164709 0.561042386943 1 1 1 1 1 1 1 1 1 1 1 1 1 1 1 1 1
198 2376 -0.494313503778 -0.0032040732189 0.00133733245732 0.554265038557 1 1 1 1 1 1 1 1 1 1 1 1 1 1 1 1 1
199 2388 -0.504475593982 -0.00229865773374 0.00756689367409 0.549312929566 1 1 1 1 1 1 1 1 1 1 1 1 1 1 1 1 1
200 2400 -0.498318287196 -0.00669944947805 0.00735917901933 0.545032751089 1 1 1 1 1 1 1 1 1 1 1 1 1 1 1 1 1
201 2412 -0.499282805547 -0.00533630534088 0.00395381705161 0.549125480917 1 1 1 1 1 1 1 1 1 1 1 1 1 1 1 1 1
202 2424 -0.501796262782 -0.00277003671195 0.0078815300306 0.557606003364 1 1 1 1 1 1 1 1 1 1 1 1 1 1 1 1 1
203 2436 -0.508199726046 -0.00122770906877 0.000172554705291 0.572238696332 1 1 1 1 1 1 1 1 1 1 1 1 1 1 1 1 1
204 2448 -0.500845482702 -0.00279340930074 0.00156918270722 0.563583562734 1 1 1 1 1 1 1 1 1 1 1 1 1 1 1 1 1
205 2460 -0.508138418775 -0.00409965009152 0.0105245754091 0.572478815429 1 1 1 1 1 1 1 1 1 1 1 1 1 1 1 1 1
206 2472 -0.503740086001 -0.00333294767503 0.00325742569147 0.571742536195 1 1 1 1 1 1 1 1 1 1 1 1 1 1 1 1 1
207 2484 -0.510486795958 -0.00176373820706 0.00270108621928 0.560073802165 1 1 1 1 1 1 1 1 1 1 1 1 1 1 1 1 1
208 2496 -0.51800829497 -0.012035963719 0.000371695863119 0.55739365072 1 1 1 1 1 1 1 1 1 1 1 1 1 1 1 1 1
209 2508 -0.519777768563 -0.00228230547575 0.000515340908201 0.563706381573 1 1 1 1 1 1 1 1 1 1 1 1 1 1 1 1 1
210 2520 -0.521252380905 -0.00842695571596 0.00347118442583 0.565378510358 1 1 1 1 1 1 1 1 1 1 1 1 1 1 1 1 1
211 2532 -0.517763758943 -0.00108584137396 0.00413304903703 0.565534927747 1 1 1 1 1 1 1 1 1 1 1 1 1 1 1 1 1
212 2544 -0.514305773282 -0.000328647303361 0.00158405956024 0.559983104653 1 1 1 1 1 1 1 1 1 1 1 1 1 1 1 1 1
213 2556 -0.489614990728 -0.00150998777101 0.000161688809629 0.551364795414 1 1 1 1 1 1 1 1 1 1 1 1 1 1 1 1 1
214 2568 -0.481924869376 -0.0030128765826 0.00219814372636 0.544731970029 1 1 1 1 1 1 1 1 1 1 1 1 1 1 1 1 1
215 2580 -0.474904216335 -0.0040815442162 0.00903403431135 0.561189114791 1 1 1 1 1 1 1 1 1 1 1 1 1 1 1 1 1
216 2592 -0.481961664577 -0.001064932778 0.00118948954628 0.572534868728 1 1 1 1 1 1 1 1 1 1 1 1 1 1 1 1 1
217 2604 -0.48688395277 -0.00187731749557 0.000750367094531 0.582553030735 1 1 1 1 1 1 1 1 1 1 1 1 1 1 1 1 1
218 2616 -0.495490726254 -0.00119007698819 0.000200501712845 0.587017387 1 1 1 1 1 1 1 1 1 1 1 1 1 1 1 1 1
219 2628 -0.495298220639 -0.00953327317478 0.000942957688696 0.600840804203 1 1 1 1 1 1 1 1 1 1 1 1 1 1 1 1 1
220 2640 -0.494645127796 -0.00227779599261 0.00301178217158 0.586887624552 1 1 1 1 1 1 1 1 1 1 1 1 1 1 1 1 1
221 2652 -0.494699827853 -0.00133677403622 0.000793582464313 0.577137138632 1 1 1 1 1 1 1 1 1 1 1 1 1 1 1 1 1
222 2664 -0.498723337363 -0.00612988630953 0.00222168850815 0.570893588724 1 1 1 1 1 1 1 1 1 1 1 1 1 1 1 1 1
223 2676 -0.500870946353 -0.000946257025315 0.000383328566921 0.573492007479 1 1 1 1 1 1 1 1 1 1 1 1 1 1 1 1 1
224 2688 -0.491515274938 -0.0025762032877 0.0015338488007 0.571935684873 1 1 1 1 1 1 1 1 1 1 1 1 1 1 1 1 1
225 2700 -0.489442262677 -0.00531245208293 0.00349123471985 0.574351723782 1 1 1 1 1 1 1 1 1 1 1 1 1 1 1 1 1
226 2712 -0.486128136889 -0.00155544327699 0.000339362576349 0.573613428076 1 1 1 1 1 1 1 1 1 1 1 1 1 1 1 1 1
227 2724 -0.480469387739 -0.00258016949757 0.00437061441289 0.573047349034 1 1 1 1 1 1 1 1 1 1 1 1 1 1 1 1 1
228 2736 -0.484191481703 -0.0135622313226 0.000198767481768 0.577841724752 1 1 1 1 1 1 1 1 1 1 1 1 1 1 1 1 1
229 2748 -0.469224299843 -0.00387613555852 0.00136802710556 0.568893537953 1 1 1 1 1 1 1 1 1 1 1 1 1 1 1 1 1
230 2760 -0.462598068461 -0.00457790138581 0.000881571900862 0.566787005914 1 1 1 1 1 1 1 1 1 1 1 1 1 1 1 1 1
231 2772 -0.471200856128 -0.00512036673353 0.00094750403505 0.566869129421 1 1 1 1 1 1 1 1 1 1 1 1 1 1 1 1 1
232 2784 -0.457893870203 -0.00164342280633 0.00147687242255 0.56475518612 1 1 1 1 1 1 1 1 1 1 1 1 1 1 1 1 1
233 2796 -0.458078021998 -0.000868380923558 0.00116055871536 0.565037417021 1 1 1 1 1 1 1 1 1 1 1 1 1 1 1 1 1
234 2808 -0.46389800062 -0.000705641476041 0.00217734526591 0.578573581185 1 1 1 1 1 1 1 1 1 1 1 1 1 1 1 1 1
235 2820 -0.470280162774 -0.00407261233776 0.00406371259642 0.574716681072 1 1 1 1 1 1 1 1 1 1 1 1 1 1 1 1 1
236 2832 -0.462758173544 -0.00146243173498 0.000761209819204 0.577508956694 1 1 1 1 1 1 1 1 1 1 1 1 1 1 1 1 1
237 2844 -0.474621847789 -0.00414947444062 0.00118804643185 0.58380603116 1 1 1 1 1 1 1 1 1 1 1 1 1 1 1 1 1
238 2856 -0.469791581258 -0.00210143544375 0.00383053973559 0.585564745863 1 1 1 1 1 1 1 1 1 1 1 1 1 1 1 1 1
239 2868 -0.443398788431 -0.000795088704401 0.00246697014486 0.585675074168 1 1 1 1 1 1 1 1 1 1 1 1 1 1 1 1 1
240 2880 -0.444764767746 -0.00356109201345 0.00095703435765 0.579720659655 1 1 1 1 1 1 1 1 1 1 1 1 1 1 1 1 1
241 2892 -0.439811650962 -0.00457412566113 0.000298859130314 0.570049015717 1 1 1 1 1 1 1 1 1 1 1 1 1 1 1 1 1
242 2904 -0.416448511386 -0.000119819244257 0.000177281733981 0.579522769633 1 1 1 1 1 1 1 1 1 1 1 1 1 1 1 1 1
243 2916 -0.436003369577 -0.000760721227264 0.000539634153651 0.579382522361 1 1 1 1 1 1 1 1 1 1 1 1 1 1 1 1 1
244 2928 -0.456454984262 -0.000978160815804 4.45657573498e-05 0.574359346821 1 1 1 1 1 1 1 1 1 1 1 1 1 1 1 1 1
245 2940 -0.473995845349 -0.000659303407017 0.00414478440881 0.567681889365 1 1 1 1 1 1 1 1 1 1 1 1 1 1 1 1 1
246 2952 -0.456214449063 -0.000964563191585 0.00152438150997 0.566026449056 1 1 1 1 1 1 1 1 1 1 1 1 1 1 1 1 1
247 2964 -0.457171289407 -0.00662706578779 0.00109067134079 0.569502520813 1 1 1 1 1 1 1 1 1 1 1 1 1 1 1 1 1
248 2976 -0.440713541658 -0.000393194907655 0.00552304948265 0.575986777439 1 1 1 1 1 1 1 1 1 1 1 1 1 1 1 1 1
249 2988 -0.425250334552 -0.0259325558725 0.000676202452644 0.573119346151 1 1 1 1 1 1 1 1 1 1 1 1 1 1 1 1 1
250 3000 -0.427886924098 -0.0108085256219 0.00321632892556 0.571366795496 1 1 1 1 1 1 1 1 1 1 1 1 1 1 1 1 1
251 3012 -0.434578204816 -0.00109046975669 0.00113010055902 0.567123778897 1 1 1 1 1 1 1 1 1 1 1 1 1 1 1 1 1
252 3024 -0.447943155441 -0.00336942482068 0.00567035522686 0.566553944462 1 1 1 1 1 1 1 1 1 1 1 1 1 1 1 1 1
253 3036 -0.444259198083 -0.00203926919985 0.00216169459832 0.562472649641 1 1 1 1 1 1 1 1 1 1 1 1 1 1 1 1 1
254 3048 -0.445807326495 -0.00627752835892 0.0047759194925 0.536444489507 1 1 1 1 1 1 1 1 1 1 1 1 1 1 1 1 1
255 3060 -0.462981223181 -0.000856540091888 0.00537990769091 0.533947468592 1 1 1 1 1 1 1 1 1 1 1 1 1 1 1 1 1
256 3072 -0.471575477431 -0.00574729662098 0.00463573860411 0.532171479635 1 1 1 1 1 1 1 1 1 1 1 1 1 1 1 1 1
257 3084 -0.487114825684 -0.00296827536564 0.00636122789751 0.525051785225 1 1 1 1 1 1 1 1 1 1 1 1 1 1 1 1 1
258 3096 -0.502422442574 -0.00150006003413 0.00098622191887 0.526947875155 1 1 1 1 1 1 1 1 1 1 1 1 1 1 1 1 1
259 3108 -0.509924653155 -0.00514260167338 0.00806949597869 0.53088783262 1 1 1 1 1 1 1 1 1 1 1 1 1 1 1 1 1
260 3120 -0.509278754641 -0.00127499623938 0.000120430443571 0.550530899599 1 1 1 1 1 1 1 1 1 1 1 1 1 1 1 1 1
261 3132 -0.509402273822 -0.00265052265708 0.00282986037668 0.550090165924 1 1 1 1 1 1 1 1 1 1 1 1 1 1 1 1 1
262 3144 -0.506536168454 -0.00272880972163 0.00118749416581 0.553499078846 1 1 1 1 1 1 1 1 1 1 1 1 1 1 1 1 1
263 3156 -0.512983778204 -0.00164055629568 0.00791014321349 0.555385157742 1 1 1 1 1 1 1 1 1 1 1 1 1 1 1 1 1
264 3168 -0.509595567759 -0.00218806452153 0.00202171391845 0.547192627155 1 1 1 1 1 1 1 1 1 1 1 1 1 1 1 1 1
265 3180 -0.513217614778 -0.00177858814701 0.00523135422142 0.542765108114 1 1 1 1 1 1 1 1 1 1 1 1 1 1 1 1 1
266 3192 -0.518657403168 -0.00842147376136 0.0053773369588 0.544682593503 1 1 1 1 1 1 1 1 1 1 1 1 1 1 1 1 1
267 3204 -0.531130845885 -0.000937230242295 0.00797563912822 0.540579590881 1 1 1 1 1 1 1 1 1 1 1 1 1 1 1 1 1
268 3216 -0.526938726737 -0.00447641767548 0.000747455048784 0.553752913148 1 1 1 1 1 1 1 1 1 1 1 1 1 1 1 1 1
269 3228 -0.522583084678 -0.00961969702252 0.000370262670804 0.551615784838 1 1 1 1 1 1 1 1 1 1 1 1 1 1 1 1 1
270 3240 -0.517174612928 -0.000690116170116 0.00407588164213 0.56086419957 1 1 1 1 1 1 1 1 1 1 1 1 1 1 1 1 1
271 3252 -0.518593205211 -0.00561804271143 0.00465655369683 0.557156448414 1 1 1 1 1 1 1 1 1 1 1 1 1 1 1 1 1
272 3264 -0.533313322251 -0.00134909896906 0.00198496837126 0.550873257992 1 1 1 1 1 1 1 1 1 1 1 1 1 1 1 1 1
273 3276 -0.531133195381 -0.00346960398283 0.00372989878047 0.556110133722 1 1 1 1 1 1 1 1 1 1 1 1 1 1 1 1 1
274 3288 -0.524838408192 -0.000249394344854 0.00498751194476 0.56024234567 1 1 1 1 1 1 1 1 1 1 1 1 1 1 1 1 1
275 3300 -0.517773521365 -0.00246141373981 0.00189288848809 0.56659537614 1 1 1 1 1 1 1 1 1 1 1 1 1 1 1 1 1
276 3312 -0.513709142219 -0.0071504112865 0.000943977692595 0.565417238059 1 1 1 1 1 1 1 1 1 1 1 1 1 1 1 1 1
277 3324 -0.509638480784 -0.00461742435007 0.000645742930824 0.56919286004 1 1 1 1 1 1 1 1 1 1 1 1 1 1 1 1 1
278 3336 -0.509662450657 -0.00699219280725 0.0038350884387 0.580192828586 1 1 1 1 1 1 1 1 1 1 1 1 1 1 1 1 1
279 3348 -0.493472896909 -0.00053799348709 0.0010160285119 0.580575973291 1 1 1 1 1 1 1 1 1 1 1 1 1 1 1 1 1
280 3360 -0.493440841835 -0.00407327481808 0.00415607072141 0.574911153683 1 1 1 1 1 1 1 1 1 1 1 1 1 1 1 1 1
281 3372 -0.497208399608 -0.0021439257145 0.00273026439113 0.572285786486 1 1 1 1 1 1 1 1 1 1 1 1 1 1 1 1 1
282 3384 -0.498968255178 -0.00200071544139 0.00260512881684 0.570906328271 1 1 1 1 1 1 1 1 1 1 1 1 1 1 1 1 1
283 3396 -0.493441811505 -0.00126365424921 0.00227014702169 0.57775325486 1 1 1 1 1 1 1 1 1 1 1 1 1 1 1 1 1
284 3408 -0.496754843233 -0.00228912740683 0.0013814953846 0.565785319566 1 1 1 1 1 1 1 1 1 1 1 1 1 1 1 1 1
285 3420 -0.495116263957 -0.000855463305507 0.00684792988812 0.567576871832 1 1 1 1 1 1 1 1 1 1 1 1 1 1 1 1 1
286 3432 -0.495561179802 -0.00713559374377 0.000539155459932 0.558600349247 1 1 1 1 1 1 1 1 1 1 1 1 1 1 1 1 1
287 3444 -0.496173483632 -0.00339240971894 0.00224882081736 0.555951676076 1 1 1 1 1 1 1 1 1 1 1 1 1 1 1 1 1
288 3456 -0.47528234534 -0.000203574831101 0.0015229422669 0.558253079451 1 1 1 1 1 1 1 1 1 1 1 1 1 1 1 1 1
289 3468 -0.45352624686 -0.0020583023241 0.00114466286205 0.549061964146 1 1 1 1 1 1 1 1 1 1 1 1 1 1 1 1 1
290 3480 -0.453273810441 -0.000627764842275 0.000573383573239 0.549067117641 1 1 1 1 1 1 1 1 1 1 1 1 1 1 1 1 1
291 3492 -0.446479658814 -0.00126971209992 0.0034043034028 0.551081302611 1 1 1 1 1 1 1 1 1 1 1 1 1 1 1 1 1
292 3504 -0.457379291036 -0.000138421140492 0.00437675503988 0.554633467543 1 1 1 1 1 1 1 1 1 1 1 1 1 1 1 1 1
293 3516 -0.462747432424 -0.000709827097385 0.00410190077706 0.553651085572 1 1 1 1 1 1 1 1 1 1 1 1 1 1 1 1 1
294 3528 -0.485077193014 -3.66035228515e-05 0.00201047149091 0.548674783646 1 1 1 1 1 1 1 1 1 1 1 1 1 1 1 1 1
295 3540 -0.477275253738 -0.00141076840669 0.0055131382174 0.542803361739 1 1 1 1 1 1 1 1 1 1 1 1 1 1 1 1 1
296 3552 -0.478301346368 -0.00190055126293 0.00210785539675 0.537323556168 1 1 1 1 1 1 1 1 1 1 1 1 1 1 1 1 1
297 3564 -0.485403742998 -0.000881279833639 0.00208287012188 0.538012953402 1 1 1 1 1 1 1 1 1 1 1 1 1 1 1 1 1
298 3576 -0.481984881279 -0.00738853280535 0.00664793117049 0.537036727439 1 1 1 1 1 1 1 1 1 1 1 1 1 1 1 1 1
299 3588 -0.48439882403 -0.00388254670797 0.0012949999199 0.535595206267 1 1 1 1 1 1 1 1 1 1 1 1 1 1 1 1 1
300 3600 -0.488806753926 -0.00214478735977 0.00600952958296 0.533152939377 1 1 1 1 1 1 1 1 1 1 1 1 1 1 1 1 1
301 3612 -0.487576844235 -0.000208718809164 0.00235794400678 0.539541967218 1 1 1 1 1 1 1 1 1 1 1 1 1 1 1 1 1
302 3624 -0.497182042876 -0.000353151596038 0.00760725246778 0.53735865884 1 1 1 1 1 1 1 1 1 1 1 1 1 1 1 1 1
303 3636 -0.498267680643 -0.00209137557907 0.00550975623327 0.54467195774 1 1 1 1 1 1 1 1 1 1 1 1 1 1 1 1 1
304 3648 -0.516358336388 -0.00413966914329 0.00258355763268 0.534032386369 1 1 1 1 1 1 1 1 1 1 1 1 1 1 1 1 1
305 3660 -0.52722847946 -0.00022328761469 0.00365149184593 0.539161776828 1 1 1 1 1 1 1 1 1 1 1 1 1 1 1 1 1
306 3672 -0.533320469626 -0.00126112115526 0.00134053677095 0.535430318542 1 1 1 1 1 1 1 1 1 1 1 1 1 1 1 1 1
307 3684 -0.525005042576 -0.000502739614838 0.000948412979204 0.529026520573 1 1 1 1 1 1 1 1 1 1 1 1 1 1 1 1 1
308 3696 -0.518702089002 -0.00124200329671 0.00386418018148 0.524221505729 1 1 1 1 1 1 1 1 1 1 1 1 1 1 1 1 1
309 3708 -0.512537341566 -0.000654042645391 0.00324740498301 0.525659253595 1 1 1 1 1 1 1 1 1 1 1 1 1 1 1 1 1
310 3720 -0.511852492046 -0.000908820100822 0.00149424867808 0.520159471972 1 1 1 1 1 1 1 1 1 1 1 1 1 1 1 1 1
311 3732 -0.512795006967 -0.00318795063288 0.0135535027004 0.512519099601 1 1 1 1 1 1 1 1 1 1 1 1 1 1 1 1 1
312 3744 -0.516793638315 -0.00616712236044 0.00166269103685 0.513739849939 1 1 1 1 1 1 1 1 1 1 1 1 1 1 1 1 1
313 3756 -0.500325459724 -0.00409198634122 1.45529340716e-05 0.518574209499 1 1 1 1 1 1 1 1 1 1 1 1 1 1 1 1 1
314 3768 -0.492472411478 -0.00435180645387 0.00275479820542 0.512502351917 1 1 1 1 1 1 1 1 1 1 1 1 1 1 1 1 1
315 3780 -0.489527882789 -0.00601697276036 4.79686457569e-05 0.534155686462 1 1 1 1 1 1 1 1 1 1 1 1 1 1 1 1 1
316 3792 -0.494760043681 -0.000186240647457 0.00310226796669 0.523861493022 1 1 1 1 1 1 1 1 1 1 1 1 1 1 1 1 1
317 3804 -0.491425210838 -0.01044824361 0.000247866911645 0.521255586261 1 1 1 1 1 1 1 1 1 1 1 1 1 1 1 1 1
318 3816 -0.494288001117 -0.000781168275616 0.00198537032017 0.516932200964 1 1 1 1 1 1 1 1 1 1 1 1 1 1 1 1 1
319 3828 -0.497844546779 -0.00361712375243 0.00108242446121 0.527133617169 1 1 1 1 1 1 1 1 1 1 1 1 1 1 1 1 1
320 3840 -0.498117563284 -0.000804205197112 0.00570706718282 0.532155080805 1 1 1 1 1 1 1 1 1 1 1 1 1 1 1 1 1
321 3852 -0.49775231116 -0.0129149676152 0.00482304351002 0.536749429449 1 1 1 1 1 1 1 1 1 1 1 1 1 1 1 1 1
322 3864 -0.516864181088 -0.00496872593535 0.00147302334424 0.527091939673 1 1 1 1 1 1 1 1 1 1 1 1 1 1 1 1 1
323 3876 -0.521141979629 -0.00206865063168 0.0124560195094 0.510595583842 1 1 1 1 1 1 1 1 1 1 1 1 1 1 1 1 1
324 3888 -0.521365571423 -7.11839776309e-05 0.00125055164879 0.508382353255 1 1 1 1 1 1 1 1 1 1 1 1 1 1 1 1 1
325 3900 -0.523617851236 -0.00147597809864 0.00101528998314 0.51492972403 1 1 1 1 1 1 1 1 1 1 1 1 1 1 1 1 1
326 3912 -0.536452635388 -0.00122607535303 0.000501147682347 0.523344005303 1 1 1 1 1 1 1 1 1 1 1 1 1 1 1 1 1
327 3924 -0.534185145141 -0.00332314748765 0.00322002241094 0.524979479009 1 1 1 1 1 1 1 1 1 1 1 1 1 1 1 1 1
328 3936 -0.529109226557 -0.00378652717442 0.000720149439082 0.530765333153 1 1 1 1 1 1 1 1 1 1 1 1 1 1 1 1 1
329 3948 -0.522730046916 -0.00165521756972 0.00114015260622 0.546159900215 1 1 1 1 1 1 1 1 1 1 1 1 1 1 1 1 1
330 3960 -0.510226168453 -0.00308172695102 0.00119840025179 0.558184863802 1 1 1 1 1 1 1 1 1 1 1 1 1 1 1 1 1
331 3972 -0.510846910532 -0.00381770434254 0.00344602881333 0.557319723799 1 1 1 1 1 1 1 1 1 1 1 1 1 1 1 1 1
332 3984 -0.536345471231 -0.000415470823963 0.00264135603017 0.555603222622 1 1 1 1 1 1 1 1 1 1 1 1 1 1 1 1 1
333 3996 -0.537101634766 -0.00334466040241 0.00726779694824 0.546208869443 1 1 1 1 1 1 1 1 1 1 1 1 1 1 1 1 1
334 4008 -0.533317776662 -0.0101185718015 0.00836317693235 0.547034196745 1 1 1 1 1 1 1 1 1 1 1 1 1 1 1 1 1
335 4020 -0.540747821101 -0.00986193398625 0.00887694467108 0.550829631491 1 1 1 1 1 1 1 1 1 1 1 1 1 1 1 1 1
336 4032 -0.548908093832 -0.0023502562062 0.00323494123552 0.552392819542 1 1 1 1 1 1 1 1 1 1 1 1 1 1 1 1 1
337 4044 -0.544735557481 -0.00161316664624 0.0102415251702 0.548459845902 1 1 1 1 1 1 1 1 1 1 1 1 1 1 1 1 1
338 4056 -0.513773606797 -0.000912859625272 0.00361562936506 0.553638418668 1 1 1 1 1 1 1 1 1 1 1 1 1 1 1 1 1
339 4068 -0.496996628813 -0.00183635021221 0.00367788229359 0.56030551843 1 1 1 1 1 1 1 1 1 1 1 1 1 1 1 1 1
340 4080 -0.499785430675 -0.000297598809499 0.00245748458178 0.565245939058 1 1 1 1 1 1 1 1 1 1 1 1 1 1 1 1 1
341 4092 -0.494542918105 -0.00642314770422 0.00283791273717 0.573557879344 1 1 1 1 1 1 1 1 1 1 1 1 1 1 1 1 1
342 4104 -0.495691044433 -0.00373916696542 0.00297193322228 0.582984663176 1 1 1 1 1 1 1 1 1 1 1 1 1 1 1 1 1
343 4116 -0.5152342105 -0.000109030953185 0.00587307610301 0.589364860801 1 1 1 1 1 1 1 1 1 1 1 1 1 1 1 1 1
344 4128 -0.516870149976 -0.000963687252077 0.00037791912771 0.582042538934 1 1 1 1 1 1 1 1 1 1 1 1 1 1 1 1 1
345 4140 -0.51601651296 -0.00253532715933 0.000856189216226 0.577387265967 1 1 1 1 1 1 1 1 1 1 1 1 1 1 1 1 1
346 4152 -0.511676356956 -0.00263967118139 0.000815428271905 0.580381361828 1 1 1 1 1 1 1 1 1 1 1 1 1 1 1 1 1
347 4164 -0.515942996623 -0.00200355215226 0.011584179756 0.56884397998 1 1 1 1 1 1 1 1 1 1 1 1 1 1 1 1 1
348 4176 -0.503635479657 -0.00225954456911 0.00176990863792 0.5763387356 1 1 1 1 1 1 1 1 1 1 1 1 1 1 1 1 1
349 4188 -0.515153928686 -0.00188632569139 0.00341935887983 0.573554266524 1 1 1 1 1 1 1 1 1 1 1 1 1 1 1 1 1
350 4200 -0.507176533886 -0.00376588649787 0.000662905419551 0.571709156248 1 1 1 1 1 1 1 1 1 1 1 1 1 1 1 1 1
351 4212 -0.511261466816 -0.0118093384669 0.00214784573409 0.552079838337 1 1 1 1 1 1 1 1 1 1 1 1 1 1 1 1 1
352 4224 -0.519925671689 -0.00901867065174 0.00378444423778 0.537309929259 1 1 1 1 1 1 1 1 1 1 1 1 1 1 1 1 1
353 4236 -0.52284037595 -0.00116163007465 0.00410347353859 0.541248179783 1 1 1 1 1 1 1 1 1 1 1 1 1 1 1 1 1
354 4248 -0.515795298266 -0.00350591857354 0.00269175820695 0.560227753245 1 1 1 1 1 1 1 1 1 1 1 1 1 1 1 1 1
355 4260 -0.502883310133 -0.000533186620444 0.00307143736623 0.555996110912 1 1 1 1 1 1 1 1 1 1 1 1 1 1 1 1 1
356 4272 -0.500440928937 -0.00411791867166 0.00481741266712 0.561031295457 1 1 1 1 1 1 1 1 1 1 1 1 1 1 1 1 1
357 4284 -0.505613410572 -0.000120692010812 0.00451569046393 0.553233942823 1 1 1 1 1 1 1 1 1 1 1 1 1 1 1 1 1
358 4296 -0.501458975156 -0.000599200211012 0.00202466747044 0.561325079624 1 1 1 1 1 1 1 1 1 1 1 1 1 1 1 1 1
359 4308 -0.507751953548 -0.00453569759987 0.00160998802521 0.562681433553 1 1 1 1 1 1 1 1 1 1 1 1 1 1 1 1 1
360 4320 -0.505105703266 -0.00128581122399 0.000977419244353 0.560215585739 1 1 1 1 1 1 1 1 1 1 1 1 1 1 1 1 1
361 4332 -0.504174716665 -0.00141338646026 4.23053493818e-05 0.555537732506 1 1 1 1 1 1 1 1 1 1 1 1 1 1 1 1 1
362 4344 -0.488282536915 -0.00568908073848 0.00308847491475 0.555336125514 1 1 1 1 1 1 1 1 1 1 1 1 1 1 1 1 1
363 4356 -0.479901505373 -0.00259654377479 0.00157493296704 0.559643171373 1 1 1 1 1 1 1 1 1 1 1 1 1 1 1 1 1
364 4368 -0.493062767485 -0.00217421781991 0.00950504984463 0.562512030027 1 1 1 1 1 1 1 1 1 1 1 1 1 1 1 1 1
365 4380 -0.479798340916 -0.0107262392032 0.0173761242367 0.569226767892 1 1 1 1 1 1 1 1 1 1 1 1 1 1 1 1 1
366 4392 -0.490581194288 -0.0149614847961 0.00666009017325 0.56568242989 1 1 1 1 1 1 1 1 1 1 1 1 1 1 1 1 1
367 4404 -0.485147697704 -0.00411280846579 0.00347758172737 0.571648998641 1 1 1 1 1 1 1 1 1 1 1 1 1 1 1 1 1
368 4416 -0.468348938757 -0.00604119984049 0.0191524793163 0.574709096851 1 1 1 1 1 1 1 1 1 1 1 1 1 1 1 1 1
369 4428 -0.457819665685 -0.00454214988467 0.00634283185926 0.562502153111 1 1 1 1 1 1 1 1 1 1 1 1 1 1 1 1 1
370 4440 -0.449109400382 -0.00606880515611 0.000553084545988 0.560794808369 1 1 1 1 1 1 1 1 1 1 1 1 1 1 1 1 1
371 4452 -0.458378724235 -0.00010547811724 0.00020953111176 0.562838670122 1 1 1 1 1 1 1 1 1 1 1 1 1 1 1 1 1
372 4464 -0.456244375454 -0.00152718980435 0.00180590127729 0.567896978465 1 1 1 1 1 1 1 1 1 1 1 1 1 1 1 1 1
373 4476 -0.444028922372 -0.000387775994267 0.00240105714491 0.558178083309 1 1 1 1 1 1 1 1 1 1 1 1 1 1 1 1 1
374 4488 -0.460023859348 -0.00186600220272 0.000614203686534 0.554800725691 1 1 1 1 1 1 1 1 1 1 1 1 1 1 1 1 1
375 4500 -0.46290689721 -0.00927185703838 0.00031891964641 0.565323177006 1 1 1 1 1 1 1 1 1 1 1 1 1 1 1 1 1
376 4512 -0.463895542237 -0.000849618615402 0.0107059330495 0.546351283834 1 1 1 1 1 1 1 1 1 1 1 1 1 1 1 1 1
377 4524 -0.464531584162 -0.00701634234856 0.000985069358361 0.537437293001 1 1 1 1 1 1 1 1 1 1 1 1 1 1 1 1 1
378 4536 -0.460235364512 -0.00222121618074 0.00108306344397 0.516742235976 1 1 1 1 1 1 1 1 1 1 1 1 1 1 1 1 1
379 4548 -0.459748568277 -0.0089897110088 0.00505989643693 0.522324692424 1 1 1 1 1 1 1 1 1 1 1 1 1 1 1 1 1
380 4560 -0.458816398275 -0.00759106064363 0.00253786217234 0.521899344336 1 1 1 1 1 1 1 1 1 1 1 1 1 1 1 1 1
381 4572 -0.478240135736 -0.00334551594956 0.00512276439638 0.52406462133 1 1 1 1 1 1 1 1 1 1 1 1 1 1 1 1 1
382 4584 -0.480302034379 -0.0185072757202 0.00502686520714 0.528412919026 1 1 1 1 1 1 1 1 1 1 1 1 1 1 1 1 1
383 4596 -0.475270879337 -0.0216022648444 0.00110343461128 0.542806521065 1 1 1 1 1 1 1 1 1 1 1 1 1 1 1 1 1
384 4608 -0.474161150203 -0.00446201111883 0.00144144973608 0.54625037397 1 1 1 1 1 1 1 1 1 1 1 1 1 1 1 1 1
385 4620 -0.46699382903 -0.00365070587291 0.00291643806885 0.534999833718 1 1 1 1 1 1 1 1 1 1 1 1 1 1 1 1 1
386 4632 -0.458119047187 -0.000901768315687 0.00190262630221 0.53537264339 1 1 1 1 1 1 1 1 1 1 1 1 1 1 1 1 1
387 4644 -0.452901708638 -0.00161255602252 8.00846882252e-05 0.548165928642 1 1 1 1 1 1 1 1 1 1 1 1 1 1 1 1 1
388 4656 -0.453558068207 -0.00238297540723 0.00106010834359 0.5525687022 1 1 1 1 1 1 1 1 1 1 1 1 1 1 1 1 1
389 4668 -0.449615116136 -0.00495049666948 0.000473071486234 0.54888279097 1 1 1 1 1 1 1 1 1 1 1 1 1 1 1 1 1
390 4680 -0.46172908848 -0.00290045884599 0.000315352135053 0.553755563047 1 1 1 1 1 1 1 1 1 1 1 1 1 1 1 1 1
391 4692 -0.462476116103 -0.00171897158729 0.0023653087469 0.552396035463 1 1 1 1 1 1 1 1 1 1 1 1 1 1 1 1 1
392 4704 -0.456702761031 -0.000953993370845 0.00255865952999 0.544410979043 1 1 1 1 1 1 1 1 1 1 1 1 1 1 1 1 1
393 4716 -0.452437055958 -0.0101806929559 0.000279217649583 0.549098085372 1 1 1 1 1 1 1 1 1 1 1 1 1 1 1 1 1
394 4728 -0.457376027208 -0.00198055906497 0.002977775273 0.546333504813 1 1 1 1 1 1 1 1 1 1 1 1 1 1 1 1 1
395 4740 -0.463858413436 -0.0207221886986 0.00482276846373 0.546874593108 1 1 1 1 1 1 1 1 1 1 1 1 1 1 1 1 1
396 4752 -0.471645653977 -0.0148087281849 0.00419616365938 0.542690886494 1 1 1 1 1 1 1 1 1 1 1 1 1 1 1 1 1
397 4764 -0.477142058225 -0.0206569358622 0.00111897440159 0.537783311071 1 1 1 1 1 1 1 1 1 1 1 1 1 1 1 1 1
398 4776 -0.47385158541 -0.00338306839098 0.00608758527711 0.535078308363 1 1 1 1 1 1 1 1 1 1 1 1 1 1 1 1 1
399 4788 -0.470821741251 -0.00395536923142 0.00617491751966 0.537502248434 1 1 1 1 1 1 1 1 1 1 1 1 1 1 1 1 1
400 4800 -0.476551032123 -0.000505541605126 0.00283093553052 0.537246621644 1 1 1 1 1 1 1 1 1 1 1 1 1 1 1 1 1
401 4812 -0.490018025312 -0.00244233768774 0.00307612289007 0.531552377925 1 1 1 1 1 1 1 1 1 1 1 1 1 1 1 1 1
402 4824 -0.49270457934 -0.000887248090453 0.00443725626274 0.535414031825 1 1 1 1 1 1 1 1 1 1 1 1 1 1 1 1 1
403 4836 -0.489456766818 -0.00144388295054 0.007367350381 0.540100331266 1 1 1 1 1 1 1 1 1 1 1 1 1 1 1 1 1
404 4848 -0.484126482049 -0.00875420589944 0.00994795057636 0.545088591051 1 1 1 1 1 1 1 1 1 1 1 1 1 1 1 1 1
405 4860 -0.490986484758 -0.00612100715314 0.00995546296214 0.550862684257 1 1 1 1 1 1 1 1 1 1 1 1 1 1 1 1 1
406 4872 -0.482356724792 -0.00772179719881 0.00634648744617 0.553232335161 1 1 1 1 1 1 1 1 1 1 1 1 1 1 1 1 1
407 4884 -0.480067120935 -0.00432942187307 0.00977916314364 0.553196995375 1 1 1 1 1 1 1 1 1 1 1 1 1 1 1 1 1
408 4896 -0.476508513069 -0.00364427026449 0.00187602994287 0.55945052785 1 1 1 1 1 1 1 1 1 1 1 1 1 1 1 1 1
409 4908 -0.46674501362 -0.0140539628097 0.000212055056999 0.563470182072 1 1 1 1 1 1 1 1 1 1 1 1 1 1 1 1 1
410 4920 -0.463585994772 -0.000373981185886 0.00456096150985 0.549535990871 1 1 1 1 1 1 1 1 1 1 1 1 1 1 1 1 1
411 4932 -0.463477773429 -0.00380059170884 0.0021056866219 0.557079634299 1 1 1 1 1 1 1 1 1 1 1 1 1 1 1 1 1
412 4944 -0.467093263799 -0.00672224937758 0.000565809646463 0.545706753285 1 1 1 1 1 1 1 1 1 1 1 1 1 1 1 1 1
413 4956 -0.478318930293 -0.000202581067129 0.000931063243961 0.544663995658 1 1 1 1 1 1 1 1 1 1 1 1 1 1 1 1 1
414 4968 -0.482720913722 -0.00504134699142 0.00539747334738 0.532651328966 1 1 1 1 1 1 1 1 1 1 1 1 1 1 1 1 1
415 4980 -0.478198489235 -0.00673833438144 0.00149065726798 0.540353328727 1 1 1 1 1 1 1 1 1 1 1 1 1 1 1 1 1
416 4992 -0.474595374228 -0.000282033242093 0.00120061386527 0.532401325066 1 1 1 1 1 1 1 1 1 1 1 1 1 1 1 1 1
417 5004 -0.471090035712 -0.0118667315649 0.00636608455024 0.539123064064 1 1 1 1 1 1 1 1 1 1 1 1 1 1 1 1 1
418 5016 -0.469572922328 -0.00245076789252 0.00865422426038 0.540583991914 1 1 1 1 1 1 1 1 1 1 1 1 1 1 1 1 1
419 5028 -0.464175597178 -0.00406608587485 0.00666870883399 0.530326094706 1 1 1 1 1 1 1 1 1 1 1 1 1 1 1 1 1
420 5040 -0.478339196889 -0.00269467479931 0.00013943443497 0.528395256647 1 1 1 1 1 1 1 1 1 1 1 1 1 1 1 1 1
421 5052 -0.479424980193 -0.00760606738032 0.000288443790463 0.516988164133 1 1 1 1 1 1 1 1 1 1 1 1 1 1 1 1 1
422 5064 -0.486882202162 -0.00396927738988 0.00434674620578 0.506378437195 1 1 1 1 1 1 1 1 1 1 1 1 1 1 1 1 1
423 5076 -0.496450976068 -0.0111943753187 0.00588022723258 0.515530942795 1 1 1 1 1 1 1 1 1 1 1 1 1 1 1 1 1
424 5088 -0.487314682667 -0.00343070431063 0.00204399038875 0.522785291295 1 1 1 1 1 1 1 1 1 1 1 1 1 1 1 1 1
425 5100 -0.483976860585 -0.000274251012227 0.0049879920034 0.527093250069 1 1 1 1 1 1 1 1 1 1 1 1 1 1 1 1 1
426 5112 -0.480735574372 -0.000366497398043 0.00471559966721 0.527139119322 1 1 1 1 1 1 1 1 1 1 1 1 1 1 1 1 1
427 5124 -0.472505318 -0.00314042938503 0.00139233074753 0.520541591728 1 1 1 1 1 1 1 1 1 1 1 1 1 1 1 1 1
428 5136 -0.470039583805 -0.00643445524766 0.00438248768738 0.514644241548 1 1 1 1 1 1 1 1 1 1 1 1 1 1 1 1 1
429 5148 -0.474354191554 -0.000449224998844 0.0015328992537 0.511450734553 1 1 1 1 1 1 1 1 1 1 1 1 1 1 1 1 1
430 5160 -0.482831394775 -0.000158109083763 0.00967141287926 0.513539704512 1 1 1 1 1 1 1 1 1 1 1 1 1 1 1 1 1
431 5172 -0.477204312104 -0.00414145376351 1.02767633259e-05 0.517879478321 1 1 1 1 1 1 1 1 1 1 1 1 1 1 1 1 1
432 5184 -0.487205325997 -0.00142209763707 0.00687739642193 0.519703156481 1 1 1 1 1 1 1 1 1 1 1 1 1 1 1 1 1
433 5196 -0.493901232337 -0.00895831556694 0.00525127962826 0.521443196319 1 1 1 1 1 1 1 1 1 1 1 1 1 1 1 1 1
434 5208 -0.488604130575 -0.0105482250156 0.00804657759852 0.537475740274 1 1 1 1 1 1 1 1 1 1 1 1 1 1 1 1 1
435 5220 -0.500250359678 -0.000334138313181 0.00549866011834 0.525523897648 1 1 1 1 1 1 1 1 1 1 1 1 1 1 1 1 1
436 5232 -0.49544191432 -0.0187800245539 0.00244273336756 0.523434493762 1 1 1 1 1 1 1 1 1 1 1 1 1 1 1 1 1
437 5244 -0.487960354461 -0.0142624609148 0.00310363820852 0.530881561767 1 1 1 1 1 1 1 1 1 1 1 1 1 1 1 1 1
438 5256 -0.479632748833 -0.000314983691681 0.00318931934611 0.528518340187 1 1 1 1 1 1 1 1 1 1 1 1 1 1 1 1 1
439 5268 -0.4698186995 -0.000808838813662 0.0116760434862 0.530919155757 1 1 1 1 1 1 1 1 1 1 1 1 1 1 1 1 1
440 5280 -0.475952870539 -0.00521900795094 0.000522401791339 0.539521781007 1 1 1 1 1 1 1 1 1 1 1 1 1 1 1 1 1
441 5292 -0.485250114112 -0.000242358757332 0.00535793743209 0.532973195552 1 1 1 1 1 1 1 1 1 1 1 1 1 1 1 1 1
442 5304 -0.492879171267 -0.00377034715575 0.000419245900487 0.534726511005 1 1 1 1 1 1 1 1 1 1 1 1 1 1 1 1 1
443 5316 -0.508774805267 -0.000361376593095 0.00243760934447 0.536030337328 1 1 1 1 1 1 1 1 1 1 1 1 1 1 1 1 1
444 5328 -0.536401170622 -0.000983605863828 0.00489011322742 0.537628044134 1 1 1 1 1 1 1 1 1 1 1 1 1 1 1 1 1
445 5340 -0.542420628285 -0.00146927471223 0.00706215052872 0.534739862195 1 1 1 1 1 1 1 1 1 1 1 1 1 1 1 1 1
446 5352 -0.537962245559 -0.00686189930163 0.00218606735872 0.554721223654 1 1 1 1 1 1 1 1 1 1 1 1 1 1 1 1 1
447 5364 -0.544613717793 -0.00537431611273 0.00650469983334 0.55779777738 1 1 1 1 1 1 1 1 1 1 1 1 1 1 1 1 1
448 5376 -0.526222524635 -0.00384298312961 0.00114098112476 0.56425040455 1 1 1 1 1 1 1 1 1 1 1 1 1 1 1 1 1
449 5388 -0.533295826905 -7.6753430729e-06 0.00217124002352 0.558790001248 1 1 1 1 1 1 1 1 1 1 1 1 1 1 1 1 1
450 5400 -0.526664265934 -0.00196677255872 0.00448156955416 0.558165336816 1 1 1 1 1 1 1 1 1 1 1 1 1 1 1 1 1
451 5412 -0.513577655549 -0.00269621600442 0.0151412029544 0.551058060724 1 1 1 1 1 1 1 1 1 1 1 1 1 1 1 1 1
452 5424 -0.504806489712 -0.00157529566438 0.0217675263553 0.571481454634 1 1 1 1 1 1 1 1 1 1 1 1 1 1 1 1 1
453 5436 -0.504116349218 -0.0160283122105 0.0161546727986 0.575342322523 1 1 1 1 1 1 1 1 1 1 1 1 1 1 1 1 1
454 5448 -0.500872770627 -0.0106635097218 0.0057880534139 0.574750765936 1 1 1 1 1 1 1 1 1 1 1 1 1 1 1 1 1
455 5460 -0.505351285647 -0.0118280239041 0.000905950004687 0.579189654116 1 1 1 1 1 1 1 1 1 1 1 1 1 1 1 1 1
456 5472 -0.50524388105 -0.00105845608056 0.00788139831758 0.575520083236 1 1 1 1 1 1 1 1 1 1 1 1 1 1 1 1 1
457 5484 -0.501004751785 -0.00148373806082 0.00118020051304 0.580148300993 1 1 1 1 1 1 1 1 1 1 1 1 1 1 1 1 1
458 5496 -0.489460263698 -0.00181086617963 0.00635637093664 0.564935024787 1 1 1 1 1 1 1 1 1 1 1 1 1 1 1 1 1
459 5508 -0.491169120831 -0.00183168427633 0.00546055035397 0.562901263419 1 1 1 1 1 1 1 1 1 1 1 1 1 1 1 1 1
460 5520 -0.491142748816 -0.00268582692974 0.00482490395277 0.563512784581 1 1 1 1 1 1 1 1 1 1 1 1 1 1 1 1 1
461 5532 -0.494986810274 -0.00166035792798 0.000402022740016 0.564734923733 1 1 1 1 1 1 1 1 1 1 1 1 1 1 1 1 1
462 5544 -0.495129583352 -0.0056988015383 0.0161336631146 0.567037334018 1 1 1 1 1 1 1 1 1 1 1 1 1 1 1 1 1
463 5556 -0.500417764794 -0.000597068395913 0.00178486821796 0.57725706762 1 1 1 1 1 1 1 1 1 1 1 1 1 1 1 1 1
464 5568 -0.507247967446 -0.00604782119493 0.00404736294379 0.576858353644 1 1 1 1 1 1 1 1 1 1 1 1 1 1 1 1 1
465 5580 -0.516755887277 -0.00814620700919 0.00210060596891 0.581740788185 1 1 1 1 1 1 1 1 1 1 1 1 1 1 1 1 1
466 5592 -0.509728246578 -0.00115951028604 0.00424513166843 0.576840785082 1 1 1 1 1 1 1 1 1 1 1 1 1 1 1 1 1
467 5604 -0.521269184102 -0.0206762104081 0.00313026245913 0.590678073707 1 1 1 1 1 1 1 1 1 1 1 1 1 1 1 1 1
468 5616 -0.500436556184 -0.00763061985199 0.00577282878295 0.592397160767 1 1 1 1 1 1 1 1 1 1 1 1 1 1 1 1 1
469 5628 -0.506811042329 -0.00163238230909 0.0153044535169 0.59047049484 1 1 1 1 1 1 1 1 1 1 1 1 1 1 1 1 1
470 5640 -0.506406372659 -0.00805268801794 0.00446150785171 0.585827123334 1 1 1 1 1 1 1 1 1 1 1 1 1 1 1 1 1
471 5652 -0.516440217221 -0.0011222852739 0.000927665464852 0.582480534078 1 1 1 1 1 1 1 1 1 1 1 1 1 1 1 1 1
472 5664 -0.51548158479 -0.000173452470807 0.00230666875666 0.572573393035 1 1 1 1 1 1 1 1 1 1 1 1 1 1 1 1 1
473 5676 -0.524037240378 -0.00330429539374 0.000690843141712 0.575525936056 1 1 1 1 1 1 1 1 1 1 1 1 1 1 1 1 1
474 5688 -0.527633022189 -0.00176151211628 0.000508468808154 0.578149391761 1 1 1 1 1 1 1 1 1 1 1 1 1 1 1 1 1
475 5700 -0.516813279032 -0.00187628590433 0.00211731709393 0.577335883995 1 1 1 1 1 1 1 1 1 1 1 1 1 1 1 1 1
476 5712 -0.507630984304 -0.00510051804174 0.000876552615009 0.576299662368 1 1 1 1 1 1 1 1 1 1 1 1 1 1 1 1 1
477 5724 -0.509820787505 -0.00974661148257 0.0126874987202 0.575101418328 1 1 1 1 1 1 1 1 1 1 1 1 1 1 1 1 1
478 5736 -0.523903288112 -0.0121460807132 0.00418117161452 0.583842295026 1 1 1 1 1 1 1 1 1 1 1 1 1 1 1 1 1
479 5748 -0.524317576268 -0.00123126585115 0.00987758445841 0.587416246249 1 1 1 1 1 1 1 1 1 1 1 1 1 1 1 1 1
480 5760 -0.526148066462 -0.00412963511658 0.00557147907649 0.579551432731 1 1 1 1 1 1 1 1 1 1 1 1 1 1 1 1 1
481 5772 -0.527216903823 -0.00747959439592 7.04155208647e-06 0.580429439392 1 1 1 1 1 1 1 1 1 1 1 1 1 1 1 1 1
482 5784 -0.527281759916 -0.00391612786661 0.000222684340414 0.582034885937 1 1 1 1 1 1 1 1 1 1 1 1 1 1 1 1 1
483 5796 -0.527243600521 -0.000547876317344 0.00437754636206 0.575091007901 1 1 1 1 1 1 1 1 1 1 1 1 1 1 1 1 1
484 5808 -0.526842628516 -0.00839770212684 0.00293265430043 0.567759417747 1 1 1 1 1 1 1 1 1 1 1 1 1 1 1 1 1
485 5820 -0.535760461875 -0.00836072888267 0.000325614259975 0.582140726193 1 1 1 1 1 1 1 1 1 1 1 1 1 1 1 1 1
486 5832 -0.530384896515 -0.00387658000335 0.00652810257597 0.570562739044 1 1 1 1 1 1 1 1 1 1 1 1 1 1 1 1 1
487 5844 -0.531430182675 -0.0018273946377 0.0094084690727 0.571384292066 1 1 1 1 1 1 1 1 1 1 1 1 1 1 1 1 1
488 5856 -0.540932619058 -0.00431488809218 0.000894595569212 0.56455122789 1 1 1 1 1 1 1 1 1 1 1 1 1 1 1 1 1
489 5868 -0.541159109404 -0.000671556520375 0.00238034165501 0.56208905666 1 1 1 1 1 1 1 1 1 1 1 1 1 1 1 1 1
490 5880 -0.553016567434 -0.00113430482832 0.00244195857196 0.567094684182 1 1 1 1 1 1 1 1 1 1 1 1 1 1 1 1 1
491 5892 -0.559840993068 -0.00230354713153 0.00396711861147 0.565246470989 1 1 1 1 1 1 1 1 1 1 1 1 1 1 1 1 1
492 5904 -0.564929518999 -0.00927788471742 0.00437577889906 0.561422065543 1 1 1 1 1 1 1 1 1 1 1 1 1 1 1 1 1
493 5916 -0.565805019472 -0.010239576545 0.0145884990473 0.570444344835 1 1 1 1 1 1 1 1 1 1 1 1 1 1 1 1 1
494 5928 -0.563923738152 -0.00552037177219 0.00448376792241 0.572060537844 1 1 1 1 1 1 1 1 1 1 1 1 1 1 1 1 1
495 5940 -0.542648547636 -0.00812418214527 0.011700495015 0.573159475126 1 1 1 1 1 1 1 1 1 1 1 1 1 1 1 1 1
496 5952 -0.533768457386 -0.00621233276031 0.0010787874574 0.579114615062 1 1 1 1 1 1 1 1 1 1 1 1 1 1 1 1 1
497 5964 -0.534442017289 -0.000624223581285 0.00595979015708 0.542423487793 1 1 1 1 1 1 1 1 1 1 1 1 1 1 1 1 1
498 5976 -0.531342080832 -0.00955011498575 0.0169743157467 0.548409621247 1 1 1 1 1 1 1 1 1 1 1 1 1 1 1 1 1
499 5988 -0.520723804746 -0.00763749968356 0.011977273212 0.552090079341 1 1 1 1 1 1 1 1 1 1 1 1 1 1 1 1 1
500 6000 -0.523437130263 -0.00877800478504 0.0187627255264 0.550088817833 1 1 1 1 1 1 1 1 1 1 1 1 1 1 1 1 1
501 6012 -0.52086347276 -0.00758414028193 0.0160627033546 0.546685540717 1 1 1 1 1 1 1 1 1 1 1 1 1 1 1 1 1
502 6024 -0.523759510141 -0.00201028500124 0.012250929447 0.553425242336 1 1 1 1 1 1 1 1 1 1 1 1 1 1 1 1 1
503 6036 -0.535064840058 -0.00522746481698 0.0153343544342 0.561699079671 1 1 1 1 1 1 1 1 1 1 1 1 1 1 1 1 1
504 6048 -0.534608301 -0.00711629471104 0.000286033328395 0.568201072615 1 1 1 1 1 1 1 1 1 1 1 1 1 1 1 1 1
505 6060 -0.525159818195 -0.00147865430218 0.0348721953998 0.561898229418 1 1 1 1 1 1 1 1 1 1 1 1 1 1 1 1 1
506 6072 -0.535332637329 -0.0053886021772 0.0260839372479 0.556361317401 1 1 1 1 1 1 1 1 1 1 1 1 1 1 1 1 1
507 6084 -0.537517601011 -0.000898409649231 0.00607280695248 0.541791796073 1 1 1 1 1 1 1 1 1 1 1 1 1 1 1 1 1
508 6096 -0.532992436108 -0.00662439635184 0.00549050787558 0.549777016604 1 1 1 1 1 1 1 1 1 1 1 1 1 1 1 1 1
509 6108 -0.530144907607 -0.00447610328307 0.00294911781688 0.54150909549 1 1 1 1 1 1 1 1 1 1 1 1 1 1 1 1 1
510 6120 -0.527038676034 -0.00788396893199 0.00436632363462 0.538579900641 1 1 1 1 1 1 1 1 1 1 1 1 1 1 1 1 1
511 6132 -0.529376515112 -0.0160505438995 0.00165592966196 0.55041337385 1 1 1 1 1 1 1 1 1 1 1 1 1 1 1 1 1
512 6144 -0.522152069518 -0.00801555385597 0.00114069409385 0.544769075504 1 1 1 1 1 1 1 1 1 1 1 1 1 1 1 1 1
513 6156 -0.523806163595 -0.000281069345616 0.0127810954318 0.532893264662 1 1 1 1 1 1 1 1 1 1 1 1 1 1 1 1 1
514 6168 -0.533205659812 -0.0011637040799 0.00395447945905 0.534237526571 1 1 1 1 1 1 1 1 1 1 1 1 1 1 1 1 1
515 6180 -0.540371097779 -0.00962983509073 0.00145758724466 0.5498425738 1 1 1 1 1 1 1 1 1 1 1 1 1 1 1 1 1
516 6192 -0.544213756779 -0.00792233387632 0.00169495792136 0.561672192609 1 1 1 1 1 1 1 1 1 1 1 1 1 1 1 1 1
517 6204 -0.538942877644 -0.00661864848845 0.00149385024717 0.570148158101 1 1 1 1 1 1 1 1 1 1 1 1 1 1 1 1 1
518 6216 -0.538565457882 -0.00393501959803 0.00685095146326 0.572347078249 1 1 1 1 1 1 1 1 1 1 1 1 1 1 1 1 1
519 6228 -0.526816507991 -0.00316411154003 0.000187218339636 0.580105739773 1 1 1 1 1 1 1 1 1 1 1 1 1 1 1 1 1
520 6240 -0.536328315358 -0.00522853563105 5.09355036187e-05 0.585310325114 1 1 1 1 1 1 1 1 1 1 1 1 1 1 1 1 1
521 6252 -0.531655146932 -0.00925012739034 0.00118024276393 0.594610949237 1 1 1 1 1 1 1 1 1 1 1 1 1 1 1 1 1
522 6264 -0.533524932377 -0.00551393469136 0.00627574212625 0.593512416865 1 1 1 1 1 1 1 1 1 1 1 1 1 1 1 1 1
523 6276 -0.529194176363 -0.00530279392611 0.00493844176635 0.594102487618 1 1 1 1 1 1 1 1 1 1 1 1 1 1 1 1 1
524 6288 -0.524696969447 -0.00341760930287 0.00241957926246 0.59791060602 1 1 1 1 1 1 1 1 1 1 1 1 1 1 1 1 1
525 6300 -0.518895869768 -0.00112213303357 0.000791986670316 0.600654142527 1 1 1 1 1 1 1 1 1 1 1 1 1 1 1 1 1
526 6312 -0.520307346116 -0.000784991683336 0.00226280361842 0.602765035353 1 1 1 1 1 1 1 1 1 1 1 1 1 1 1 1 1
527 6324 -0.516903677743 -0.00274444435189 0.00329778712602 0.606076037581 1 1 1 1 1 1 1 1 1 1 1 1 1 1 1 1 1
528 6336 -0.50998054061 -0.00212429149676 9.59924376838e-05 0.598072787942 1 1 1 1 1 1 1 1 1 1 1 1 1 1 1 1 1
529 6348 -0.51167512948 -0.00100115985007 0.000240858861985 0.601237867387 1 1 1 1 1 1 1 1 1 1 1 1 1 1 1 1 1
530 6360 -0.505417122415 -0.00138407539683 0.00148780356911 0.606501654584 1 1 1 1 1 1 1 1 1 1 1 1 1 1 1 1 1
531 6372 -0.503684740981 -0.00089214622755 0.00277129131235 0.615294044799 1 1 1 1 1 1 1 1 1 1 1 1 1 1 1 1 1
532 6384 -0.495619684582 -0.00422454931906 0.00318854412167 0.616807268572 1 1 1 1 1 1 1 1 1 1 1 1 1 1 1 1 1
533 6396 -0.494506055832 -0.000541341312432 0.00284960299738 0.616067204334 1 1 1 1 1 1 1 1 1 1 1 1 1 1 1 1 1
534 6408 -0.499155542702 -0.00703994576778 0.000427894760057 0.625019282998 1 1 1 1 1 1 1 1 1 1 1 1 1 1 1 1 1
535 6420 -0.502719892979 -0.00339431266107 0.00035974859328 0.632498223783 1 1 1 1 1 1 1 1 1 1 1 1 1 1 1 1 1
536 6432 -0.507740870196 -0.00207063407574 0.00184609986501 0.629200480422 1 1 1 1 1 1 1 1 1 1 1 1 1 1 1 1 1
537 6444 -0.516088716559 -0.000189279770232 0.0103432226267 0.629448859879 1 1 1 1 1 1 1 1 1 1 1 1 1 1 1 1 1
538 6456 -0.520350647102 -0.000987421036824 0.0110172442015 0.628540011751 1 1 1 1 1 1 1 1 1 1 1 1 1 1 1 1 1
539 6468 -0.522470171429 -0.00236573015834 0.00382557616885 0.627522666496 1 1 1 1 1 1 1 1 1 1 1 1 1 1 1 1 1
540 6480 -0.526728941962 -0.00381770397111 0.00207524821286 0.612334906471 1 1 1 1 1 1 1 1 1 1 1 1 1 1 1 1 1
541 6492 -0.518568362434 -0.00345033433745 0.00800170450093 0.603448078853 1 1 1 1 1 1 1 1 1 1 1 1 1 1 1 1 1
542 6504 -0.511129500631 -0.0138377815544 0.000293902046827 0.612158176486 1 1 1 1 1 1 1 1 1 1 1 1 1 1 1 1 1
543 6516 -0.512535658461 -0.00862544591862 0.00495802973913 0.611754513372 1 1 1 1 1 1 1 1 1 1 1 1 1 1 1 1 1
544 6528 -0.507112781143 -0.0154998613078 0.00275438117473 0.609756115194 1 1 1 1 1 1 1 1 1 1 1 1 1 1 1 1 1
545 6540 -0.502970178339 -0.013508288636 0.000456545763659 0.57819919458 1 1 1 1 1 1 1 1 1 1 1 1 1 1 1 1 1
546 6552 -0.502145146343 -0.0160568972486 0.00261280878805 0.577088228892 1 1 1 1 1 1 1 1 1 1 1 1 1 1 1 1 1
547 6564 -0.517505306331 -0.00224141805562 0.00663178016833 0.583907602532 1 1 1 1 1 1 1 1 1 1 1 1 1 1 1 1 1
548 6576 -0.522183526279 -0.0089974879012 0.00260334141275 0.580960838426 1 1 1 1 1 1 1 1 1 1 1 1 1 1 1 1 1
549 6588 -0.532759833474 -0.00300960818207 0.00909614971932 0.570689834753 1 1 1 1 1 1 1 1 1 1 1 1 1 1 1 1 1
550 6600 -0.529209504988 -0.00272367021652 0.00344729336903 0.563082195038 1 1 1 1 1 1 1 1 1 1 1 1 1 1 1 1 1
551 6612 -0.523229045227 -0.00529414098591 0.00215378585773 0.56143925442 1 1 1 1 1 1 1 1 1 1 1 1 1 1 1 1 1
552 6624 -0.522396413932 -0.000575903896565 0.00139541721282 0.560929366317 1 1 1 1 1 1 1 1 1 1 1 1 1 1 1 1 1
553 6636 -0.524426396353 -0.00318014728651 0.0139693856431 0.56326937512 1 1 1 1 1 1 1 1 1 1 1 1 1 1 1 1 1
554 6648 -0.515575634495 -0.0118360818357 0.000715374361774 0.552597871222 1 1 1 1 1 1 1 1 1 1 1 1 1 1 1 1 1
555 6660 -0.518589717097 -0.00063637380928 0.00116290654746 0.558115300561 1 1 1 1 1 1 1 1 1 1 1 1 1 1 1 1 1
556 6672 -0.516372937949 -0.00293418124101 0.00112328639397 0.575635708727 1 1 1 1 1 1 1 1 1 1 1 1 1 1 1 1 1
557 6684 -0.515861340813 -0.00626405950472 0.000600356439205 0.574528629269 1 1 1 1 1 1 1 1 1 1 1 1 1 1 1 1 1
558 6696 -0.53312685219 -0.00282958607166 0.00099808052441 0.574698599302 1 1 1 1 1 1 1 1 1 1 1 1 1 1 1 1 1
559 6708 -0.532480577627 -0.0061010807973 0.00885859711763 0.570499931323 1 1 1 1 1 1 1 1 1 1 1 1 1 1 1 1 1
560 6720 -0.545111807316 -0.000155251942021 0.00162737919471 0.557183633783 1 1 1 1 1 1 1 1 1 1 1 1 1 1 1 1 1
561 6732 -0.55236396681 -0.0187609410438 0.0036284287704 0.550831059288 1 1 1 1 1 1 1 1 1 1 1 1 1 1 1 1 1
562 6744 -0.552455341221 -0.00488648270507 0.000331124181082 0.552932357935 1 1 1 1 1 1 1 1 1 1 1 1 1 1 1 1 1
563 6756 -0.550201761606 -0.00372482694098 0.00676779466789 0.552840661883 1 1 1 1 1 1 1 1 1 1 1 1 1 1 1 1 1
564 6768 -0.549783079319 -0.00188673706498 0.000523482756491 0.549046684607 1 1 1 1 1 1 1 1 1 1 1 1 1 1 1 1 1
565 6780 -0.568203594575 -0.00360669531422 0.00515948089395 0.543880288243 1 1 1 1 1 1 1 1 1 1 1 1 1 1 1 1 1
566 6792 -0.569369076221 -0.000488516384541 0.00592127919727 0.547551876831 1 1 1 1 1 1 1 1 1 1 1 1 1 1 1 1 1
567 6804 -0.57455956831 -4.4424347897e-05 0.0029720622045 0.537107030597 1 1 1 1 1 1 1 1 1 1 1 1 1 1 1 1 1
568 6816 -0.58612001453 -0.013698200413 0.000228412352335 0.558381175751 1 1 1 1 1 1 1 1 1 1 1 1 1 1 1 1 1
569 6828 -0.598693120059 -0.0113147621341 0.00165967865558 0.562957696634 1 1 1 1 1 1 1 1 1 1 1 1 1 1 1 1 1
570 6840 -0.602388413946 -0.00173072524515 0.00758568815882 0.563744171872 1 1 1 1 1 1 1 1 1 1 1 1 1 1 1 1 1
571 6852 -0.611814360629 -0.00117863427805 0.0127533517644 0.567618164366 1 1 1 1 1 1 1 1 1 1 1 1 1 1 1 1 1
572 6864 -0.617076780347 -0.00344452985899 0.00320297990387 0.577378642778 1 1 1 1 1 1 1 1 1 1 1 1 1 1 1 1 1
573 6876 -0.602147930938 -7.62319780288e-05 0.00748666317678 0.576345588673 1 1 1 1 1 1 1 1 1 1 1 1 1 1 1 1 1
574 6888 -0.600875916793 -0.00923381753051 0.00450946658835 0.568151827866 1 1 1 1 1 1 1 1 1 1 1 1 1 1 1 1 1
575 6900 -0.598641954132 -0.00420839754654 0.00814909137341 0.573192893822 1 1 1 1 1 1 1 1 1 1 1 1 1 1 1 1 1
576 6912 -0.613046725213 -0.00424245255553 0.00848997214129 0.578689298618 1 1 1 1 1 1 1 1 1 1 1 1 1 1 1 1 1
577 6924 -0.616298083991 -0.00109125957032 0.000809286725154 0.574106715927 1 1 1 1 1 1 1 1 1 1 1 1 1 1 1 1 1
578 6936 -0.633377879467 -0.00321871717823 0.00645272876212 0.566362938992 1 1 1 1 1 1 1 1 1 1 1 1 1 1 1 1 1
579 6948 -0.633533498708 -0.000186367018036 0.00476105876053 0.571499110737 1 1 1 1 1 1 1 1 1 1 1 1 1 1 1 1 1
580 6960 -0.630759843226 -0.00642678926157 0.0011516567369 0.56482089978 1 1 1 1 1 1 1 1 1 1 1 1 1 1 1 1 1
581 6972 -0.635925799159 -0.00667702980685 0.000158177074431 0.559510971174 1 1 1 1 1 1 1 1 1 1 1 1 1 1 1 1 1
582 6984 -0.635141909056 -0.000680619384646 0.00382585405853 0.552844827909 1 1 1 1 1 1 1 1 1 1 1 1 1 1 1 1 1
583 6996 -0.641241845435 -0.00228814391289 0.004909255306 0.563023149393 1 1 1 1 1 1 1 1 1 1 1 1 1 1 1 1 1
584 7008 -0.64092386985 -0.00313914084791 0.0021007800818 0.562456556687 1 1 1 1 1 1 1 1 1 1 1 1 1 1 1 1 1
585 7020 -0.63181191723 -0.00314513257955 0.00886071476096 0.553770946056 1 1 1 1 1 1 1 1 1 1 1 1 1 1 1 1 1
586 7032 -0.632917360659 -0.00373940745072 0.00719086165228 0.551191492544 1 1 1 1 1 1 1 1 1 1 1 1 1 1 1 1 1
587 7044 -0.606108888114 -0.00887552495518 0.00221677547718 0.552054633643 1 1 1 1 1 1 1 1 1 1 1 1 1 1 1 1 1
588 7056 -0.602745928956 -0.00011448783109 0.00138317454918 0.550975240362 1 1 1 1 1 1 1 1 1 1 1 1 1 1 1 1 1
589 7068 -0.606537860153 -0.000326245116682 0.00665473382885 0.549062693149 1 1 1 1 1 1 1 1 1 1 1 1 1 1 1 1 1
590 7080 -0.599613079307 -0.00118325343309 0.0011530550288 0.562839933661 1 1 1 1 1 1 1 1 1 1 1 1 1 1 1 1 1
591 7092 -0.588175806313 -0.00902977901239 0.000199804698835 0.566879564041 1 1 1 1 1 1 1 1 1 1 1 1 1 1 1 1 1
592 7104 -0.583001544718 -0.00629367610948 0.00517992788373 0.56946992418 1 1 1 1 1 1 1 1 1 1 1 1 1 1 1 1 1
593 7116 -0.58082838099 -0.00174753206715 0.00337873955235 0.567239224491 1 1 1 1 1 1 1 1 1 1 1 1 1 1 1 1 1
594 7128 -0.574460647415 -0.00129792363717 0.0112608067346 0.568867210148 1 1 1 1 1 1 1 1 1 1 1 1 1 1 1 1 1
595 7140 -0.576026893318 -0.000399188242455 0.000135951417603 0.560978843708 1 1 1 1 1 1 1 1 1 1 1 1 1 1 1 1 1
596 7152 -0.576485696713 -0.00922555040667 0.000307927464541 0.554053685158 1 1 1 1 1 1 1 1 1 1 1 1 1 1 1 1 1
597 7164 -0.562316997915 -0.00502177830497 0.000981053868045 0.545573080758 1 1 1 1 1 1 1 1 1 1 1 1 1 1 1 1 1
598 7176 -0.561065234222 -0.00270940712471 0.00297767803452 0.552816073048 1 1 1 1 1 1 1 1 1 1 1 1 1 1 1 1 1
599 7188 -0.558771253581 -0.00902940014575 0.00174484034228 0.539811993129 1 1 1 1 1 1 1 1 1 1 1 1 1 1 1 1 1
600 7200 -0.570213187057 -0.00389745624362 0.000199306757217 0.537938377854 1 1 1 1 1 1 1 1 1 1 1 1 1 1 1 1 1
601 7212 -0.56829957683 -0.0150462598468 0.00479246853807 0.542493262312 1 1 1 1 1 1 1 1 1 1 1 1 1 1 1 1 1
602 7224 -0.568132434944 -0.00723781088646 0.00765847867125 0.551455599297 1 1 1 1 1 1 1 1 1 1 1 1 1 1 1 1 1
603 7236 -0.577192558316 -0.00514906473284 0.00999743586304 0.554747966716 1 1 1 1 1 1 1 1 1 1 1 1 1 1 1 1 1
604 7248 -0.583735387741 -0.00187825877789 0.00454505604959 0.553061997249 1 1 1 1 1 1 1 1 1 1 1 1 1 1 1 1 1
605 7260 -0.561288068265 -0.00352129668042 0.0117375729018 0.562646805677 1 1 1 1 1 1 1 1 1 1 1 1 1 1 1 1 1
606 7272 -0.557032318058 -0.00195217227426 0.0108079754553 0.556603021197 1 1 1 1 1 1 1 1 1 1 1 1 1 1 1 1 1
607 7284 -0.556390982084 -0.00282531413451 0.00738456921316 0.547746117947 1 1 1 1 1 1 1 1 1 1 1 1 1 1 1 1 1
608 7296 -0.552537964355 -0.005636319967 0.00225003684158 0.544711549025 1 1 1 1 1 1 1 1 1 1 1 1 1 1 1 1 1
609 7308 -0.535574573503 -0.003872808043 0.00393525816248 0.543853397831 1 1 1 1 1 1 1 1 1 1 1 1 1 1 1 1 1
610 7320 -0.554133594203 -0.00260094360125 0.0126446920249 0.550187862098 1 1 1 1 1 1 1 1 1 1 1 1 1 1 1 1 1
611 7332 -0.547592634228 -0.00928326492941 0.00363199622453 0.548302995619 1 1 1 1 1 1 1 1 1 1 1 1 1 1 1 1 1
612 7344 -0.545872918077 -0.00670486683198 0.010123947062 0.54356173198 1 1 1 1 1 1 1 1 1 1 1 1 1 1 1 1 1
613 7356 -0.548278251919 -0.00717741031324 0.00167782574825 0.544799633087 1 1 1 1 1 1 1 1 1 1 1 1 1 1 1 1 1
614 7368 -0.546385454623 -0.0014785223342 0.00391327031724 0.542903084403 1 1 1 1 1 1 1 1 1 1 1 1 1 1 1 1 1
615 7380 -0.551161693078 -0.00145316629673 0.0296435767653 0.537927733771 1 1 1 1 1 1 1 1 1 1 1 1 1 1 1 1 1
616 7392 -0.550338861901 -0.000111378001192 0.00500042473607 0.552814920895 1 1 1 1 1 1 1 1 1 1 1 1 1 1 1 1 1
617 7404 -0.552025203445 -0.00187217854282 0.00700383328422 0.538326988399 1 1 1 1 1 1 1 1 1 1 1 1 1 1 1 1 1
618 7416 -0.553940163502 -0.0043008651536 0.00310781421812 0.535925405388 1 1 1 1 1 1 1 1 1 1 1 1 1 1 1 1 1
619 7428 -0.543066545272 -0.0102023955188 0.000236792017594 0.52914975578 1 1 1 1 1 1 1 1 1 1 1 1 1 1 1 1 1
620 7440 -0.545803566988 -3.18046405267e-05 0.00250610240329 0.525135905421 1 1 1 1 1 1 1 1 1 1 1 1 1 1 1 1 1
621 7452 -0.558612378715 -0.0020668143634 0.000756364366709 0.526237959216 1 1 1 1 1 1 1 1 1 1 1 1 1 1 1 1 1
622 7464 -0.558430999382 -0.00130050736337 0.00339488759829 0.53537751306 1 1 1 1 1 1 1 1 1 1 1 1 1 1 1 1 1
623 7476 -0.555389259898 -5.68268643637e-06 0.0226733595211 0.540701623074 1 1 1 1 1 1 1 1 1 1 1 1 1 1 1 1 1
624 7488 -0.55368220769 -0.0070097954968 0.0126604804303 0.551339303966 1 1 1 1 1 1 1 1 1 1 1 1 1 1 1 1 1
625 7500 -0.55012066402 -0.0101199579638 0.00560763471539 0.563175319687 1 1 1 1 1 1 1 1 1 1 1 1 1 1 1 1 1
626 7512 -0.554748305682 -0.00561993411394 0.0194405121353 0.568456379504 1 1 1 1 1 1 1 1 1 1 1 1 1 1 1 1 1
627 7524 -0.55516302905 -0.00772485826566 0.0113527122568 0.565707260598 1 1 1 1 1 1 1 1 1 1 1 1 1 1 1 1 1
628 7536 -0.552161041228 -0.00820188726961 0.000196994144211 0.566878014833 1 1 1 1 1 1 1 1 1 1 1 1 1 1 1 1 1
629 7548 -0.553894823052 -0.00791503607861 0.00323480294139 0.576112201563 1 1 1 1 1 1 1 1 1 1 1 1 1 1 1 1 1
630 7560 -0.581673836759 -0.00950456213071 0.00638507954845 0.578116435841 1 1 1 1 1 1 1 1 1 1 1 1 1 1 1 1 1
631 7572 -0.591387162906 -0.00430551183903 0.00446857137755 0.576106365529 1 1 1 1 1 1 1 1 1 1 1 1 1 1 1 1 1
632 7584 -0.590746522969 -0.00855500253935 0.000273297778555 0.553910772752 1 1 1 1 1 1 1 1 1 1 1 1 1 1 1 1 1
633 7596 -0.611116159703 -0.00638704738428 0.000341696126044 0.55792489854 1 1 1 1 1 1 1 1 1 1 1 1 1 1 1 1 1
634 7608 -0.618702297801 -0.00390619662602 0.0191129182338 0.571598832856 1 1 1 1 1 1 1 1 1 1 1 1 1 1 1 1 1
635 7620 -0.616771866055 -0.00177156455625 0.0193280580058 0.58511564088 1 1 1 1 1 1 1 1 1 1 1 1 1 1 1 1 1
636 7632 -0.619050823819 -0.00345401219062 0.00046478330812 0.591535931449 1 1 1 1 1 1 1 1 1 1 1 1 1 1 1 1 1
637 7644 -0.617463793005 -0.00106187693717 0.00284803418933 0.597901566648 1 1 1 1 1 1 1 1 1 1 1 1 1 1 1 1 1
638 7656 -0.615157558825 -0.00748160502993 0.000938822875034 0.579490566432 1 1 1 1 1 1 1 1 1 1 1 1 1 1 1 1 1
639 7668 -0.60987119567 -0.00863859174646 0.00633986876436 0.58123894743 1 1 1 1 1 1 1 1 1 1 1 1 1 1 1 1 1
640 7680 -0.613650748843 -0.00255282634562 0.00590693133069 0.586833527003 1 1 1 1 1 1 1 1 1 1 1 1 1 1 1 1 1
641 7692 -0.614581295554 -0.000504196756099 0.00375499202947 0.592240004982 1 1 1 1 1 1 1 1 1 1 1 1 1 1 1 1 1
642 7704 -0.608487603814 -0.000553421963206 0.00172934980271 0.599022930075 1 1 1 1 1 1 1 1 1 1 1 1 1 1 1 1 1
643 7716 -0.61339956911 -8.47806976094e-05 0.0038690849628 0.590136728976 1 1 1 1 1 1 1 1 1 1 1 1 1 1 1 1 1
644 7728 -0.618759716586 -0.00154323053506 0.00373465831364 0.592296369045 1 1 1 1 1 1 1 1 1 1 1 1 1 1 1 1 1
645 7740 -0.628864457347 -0.000965136018184 0.000549710972647 0.608407078554 1 1 1 1 1 1 1 1 1 1 1 1 1 1 1 1 1
646 7752 -0.628771441422 -0.00466895917606 0.00419785671446 0.605556986412 1 1 1 1 1 1 1 1 1 1 1 1 1 1 1 1 1
647 7764 -0.643812769961 -0.00216590100371 0.00786874532703 0.619457712724 1 1 1 1 1 1 1 1 1 1 1 1 1 1 1 1 1
648 7776 -0.648177962524 -0.00140788185039 0.000761554558369 0.614448641801 1 1 1 1 1 1 1 1 1 1 1 1 1 1 1 1 1
649 7788 -0.653255435089 -1.62753510792e-05 0.011707860667 0.61460350806 1 1 1 1 1 1 1 1 1 1 1 1 1 1 1 1 1
650 7800 -0.648987751249 -0.0108798671964 0.00714597423846 0.604876592552 1 1 1 1 1 1 1 1 1 1 1 1 1 1 1 1 1
651 7812 -0.649365917807 -0.00893239140348 0.00637661183774 0.603202775182 1 1 1 1 1 1 1 1 1 1 1 1 1 1 1 1 1
652 7824 -0.640860995589 -0.0105558410264 0.00899268190247 0.605322159638 1 1 1 1 1 1 1 1 1 1 1 1 1 1 1 1 1
653 7836 -0.630234729697 -0.0093000290917 0.000366139207394 0.602374711255 1 1 1 1 1 1 1 1 1 1 1 1 1 1 1 1 1
654 7848 -0.632716964353 -0.00278190700674 0.00282877575861 0.602814556304 1 1 1 1 1 1 1 1 1 1 1 1 1 1 1 1 1
655 7860 -0.639906316529 -0.000586635184984 0.000380172515975 0.6022004017 1 1 1 1 1 1 1 1 1 1 1 1 1 1 1 1 1
656 7872 -0.636768955225 -0.0102850377151 0.000257391381065 0.602496817991 1 1 1 1 1 1 1 1 1 1 1 1 1 1 1 1 1
657 7884 -0.622612009471 -0.00114897185345 0.00202476990074 0.602859911336 1 1 1 1 1 1 1 1 1 1 1 1 1 1 1 1 1
658 7896 -0.622385044922 -0.00733876420593 0.000291680829239 0.605782537358 1 1 1 1 1 1 1 1 1 1 1 1 1 1 1 1 1
659 7908 -0.613014766971 -0.00147111906119 0.000865549685648 0.604841649026 1 1 1 1 1 1 1 1 1 1 1 1 1 1 1 1 1
660 7920 -0.621899540968 -7.36117779052e-05 0.000744504497662 0.610011297319 1 1 1 1 1 1 1 1 1 1 1 1 1 1 1 1 1
661 7932 -0.615218701691 -0.001397969784 0.0114709119528 0.601663527715 1 1 1 1 1 1 1 1 1 1 1 1 1 1 1 1 1
662 7944 -0.609981396775 -0.0021941224303 7.331379929e-05 0.598213598092 1 1 1 1 1 1 1 1 1 1 1 1 1 1 1 1 1
663 7956 -0.609891419925 -0.00204314400173 0.00150188221059 0.593066112753 1 1 1 1 1 1 1 1 1 1 1 1 1 1 1 1 1
664 7968 -0.607445659478 -0.00104771872865 0.00446740533308 0.592671844155 1 1 1 1 1 1 1 1 1 1 1 1 1 1 1 1 1
665 7980 -0.602607682602 -0.0056416173436 0.00665343562482 0.579459439133 1 1 1 1 1 1 1 1 1 1 1 1 1 1 1 1 1
666 7992 -0.585287274846 -0.0154481356319 0.00138429585548 0.585958112403 1 1 1 1 1 1 1 1 1 1 1 1 1 1 1 1 1
667 8004 -0.584651647612 -0.00959901647915 0.00530850729801 0.5933414284 1 1 1 1 1 1 1 1 1 1 1 1 1 1 1 1 1
668 8016 -0.586695098563 -0.00329104726531 0.00419400414437 0.600985718842 1 1 1 1 1 1 1 1 1 1 1 1 1 1 1 1 1
669 8028 -0.592146282731 -0.00621059618692 0.00234590856233 0.59520087377 1 1 1 1 1 1 1 1 1 1 1 1 1 1 1 1 1
670 8040 -0.594374038434 -0.00288133718944 0.00100541183556 0.598464896668 1 1 1 1 1 1 1 1 1 1 1 1 1 1 1 1 1
671 8052 -0.595172737177 -0.00355510492838 0.0124360870328 0.601894672981 1 1 1 1 1 1 1 1 1 1 1 1 1 1 1 1 1
672 8064 -0.606251548163 -0.00196980106535 0.00593068392544 0.593606068289 1 1 1 1 1 1 1 1 1 1 1 1 1 1 1 1 1
673 8076 -0.598444964683 -0.00486562658615 0.00296312570326 0.586886526186 1 1 1 1 1 1 1 1 1 1 1 1 1 1 1 1 1
674 8088 -0.583174845215 -0.0133612007728 0.00300591444788 0.58062582745 1 1 1 1 1 1 1 1 1 1 1 1 1 1 1 1 1
675 8100 -0.590752382877 -0.00863828627169 0.00972484328681 0.58593809282 1 1 1 1 1 1 1 1 1 1 1 1 1 1 1 1 1
676 8112 -0.594334860199 -0.00970534552168 0.000813372834542 0.586108739907 1 1 1 1 1 1 1 1 1 1 1 1 1 1 1 1 1
677 8124 -0.601014633677 -0.0171154643817 0.00108315073075 0.606253877402 1 1 1 1 1 1 1 1 1 1 1 1 1 1 1 1 1
678 8136 -0.603153310157 -0.0123571406446 0.00632197816192 0.602878041965 1 1 1 1 1 1 1 1 1 1 1 1 1 1 1 1 1
679 8148 -0.604266363468 -0.0227678169047 0.00167478637573 0.598139551589 1 1 1 1 1 1 1 1 1 1 1 1 1 1 1 1 1
680 8160 -0.606950828376 -0.0138111310565 0.000592665717614 0.601391762922 1 1 1 1 1 1 1 1 1 1 1 1 1 1 1 1 1
681 8172 -0.600108290768 -0.00674666482956 0.000303224123749 0.614037914145 1 1 1 1 1 1 1 1 1 1 1 1 1 1 1 1 1
682 8184 -0.599353848931 -0.00057066874739 0.00426951351312 0.616725168477 1 1 1 1 1 1 1 1 1 1 1 1 1 1 1 1 1
683 8196 -0.6012911442 -0.00387362151013 0.0117152053583 0.631118415537 1 1 1 1 1 1 1 1 1 1 1 1 1 1 1 1 1
684 8208 -0.605298778733 -0.00248027874079 0.0115135209172 0.627645476216 1 1 1 1 1 1 1 1 1 1 1 1 1 1 1 1 1
685 8220 -0.614842163637 -0.00726311074462 0.0154326675811 0.633971763257 1 1 1 1 1 1 1 1 1 1 1 1 1 1 1 1 1
686 8232 -0.612098069665 -0.0071814606224 0.00101267493476 0.622899974666 1 1 1 1 1 1 1 1 1 1 1 1 1 1 1 1 1
687 8244 -0.60818126005 -0.00659806822313 0.00228536693548 0.628278219699 1 1 1 1 1 1 1 1 1 1 1 1 1 1 1 1 1
688 8256 -0.608334193258 -0.00102764451454 0.0248965214973 0.630779516642 1 1 1 1 1 1 1 1 1 1 1 1 1 1 1 1 1
689 8268 -0.613604518508 -0.0107539008292 0.00749392869088 0.63384847298 1 1 1 1 1 1 1 1 1 1 1 1 1 1 1 1 1
690 8280 -0.615673946532 -0.00634733348263 0.0190479430797 0.623619807661 1 1 1 1 1 1 1 1 1 1 1 1 1 1 1 1 1
691 8292 -0.625123659268 -0.00388839437552 0.00666396257723 0.630891976703 1 1 1 1 1 1 1 1 1 1 1 1 1 1 1 1 1
692 8304 -0.621353519296 -0.002508920489 0.0180178967601 0.623070641641 1 1 1 1 1 1 1 1 1 1 1 1 1 1 1 1 1
693 8316 -0.61766727394 -0.0029586682812 0.0179619897671 0.625085056457 1 1 1 1 1 1 1 1 1 1 1 1 1 1 1 1 1
694 8328 -0.615559707717 -0.0036194888366 0.00406618370371 0.622439977394 1 1 1 1 1 1 1 1 1 1 1 1 1 1 1 1 1
695 8340 -0.61715425215 -0.00272155665956 0.00106378659287 0.624703758196 1 1 1 1 1 1 1 1 1 1 1 1 1 1 1 1 1
696 8352 -0.617299498408 -0.0050276717089 0.00937213236548 0.621950155922 1 1 1 1 1 1 1 1 1 1 1 1 1 1 1 1 1
697 8364 -0.610799467166 -0.00166635868668 0.0213728820913 0.622116249115 1 1 1 1 1 1 1 1 1 1 1 1 1 1 1 1 1
698 8376 -0.609863913386 -0.011945343444 0.00672284876736 0.620963491993 1 1 1 1 1 1 1 1 1 1 1 1 1 1 1 1 1
699 8388 -0.602983467879 -0.00551042964858 0.00103913208585 0.619574972769 1 1 1 1 1 1 1 1 1 1 1 1 1 1 1 1 1
700 8400 -0.612775490199 -0.00315691968525 0.00693265129236 0.615657748696 1 1 1 1 1 1 1 1 1 1 1 1 1 1 1 1 1
701 8412 -0.612102200664 -0.00368930439717 0.00140649596335 0.619110574713 1 1 1 1 1 1 1 1 1 1 1 1 1 1 1 1 1
702 8424 -0.609150734936 -0.00278136194664 0.0314180843158 0.619880372587 1 1 1 1 1 1 1 1 1 1 1 1 1 1 1 1 1
703 8436 -0.603906628307 -0.00331783567676 0.0234723429683 0.623669984117 1 1 1 1 1 1 1 1 1 1 1 1 1 1 1 1 1
704 8448 -0.605789257457 -0.0220466850745 0.00248131494697 0.630106574226 1 1 1 1 1 1 1 1 1 1 1 1 1 1 1 1 1
705 8460 -0.598405001481 -0.0123905518364 0.000867522256261 0.6327415933 1 1 1 1 1 1 1 1 1 1 1 1 1 1 1 1 1
706 8472 -0.60687404903 -0.00254048038478 0.0226291245578 0.623794121402 1 1 1 1 1 1 1 1 1 1 1 1 1 1 1 1 1
707 8484 -0.611212589307 -0.00860344885324 0.00601502624794 0.62621674306 1 1 1 1 1 1 1 1 1 1 1 1 1 1 1 1 1
708 8496 -0.61079652608 -0.0105392170849 0.00631322486202 0.628681155807 1 1 1 1 1 1 1 1 1 1 1 1 1 1 1 1 1
709 8508 -0.599256768575 -0.00109866874278 0.00832020600454 0.620132098785 1 1 1 1 1 1 1 1 1 1 1 1 1 1 1 1 1
710 8520 -0.603519322502 -0.00182099620254 0.0125809200241 0.618104455233 1 1 1 1 1 1 1 1 1 1 1 1 1 1 1 1 1
711 8532 -0.612203215966 -0.00852835028372 0.00871541479903 0.614418784014 1 1 1 1 1 1 1 1 1 1 1 1 1 1 1 1 1
712 8544 -0.613380329177 -0.00159488415193 0.00117767561455 0.625163654522 1 1 1 1 1 1 1 1 1 1 1 1 1 1 1 1 1
713 8556 -0.615459963894 -0.000100558628916 0.0241061448146 0.619568289381 1 1 1 1 1 1 1 1 1 1 1 1 1 1 1 1 1
714 8568 -0.604133672165 -0.00476527316685 0.00927740916967 0.627635444007 1 1 1 1 1 1 1 1 1 1 1 1 1 1 1 1 1
715 8580 -0.603223280207 -0.00175727924954 0.012670829377 0.613917993207 1 1 1 1 1 1 1 1 1 1 1 1 1 1 1 1 1
716 8592 -0.593737207512 -0.000417557618638 0.0111652721471 0.627782559414 1 1 1 1 1 1 1 1 1 1 1 1 1 1 1 1 1
717 8604 -0.601666324185 -0.00352768099908 0.0253059752172 0.62807817493 1 1 1 1 1 1 1 1 1 1 1 1 1 1 1 1 1
718 8616 -0.595514807643 -0.00296332410695 0.0108998179669 0.630137216327 1 1 1 1 1 1 1 1 1 1 1 1 1 1 1 1 1
719 8628 -0.603906166616 -0.00347962430032 0.00720392022812 0.626639261213 1 1 1 1 1 1 1 1 1 1 1 1 1 1 1 1 1
720 8640 -0.594077197927 -0.00441293122487 0.00272648523775 0.624369302473 1 1 1 1 1 1 1 1 1 1 1 1 1 1 1 1 1
721 8652 -0.584175060967 -0.00129146438452 0.00153703509054 0.612745121406 1 1 1 1 1 1 1 1 1 1 1 1 1 1 1 1 1
722 8664 -0.584832536074 -0.0165520255358 0.00150718382958 0.610757957495 1 1 1 1 1 1 1 1 1 1 1 1 1 1 1 1 1
723 8676 -0.575144526221 -0.00186578675606 0.00334212610453 0.616335420351 1 1 1 1 1 1 1 1 1 1 1 1 1 1 1 1 1
724 8688 -0.57762596769 -0.00402845150444 0.00101075983724 0.627520833539 1 1 1 1 1 1 1 1 1 1 1 1 1 1 1 1 1
725 8700 -0.589821544585 -0.000417496163524 0.00477043741326 0.636944631959 1 1 1 1 1 1 1 1 1 1 1 1 1 1 1 1 1
726 8712 -0.599263685404 -0.0115893273404 0.00162029300578 0.635100969142 1 1 1 1 1 1 1 1 1 1 1 1 1 1 1 1 1
727 8724 -0.595354305107 -0.00187624135091 0.0154868361684 0.631609969188 1 1 1 1 1 1 1 1 1 1 1 1 1 1 1 1 1
728 8736 -0.612687754967 -0.00405193423339 0.0145932369168 0.626753199293 1 1 1 1 1 1 1 1 1 1 1 1 1 1 1 1 1
729 8748 -0.594861530887 -0.0143830311081 0.000758341014671 0.619009677008 1 1 1 1 1 1 1 1 1 1 1 1 1 1 1 1 1
730 8760 -0.601548263068 -0.0012063464705 0.00927928259455 0.608959513965 1 1 1 1 1 1 1 1 1 1 1 1 1 1 1 1 1
731 8772 -0.60235559654 -0.00773847648148 0.00837911196199 0.600012384409 1 1 1 1 1 1 1 1 1 1 1 1 1 1 1 1 1
732 8784 -0.603150398115 -0.00914922702979 0.0222583644448 0.600921312941 1 1 1 1 1 1 1 1 1 1 1 1 1 1 1 1 1
733 8796 -0.607973393666 -0.00526120954479 0.0302891113672 0.602151437618 1 1 1 1 1 1 1 1 1 1 1 1 1 1 1 1 1
734 8808 -0.610643908417 -0.00183774960731 0.0146123055535 0.601048477523 1 1 1 1 1 1 1 1 1 1 1 1 1 1 1 1 1
735 8820 -0.607991382949 -0.00501458752224 0.0201308581291 0.594754834772 1 1 1 1 1 1 1 1 1 1 1 1 1 1 1 1 1
736 8832 -0.598869436836 -0.00374916764625 0.0197538186031 0.587262248877 1 1 1 1 1 1 1 1 1 1 1 1 1 1 1 1 1
737 8844 -0.59385031832 -0.0207095289008 0.00957065381533 0.579569454562 1 1 1 1 1 1 1 1 1 1 1 1 1 1 1 1 1
738 8856 -0.587233666535 -0.0113381780943 0.00938470691303 0.575459325443 1 1 1 1 1 1 1 1 1 1 1 1 1 1 1 1 1
739 8868 -0.579452866963 -0.000916140988158 0.0203038577192 0.576374601757 1 1 1 1 1 1 1 1 1 1 1 1 1 1 1 1 1
740 8880 -0.566897446169 -0.00415360418477 0.0104819922631 0.581621410191 1 1 1 1 1 1 1 1 1 1 1 1 1 1 1 1 1
741 8892 -0.565471275931 -0.00802881215937 0.0126677885475 0.581075249574 1 1 1 1 1 1 1 1 1 1 1 1 1 1 1 1 1
742 8904 -0.560891787101 -0.0221317467275 0.0125250613987 0.571562246886 1 1 1 1 1 1 1 1 1 1 1 1 1 1 1 1 1
743 8916 -0.558574771079 -0.0198146479223 0.0120589904098 0.574322587721 1 1 1 1 1 1 1 1 1 1 1 1 1 1 1 1 1
744 8928 -0.552001868356 -0.00965346843997 0.002947854113 0.571056467114 1 1 1 1 1 1 1 1 1 1 1 1 1 1 1 1 1
745 8940 -0.546059266307 -0.0086850650873 0.0115384195277 0.572228717174 1 1 1 1 1 1 1 1 1 1 1 1 1 1 1 1 1
746 8952 -0.526364691563 -0.0219749988213 0.00531146329759 0.572577338338 1 1 1 1 1 1 1 1 1 1 1 1 1 1 1 1 1
747 8964 -0.529715049467 -0.0162907643061 0.0202618443373 0.57582275467 1 1 1 1 1 1 1 1 1 1 1 1 1 1 1 1 1
748 8976 -0.528576226069 -0.00016781926531 0.0172986478085 0.575474802506 1 1 1 1 1 1 1 1 1 1 1 1 1 1 1 1 1
749 8988 -0.522267766245 -0.0184947359098 0.0093204075257 0.568829685468 1 1 1 1 1 1 1 1 1 1 1 1 1 1 1 1 1
750 9000 -0.524618684808 -0.013800907137 0.0205011926792 0.57309457669 1 1 1 1 1 1 1 1 1 1 1 1 1 1 1 1 1
751 9012 -0.547671475988 -0.0085320630386 0.00657262648804 0.579403661797 1 1 1 1 1 1 1 1 1 1 1 1 1 1 1 1 1
752 9024 -0.555725934707 -0.0194001253326 0.007065220146 0.589052069646 1 1 1 1 1 1 1 1 1 1 1 1 1 1 1 1 1
753 9036 -0.557221470639 -0.0136493620149 0.00344426831866 0.599107626468 1 1 1 1 1 1 1 1 1 1 1 1 1 1 1 1 1
754 9048 -0.551175333755 -0.00220743345905 0.00519307219303 0.602208423273 1 1 1 1 1 1 1 1 1 1 1 1 1 1 1 1 1
755 9060 -0.55244321436 -0.00142631749499 0.0195176465164 0.602444579009 1 1 1 1 1 1 1 1 1 1 1 1 1 1 1 1 1
756 9072 -0.552576229768 -0.00213246600267 0.0161420419473 0.597415278369 1 1 1 1 1 1 1 1 1 1 1 1 1 1 1 1 1
757 9084 -0.546571723964 -0.0157932095146 0.00574909744502 0.594243633859 1 1 1 1 1 1 1 1 1 1 1 1 1 1 1 1 1
758 9096 -0.551751202607 -0.00953096006406 0.00111160315415 0.600264739207 1 1 1 1 1 1 1 1 1 1 1 1 1 1 1 1 1
759 9108 -0.55855151475 -0.0106485686024 0.000426407888598 0.603689172035 1 1 1 1 1 1 1 1 1 1 1 1 1 1 1 1 1
760 9120 -0.567642249627 -0.00469683622677 0.000684003389225 0.587820749447 1 1 1 1 1 1 1 1 1 1 1 1 1 1 1 1 1
761 9132 -0.557271582073 -0.00922842490055 0.00830551813619 0.587455283002 1 1 1 1 1 1 1 1 1 1 1 1 1 1 1 1 1
762 9144 -0.558502677548 -0.0137069521616 0.00701741493474 0.594233853428 1 1 1 1 1 1 1 1 1 1 1 1 1 1 1 1 1
763 9156 -0.576054608083 -0.00677298846883 0.00111932692571 0.585522492619 1 1 1 1 1 1 1 1 1 1 1 1 1 1 1 1 1
764 9168 -0.58135755171 -0.00209550073271 0.00430146326467 0.584736776361 1 1 1 1 1 1 1 1 1 1 1 1 1 1 1 1 1
765 9180 -0.580365703923 -0.00488664881458 0.00867577337901 0.570090812721 1 1 1 1 1 1 1 1 1 1 1 1 1 1 1 1 1
766 9192 -0.583184109862 -0.0026096548967 0.010828639238 0.569285772723 1 1 1 1 1 1 1 1 1 1 1 1 1 1 1 1 1
767 9204 -0.579300498276 -0.00202195945924 0.00329159530149 0.56214549832 1 1 1 1 1 1 1 1 1 1 1 1 1 1 1 1 1
768 9216 -0.575519753707 -0.00252062515237 0.00668638712727 0.570925768617 1 1 1 1 1 1 1 1 1 1 1 1 1 1 1 1 1
769 9228 -0.57544924675 -0.00550694540304 0.0172048567569 0.574988170327 1 1 1 1 1 1 1 1 1 1 1 1 1 1 1 1 1
770 9240 -0.569061828132 -0.000171897123836 0.00309437213915 0.564138389024 1 1 1 1 1 1 1 1 1 1 1 1 1 1 1 1 1
