% # columns="iteration, evaluation, void, void, void, xmean", seed=1, Mon Aug 13 20:30:58 2018, <python>{}</python> # scaling_of_variables: 1, typical_x: 0
1 12 0 0 0 0.308372924846 3.60124003242 -0.78822152808 2.67313381284 1.64467235944 8.54779815694 9.38214786848 3.92294578477 3.02343221654 4.79964224079 5.52679887523 7.05883090214 2.82240592283 5.12902219059 6.28584178208 9.36574666694 6.02887884268
2 24 0 0 0 0.0629740079239 3.32907643489 -0.684728145738 1.21612273396 1.88976971652 8.93046876142 9.22469103905 2.42221199568 4.49843573502 5.50488146238 4.53312422203 7.01980807886 3.53262654233 5.60010146873 4.9982317861 8.36457792269 4.33433342708
3 36 0 0 0 -0.0314267474553 4.51969150645 -0.204285328835 2.23380554151 1.26778240575 9.7025549367 10.6501610178 1.42655544048 5.91823762018 3.97167908026 4.6067824891 7.04899719433 5.17638153703 5.60852453486 6.66305849591 7.32209762417 3.61623561647
4 48 0 0 0 -1.20389390471 4.38917904848 -0.978164535967 1.41740727743 1.60897832269 8.88779790763 11.1656543288 1.77525320551 6.57566201683 2.12257706194 5.32366275562 9.06253310718 7.28640292911 6.63387716227 7.86520278735 7.77794720151 3.36024062113
5 60 0 0 0 -1.31833235247 3.07754688022 -2.02239189769 2.42347404412 2.95464421247 9.50570251107 12.6462567041 1.49507186734 6.61174626044 1.60850477429 5.09291539813 7.52420812284 7.16107747194 5.47085366872 6.03768699184 6.41822338667 2.42332120866
6 72 0 0 0 -0.757035901246 1.2719280363 -3.80555023257 1.28766330888 3.06943161023 8.77462244846 13.550510705 1.31725988288 8.28446589092 0.581774987682 4.88327637822 8.59534685645 7.60674015346 6.11230445113 7.47175432961 7.15953664429 2.82905296357
7 84 0 0 0 -1.22981788483 0.328565786635 -3.78480811679 0.344987691129 0.497819623364 10.0894224355 13.3351962337 0.40129901509 6.96146367239 -0.00802451547547 5.9986645074 9.72439093963 7.0643373147 3.8880810903 8.74926898169 7.79219926476 4.2898858654
8 96 0 0 0 0.747574887532 1.41211330344 -2.33221306811 1.3165607065 0.93535778638 8.86053094462 11.1357876465 -0.0748572507986 8.17139400579 0.306374622787 5.30015858208 9.85122789505 8.51185138548 3.17351748527 6.99259632827 9.35996167133 3.6116988774
9 108 0 0 0 -0.117612590092 2.35141511456 -1.32071013552 0.964610808463 -0.742013481494 9.18543316235 10.5889545126 -0.310069347651 6.97578633348 0.251306256133 5.10714692353 11.0149425572 7.07882977754 1.54960729481 6.81216599918 11.318315692 3.30118001465
10 120 0 0 0 -0.194386019422 2.04933853482 -1.3466132723 0.78459522667 0.947954327894 11.4852614129 9.48431491685 1.32348272731 7.99588336711 1.15269192844 4.48056958446 10.0140782598 7.81776660212 -1.45037659886 5.65381586979 12.7451556579 3.49731140777
11 132 0 0 0 -0.313558453751 -0.347590539824 0.531232335084 -0.0414182152894 -0.110366512784 9.66893114274 8.86277187793 1.12146460171 9.24316716881 0.72796202969 4.47452056727 10.2526128885 8.26325255103 -0.507495443205 5.06887940934 12.4344491964 2.31628585319
12 144 0 0 0 1.15875531948 0.554166242803 1.29799514945 0.516062086122 1.4487169604 8.35453616972 8.06194272951 3.02798261088 8.09498234523 0.753034530389 3.92868638038 11.9497725505 9.5417225157 -0.581598132745 5.79607302156 12.2847441011 1.35211166221
13 156 0 0 0 0.881059088736 0.13557409991 -0.356623594304 -0.400913328319 -0.783263864543 9.0286952592 8.67337682259 4.01891278461 7.16853504775 0.769229668439 5.76310324406 11.8770139338 7.95039944562 -0.21678310103 5.25706278244 13.8264060141 0.278663835566
14 168 0 0 0 -0.211894176644 -0.535540390896 0.0154830845252 0.0373935484806 -0.238171395643 9.43906805085 8.2799748505 4.0652862454 7.90131454398 0.555191888164 4.81667813634 12.3419585312 7.92282753575 -1.52493943399 4.22182747 13.9923993734 0.637212160245
15 180 0 0 0 0.334101585055 0.819552513983 1.24256422985 -1.0077419473 -0.821790810873 9.77794605026 7.4427079494 3.58024192527 7.59116108075 -0.121934271953 5.62859084105 10.6609501772 8.09450020885 -0.853788423864 4.65122734353 15.5390801776 2.04625706966
16 192 0 0 0 -0.911933390548 0.0550832772146 1.96912570221 -2.3009344121 -0.861053154579 9.13312520513 9.02006218016 3.57437669299 7.34149577228 -1.1250700385 4.97844757146 11.7765129942 7.93927379073 -0.742886926248 4.85963248996 15.3505611356 2.09603751053
17 204 0 0 0 -1.08049848689 1.14608536599 1.38426278046 -3.95228292063 -0.945667934731 8.92462896393 10.8660539909 3.54808031978 7.35266117469 -0.883485205146 6.72307062033 12.2975753125 7.26279617487 -1.94675087999 5.85819103415 16.9276110814 0.906947428893
18 216 0 0 0 -2.21533793402 0.0996166582416 1.2402656002 -4.31205412609 -0.855199626723 9.98596105431 9.24623788461 1.7802353712 6.4879288616 -0.286394641034 5.10972311743 11.5889258668 8.37679981161 -0.823078996922 6.61088533688 18.3746507281 1.95596548475
19 228 0 0 0 -2.09730552161 0.0420680430577 0.23585585514 -3.63348024891 -1.0904628871 9.17072769078 9.42425623007 1.44552601115 7.5682561535 -0.236649895711 4.91731888778 11.9841284905 8.88602874893 -2.1675394048 5.64900997328 17.9440767269 2.73321327086
20 240 0 0 0 -1.25551074213 0.716215586873 1.99275284969 -5.1017072063 -0.813743924197 9.59539732145 9.66184315689 1.70185086554 6.81119184634 -0.135174900278 4.58415232388 11.6889499714 8.34973745909 -4.54179199629 5.07931705253 17.4715619608 3.17850150113
21 252 0 0 0 -1.12534120968 1.00761907594 1.90296801182 -4.6733833732 -1.47833970037 8.63052596005 8.77363599822 2.50737884513 6.74709409695 -0.409161268054 4.94048504595 10.637429381 7.65412704927 -2.46219871901 3.39613605686 15.8012076856 1.81124402239
22 264 0 0 0 -1.50763658593 0.746921429641 2.8760905468 -4.26620007777 -1.4310315898 8.52221554717 9.30779530603 1.96715357975 7.48660649998 0.303871414785 5.63493648745 10.7405424739 7.40359557494 -3.65291360511 2.60505222035 16.2557046281 1.71126807445
23 276 0 0 0 -2.01047302025 1.41824206307 3.52530078503 -5.40471648668 -0.066365507658 7.75610452739 9.87868927232 2.71515480482 6.9392076676 0.31461559497 6.01273670814 9.31235598924 7.11657402934 -2.42888752847 2.28438162214 15.3310458748 1.83685258463
24 288 0 0 0 -1.65827088433 1.37179386776 3.62177174297 -5.96647502382 0.33201238299 7.12857286262 9.09847127362 2.52793117532 7.12098215095 0.342522708672 6.88660456892 10.9717129672 6.80077469425 -3.37207143426 1.67625344107 15.8494136545 1.18031530256
25 300 0 0 0 -2.3044295721 1.01811296047 4.9484820333 -7.53012276308 0.722853198111 5.72553822009 9.37866822532 3.68066695396 6.89276889176 0.23308346956 6.50450960967 11.2928246652 7.14472445354 -2.53332918481 1.93009988454 15.8387455235 1.92542101752
26 312 0 0 0 -2.79156554234 1.9206719801 3.93054035105 -7.75463306127 1.06278749639 6.60056727302 9.32689923938 4.82865720038 6.51586764759 -0.480636552497 7.32429919672 12.837482979 7.86316802489 -3.05563458519 1.3757766108 15.4699333495 0.256464208798
27 324 0 0 0 -1.74049010509 2.08029486236 3.76985479653 -6.40367073935 1.49929151177 7.60280218903 8.55221340337 4.0898263393 7.52599217804 -0.238671523177 8.04475030113 12.7155501372 7.40530767812 -2.01807974367 2.24468996799 14.9471694821 1.57745870437
28 336 0 0 0 -1.66769448081 1.53291822504 3.88097744914 -6.01994674229 0.734088551159 8.47228942012 9.0273244955 4.44563854287 7.48872452564 1.0154841914 8.7297617441 11.6881089789 6.5447889588 -1.51384658754 2.21896771854 15.1261877697 1.829190618
29 348 0 0 0 -1.89674248405 1.82847160988 5.69985718218 -6.18177107492 0.782854200393 8.82283019747 8.08750938348 4.69643887816 7.80896593531 0.554386199759 8.23729188589 11.910754799 7.16367183296 -1.2673403576 2.22691444965 14.8812550218 1.38604457694
30 360 0 0 0 -1.13832396816 2.59998514665 5.19188639321 -6.37688778541 -0.291041463629 10.0794288523 9.66721867579 4.21213880951 8.63556254625 -0.0570093097037 8.75107317751 13.182992004 6.09684671717 0.152875808482 2.1578644656 14.7030811953 1.10266108114
31 372 0 0 0 -0.990018051043 3.03302349004 5.31119457469 -5.47249094035 -0.908462593111 9.27835360179 9.90639029473 3.72855675291 9.37955351613 -0.0500738582292 9.20224025081 12.1086931355 6.06823801535 0.766697080686 0.236113665944 13.9398280773 1.07222893698
32 384 0 0 0 -1.31590837345 2.94891177225 6.48773611461 -7.28378393792 -0.564479586352 8.20934876903 10.4791414865 4.04766292983 10.1185928139 0.131934463971 10.259315268 11.0669043833 6.66255905805 0.398682653799 -0.963152099504 13.7536012183 1.49430131852
33 396 0 0 0 -0.50286732698 3.03198250487 6.49448326328 -7.40169138521 -1.36423753405 8.58962814475 9.35874029397 3.59426863129 9.75260648727 0.289196073597 11.2301334815 11.2705017604 6.5625790204 -0.443584701453 -0.64006376692 14.7641653672 0.337950187169
34 408 0 0 0 -0.417574675116 3.18246982484 6.49442974637 -7.87268957556 -1.66371061597 9.94751519126 9.68296807576 2.4861327577 9.81672819636 0.473058026085 11.2481342256 11.1302049198 6.46452210539 -1.23088142739 -0.23682861724 14.7925452431 0.75051907323
35 420 0 0 0 -0.182058094866 3.58615704735 6.5839283462 -7.57335709379 -1.98126132298 9.78565767902 9.37608553625 1.82297013705 10.1179005387 0.226798217706 10.73907754 9.69283330134 6.57955666339 -1.55172186023 0.855329542728 14.6736268016 2.19802560785
36 432 0 0 0 0.392018785634 5.15431239531 6.0586172322 -8.15727090278 -2.1819833531 9.44268693706 9.51883504657 2.75198902234 10.7359791002 0.277532239331 11.160915383 9.23432531009 7.09779768326 -1.20374600619 0.0419756539903 14.3343318909 1.72724731864
37 444 0 0 0 0.513545517821 5.62991897215 5.16515822587 -6.8690130732 -2.44624185567 9.13227668623 8.38618825868 2.88025461024 10.0115567569 0.506381229393 12.4806085629 9.56598556521 7.23245818468 0.126879025694 -1.71497418605 14.3207801466 2.13713044006
38 456 0 0 0 -0.0207449792805 5.91190625424 6.92150016168 -6.39734537181 -2.31146579412 9.3680548334 6.41345689333 3.02531393183 10.2663971561 0.902788166936 12.5982255939 9.77592934673 6.78520809627 -0.122170855518 -2.56413486533 13.3532680618 2.76062260118
39 468 0 0 0 -1.32176282229 4.90854843212 6.53957348063 -6.55513590298 -1.92818037737 8.37683403559 7.24279392033 2.37592067167 9.07924393494 1.66995210373 13.3128151778 9.85592785135 6.57649977108 -0.397208197787 -2.53903307076 12.1169723394 3.60503646522
40 480 0 0 0 -0.666821118377 4.5541317134 6.86192920435 -6.74289340466 -2.1621130994 9.77381569239 6.24585249839 3.7525282608 9.57428627799 1.44087338855 14.0183437078 10.5318422213 7.16756835127 -0.193303447759 -1.43591564913 10.5268785035 3.76225705699
41 492 0 0 0 -0.306037487791 3.8580947916 8.35234403544 -8.38968948221 -1.41250531766 11.8409273278 7.10568956564 3.39919996972 10.1075981407 0.137087643692 14.4220709562 10.4723081731 7.42756501063 -0.508285879592 -1.03365707283 10.5182635992 2.40276141494
42 504 0 0 0 -0.603725571262 3.2535675062 9.2187503861 -9.53094636357 -1.7456045453 11.2292779472 6.79205792295 3.76853205584 10.2714811774 -0.233012073173 14.2118166883 10.6685760286 6.77142342641 0.00865639337063 -1.82400840162 10.8939932071 2.65389328204
43 516 0 0 0 -0.689163261418 3.13470094686 9.45599261859 -9.96408008883 -2.23314267314 10.0971014999 6.91911489847 2.78670982458 9.75390185646 -1.02732205228 13.2406646098 9.65567530705 6.56841951757 -1.08286604116 -2.80523453699 12.6588336873 2.70086116989
44 528 0 0 0 -0.824258789458 2.77310616516 9.96261798855 -10.7137391047 -1.58926336273 10.1518874929 7.46360667154 3.70318813406 9.68903218901 -0.793448220106 13.7758241645 10.0747749191 6.47640510249 1.03963796419 -3.35812163879 12.1924254627 2.8271375592
45 540 0 0 0 -1.64528585203 2.46650903524 9.6439362421 -10.2787124386 -1.99877469759 10.641775537 8.09930391629 4.50210666373 9.47306661867 -1.13528261472 13.7471293607 10.3650426586 5.96822141234 0.138624848013 -3.13062259207 12.7633306264 2.81110415426
46 552 0 0 0 -0.802938548506 2.41419792339 9.43352264827 -9.38742425029 -2.62861475872 10.6211076513 8.22213772178 4.25085599395 10.4503824032 -1.384536358 14.6206153937 9.99105347895 5.96843136047 0.38633589149 -4.01013034234 11.9393112889 2.92536927131
47 564 0 0 0 -1.16182074218 2.75304116322 9.21787452757 -10.1376801594 -2.69238459467 11.3701555796 7.93991054545 3.88646376221 11.5161255892 -1.50948258469 14.3252056561 9.97783908852 6.41911207636 0.310031236119 -4.89138609189 12.4972596795 3.45366711293
48 576 0 0 0 -1.68706438598 3.127779318 10.0803167431 -9.84133972235 -2.47519427912 10.9028664772 8.32134718788 4.45573321964 12.5882673377 -1.49358945715 13.9684769665 9.69894909926 6.03766851012 1.37451634999 -5.88354115583 12.4670604961 4.58940660127
49 588 0 0 0 -1.8397597274 1.59105338826 11.6215475175 -10.654403792 -1.55666746575 10.4382813077 9.1062330122 3.14806082274 12.5027809339 -1.26461136653 14.1634808334 9.63197980584 5.93422482337 1.90534138055 -6.11469198514 11.3762976506 4.72481016252
50 600 0 0 0 -1.58676724485 0.780202709661 11.7863660569 -10.7806721175 -0.444016665176 9.79684821109 10.1023316289 2.70420622284 12.8075675157 -0.515286147375 13.8946008396 10.3308966922 4.96393788635 2.18095780897 -5.49178541477 12.0555277039 4.55115762529
51 612 0 0 0 -1.53219691773 1.86915741131 12.3491632803 -10.9243272359 -1.58044740964 8.93061670672 9.79369604579 2.20929062087 13.0386354529 -0.130794128589 14.9676938186 9.84669723452 5.60153482414 1.75084863602 -5.29051022418 11.6006038968 3.94423347942
52 624 0 0 0 -0.982558003375 2.35318500777 12.383404195 -10.9443948297 -2.60482178034 9.34835206369 9.71171060524 0.226919390413 12.652227438 -0.41738368077 15.2013829482 10.4401223063 6.22457225003 1.84034652207 -3.55068378073 11.6599955329 2.85723263889
53 636 0 0 0 -0.854561702038 3.46581921172 11.4125132242 -9.73495685882 -2.93551110502 8.67666836381 10.7135001018 -0.0991012535783 13.1376239794 0.0237657564218 15.4239054802 9.83757040972 6.03449066714 3.40379256414 -3.90762138717 11.4397583713 3.12589288276
54 648 0 0 0 -1.06342774341 3.22041183001 10.9636496866 -10.4482161029 -2.13956282178 7.15087155979 11.0748325805 -0.592058312338 13.7605922932 0.206855601087 15.7939335381 9.42031541813 6.66679170243 5.05911531775 -3.82885495843 10.9100042988 3.18624409002
55 660 0 0 0 -2.12837860941 5.1230575577 11.3015081456 -10.2356001481 -1.69702952566 5.70861731063 10.4109216912 -1.00876836076 13.0566184737 -0.467551014502 15.5471470043 8.6196692594 6.25937342237 4.16621718921 -2.90241762964 10.3308663106 3.03972738703
56 672 0 0 0 -1.73604401144 4.24831173308 10.3075619939 -10.2973620346 -1.7459488601 5.62095018254 11.2900090123 -0.522177984521 13.2463138118 -0.854621498172 16.3561587311 8.51193711533 6.40235015119 4.2434015466 -3.07002373956 10.2266138899 2.72983181461
57 684 0 0 0 -1.96569229419 4.50656061413 10.0785459528 -9.66598994501 -1.81534295811 5.4923702356 13.0242086782 -1.95560665465 13.1544119737 -0.524012890791 16.4045919433 8.79681059886 6.24283772939 4.98374266389 -1.48297313363 11.2126969358 1.81557194702
58 696 0 0 0 -2.53828068771 3.96920015348 10.2883360886 -9.01664572994 -2.52509904826 6.33487449753 12.1185134694 -1.55872426996 11.9704658 -0.915293800786 15.8130622219 11.1639548799 6.49625493194 5.26099455183 0.974568090216 10.3446443159 2.06192205801
59 708 0 0 0 -2.85281714167 3.15617124782 11.4587363083 -10.0071991659 -2.45484203689 5.61118578499 11.36503415 -0.784543744612 12.141293696 -0.864173560313 15.7278684027 11.0561875403 6.20566830179 5.05687614549 1.52352727098 9.91437867612 2.32398704957
60 720 0 0 0 -2.17906641211 2.87955071114 11.4065250236 -10.6433724536 -2.41339586985 5.71092699917 11.8840958754 -1.46434461605 12.7345843788 -0.271853591075 15.8055576576 10.106245576 6.27388534387 3.78605450558 2.6899963254 10.668924877 0.80117878817
61 732 0 0 0 -3.03374171392 3.31334401 10.9149672179 -10.1076724973 -1.58149111353 4.82368291295 11.7844435643 -1.23993340064 11.779164892 1.01204878154 16.0196179183 10.2982989931 6.40874787404 4.69464146368 1.58781785914 10.5034797466 0.866458303371
62 744 0 0 0 -3.52864277729 4.09394058262 10.318654277 -9.06538199096 -1.91726457322 4.67319271863 11.1711911607 -0.159480753602 12.2475761236 0.529368443487 15.4413254722 9.86457342825 6.54989718127 4.38805742195 0.279317403986 11.068016169 1.82625243621
63 756 0 0 0 -3.1402905535 4.49444908019 10.4419291139 -8.80207523194 -1.56156557978 4.87083301501 11.4547667598 -0.0954742328452 11.9980882548 0.0172397314907 13.3718462936 9.31834355593 6.90779863123 3.50417930689 0.262180271346 11.3225134565 2.68870035673
64 768 0 0 0 -2.54216142413 4.54029700433 10.8042789845 -9.87956394521 -2.01905837977 5.4441005505 11.3822370323 -0.235502945097 11.4053628163 -0.23472524863 13.2278673317 9.78645088978 6.24732079157 2.69515514009 0.184921347166 12.287423997 2.59479018324
65 780 0 0 0 -2.92507845656 4.47553232368 11.0686672161 -9.90309866997 -2.10167010346 4.85227018697 11.6435709619 -0.295977837908 12.2066302748 -0.323066716305 14.3370130023 9.21813272793 6.57846875017 2.65147627842 -0.889347717137 12.0014074944 1.96323556387
66 792 0 0 0 -2.79407734742 4.96174716647 10.4988666825 -9.44649829747 -2.33865439521 4.28853087721 12.0595965567 -0.816370163181 12.0535450705 -0.613956884565 13.7879274016 9.59229359049 7.11382014438 2.8157666483 0.0186589861588 12.3467215095 1.73459713881
67 804 0 0 0 -3.08387683184 4.52579278853 10.6370721991 -9.08990568842 -2.3602729109 4.74894968561 12.3154737587 -0.752737266924 12.1515685047 0.215843064025 13.419254579 10.5089499706 6.99110759326 2.52321381101 0.131761615337 12.4881525127 2.16212745672
68 816 0 0 0 -2.48225493888 4.63914501463 10.5520875299 -9.42577373926 -2.40888721124 5.04248460186 11.8208581198 -1.88104196488 12.736725181 0.630577985476 13.7732951436 9.94400002213 6.97512694195 1.82536765644 0.11493499722 12.8546102202 2.33763122917
69 828 0 0 0 -2.71454922939 3.98284258094 10.6033783371 -9.41696090874 -1.93032551373 5.6739430159 11.424432397 -0.742653465933 12.5626053176 1.13552188531 14.09138459 9.99316947889 6.94595698692 2.11885878936 -0.785874356191 13.038337383 2.15339895003
70 840 0 0 0 -3.13322392001 3.87574381324 11.457144874 -10.1497578342 -1.52490430654 6.25864234784 11.5665734743 -0.670049660562 12.733936515 0.975702467032 13.4232006126 10.0450327356 6.82847221172 1.42115091552 -0.962339686867 12.7813374215 1.72181372554
71 852 0 0 0 -2.97945786826 3.95074026361 10.8748726981 -10.1354600512 -1.12584379295 6.55620834132 11.2463445071 -0.828063696571 13.006441929 1.20706222914 13.7697203016 10.3303088359 6.54247751639 1.67848212387 -1.96105208094 13.7686150366 1.34073178461
72 864 0 0 0 -2.61785079958 3.96477485919 10.9380699359 -10.4530828968 -1.10530593289 7.02884337724 11.4158812647 -0.945484266279 12.9434931338 1.49361446373 13.8798875542 10.4594829242 6.4710378812 1.78653865765 -3.00223867866 14.576285212 1.56846839468
73 876 0 0 0 -2.75690380015 4.94849418694 10.1685882063 -9.75064224383 -1.13927854201 7.57889941607 11.3616134843 -1.08276277149 13.2792576109 1.67071475407 13.3804895453 10.0217157091 5.97468741868 1.82500783088 -3.16868951519 15.1844599534 1.70396230174
74 888 0 0 0 -1.9360859621 4.96525853316 9.49611739651 -9.34809674523 -0.998069134127 7.66971333523 11.6800176419 -1.31575278818 12.5980263819 1.75519368189 12.699210882 10.1138253313 6.34472627803 1.84723240528 -2.2373659754 14.7273221952 1.77281346928
75 900 0 0 0 -2.34531183877 4.82933298817 9.21653023383 -8.74847916227 -0.280081500728 7.45744951562 11.5807105549 -1.47507633501 12.9100117336 1.69123440803 12.0917997301 10.7396145981 5.93778981259 1.96227660079 -2.04041275916 14.6365838079 2.00382490059
76 912 0 0 0 -2.6418114641 5.38271256774 9.26802185205 -8.66061466845 -0.0889668568857 7.04000950429 11.7625218505 -0.889329659352 12.3205950043 1.65635211148 12.235629444 10.6016148943 5.77552491309 2.95200937766 -1.48861057924 13.920978224 2.34378981294
77 924 0 0 0 -3.10150087828 5.0499426868 9.68934932583 -8.53630298399 -0.0769369592188 6.62679899057 12.0962095454 -1.48692505217 12.0224206148 1.70724096863 11.9259384877 10.5203361995 5.82978159601 3.40674581682 -1.40736456552 13.6290726353 2.43605895985
78 936 0 0 0 -2.78577421193 5.02923569982 9.13614110034 -8.35819831713 0.0116723322172 6.73255936749 12.5881512072 -1.18687841448 12.4812640675 1.42927891168 11.9164246085 10.9831644653 5.96749413333 3.68694807173 -1.86740137268 13.6477547121 2.86092923945
79 948 0 0 0 -2.96722022821 5.30451211246 8.73649032048 -8.40324653946 -0.830194007763 7.38362699643 11.9374502304 -1.61004836484 12.6579978491 1.43789837392 12.6063113369 10.3764197522 5.95452940751 3.19960014429 -2.18765597111 13.404553152 2.90092484321
80 960 0 0 0 -2.94894953169 5.08228780634 9.20678633604 -8.53042752166 -0.714521744865 7.9941051244 11.74159252 -0.655392810738 12.7472764949 1.21010641597 12.5489591894 10.6319925072 5.69779656121 3.27400559383 -2.81489163742 13.2504227412 2.71350682176
81 972 0 0 0 -2.47443387799 4.96286629255 8.6886695926 -8.75903389365 -1.02107968424 8.47394140811 11.5852929544 -0.887575187927 12.0840218062 1.20713792687 11.7947920372 10.3223968893 5.75262734711 2.44984345304 -2.19515316718 13.6771546139 2.62256286448
82 984 0 0 0 -2.07598511533 4.53720074929 9.53996970889 -8.94864520839 -1.22903401971 8.44392010038 11.6232801336 -0.738952520583 11.9639641521 1.04964179522 11.4266582686 10.3439070718 6.15187248387 3.01104826457 -1.95199514115 13.1961161207 2.1576666329
83 996 0 0 0 -1.88154915025 4.95001846259 9.56972452086 -9.66028854576 -0.868733297292 8.63756612444 11.3219829679 -1.27453339428 12.1598581622 0.91263229251 10.7431827872 10.0869031335 6.36801931277 2.40002967551 -2.09650591966 13.2565562424 2.7423261275
84 1008 0 0 0 -2.34522192968 4.76272342919 9.46920310113 -10.1255912445 -0.848401766749 8.37534516545 11.4469317009 -1.51134680208 11.6792775266 0.779439748898 10.760426404 9.76107214839 6.23139987188 2.18618012257 -1.82728365727 13.0616964568 2.75796077744
85 1020 0 0 0 -2.05116010225 4.67726206601 8.92068246423 -10.0951924683 -0.984505021214 9.128329001 11.3383555429 -2.0807892071 11.6239881326 0.927144173921 11.1813559425 9.88866247764 6.26796580839 2.77198513542 -2.23875655255 13.3901144391 2.11576939845
86 1032 0 0 0 -2.00903249806 4.44093216 9.13443815652 -10.1211260872 -0.715120080311 9.3983576672 11.4746443752 -1.61976337388 11.6297707408 1.29570357812 10.99479942 9.63046544323 6.1158979571 3.21693074108 -2.33152111462 12.7487713638 2.54992737002
87 1044 0 0 0 -2.26058819311 4.39650455766 9.59566901642 -10.6908355289 -0.880777267573 9.54880148187 10.9482070523 -1.83587992648 11.6764370872 1.13015499162 11.3546652067 9.63965954142 6.2951817428 3.13998127482 -2.20819295258 12.7268720078 2.89248705348
88 1056 0 0 0 -1.94915269029 4.39572324453 9.87158924723 -10.4494054972 -0.932246211212 9.20782757133 11.2449977517 -2.26728428024 11.8482161674 0.847371260397 11.4478363513 9.78250559491 6.30561424857 4.00825127879 -1.78569785286 12.5112221057 2.75161477739
89 1068 0 0 0 -1.90922431018 4.1128774765 9.62726804253 -10.6700054416 -0.927792556256 9.13280957112 11.683074507 -1.83996890188 12.1445354064 1.15494211718 11.9475105463 9.41096631689 6.30372160619 4.63540521058 -1.99370153158 12.3035251103 3.04845994178
90 1080 0 0 0 -1.80042266608 4.01965736799 9.80047651209 -10.1820215224 -0.973390876965 9.24055745639 11.6125752297 -1.25070409978 12.1667766987 1.23848442045 11.6581267664 9.82890586399 6.34304531229 4.37677970813 -1.6948786263 12.4472363254 2.86058492883
91 1092 0 0 0 -2.23469071206 4.34824816656 9.65637164444 -9.85460622977 -0.950843166617 9.12118301539 11.4537530077 -0.693063420612 12.5461240342 0.971778357531 11.3626359086 10.4201936398 6.1977126667 4.45661725639 -2.02525261091 12.2944648762 3.05704802804
92 1104 0 0 0 -2.34326795142 4.56181840154 9.25431817825 -9.47118447233 -0.827504789268 9.36958177172 11.4463713776 -0.570801207562 12.3114764815 0.657051689884 10.8011023635 10.333794382 6.34421177233 4.59490067267 -1.43846037358 11.9785945143 3.27594403334
93 1116 0 0 0 -2.10018585045 4.40340028214 8.80497193482 -9.34311671988 -0.627611905969 9.60126838107 12.1240008576 -0.127677382175 12.0368138487 0.721648364538 10.5420002717 10.8454715676 6.49458722676 4.0308165533 -1.09026982492 12.4825990226 2.79620891556
94 1128 0 0 0 -2.03190575739 3.92435636299 8.60087763492 -9.51351025846 0.0412525254081 9.97308192442 12.112940681 -0.307750732069 12.2626311206 0.735495179091 10.7818623489 10.8409378765 6.39894642661 4.47042102527 -1.34170931273 12.2418418052 2.85347426654
95 1140 0 0 0 -1.87087649082 3.0747827544 9.09047423506 -9.8131175413 0.132985947378 10.5295003346 12.016471913 -0.419873251466 12.4757113807 0.620089960394 10.7250366688 10.8477678195 6.21135266786 4.05080379591 -1.84859122363 12.3785445685 3.10858521883
96 1152 0 0 0 -1.56906598599 3.39636824574 8.36738795255 -9.78564457495 -0.0978825784643 9.83720751452 12.4694153223 -0.402029372291 12.3380680428 0.611788038911 11.2361481633 10.9610208519 6.41140119638 4.12824813582 -1.40238909174 12.0337683117 2.77261159352
97 1164 0 0 0 -1.65807627463 4.0502551284 8.1713056361 -10.0191957783 -0.155086042303 9.61044377557 12.5451378672 -0.535424081703 12.1758341805 0.67991645442 11.3489725847 10.8310067218 6.50501894006 3.9495733866 -1.80513170649 12.0317387272 2.15803158479
98 1176 0 0 0 -1.44414328946 3.63283420091 7.93297612345 -9.91980332914 -0.49950957035 10.4696808069 12.4551168693 -0.645989279911 12.1129705528 0.676329730778 11.2326676772 11.5351454943 6.44286008446 3.90934726377 -1.16300069683 12.4574230711 2.01402671953
99 1188 0 0 0 -1.12810859363 3.63669926241 8.24370081873 -10.4303149882 -0.498094600894 10.2065202367 12.4198949347 -1.08822148224 12.6659212923 0.51950042615 11.0309625627 11.2902384646 6.36001773076 3.45038676051 -1.03267716618 12.4587744322 1.98427973505
100 1200 0 0 0 -1.01627852245 4.07045501383 7.58376643883 -10.1688317397 -0.344898960129 10.0673536175 12.3683569836 -1.11933713074 12.5979000461 0.781259102689 11.2757261018 11.6665410516 6.47053620096 2.94193618837 -0.805534414579 12.6463659673 2.00484412701
101 1212 0 0 0 -0.925417354948 4.32839803584 7.45981688063 -10.4053750256 -0.341691506447 10.1009096832 12.0799065412 -1.10585425683 12.5045788574 0.65765943968 10.9691978978 11.7336408482 6.53802573371 3.39793046164 -1.06764293424 12.1717925682 2.29076728056
102 1224 0 0 0 -1.5448776356 4.20229920296 7.8329879436 -10.3084448326 -0.335452348177 9.75232644387 11.6489563449 -0.869998017264 12.491830695 0.339682965984 11.357644648 11.7386297568 6.44150604835 3.01816166767 -1.29096498262 12.1945214794 2.51187038268
103 1236 0 0 0 -1.4047660959 4.34995362666 8.13791620335 -10.5046592864 -0.316056838391 9.73733300098 11.6861975174 -1.20706115889 12.591664929 0.316797038473 11.1793878038 11.1854907384 6.67604747881 2.66058887907 -1.41111831689 12.6588963692 2.47438587036
104 1248 0 0 0 -1.72589160047 4.37396963378 8.28995227001 -10.9169405832 -0.268315559223 9.97739611761 11.9038558238 -1.23855470937 12.6922864117 0.0937018099678 11.0581490118 11.2163023795 6.70758831422 3.08455136824 -1.40257035231 12.0970588208 3.06814698507
105 1260 0 0 0 -1.98057689825 4.32962209347 8.35131026015 -10.523449778 -0.470879279322 9.92071525573 11.7500236903 -1.50542585603 13.0048022115 -0.064220334706 11.3049117991 11.2094198251 6.63086255687 2.93469076941 -1.80902545121 12.164690754 2.8410458297
106 1272 0 0 0 -1.79096446151 4.57469422379 8.04772147651 -10.233751368 -0.13875288929 10.166589045 11.794281669 -1.22693148266 13.0010682712 0.181538209933 10.9712507513 10.865073868 6.57319771691 3.06237602086 -1.50921705657 12.3509368857 2.94733149548
107 1284 0 0 0 -1.75875880494 4.38887023094 7.83794800505 -10.1063992278 -0.174152016582 10.3125163042 11.7678830692 -1.22501600017 12.9427258427 0.163866396219 10.9186745429 11.3188298181 6.59938777816 3.04288126433 -1.60193927112 12.8676816473 2.75922143471
108 1296 0 0 0 -1.65563700453 4.66922449341 7.21680601253 -9.92514235627 0.0528324549245 10.5212750388 11.5460605337 -0.963691155488 12.7529461112 0.201937793341 10.9948539655 11.2962469453 6.55413014036 3.18477321177 -1.74214813876 12.7181578806 2.87816140299
109 1308 0 0 0 -2.15084896718 4.59478151529 7.40455828018 -9.86881728683 0.138807304017 10.5601583654 11.2980791606 -0.8794243861 12.8408753922 0.215772233001 11.1785329784 11.0302628606 6.57688825098 3.11066324782 -2.2822062285 12.7584356883 2.68271884841
110 1320 0 0 0 -2.15488209163 4.49308217123 7.05457686382 -9.84417797654 0.334799165797 10.9464038404 11.4458252054 -1.10836447645 12.8520643602 0.106732755999 11.2187071131 11.2945251034 6.77591007921 2.89721342664 -2.12128827661 12.8632247778 2.6978468998
111 1332 0 0 0 -2.19102830082 4.36173976062 6.84195381896 -10.1299327458 0.151594609056 11.5582968253 11.4554251821 -1.04996832651 13.1075247578 -0.140010795382 11.2116274822 11.5511449228 6.90959424585 2.52890540723 -2.08188101434 13.0329359013 2.54512492025
112 1344 0 0 0 -2.33931306913 4.34499058991 6.80453005992 -10.4082352193 0.544418928785 11.6280309815 11.4668957145 -0.807375353784 13.2610848847 -0.282836149585 11.1069423723 11.696403436 7.01889081273 2.39311788727 -2.59056780724 13.0316734342 2.82512789248
113 1356 0 0 0 -2.57777196475 4.19740787212 7.51733583326 -10.5747177413 0.760471607058 11.3120540771 11.438090265 -0.917225066132 13.2156431344 -0.0737146792568 11.0027474066 11.6691984675 7.06984371411 2.4973316278 -2.70928198171 13.0006185378 3.10489388191
114 1368 0 0 0 -2.38998949774 4.4385761273 7.5484856859 -10.3346724682 0.470540525837 11.4129438611 11.4703011506 -0.893865619917 13.345983876 0.0991490969255 11.5555187372 11.4147765865 6.9639011818 2.65255594423 -2.68631296208 12.6900321172 3.1342653854
115 1380 0 0 0 -2.56228932799 4.45168617916 7.65301128809 -10.5581667403 0.418589910695 10.7898228123 11.671198497 -0.702698860673 12.9095090425 0.224257305831 11.378931316 11.3722969213 6.88071450435 2.4896254336 -2.28377164558 12.4121012601 3.02898306682
