% # columns="iteration, evaluation, sigma, max axis length,  min axis length, all principle axes lengths  (sorted square roots of eigenvalues of C)", seed=18, Fri Feb  2 18:36:46 2018
1 12 1.93356688773 1.00004705993 1.0 1.0 1.00000294118 1.00000588237 1.00000882357 1.00001176478 1.00001470599 1.00001764721 1.00002058845 1.00002352969 1.00002647094 1.0000294122 1.00003235346 1.00003529474 1.00003823603 1.00004117732 1.00004411862 1.00004705993
2 24 1.99434197411 1.09649481724 0.952381986803 0.952381986803 0.959286076113 0.969479358377 0.984667972439 0.988556893873 0.997565441708 1.00000977099 1.00001816138 1.00002243111 1.00003036707 1.00004244499 1.00096724287 1.00140630933 1.00409688624 1.01079650336 1.03607535317 1.09649481724
3 36 2.02978199312 1.16139600947 0.924385002771 0.924385002771 0.944520844314 0.965242217932 0.969221911 0.980127175809 0.984539192951 0.990980777315 0.995469645729 0.99686997712 0.999315795147 1.00114047667 1.00198671244 1.0055004472 1.01182288889 1.03454321383 1.0539291304 1.16139600947
4 48 2.24187401826 1.20117202912 0.914801083162 0.914801083162 0.929228640153 0.94086996116 0.958752347031 0.973913801615 0.981663659955 0.9896963899 0.994627534763 0.9969877915 0.999915940597 1.00093495201 1.00242290601 1.0055112115 1.0206417002 1.04826370085 1.06116281238 1.20117202912
5 60 2.2392243035 1.24856824512 0.893340250489 0.893340250489 0.918143036683 0.943695619514 0.958056188789 0.968380649045 0.974386111714 0.984119445001 0.98888818665 0.991980624901 0.998511884172 1.002677849 1.00824623026 1.01178706825 1.03376972637 1.0522568721 1.06848637581 1.24856824512
6 72 2.34380433003 1.2555499651 0.890946130978 0.890946130978 0.913869597658 0.926202458138 0.934235798453 0.954353063606 0.969279813881 0.977991268404 0.980424418134 0.991442951927 0.997068469456 1.00299610011 1.00976550799 1.02345134994 1.02981119988 1.04452095379 1.06175566112 1.2555499651
7 84 2.39911370705 1.25638717946 0.883453822104 0.883453822104 0.902330479941 0.924356046915 0.931045197658 0.944806085619 0.95814553771 0.964062123451 0.981548621731 0.98589519259 0.989995001627 1.00381756224 1.01270263477 1.02785186183 1.03691235896 1.05869669978 1.10475902499 1.25638717946
8 96 2.49123208938 1.26176462091 0.877430673827 0.877430673827 0.900322328039 0.913382659447 0.9269158765 0.935922759344 0.947833832804 0.956590063779 0.970005060508 0.984267068259 0.99317888848 1.00841765647 1.02477061614 1.02731829403 1.04249014277 1.05078199572 1.12752420301 1.26176462091
9 108 2.41662996393 1.3063940626 0.853464115117 0.853464115117 0.889249406064 0.907065496748 0.918279061775 0.933720084934 0.937141301716 0.950455533855 0.968329309784 0.977194764516 0.993499089022 1.01330716876 1.01728446322 1.02796737469 1.04827581881 1.05419056248 1.13103714617 1.3063940626
10 120 2.34054919348 1.30511059119 0.846122985609 0.846122985609 0.882153373363 0.889003868805 0.914142471564 0.926428184486 0.940589782924 0.951018755175 0.96215278492 0.975385994998 0.993502741145 1.0116467841 1.01301396279 1.03949342651 1.04897838402 1.05044190919 1.1298876837 1.30511059119
11 132 2.23040913355 1.31843435278 0.846660418334 0.846660418334 0.880815936744 0.886027152318 0.911277405464 0.921489025824 0.931332872506 0.947321179132 0.954972827361 0.96218833694 0.99254794829 0.999626555379 1.01588697382 1.03510919778 1.05076182227 1.06382848342 1.12789735333 1.31843435278
12 144 2.13841407253 1.32603774211 0.843613889646 0.843613889646 0.877066335165 0.88326123133 0.898503684622 0.916926584432 0.929613024308 0.945403112771 0.951602635011 0.968175821852 0.981657188335 0.991257214487 1.01493399117 1.02696967504 1.0479319231 1.06325476524 1.13862350446 1.32603774211
13 156 2.13815926421 1.32035956922 0.849168134711 0.849168134711 0.868354554413 0.881300247221 0.90004526768 0.91281435503 0.916914488672 0.934640942393 0.950853236718 0.967666639142 0.984282251066 0.999970123437 1.01178409163 1.02561955656 1.0460131165 1.06122159977 1.14549625731 1.32035956922
14 168 2.08613302494 1.31463930802 0.834834969033 0.834834969033 0.862094849891 0.870958234268 0.883836216873 0.913439658668 0.92599633118 0.938699131753 0.949599504286 0.961921919122 0.995317217311 0.99777558843 1.01157875438 1.02735756205 1.03792605094 1.08752834307 1.15155368553 1.31463930802
15 180 2.10244587076 1.31360584999 0.82046972042 0.82046972042 0.851468967539 0.869891814448 0.890394530063 0.912089720899 0.922532033685 0.939937799365 0.947112674019 0.963213839271 0.994485051971 0.998455592519 1.00590928383 1.01781076475 1.04017402088 1.09753925024 1.15204889817 1.31360584999
16 192 2.0551711817 1.28250448507 0.818447695119 0.818447695119 0.848857624385 0.866000056086 0.887095041845 0.892566011372 0.918144254482 0.937590077306 0.940846180154 0.966667939347 0.994107739963 1.00086383249 1.02251999849 1.02625512604 1.03875115797 1.12430081813 1.16324719963 1.28250448507
17 204 1.94913230366 1.27718295947 0.81018210898 0.81018210898 0.838199605428 0.846949770084 0.883131546433 0.889905949739 0.900137789595 0.931192247673 0.940306500708 0.976449483437 0.993871509031 1.00460904592 1.02645488431 1.02820737981 1.0317125507 1.13556434136 1.16426006544 1.27718295947
18 216 1.86812300366 1.27685312505 0.786245665869 0.786245665869 0.834753214716 0.854817177043 0.883242935124 0.887600488866 0.908012773084 0.930372305255 0.941548761377 0.966398753576 0.990365215589 1.00413177277 1.01979379894 1.03324281704 1.0402847641 1.13737489765 1.15075151854 1.27685312505
19 228 1.80394952114 1.26773481539 0.768125059054 0.768125059054 0.827565337651 0.852235320978 0.88458245795 0.886390841095 0.915154648178 0.91809362954 0.944232958724 0.970888548673 0.982203098249 1.00469589566 1.01939352631 1.03000957774 1.0341086172 1.13258128619 1.14777135546 1.26773481539
20 240 1.78061366865 1.25085118087 0.756132881207 0.756132881207 0.827987778568 0.85122832353 0.879606772996 0.885895366021 0.904227770946 0.91706548671 0.941515727045 0.965683632887 0.973493039303 1.00270645309 1.02104433383 1.03049729918 1.04067636077 1.12474275603 1.16088112039 1.25085118087
21 252 1.69407920286 1.26728311019 0.756195425794 0.756195425794 0.825986297521 0.842385175706 0.862764151173 0.883226354661 0.902901536991 0.930621193168 0.953633581634 0.964275668513 0.970179595588 0.994990022896 1.01060551537 1.03515706127 1.04273168366 1.12855221522 1.14009002533 1.26728311019
22 264 1.70030060188 1.2664913551 0.739907918482 0.739907918482 0.822300105416 0.841123356971 0.865673734554 0.884146092321 0.899500892836 0.926398598726 0.952090002998 0.962986589937 0.966947185548 0.989770670033 1.01670463263 1.03095751663 1.04942944995 1.12154876569 1.13382607028 1.2664913551
23 276 1.68796417903 1.26474741199 0.735700018048 0.735700018048 0.824794948076 0.84361738501 0.858134382655 0.880793857063 0.894375033989 0.914141491717 0.940739174809 0.967367393539 0.979039856556 0.988254262781 1.01667335719 1.02854411918 1.05089581438 1.12134277917 1.14223166889 1.26474741199
24 288 1.62352510755 1.2576777727 0.735373217276 0.735373217276 0.826446619516 0.838188106596 0.847257067146 0.878788405884 0.88931520306 0.907306657341 0.919842391067 0.96148756397 0.981098243792 0.996735226512 1.01679298909 1.03227577789 1.0685556837 1.12126138088 1.15926696266 1.2576777727
25 300 1.57703199816 1.26725038682 0.736388604068 0.736388604068 0.818216280465 0.828068359468 0.847108324422 0.873490295371 0.892470055878 0.910787255424 0.930057513173 0.943758945522 0.976120368634 0.991906623792 1.01580664754 1.03114299901 1.07719304837 1.13229897074 1.17157860729 1.26725038682
26 312 1.53467418719 1.26405366508 0.731176569681 0.731176569681 0.803999544652 0.825078670008 0.841048180547 0.866319720252 0.877693373211 0.912464757436 0.923262230221 0.941822167001 0.979709655325 1.0011824492 1.01469342661 1.03633724712 1.06763399421 1.13438896738 1.1757167846 1.26405366508
27 324 1.53633819482 1.25427607455 0.729160264559 0.729160264559 0.804373281988 0.821032355038 0.837047758726 0.864340423443 0.870053289403 0.906829776076 0.923779911486 0.94471418728 0.967375917361 0.999100195253 1.02065947639 1.04465703169 1.06933895831 1.1269289931 1.17218197161 1.25427607455
28 336 1.53477481741 1.26235149598 0.726752276439 0.726752276439 0.78920057789 0.814359604101 0.841136262307 0.854033104593 0.869435779358 0.90843772565 0.931137079675 0.940026118761 0.966395841912 0.99087748019 1.0216105999 1.04614457697 1.07397563172 1.11473335946 1.17441789065 1.26235149598
29 348 1.5228475649 1.25981363606 0.723382350001 0.723382350001 0.792809116067 0.805346861451 0.840902488483 0.854627181593 0.871713873177 0.916029399598 0.926570179736 0.936609705526 0.938407809057 0.99776276647 1.01840801964 1.05509798028 1.07792244671 1.12137408677 1.17924843837 1.25981363606
30 360 1.45500781296 1.25765161985 0.725651122331 0.725651122331 0.772864144202 0.797368892071 0.837600971336 0.850580543263 0.884744600745 0.901055716447 0.921390700022 0.92850588219 0.933233704535 1.00427525306 1.02510946468 1.04998218503 1.08751031523 1.12515730616 1.17269291411 1.25765161985
31 372 1.38463871396 1.25114437126 0.725526063378 0.725526063378 0.760912405723 0.798774388288 0.826348182383 0.850568439667 0.871159776428 0.900761827744 0.916706963167 0.935733598425 0.941112617424 0.998836892246 1.02760875302 1.04702563955 1.08962305809 1.11929649797 1.16922168199 1.25114437126
32 384 1.35634092054 1.24820284793 0.722258743345 0.722258743345 0.765585707364 0.796271332938 0.819219528624 0.851449535681 0.862188626606 0.896628905244 0.918012740497 0.933207632745 0.944078593898 0.986552514964 1.02665640157 1.03479875991 1.10039276142 1.11916862555 1.17221240005 1.24820284793
33 396 1.31075189892 1.24994660276 0.709667624178 0.709667624178 0.757204625436 0.78837741866 0.817154643594 0.847575000486 0.854496357887 0.897062929489 0.92019587341 0.932703866529 0.940870367097 0.983915058702 1.03113548802 1.03545609047 1.10498589134 1.11579371502 1.19203458666 1.24994660276
34 408 1.24286783949 1.26609709268 0.708294896864 0.708294896864 0.753290778174 0.786947448342 0.817253495403 0.843533978316 0.854849949501 0.894818637175 0.905397228512 0.930743498952 0.934443349426 0.97993035103 1.02003267877 1.03242398949 1.09845901901 1.1147697377 1.19798435483 1.26609709268
35 420 1.21863479632 1.26405198795 0.704256891108 0.704256891108 0.756090220933 0.784558123908 0.80635545288 0.836418621747 0.855821376092 0.887087935551 0.901842774832 0.927578878632 0.940083511619 0.983015348812 1.01805555455 1.02266966567 1.09592350172 1.12419163453 1.19146940715 1.26405198795
36 432 1.2049253943 1.28681055214 0.699976470123 0.699976470123 0.757418463847 0.784296896568 0.799035565544 0.833535487165 0.852443939057 0.882063037111 0.898694290748 0.924686347917 0.949047253894 0.973331834896 1.0223392875 1.02668589945 1.08639480178 1.11961532279 1.1909746886 1.28681055214
37 444 1.18182309076 1.29858773051 0.690665087487 0.690665087487 0.752476069097 0.781302259506 0.789650698015 0.826501874894 0.851570232108 0.877655355654 0.900986595872 0.918272451961 0.945223118928 0.974412687156 1.02061921977 1.02781241205 1.08150330825 1.11249061022 1.19455001944 1.29858773051
38 456 1.11603505927 1.30093098356 0.685660385786 0.685660385786 0.749660724584 0.781343558803 0.791202500612 0.826795885936 0.855943617345 0.868300102968 0.894930560562 0.92011579482 0.938113519676 0.974595475011 1.00142209675 1.02928942436 1.07936520647 1.14174023436 1.18812109997 1.30093098356
39 468 1.07323638898 1.32260005815 0.683557130345 0.683557130345 0.750551559435 0.778946970754 0.786325563302 0.832293290258 0.855978798981 0.858082397973 0.881545348712 0.908678427758 0.937880699981 0.972980246926 1.00122790353 1.03451133689 1.08076833852 1.1382873804 1.18402152928 1.32260005815
40 480 1.00800729615 1.30060025423 0.675109328336 0.675109328336 0.752394642746 0.767349745413 0.774040236593 0.835867044501 0.846973259115 0.859481962459 0.882899588875 0.913416974543 0.934456220954 0.99155504253 1.00153963814 1.03584771057 1.0677989688 1.14770184399 1.18382576712 1.30060025423
41 492 0.956752012373 1.28634331592 0.665083634679 0.665083634679 0.749817218757 0.766692765997 0.774585360368 0.830699041381 0.845598242348 0.863019559624 0.884798001088 0.91284158239 0.9278179798 0.985537251638 0.9951223655 1.0338267674 1.06516926017 1.14800852655 1.17421949588 1.28634331592
42 504 0.937578780297 1.29756525955 0.653016207349 0.653016207349 0.750958429391 0.756549118378 0.7684068158 0.836737368185 0.843551658372 0.858052224461 0.879093040775 0.911397603043 0.929734982232 0.979485420035 0.990915124483 1.02327610929 1.07354412659 1.14725903492 1.18717965745 1.29756525955
43 516 0.914508906273 1.34322187726 0.651152995038 0.651152995038 0.750321481648 0.753196163313 0.763042691749 0.824127972297 0.835779622489 0.852584197291 0.873281867698 0.916652415654 0.933289540433 0.982726416163 0.9911643487 1.02685648901 1.05797110224 1.15710262821 1.18962158836 1.34322187726
44 528 0.916321085949 1.36066000838 0.65019533889 0.65019533889 0.729089032986 0.74230063241 0.770557336351 0.819753339887 0.831706378058 0.847778348606 0.87066796895 0.906404023145 0.945481666723 0.977467723953 0.994374569392 1.0293233981 1.06103139729 1.16741623749 1.18627264649 1.36066000838
45 540 0.888459340575 1.35773672313 0.645330114907 0.645330114907 0.725311546031 0.733864493691 0.775126947784 0.813855418195 0.834414865164 0.843899334919 0.854670151734 0.909044895289 0.939276709755 0.9723748405 0.991900457118 1.02631106415 1.063558804 1.16751430123 1.20689844243 1.35773672313
46 552 0.867699702666 1.36068321949 0.639016693487 0.639016693487 0.71094029631 0.725284768723 0.777448915511 0.816216971243 0.834060255034 0.838360192358 0.84949964975 0.914605875519 0.935369026612 0.974608661579 0.985078211713 1.02778005711 1.06270625965 1.17844691611 1.20049650424 1.36068321949
47 564 0.912021467796 1.34316011621 0.624763972096 0.624763972096 0.705214844816 0.723179608174 0.782499573954 0.819498166328 0.825615780049 0.842428541861 0.849641886747 0.911584124356 0.946352064278 0.971360990649 0.998446148704 1.02876668073 1.05904077412 1.17672505623 1.20225703792 1.34316011621
48 576 0.953492369947 1.3503629223 0.623780419435 0.623780419435 0.700768810221 0.726918244683 0.782458780034 0.816082766567 0.822703021858 0.832235939815 0.852413772181 0.922390949585 0.937034376876 0.967840076142 1.016053018 1.0280561511 1.07535063209 1.16252187983 1.18933783404 1.3503629223
49 588 1.01727261112 1.35815934242 0.621647873843 0.621647873843 0.702400195959 0.720273285151 0.774545859666 0.816108028678 0.820817958276 0.832420031657 0.852518627271 0.921073540114 0.932746276438 0.964142688048 1.01269074427 1.02989370468 1.07549519989 1.17477260908 1.20518099854 1.35815934242
50 600 1.01963369679 1.36982044871 0.599068226107 0.599068226107 0.70161081294 0.722644089023 0.778071860911 0.814837755289 0.818506327595 0.835833928373 0.850907959391 0.918244040749 0.936484657708 0.971838932649 1.00784070017 1.02729533245 1.0802158413 1.17722218228 1.23879555148 1.36982044871
51 612 1.0341965833 1.37538560505 0.583509123188 0.583509123188 0.697037226959 0.723909371543 0.775386045006 0.80613473134 0.81513420351 0.83809431257 0.850785657732 0.91929296143 0.933404111945 0.96843723301 1.00393687472 1.02405636789 1.08348304855 1.1875774718 1.24505613923 1.37538560505
52 624 1.01299140948 1.36841435576 0.585694900949 0.585694900949 0.711061132122 0.725526403258 0.773349071733 0.802158456789 0.81455444077 0.834969463772 0.853965465846 0.913152881317 0.934281319582 0.971454563408 1.0039897988 1.01820449234 1.07878172315 1.17861660202 1.25863523224 1.36841435576
53 636 0.981693895532 1.38372482857 0.571559360744 0.571559360744 0.708803815817 0.719198001356 0.770449100464 0.804949819392 0.815210800477 0.834333647747 0.855811659847 0.918380017297 0.934150953523 0.958819909214 1.00392382579 1.01190372991 1.07349336714 1.18441139258 1.25669437248 1.38372482857
54 648 0.994155875771 1.39951997136 0.567106891901 0.567106891901 0.700093053536 0.702261278114 0.763792401005 0.794393967568 0.816984853555 0.837563747806 0.852963226079 0.921171457548 0.930585276735 0.955012523861 1.00394629162 1.01364232961 1.07985752802 1.18940524872 1.25654099893 1.39951997136
55 660 0.99673944155 1.41100375719 0.560480099085 0.560480099085 0.694333346591 0.702815199888 0.756123557301 0.7876387951 0.824856234581 0.847231325507 0.852043348515 0.91393103749 0.930059769506 0.950851196228 0.994334194955 1.02107837028 1.08279091933 1.22210760665 1.25349651542 1.41100375719
56 672 1.01180981751 1.40406595137 0.548150327031 0.548150327031 0.696627873741 0.703961639157 0.749391611406 0.784127133387 0.816151584795 0.846752895498 0.857501617259 0.926162110671 0.931895364203 0.950709641127 0.985559483731 1.02343427505 1.07545540151 1.23146990281 1.25555431591 1.40406595137
57 684 0.996650968567 1.3801008886 0.547745655865 0.547745655865 0.68092226177 0.698062252509 0.752610786727 0.780293701575 0.817991058851 0.842430531519 0.862606832497 0.923530895418 0.945269103985 0.953031195409 0.991159324664 1.02610561123 1.06859688991 1.250225982 1.26794475123 1.3801008886
58 696 0.977171481209 1.3819355485 0.552541884342 0.552541884342 0.686133984384 0.696786299652 0.741112110263 0.784844595284 0.803422956588 0.841480814806 0.86875604499 0.920817439675 0.934806382519 0.953214303265 0.990339517725 1.01867050077 1.05468184143 1.26182168636 1.28915633302 1.3819355485
59 708 0.947764281023 1.3987536798 0.54647292651 0.54647292651 0.682051423723 0.705262099309 0.741053660898 0.779374555948 0.800786154617 0.842705428609 0.876193544431 0.910445946245 0.934425500615 0.964860288262 0.992113464025 1.01531814114 1.05539376258 1.21995209479 1.29011423625 1.3987536798
60 720 0.923765156973 1.39817346328 0.538843493004 0.538843493004 0.680394165459 0.701976706551 0.745507324467 0.775497538911 0.810073734326 0.846242127354 0.866240243822 0.898406815424 0.945850892208 0.980489987985 0.994079993266 1.01088749014 1.05216479802 1.2248017614 1.29045411733 1.39817346328
61 732 0.926815854816 1.41765894564 0.536094019741 0.536094019741 0.682309118562 0.707989746788 0.742539546986 0.776549309192 0.80439173363 0.836494534611 0.854995906797 0.886549545041 0.945753167323 0.978676872264 0.99160083439 1.01173293497 1.04569844848 1.22530786532 1.30145667815 1.41765894564
62 744 0.91079627755 1.42748338868 0.52116357004 0.52116357004 0.673666886579 0.706313707735 0.736609281654 0.77357889177 0.802757616084 0.832884766542 0.852052988884 0.88855235879 0.947793765103 0.975401550536 0.986230039545 1.00756709306 1.0462720228 1.22139693911 1.34091192542 1.42748338868
63 756 0.875752702502 1.42954479591 0.508016463899 0.508016463899 0.67276094822 0.707354373481 0.727905692508 0.768839161405 0.793053135652 0.840276219674 0.860196555527 0.882034316565 0.945355097035 0.984174275135 0.986798201431 1.01146505543 1.04330702105 1.22086984427 1.3473394634 1.42954479591
64 768 0.861167753113 1.42078523602 0.505013158431 0.505013158431 0.673043396369 0.69705824702 0.730785433756 0.76345451611 0.792009047577 0.840151557017 0.858783274499 0.865321625446 0.9438839972 0.977100450258 0.987120142153 1.01391490506 1.04839460504 1.21501072865 1.34977718443 1.42078523602
65 780 0.8535021561 1.40918100241 0.486734706248 0.486734706248 0.669934455308 0.699003504896 0.732788719755 0.765048934678 0.794468667239 0.84442514899 0.857747404746 0.882528441679 0.94237548431 0.965204365937 0.993322901246 0.998580497665 1.04867422418 1.22109618 1.36418515753 1.40918100241
66 792 0.809680528443 1.40232819075 0.478463990658 0.478463990658 0.665384383463 0.698094263711 0.736707491143 0.765685221154 0.791883184738 0.840488496159 0.850906827762 0.890640970906 0.937396601318 0.953547657905 0.98638691519 1.00034172274 1.05924476812 1.22075814799 1.36658514569 1.40232819075
67 804 0.771352103949 1.40404289169 0.477819921951 0.477819921951 0.649824864877 0.690483377711 0.738879976467 0.762248276334 0.790009202821 0.835412762777 0.851175213611 0.897201458549 0.927635701432 0.950800971822 0.983399175871 1.00573682069 1.05816923024 1.22615659826 1.37222070303 1.40404289169
68 816 0.751819357741 1.3851505583 0.480131516316 0.480131516316 0.645248895015 0.687614757387 0.739561675911 0.759256681273 0.782778845503 0.839393649177 0.855424822562 0.894798885595 0.925390927274 0.95829360586 0.985894209305 1.00822756769 1.05491512692 1.21227700109 1.36184109432 1.3851505583
69 828 0.710106202722 1.39227385236 0.477387967557 0.477387967557 0.635283428816 0.685904933679 0.737887405767 0.760739327045 0.778019495865 0.837881507592 0.85128588411 0.893279712889 0.937810380618 0.957292239647 0.982878657485 1.00135611551 1.05571274523 1.20498468493 1.35261136489 1.39227385236
70 840 0.694876265936 1.37960720146 0.476538201582 0.476538201582 0.627216545938 0.68345529423 0.733886383988 0.76087165283 0.78444255635 0.835429337387 0.850130836422 0.877743654905 0.930789291967 0.960364095467 0.986074541878 1.0053743326 1.06148341361 1.19914968897 1.34804453171 1.37960720146
71 852 0.695891226343 1.36273519355 0.475607189537 0.475607189537 0.620749282765 0.674887223361 0.733389933341 0.757391949264 0.78847494458 0.824715402074 0.856639742786 0.873434658206 0.931504310428 0.95759852706 0.986853215312 1.01576356682 1.07382861821 1.21029174087 1.3566189631 1.36273519355
