% # columns="iteration, evaluation, void, void, void, xmean", seed=18, Fri Feb  2 18:36:46 2018, <python>{}</python> # scaling_of_variables: 1, typical_x: 0
1 12 0 0 0 -0.43470697745 5.10901063869 0.14257872397 6.40671964143 -0.747353305801 8.11193803233 7.14039478449 5.709432823 0.539658599891 5.88755664279 3.90014001614 8.98483999206 6.20956528533 4.59579135317 5.52040310568 7.85389441798 5.62389329788
2 24 0 0 0 1.4436103589 4.92532787963 1.72169023402 8.93387148765 -0.0375348256401 9.29384920003 8.39806446023 5.4548333671 1.06987920876 4.84717575028 3.38662414708 10.3927211086 7.76639425612 3.27840886683 5.527848328 8.9330969116 4.08980400187
3 36 0 0 0 1.58577141686 3.90148519455 2.06069907663 8.07330691223 1.0056297058 9.20297389722 9.04333568129 5.32863395181 -0.560990237733 7.09499922955 2.32686691167 11.9446752128 7.91941454343 3.5583287453 5.4480755645 9.24545613232 4.6768949571
4 48 0 0 0 0.946800785601 2.88588064862 2.61645089406 8.90281758058 -0.774334535378 10.5113030936 10.2841832247 4.02498616458 -1.02875761319 8.03295395617 1.92964011644 16.216419839 9.70752197312 3.41723924333 7.20532925312 9.6309723929 3.78429468839
5 60 0 0 0 1.32918396173 2.31623323777 1.89892214168 6.95113404734 -1.11559660981 10.0939779576 10.9493940567 3.15356170841 -0.542169135393 7.18216915355 2.91537524817 15.4893628917 7.86901955861 3.48578865392 6.88112026243 8.27366763475 4.64063352538
6 72 0 0 0 -1.11474581985 2.56345234228 2.49859048315 5.26978266161 -2.14428207123 10.7966131935 12.0502680722 0.728614070712 0.0450269809512 8.51258076716 2.62813438329 14.7382401907 7.77715934244 2.00680297014 7.28453559997 4.39277106817 3.96912945551
7 84 0 0 0 -1.90853794735 0.751830206881 4.19636034332 6.86306161157 -2.99254605648 9.92921596253 11.2624005512 -0.164574846818 -0.0666811586696 9.39953324031 4.59642619993 13.7549459613 9.28175566691 1.37634346328 7.06228668103 6.11206529318 3.14502426761
8 96 0 0 0 -1.51553443246 0.00174504998437 4.72979457694 10.1779726385 -4.79030123333 10.477612968 13.3439166872 0.85915561109 0.198619946326 9.92283435997 3.66790675232 13.8340070893 12.0086911147 2.25133606537 8.63047285619 7.02447524259 3.08288797749
9 108 0 0 0 -0.637475035184 1.08672281093 2.9851750558 9.58607318438 -4.30134117805 9.4205380496 12.9516615394 2.23891335973 0.643870408721 10.3159117546 2.294459481 14.4202481781 11.696805998 1.18064799384 7.89787156101 5.8195987862 1.90331230878
10 120 0 0 0 0.654360840759 0.551189113861 2.42751193575 11.0296937487 -3.44299896857 11.5786981908 11.9495249197 1.77919392358 -0.580567808434 8.6698991745 2.5027947518 16.0646643053 11.8341043213 0.762191924256 4.64397158621 5.2067795718 2.43703090502
11 132 0 0 0 -0.612666301559 0.839190645913 3.35853685487 9.76633348432 -4.52294889353 11.3337633247 12.0295682819 1.63123145363 0.744033237488 6.49425846941 2.34352216228 14.5973524603 10.9809128108 1.23441255609 3.48635693256 3.95759642872 2.84261978654
12 144 0 0 0 0.0284539249813 1.41734414387 4.68361515035 8.1640428515 -4.86007267875 10.5770458671 11.6762830076 -0.464142103498 -1.51545242436 7.48114517134 2.89303152797 14.4091273823 11.1624902336 -0.0359605813505 2.97924742773 5.59368725993 1.77345430916
13 156 0 0 0 2.48414210026 1.70352179729 3.75304096665 8.28088577058 -4.53793195267 12.3360633624 10.1368750295 -2.10341620304 -1.91066578655 6.70754307284 3.67450580525 14.969999361 11.0990037473 -0.119068035907 2.64966383221 4.00576730506 0.951798102405
14 168 0 0 0 1.9128899507 0.588323334076 3.27135971559 7.62592091189 -3.06552276725 11.1687197589 10.0106446963 -1.01959466032 -0.919756062247 6.17160133113 3.3356802684 16.3430126732 11.0631402509 -0.876933418033 0.930233342572 3.78154471572 0.974783476288
15 180 0 0 0 4.54621003947 2.27454898569 3.50538918569 6.01391883546 -2.41267713194 11.9594943543 9.72963790524 -1.39393837984 -1.3658951129 5.50316091115 1.23669384119 17.2107988856 11.9251338159 -0.621323836493 1.37373387848 5.95831743858 1.93032374289
16 192 0 0 0 4.60937558857 2.78004436115 4.0472262557 5.41989275864 -2.63737606534 12.2049093341 8.64429095094 -1.10790706737 -1.580607336 5.20451782034 1.43494804862 16.9960177252 12.205804157 0.821170533093 1.71548754817 4.38991371745 3.40568545312
17 204 0 0 0 4.19599067278 3.83126065714 3.81206831516 5.87465496552 -3.99464387636 9.8551640975 8.47675355236 -0.686082647391 0.393900684367 6.24394074791 1.4091733259 15.1336371012 10.6358309228 1.10863515068 1.93699099515 4.00593045828 3.00945067075
18 216 0 0 0 3.41444948156 4.36144510515 3.54124872328 7.20943077883 -3.99019930831 10.5514128257 8.49054745765 1.08959349003 0.820418410561 8.03100824268 0.863883756089 15.5492206098 9.52409796937 0.0433585174298 2.82760694804 3.27387444928 3.01385357722
19 228 0 0 0 0.49472811684 2.67009135943 2.14225193107 8.0144734696 -5.63354253321 10.2502100286 9.1707312656 0.75418545895 0.534681668598 8.05771211314 1.1660742875 15.8228742707 8.43009288052 0.0233537950425 1.98733350347 4.08212521967 3.53853511605
20 240 0 0 0 -0.429890583799 2.24092316845 2.8073595818 9.26187343713 -5.23267798435 10.4876982261 9.42944137728 0.654289827744 -1.36531186019 8.310559236 -0.22637636755 16.4941827004 10.1190116157 -0.586042365289 0.513879115001 2.7034898425 1.71930012448
21 252 0 0 0 -0.0927670588306 1.53118157367 3.92672813283 7.60838008487 -4.08397612179 9.60778560986 9.04774360845 0.0537087245125 -1.04054946894 9.15194901752 -0.603658785386 15.517336543 11.1632972742 -0.0855975800621 1.02990370412 2.30277673295 2.92114218593
22 264 0 0 0 -1.16762219901 1.12718769578 6.01810346295 8.98504578237 -4.60867128768 9.89135472314 9.35069747496 0.773049813524 -0.329793400655 9.6109494045 -1.03419293056 15.2112646691 10.8888934087 1.3576229537 1.09635062182 1.77506773322 3.31192770821
23 276 0 0 0 -0.326052655241 2.55530910848 6.3160404857 9.65488458261 -4.94824417421 11.7709062747 8.07640211842 0.516330614095 0.197061906091 8.62635615492 -1.10847433272 16.0099339428 10.8105404718 1.66120338334 0.290521793951 1.61810353792 4.10493632443
24 288 0 0 0 0.512303294243 4.05426144596 5.96699945269 9.1214230056 -3.80696900563 10.3867074694 8.799994382 0.387472045711 0.344053798655 8.51634247509 -1.87917776992 16.8350550075 10.8659941325 1.2554991805 -0.0700069711555 1.17315707399 4.30074907311
25 300 0 0 0 0.388177029003 3.56942077651 7.21527274699 9.88594147399 -3.28875418329 10.2452791236 8.46906586699 0.534329023148 0.00336816602911 6.96682220772 -2.60262555596 15.8224444195 11.5261937148 0.983597420289 -0.186450968968 1.26588594216 3.21429289631
26 312 0 0 0 0.472595641338 2.35006300097 7.5301851225 9.60500661751 -3.67051002066 11.0778990627 7.80284196924 0.403190097958 -0.165411469431 6.97321254972 -2.6177025775 15.4312647461 12.67588814 1.66176791357 -1.33038068981 2.13486818886 3.6564633245
27 324 0 0 0 1.60992110584 1.84606512406 8.01388459549 10.4214978237 -4.4415315815 11.6600904065 6.95215601708 0.586407547132 -0.375770693517 7.34964098706 -3.0847358803 15.7305680904 13.0362503161 2.65921694721 -1.36931065727 2.24245712801 2.02731749766
28 336 0 0 0 1.66694249025 0.850097924558 7.99298030609 8.89063018547 -3.26929416896 10.8696275082 7.21352208855 -0.592306077974 0.209940111511 6.6929790209 -3.17575118275 16.0350731486 12.8286289855 3.43640699412 -0.238834890056 3.47396326934 1.39862949438
29 348 0 0 0 -0.0398217624137 -0.151970724538 8.57486180581 8.06845292358 -3.47507638614 10.6102671635 7.64711017593 -1.30706130341 0.109896480302 6.76925164011 -2.65875031511 16.8327164182 12.7113052569 3.54615200858 0.492836281061 3.54213662893 2.27636194561
30 360 0 0 0 0.577766822812 1.21620483683 8.34219749974 9.53567211916 -2.70998711708 10.2308086361 6.80106686096 -0.348227745114 -0.571063837818 7.08264385752 -1.88256839098 18.0547774878 11.8824762893 3.59524294997 0.91658060309 3.32128911064 2.95537303454
31 372 0 0 0 1.0250225095 -0.0910274941092 6.88362845819 8.36164815248 -3.00020027551 9.90049033339 7.58456717666 -0.290596106029 -0.0306387491265 8.06935090902 -2.17077429286 17.6232131355 12.7078378984 4.29435720708 1.18160740413 3.77350654109 2.73021702728
32 384 0 0 0 1.05768292065 -0.0387139627854 7.00616852365 8.58889122666 -2.28962439908 9.69029681228 6.78015621231 -0.355826514579 0.338191988056 6.91613609219 -3.65958564367 18.3690866331 13.131704559 4.7352100227 1.90448987662 3.86001676995 2.74178939624
33 396 0 0 0 1.81944545321 -0.266925468061 7.52396809933 9.48910046217 -1.924527886 10.2680998221 7.6449642208 0.0103658886033 0.0128577326315 7.18100342878 -3.24955372857 18.204223564 13.6622590938 4.53885748627 3.21392637858 3.6711435338 2.33590164413
34 408 0 0 0 1.89284311536 -0.318547851074 6.71201309565 9.00235499724 -3.13417157199 11.1785568201 8.22244364698 -1.50387497238 0.0579266589101 7.19458137635 -3.8071248958 17.8467551421 13.3688716298 4.08562150236 2.1563150691 3.1076228789 2.23226876538
35 420 0 0 0 1.12915442248 -0.262124935925 4.6868327532 8.89549588221 -3.87791327164 10.4437122049 7.93635782475 -1.58033612241 0.595947226814 6.46793832699 -3.54237724588 17.1084695916 12.3705098786 3.31991318067 2.48196821065 3.01672951321 2.96581287174
36 432 0 0 0 0.813551996373 0.230586653446 3.95485333485 9.13262570316 -3.96064586348 10.5640762773 7.79405267981 -1.4592388953 0.667668180802 6.27809757806 -3.24078788954 16.6584586238 12.031882281 3.05124414735 2.11292194685 3.49989665795 4.41818056017
37 444 0 0 0 1.04395429956 0.425077494803 3.99960044193 9.20171735438 -4.15217477619 9.97577099837 8.59273710413 0.0351388403445 0.667166773591 6.34134413494 -2.19829310304 16.0163293202 12.1845747068 4.19861384217 3.01863009031 4.39242720696 3.80220247139
38 456 0 0 0 0.89594911952 0.145430471762 4.6262966271 9.8163532919 -4.6870955131 9.86013935861 8.48897455943 -0.829824042843 0.13018518428 5.77472184071 -3.33674208885 16.8175755121 12.3602377051 3.8980946127 2.91101380116 3.38748237426 4.09636011944
39 468 0 0 0 0.919572521322 0.298369012224 4.39074869224 10.0357750076 -4.55484527853 10.1985701116 8.54477368129 -1.4118631317 0.824723237921 5.63456580627 -2.4410337597 16.6327016283 12.5453046894 4.07280053181 3.90279276292 2.83285154465 4.55708973531
40 480 0 0 0 1.26769096337 0.780328513225 4.90464658095 9.60845773363 -4.61178796164 10.1532499912 8.2378137035 -0.508842571872 0.814189898139 6.00113309941 -2.43948840731 17.2456392796 13.1348406804 4.13556983625 3.5232489824 2.78907509606 5.01206431002
41 492 0 0 0 1.80808612266 0.369307525366 5.77758107984 9.73146386046 -3.44112044811 10.0437199462 7.47086736903 -0.512233780542 0.768938976217 5.15436880996 -3.07341100388 17.4476619156 12.8046555148 4.92683952799 2.5705799277 3.19797362732 5.20864780552
42 504 0 0 0 2.56410407528 -0.405850870464 6.21063353154 10.1729031291 -3.16864954162 10.3419552971 7.6051479784 0.0874558408607 0.932125253649 5.58853366222 -3.93982228229 17.9021209003 13.0372164915 5.58638574899 2.87806502657 3.37512034157 4.39292071164
43 516 0 0 0 2.21184065976 0.0142947531489 5.48400466058 10.6735788596 -3.35209648374 10.3735619282 7.42283656068 0.898877943362 1.06017692149 5.95374226299 -3.55932511013 17.5692226176 12.8944197364 5.21622396922 3.51173935328 2.98917356331 5.41546492782
44 528 0 0 0 2.4951411742 0.117294794006 4.93108039497 9.87961290805 -2.9569094691 9.76636709574 7.30943614848 1.4909046214 1.04994914969 6.02145160389 -3.15362888512 16.9511919677 12.6947577888 5.37790708318 4.05703952423 3.22987903892 6.04306735187
45 540 0 0 0 1.87159742789 -0.148866953075 4.32153943603 10.391600495 -3.83568240567 9.69463687117 7.42976543334 1.80130812401 0.98878014249 6.35184551507 -3.21469482469 17.4520971155 12.3673317633 5.15056654309 4.32258014306 3.16423053549 5.00058701418
46 552 0 0 0 2.53132248898 -0.390105172992 4.36735888576 9.76967184281 -4.07748809648 10.1890368583 7.92856149066 1.28176204837 0.762600060062 7.11376414427 -3.47041955506 17.6975138303 12.4758116762 6.0186916265 3.69100860976 3.4316227437 4.27249588962
47 564 0 0 0 2.55886099804 -0.63620892521 3.53087992168 9.79468952439 -5.68440488872 10.3653330453 7.81029246981 0.95201311667 1.03005823687 7.67744974945 -3.22269973176 17.9671472367 11.8478873417 6.05582104657 4.16568321976 3.44803749225 4.0588291283
48 576 0 0 0 2.33446347296 -0.692112812093 3.44904341823 10.4556088323 -5.81848904481 9.97790286918 7.78880194483 0.954998631495 1.43393204449 8.69619093461 -3.19242724033 17.4587417589 11.6096055923 5.97763841601 4.91366369427 2.88579199699 4.28044186904
49 588 0 0 0 2.20503128948 -1.27734572925 3.31914629052 10.6865446367 -5.84847161477 9.58398865173 8.09613381507 1.69112277845 1.6130380667 9.22414374395 -3.65707360767 17.5678895001 11.0839141743 6.5762575422 5.00193528612 2.508156854 4.55614766017
50 600 0 0 0 2.2587068231 -1.09167057067 3.91536204802 10.2862925666 -6.374140872 9.88680941376 8.19405175819 1.06449961524 1.45996068121 8.46840143945 -4.05446961852 18.209451886 11.2987366987 6.39565747802 4.34189617582 1.94026915387 4.77539048204
51 612 0 0 0 2.12699229489 -1.64231425623 4.33539670505 9.92338659485 -6.17473012039 9.42324334888 8.14673215866 -0.312430877397 1.65075655378 8.56341660478 -3.24498881876 18.6637613302 11.0004565185 5.63811954475 4.48659408813 1.69996432773 5.25460340569
52 624 0 0 0 2.07197915678 -1.56974949622 4.74147068041 10.332732332 -5.06795581253 9.68071391583 7.87426038587 -0.352011744961 1.28822304154 7.57597001628 -3.32068633252 19.4695699648 10.7780120319 5.10464202548 3.21910174067 1.53199123229 4.63432224876
53 636 0 0 0 1.87986397771 -1.52392569903 4.41081472583 10.0000661582 -5.48278335215 9.65709377963 7.40351650142 0.0979858441088 1.40969828195 8.08528027321 -3.85431557701 19.8329286373 10.6591635495 6.41565612468 3.47357858172 1.38301471067 5.02287843593
54 648 0 0 0 1.45947333735 -1.81438481177 4.41575938725 10.8161110678 -6.3890787303 10.2975262777 7.32537875995 0.449552174388 1.38425715151 7.56786672007 -4.38161101677 20.8118906859 11.0437766267 6.12588780236 2.19160876941 1.45728628587 5.30660013292
55 660 0 0 0 0.912612251706 -1.89313478863 4.43705025936 10.6151955515 -6.44611370904 10.3243478725 7.5831909524 1.48466763321 1.36982753117 7.30143443305 -4.62931234847 20.2520384327 10.9233617849 5.23005713156 2.20886218591 1.78403900147 5.64120956182
56 672 0 0 0 0.59469371882 -2.02037707908 4.48216273788 10.511522535 -7.59321965932 10.4950989732 8.30754562232 0.90822315948 1.49309986694 7.43465539585 -5.10059719153 19.9058903912 11.6829832396 5.93967975759 1.17757242049 1.27199303692 4.31249386142
57 684 0 0 0 0.390357721758 -1.88095406926 4.78674023539 9.27559000453 -6.72322383378 10.8264338743 8.29191438429 0.210535508755 1.52671144837 7.23962321403 -5.17840575339 18.9625164915 12.0011518627 4.99331360759 1.38820100424 1.51272359878 4.99537891785
58 696 0 0 0 0.100745860417 -1.66584094431 4.12684814048 8.37559785784 -6.15325413445 10.3242378455 7.64980940662 1.50681734537 1.27163340831 7.99472134 -4.88836237851 18.2794204613 11.8584777463 5.43887879139 2.35061321129 2.12580768196 5.19453683751
59 708 0 0 0 0.782726959339 -0.957629465433 5.12378571207 8.23203282578 -5.88120314122 10.8094289208 7.45533152669 0.109402552848 1.24671380443 6.97319128439 -4.91998677771 17.7302810632 12.0129945135 5.49509815407 2.3105808255 2.02753750312 4.72107265773
60 720 0 0 0 1.28174421562 -0.814690531037 6.09151475174 8.07894060516 -5.54657514157 10.2742915276 7.54830811161 -0.304127239457 1.17620725937 6.57329162546 -5.35521826345 18.2191369398 12.2809497856 5.85256539562 1.75427217108 2.45803215186 4.72801200579
61 732 0 0 0 1.1251339722 -0.435769173229 5.95082038178 7.56202923112 -5.11526990215 9.49495570676 7.38836427852 -0.167126322336 1.59047913779 6.46201034729 -4.88939905938 17.2157412447 12.0711974481 5.83845350386 2.30035984466 3.46901319288 5.21124375701
62 744 0 0 0 0.696708771401 -0.858578360745 6.08973064917 7.49729701573 -5.21153676994 9.76646033225 7.77292335003 -0.706736506139 1.33354502308 6.17387520266 -5.29562993406 17.3879473854 12.4448961468 5.96791976462 2.90995799671 3.01141695487 5.57418284984
63 756 0 0 0 0.0223948043944 -1.13679614656 6.35979138985 7.48237460154 -5.35080909994 9.83923214112 7.29598973454 -0.623732654353 1.41064628821 6.39384592643 -4.94707489212 16.6786404826 12.5028289228 5.99375964024 2.59674109348 2.68233256195 5.6580337485
64 768 0 0 0 -0.539254485918 -1.42633379493 6.03033947645 8.00103617328 -5.52950052025 10.0354194514 8.05818463408 0.169656648373 1.31806487526 6.59824307298 -6.17226736985 17.3733359791 12.3771002267 6.47673960331 2.35154903225 2.86497699026 5.75198747749
65 780 0 0 0 0.0438741110904 -1.55790871813 6.13994095261 7.25541379957 -5.33857540893 9.86666102131 8.12387763358 -0.544366548705 1.32939203579 6.62590623886 -7.08247774623 17.0953332457 12.3311123885 6.03930686167 2.64853616553 2.66268132353 5.61236533607
66 792 0 0 0 0.297547194111 -1.3178169183 6.21895302747 8.28600082951 -5.31833497624 9.90804539359 8.33315534021 -0.547182479875 1.18031995973 6.57001028348 -6.94236293394 17.1054983631 12.4123607943 5.66437665759 2.78048806217 2.26317087203 5.23623454454
67 804 0 0 0 0.773395426817 -1.42817535759 5.5810879508 8.27329969767 -5.48491986433 10.2942780684 7.83440678201 -0.175947197278 1.36845247005 6.74173553903 -6.99991478636 17.784734633 12.1648163402 5.30738138174 3.04789836827 2.70522946732 5.58306098878
68 816 0 0 0 0.885605307752 -1.03643187198 5.80853207499 8.58837795058 -5.93979183396 10.9347125267 7.40668274174 -1.06286926327 1.41388192748 7.00614461834 -6.75619484702 18.0734085524 12.2828753841 5.57963866592 2.27276852041 2.24471831549 5.61640857092
69 828 0 0 0 0.905201526306 -1.31180897819 5.89558702579 8.47775639969 -5.53007877482 10.743117338 8.36657317205 -1.01380876842 1.29770673626 7.05695105965 -7.30473868011 17.7861571948 12.7781615281 5.7381567675 2.16173384124 2.43341694368 5.63146593151
70 840 0 0 0 0.557643771935 -1.02757231775 6.17456229538 7.93361269927 -5.48137649899 10.542596675 8.95939588241 -0.345330310254 1.20395946073 7.52621019704 -7.08170055082 18.0789617357 12.5435827994 6.73460455302 2.2940274923 2.93362703322 5.0895136103
71 852 0 0 0 0.305454037453 -1.18585970244 5.98504516961 7.79387616981 -4.95971186684 10.1730085208 8.96483640182 0.0917307954105 1.2814663101 7.49098322787 -7.75612154955 18.0884487653 12.6991848859 7.35844257351 2.19962666556 2.67474651166 5.28923727982
