% # columns="iteration, evaluation, sigma, void, void,  stds==sigma*sqrt(diag(C))", seed=18, Thu Feb  1 13:29:56 2018, <python>{}</python>
1 12 1.87461275332 0 0 1.8605550466 1.85615382036 1.87317974138 1.86597426998 1.87173624073 1.84643421837 1.85445265905 1.88697629931 1.88127281827 1.84600215354 1.90047521308 1.87416871148 1.85641721953 1.88733315479 1.88013952502
2 24 1.72928769498 0 0 1.70076006904 1.70543789586 1.72394869238 1.71168515586 1.71909220235 1.69170071046 1.71983726571 1.73756691673 1.73949887561 1.69211715392 1.7485993021 1.69198898639 1.72757882178 1.71536980033 1.73873379417
3 36 1.59681387933 0 0 1.54540499096 1.57522639993 1.60144292335 1.57819200271 1.58835044606 1.55878741198 1.56677589106 1.61060101367 1.6039979144 1.52704659541 1.63616156412 1.56199662894 1.59591740863 1.57519528936 1.59144847511
4 48 1.6037241991 0 0 1.56964214985 1.60212269304 1.60166907765 1.58824539111 1.59885897431 1.55503369181 1.56549499563 1.58667467505 1.6242231654 1.52898232586 1.65401972399 1.6006978406 1.57681019745 1.58156428575 1.59435299633
5 60 1.62353963058 0 0 1.58970852153 1.63737291547 1.6191887914 1.59349706628 1.6554068791 1.56776213802 1.57796097883 1.61357223549 1.63637721432 1.5523609482 1.68317500349 1.60869346979 1.59243553921 1.575466956 1.61898086022
6 72 1.66902823629 0 0 1.61173261177 1.6865087446 1.66739025392 1.64628439579 1.71268922499 1.57451078542 1.62000128916 1.66852365903 1.67331336769 1.60341445452 1.73063734571 1.63584786082 1.64876495381 1.62756212859 1.66471290083
7 84 1.72371821108 0 0 1.65418039672 1.77230780087 1.70140006408 1.71397121394 1.78411968911 1.60878697537 1.67236165948 1.75376168672 1.71563675016 1.64279615259 1.78586646317 1.69791313933 1.69848063788 1.68022298365 1.71067626209
8 96 1.74449049056 0 0 1.67131479266 1.80921171181 1.72176703636 1.73781831729 1.807803732 1.65098504703 1.68552648874 1.78213273264 1.78294415312 1.65996937455 1.80761106727 1.68894391736 1.68892594207 1.68281324702 1.73928083272
9 108 1.70706675729 0 0 1.63936679899 1.77242209822 1.67222094892 1.6988605766 1.77124628368 1.61634984502 1.64640633672 1.72025161191 1.76041969078 1.59022804394 1.75053287316 1.61252066647 1.6492061949 1.64409293845 1.7011962992
10 120 1.66694404281 0 0 1.59609526577 1.70879354724 1.63708380803 1.66301138972 1.71787233562 1.56058019731 1.58418060119 1.66780283192 1.73546828917 1.55882165565 1.71483880094 1.58285091473 1.60748271572 1.57601207187 1.65916691782
11 132 1.70581960896 0 0 1.62936936357 1.75883628285 1.69204464459 1.69588634714 1.7719468322 1.57297985897 1.61566205467 1.70345827866 1.79416860627 1.60335418484 1.76643031863 1.63507396113 1.66609018235 1.61443358737 1.72728405478
12 144 1.69442970982 0 0 1.60302861029 1.69784430349 1.71641907175 1.69632542727 1.76639589577 1.50608298758 1.62015713816 1.69095477266 1.78534069929 1.57573656115 1.75458798724 1.63253122612 1.66856115128 1.60935830659 1.73332850267
13 156 1.74464117988 0 0 1.6347000796 1.72808486897 1.78100599907 1.76555515777 1.84843275999 1.54033341013 1.67282881803 1.78701622277 1.82414590837 1.6042516851 1.81190356323 1.66734509262 1.65900441467 1.64027039706 1.83939444654
14 168 1.8165810669 0 0 1.69679400471 1.79542107839 1.88274424587 1.83128475142 2.00067287651 1.6012554332 1.75236031015 1.82101196708 1.91805843567 1.66257126486 1.87286190001 1.73465914065 1.72186691798 1.69937031224 1.90720254197
15 180 1.94559027583 0 0 1.78326749834 1.87625769847 2.04425820354 1.94221680724 2.18420025525 1.74241109765 1.87317842291 1.99650173884 2.04317530785 1.77759948122 2.02451275975 1.85752918546 1.83985495376 1.80559663233 2.03286220353
16 192 2.09052190124 0 0 1.88675483014 1.99948203124 2.20835877965 2.06068058263 2.36567908421 1.85772767191 2.01760056902 2.21540828703 2.22599070986 1.88670799451 2.18495553733 1.98167363877 1.98154719985 1.95473633191 2.2236773346
17 204 2.15887492887 0 0 1.93457679902 2.06012582703 2.2782123725 2.06678499571 2.45201083197 1.93033843417 2.07603317534 2.32546412816 2.34318531482 1.93910569354 2.26311458346 2.02061066991 2.04439223878 1.99795196049 2.299907333
18 216 2.23510911118 0 0 1.97396937917 2.13610543192 2.36663594052 2.12807061653 2.55902931946 1.97482827293 2.1664411762 2.46872915897 2.50222796055 1.99416253051 2.3237905558 2.11737570192 2.10946940256 2.0433136942 2.38637091024
19 228 2.3345011032 0 0 2.04933457644 2.25596440646 2.45260674657 2.25916223162 2.70087699732 2.05578123515 2.24395049097 2.61932311382 2.67346804502 2.08845386349 2.45542627968 2.1517713884 2.2093447472 2.11640617984 2.49809277999
20 240 2.21757268721 0 0 1.95572810309 2.14067623916 2.28440337296 2.15175091707 2.57734802462 1.9470753152 2.13806713472 2.50048960308 2.52085282543 1.99923455307 2.30941246966 2.04736651849 2.06556696417 1.98532766061 2.37189734462
21 252 2.09465583788 0 0 1.82157951648 2.03211741205 2.11599330005 2.04763346082 2.42477053604 1.82401811793 2.01682008133 2.38628253528 2.37456449575 1.90196735535 2.18531053961 1.92643752434 1.94456858944 1.85114728626 2.21240800559
22 264 2.08671273919 0 0 1.78892951053 2.0006868268 2.08429849826 2.04329092276 2.39445345557 1.81080442558 2.00253789485 2.44987490291 2.33866505904 1.89971971933 2.19312677252 1.94148702555 1.93159225491 1.80943450511 2.17857893856
23 276 2.1461686088 0 0 1.82831705282 2.07661032505 2.13016312127 2.07443701668 2.45878682898 1.89657286397 2.02575549835 2.53584356176 2.4016464456 1.94525622225 2.26021687437 2.04687857067 2.00724712794 1.85903429271 2.23570374849
24 288 2.10866352952 0 0 1.77814396412 2.04150426392 2.09254495352 2.02076587424 2.42213295608 1.89907499602 1.97913642816 2.47678744109 2.36622032726 1.91762132173 2.20644805724 1.9800701866 2.01200027447 1.79222158429 2.20303250325
25 300 1.98254019697 0 0 1.67739374453 1.89904384961 1.97685923374 1.89998639826 2.27793901175 1.79464857253 1.82714237031 2.33558894148 2.19760120244 1.76615235508 2.06573218612 1.8546432366 1.8912941056 1.67975552475 2.07392641698
26 312 1.91976840506 0 0 1.6285576051 1.85666598978 1.91778123465 1.85836977415 2.18044801812 1.74499488565 1.76156095323 2.28686324895 2.10745691899 1.65725950295 2.01262998371 1.80330647427 1.81747934409 1.59554591837 2.00850250134
27 324 1.87880600326 0 0 1.58698026245 1.81867435506 1.872838299 1.82082745718 2.14198611746 1.71417780081 1.72736596753 2.24883865478 2.07624684865 1.61039242915 1.94636225322 1.7668181521 1.78281298728 1.56804734963 1.97793293538
28 336 1.8300682768 0 0 1.53321104615 1.76890421033 1.82445104719 1.75689720827 2.09589818962 1.66872191202 1.67174075867 2.21684943678 2.02127915333 1.55863775328 1.88560689781 1.74063347142 1.73768754307 1.49486734236 1.94160372821
29 348 1.69430176693 0 0 1.38480850142 1.64587634491 1.69362650299 1.63169260312 1.93425414117 1.53771031689 1.53809088507 2.05636435112 1.85677607727 1.43486254067 1.75289737887 1.60458072783 1.59620184684 1.36880056759 1.79614452967
30 360 1.57018718542 0 0 1.27522740023 1.53630520176 1.5511189578 1.53823736621 1.7927307797 1.43035494307 1.43084973868 1.8941116931 1.72135089608 1.31715312781 1.57042576236 1.49940687907 1.44472883924 1.26190091082 1.67156783241
31 372 1.57089613314 0 0 1.25453174327 1.53012281983 1.52526520204 1.54298815331 1.79795414674 1.4393591394 1.42478534486 1.88166741195 1.72785199138 1.30936805213 1.58193493096 1.50237591412 1.45305471456 1.26968831416 1.66949410322
32 384 1.59793960483 0 0 1.29110521646 1.54400395588 1.55854007977 1.58730384124 1.82813636748 1.46413238334 1.41581270848 1.91192974644 1.7806167528 1.29349994749 1.60701348154 1.53747019989 1.47928916053 1.29301851848 1.68263002634
33 396 1.49720729324 0 0 1.21142458545 1.42799611802 1.45600764733 1.47724336492 1.71861754736 1.39031516035 1.32804560292 1.77785202033 1.66490963447 1.20584567368 1.50397975831 1.4317302809 1.36172712529 1.21737894373 1.55757829849
34 408 1.44585261162 0 0 1.16370671133 1.36527518367 1.41981907309 1.42629777733 1.64887511735 1.34620995619 1.27272308286 1.71549000162 1.57990383702 1.17408926244 1.43641107459 1.37784969294 1.32550323872 1.17093351871 1.50594131379
35 420 1.42000920986 0 0 1.14447303135 1.34184933214 1.42850499282 1.40366149425 1.61969331549 1.32138623181 1.2469133181 1.68792234908 1.53486230754 1.129930786 1.40833621474 1.36466451149 1.29218365189 1.1665388528 1.49172684464
36 432 1.38248479967 0 0 1.1128629447 1.29912591483 1.3827306477 1.36123644536 1.57568877607 1.29560057661 1.20530601051 1.63770289432 1.48512374043 1.09830980115 1.35898732068 1.3228214641 1.25276182545 1.13124763852 1.47424676028
37 444 1.30642680411 0 0 1.05491729204 1.22230746001 1.28207064529 1.28209785209 1.50926904631 1.2160187659 1.13835008466 1.54942438903 1.39349224477 1.03342067359 1.26273652527 1.24987925208 1.17983316518 1.05485199551 1.39201082436
38 456 1.2146037389 0 0 0.982698471502 1.10166119473 1.19601531065 1.20922861482 1.40171817025 1.12751307157 1.05789460988 1.43971136407 1.2951085034 0.955289659472 1.16673713902 1.15219475192 1.09786795331 0.964917991478 1.29469907854
39 468 1.23509706392 0 0 1.03336172767 1.10453330924 1.22561440805 1.24949477175 1.43271575734 1.16127745127 1.07148776606 1.4674742288 1.31567966321 0.979672049282 1.17312109798 1.18016737726 1.11381060349 0.983557625282 1.30678033064
40 480 1.26928063612 0 0 1.07249216298 1.10994997905 1.25284857398 1.28049225649 1.47844847096 1.20494394622 1.10232839546 1.5148991513 1.35054641601 1.00915779148 1.1941367884 1.22574735813 1.13444268908 1.008903064 1.34680196062
41 492 1.22460043872 0 0 1.0299292632 1.06898153446 1.21445304203 1.23112225691 1.42023561524 1.16279673319 1.03680970079 1.45336587668 1.31072526513 0.961799105831 1.18015289769 1.16023773522 1.0930925341 0.974686010341 1.30428339078
42 504 1.16050899815 0 0 0.964178348458 1.01626594399 1.15722730718 1.16607013706 1.35105038173 1.09977075764 0.987245654673 1.37509753832 1.235784478 0.905643252992 1.12721865553 1.07752356007 1.02610106011 0.911697865658 1.234011382
43 516 1.07673372713 0 0 0.897864447665 0.945347342773 1.06357225953 1.0684641913 1.24948514979 1.0305414733 0.918858961439 1.28257706483 1.14215850721 0.813695280496 1.04735339168 0.998072849759 0.95203500226 0.839546346456 1.14003682669
44 528 1.05452395039 0 0 0.873830928829 0.927108433877 1.04148115162 1.07552429537 1.23216866053 1.00205920705 0.886464197138 1.26666762981 1.1357486051 0.786407669996 1.01106986347 0.974492544376 0.924990998689 0.823708317628 1.10631058643
45 540 1.06240216571 0 0 0.876268064383 0.936092564733 1.04747293529 1.08404268894 1.2607061232 1.0001692883 0.891342286246 1.26443670645 1.13751344745 0.789454491525 1.01230534606 0.973546576746 0.93900979875 0.857200676657 1.11328956802
46 552 1.04124331192 0 0 0.850584483958 0.91582293921 1.02508196745 1.0592585266 1.22713032135 0.973309355234 0.878280836957 1.24468496999 1.11380549008 0.777334461967 0.986236478791 0.948265474073 0.93511726362 0.848032232386 1.09276919314
47 564 1.01818697544 0 0 0.825380839205 0.893797422387 1.00360967134 1.04846956159 1.24000147397 0.940223414368 0.873804471264 1.20805819958 1.07643291865 0.759035947242 0.964144061236 0.91869889916 0.908910980363 0.818629092233 1.0648112856
48 576 1.03824237155 0 0 0.838211331515 0.905144418226 1.02152283161 1.06080282008 1.29715122671 0.955651434434 0.903789450561 1.23638102622 1.10240578679 0.76785562375 0.979148031453 0.938949434487 0.940648768418 0.831308633175 1.08965244557
49 588 1.03142178836 0 0 0.824301207989 0.892077927359 1.01548750825 1.04042108419 1.31733711165 0.943965605488 0.900900689399 1.23733893467 1.09593832948 0.76243908417 0.968764410173 0.930396003178 0.921234162392 0.836839916765 1.08657153114
50 600 0.959589177505 0 0 0.76757355681 0.836745660795 0.938825696238 0.974329444761 1.22917956207 0.874791198113 0.835386863043 1.13394979425 1.01881521618 0.71535520019 0.892280666906 0.860030081834 0.861244924331 0.780591154059 1.01754585067
51 612 0.951719084894 0 0 0.761692503806 0.815471382195 0.932030831139 0.950579852215 1.20933468576 0.859699341685 0.828372297559 1.13847337478 1.02166104209 0.696066672547 0.911681185168 0.857863398683 0.854254832008 0.773805733961 1.01745635468
52 624 1.03680019575 0 0 0.829882840744 0.875358498779 1.01777808423 1.03236087973 1.31978117143 0.938935683244 0.926616599334 1.25148673024 1.10342557282 0.750986174382 0.995671775863 0.940356721137 0.913570560546 0.846742137688 1.1675861111
53 636 1.04985090473 0 0 0.844173828348 0.873739070959 1.02677893095 1.0456944279 1.34048011423 0.946070019697 0.932420638359 1.24694464826 1.12295345653 0.756652378208 1.02096363777 0.956497058744 0.916523274018 0.849264052866 1.20218026948
54 648 1.07785878195 0 0 0.855125692808 0.90290912594 1.04877067018 1.08618639465 1.36972127467 0.959201772017 0.976475127701 1.3070798676 1.15322400237 0.778172710928 1.03989060807 0.972777462942 0.926355146476 0.878329395596 1.23721746616
55 660 1.05858476699 0 0 0.862189531264 0.886752329959 1.02728399544 1.07237691048 1.35126085307 0.937157184903 0.952990383722 1.29694808551 1.13624922214 0.750620021125 0.999511445313 0.938996608905 0.925876326253 0.869333155212 1.23052959123
56 672 1.03631073644 0 0 0.845415778833 0.864386441257 0.992296533676 1.04671369373 1.31577447195 0.908384889093 0.932310878022 1.26598653174 1.11495212745 0.733210489441 0.959285321116 0.915302249371 0.906755662907 0.850020834388 1.19602455769
57 684 1.0556054241 0 0 0.862633869587 0.883358013957 1.01995605762 1.05703123807 1.33394292834 0.923914995916 0.961758401364 1.32418001696 1.13418058146 0.738146341562 0.988273841346 0.926683333441 0.918602007358 0.870602612252 1.213557085
58 696 1.02190241865 0 0 0.833399024503 0.840379657312 0.982433849592 1.01632324063 1.28211528355 0.893623422507 0.942770573931 1.29370636258 1.09357400476 0.699649061274 0.961686977331 0.902141399823 0.885060529421 0.843320003677 1.16426795555
59 708 1.015803093 0 0 0.830038396135 0.832634478285 0.96926336217 0.996402743307 1.2614545664 0.888873402594 0.932625038937 1.27974851867 1.07900073854 0.692550232947 0.943036394228 0.898285276732 0.878530962086 0.849631811521 1.16518434907
60 720 0.975340170028 0 0 0.804840641339 0.800102330622 0.928003381619 0.954245809284 1.20247851392 0.853710454642 0.899487025058 1.20877126652 1.02693858786 0.664936187335 0.891087858476 0.860732407971 0.832334900285 0.812033552832 1.11385786176
61 732 0.930304264819 0 0 0.752958913936 0.756143096588 0.870155991666 0.901424758011 1.15379964472 0.815745324507 0.863539175929 1.16185100384 0.971784570364 0.629979836928 0.856663575249 0.827919025103 0.784719077239 0.784612338614 1.06506208522
62 744 0.910911377857 0 0 0.739714267414 0.7349843464 0.852236061318 0.859842105029 1.12765719281 0.803500273024 0.84537195436 1.14662322984 0.951355989415 0.621688200066 0.833547907025 0.817722825011 0.761671403777 0.766254169689 1.01346079684
63 756 0.918530487056 0 0 0.742989769041 0.747821177858 0.851298164281 0.86795456662 1.13346988386 0.818429900468 0.831826417766 1.14269198744 0.980554732272 0.630733922518 0.844555943433 0.835459182038 0.762620976857 0.767025574022 1.0120280245
64 768 0.928466783409 0 0 0.745597276805 0.758337102399 0.852309229902 0.871184627019 1.14548156492 0.825659277109 0.842379109021 1.12794393957 0.991435079454 0.644807862959 0.853208784205 0.833117785671 0.77162338632 0.766100080456 1.05891338697
65 780 0.87479934791 0 0 0.697788002303 0.708690242281 0.810305968131 0.81768622818 1.0802528874 0.783648370706 0.804613721758 1.06860140959 0.921078181642 0.596555639568 0.803671693142 0.779746148802 0.715206741088 0.708232750064 0.992789105124
66 792 0.843986961571 0 0 0.666987490865 0.683317261405 0.774212617868 0.774139611896 1.04224835306 0.747110370747 0.772208751353 1.0369150357 0.891409612941 0.5748543341 0.779908662008 0.772898546321 0.689137479192 0.681683422188 0.954502410284
67 804 0.854883201529 0 0 0.67074244798 0.690677718017 0.794333542638 0.782744635497 1.03943717336 0.761696901052 0.774167706368 1.05467103588 0.903555471302 0.573898790707 0.789991204669 0.775325861336 0.69108826853 0.692108891479 0.973918222628
68 816 0.863709946199 0 0 0.68487590142 0.690632302861 0.799157840021 0.793701949725 1.03350572967 0.765402194337 0.772515479679 1.07390759556 0.92682082798 0.580469816587 0.781685357345 0.792277096046 0.703149111315 0.695638261679 0.983888557421
69 828 0.829369014762 0 0 0.644045502717 0.661083015892 0.757666323498 0.754539787909 0.989328427156 0.731117219249 0.739375484027 1.02671253608 0.890835592201 0.558108676943 0.749173766576 0.75833768741 0.672756163278 0.6707998596 0.939156943702
70 840 0.817742790545 0 0 0.634223161474 0.639640755627 0.752699473667 0.749712881838 0.972582910486 0.729648773894 0.715007739678 1.0065949467 0.889494519647 0.549495872929 0.735810294951 0.744499611106 0.655448033124 0.65880126353 0.923320049875
71 852 0.823011980309 0 0 0.63672024001 0.648165623449 0.752564731344 0.76332578086 0.960907776731 0.734672518982 0.721610635246 1.02846221923 0.906317934969 0.549464278923 0.739851171863 0.755191784841 0.65652258712 0.668378511725 0.928032308372
72 864 0.777644493491 0 0 0.597163878002 0.612340489827 0.710067464701 0.711795972428 0.908241533463 0.692508118693 0.681972920071 0.965869259441 0.850079242787 0.52107643541 0.696939365292 0.716194722735 0.612706528057 0.622871446246 0.874704985484
73 876 0.752829843697 0 0 0.579238687774 0.587489599036 0.688099184408 0.688456887692 0.883380522056 0.675772931934 0.651103242949 0.925701214704 0.834136267376 0.501221226166 0.669889957894 0.694316223868 0.596167524605 0.606757059125 0.848463669559
74 888 0.751611573971 0 0 0.592814203463 0.586023077807 0.689618039543 0.674285588318 0.881125464664 0.664690628001 0.647575696421 0.922889271134 0.844688514456 0.502450505284 0.679924730677 0.680518132817 0.592060799657 0.607892727448 0.840612711313
75 900 0.711758421416 0 0 0.559728828999 0.553524926673 0.639884809417 0.640764459073 0.832413795616 0.630275075905 0.623874232996 0.874693651691 0.802064836705 0.464067558073 0.644654818788 0.633776830075 0.561334750002 0.574473803909 0.803315853089
76 912 0.678176487062 0 0 0.536300785692 0.528073664478 0.602816740712 0.605708332423 0.793914671694 0.598593178216 0.592449864353 0.825210578794 0.759646418532 0.438985834332 0.616719348359 0.604552503726 0.540816969421 0.548923223261 0.747881293597
77 924 0.636992297502 0 0 0.505591158803 0.492471080669 0.555591865837 0.565159330194 0.751231132216 0.563645855335 0.551516749632 0.764175225574 0.706029337024 0.409264313945 0.58054194945 0.561037006277 0.510377007606 0.520948186418 0.705880860234
78 936 0.610494886722 0 0 0.482454452701 0.467871456882 0.533191383653 0.5382567057 0.707502275356 0.538411586108 0.52842855692 0.733675802332 0.676590251155 0.389956032238 0.561601304156 0.542353462172 0.483276322943 0.498238696275 0.683013993454
79 948 0.589110169474 0 0 0.461479765461 0.447655149318 0.513010784943 0.522866630025 0.683555600336 0.524154251075 0.509345678554 0.694077949796 0.666921832352 0.375920636539 0.538594104983 0.518326622287 0.471915757667 0.472205457532 0.648956206508
80 960 0.560292576452 0 0 0.434108914943 0.425775833739 0.481381909064 0.500283426453 0.654142783287 0.4979904754 0.486127149086 0.655309417621 0.63627318502 0.356192643517 0.510334135309 0.490386176022 0.449876742044 0.452906060893 0.615703712473
81 972 0.558085395823 0 0 0.4336996753 0.426350491238 0.48078334 0.504677269001 0.637076658649 0.496675539745 0.482304699209 0.655685158113 0.633296100472 0.350551928394 0.512472906688 0.486622427332 0.454680971946 0.448581723483 0.608937496997
82 984 0.554357699305 0 0 0.42256284736 0.418125928263 0.470049372926 0.496017306339 0.633960687271 0.486989909922 0.484435394524 0.641134767073 0.620078841057 0.348777245551 0.514197221423 0.481487869113 0.461089937715 0.446679398509 0.605591968576
83 996 0.540508963169 0 0 0.415680443282 0.395732143266 0.45376678407 0.481765477643 0.620411202868 0.474653487145 0.466790629132 0.625607882539 0.592130392396 0.338799879153 0.512447398298 0.476218232391 0.442663255053 0.433359669042 0.591251658117
84 1008 0.546459318521 0 0 0.425568494701 0.399786177879 0.453548119968 0.481391020462 0.619384621707 0.469896963633 0.476060083972 0.626224834845 0.606281665981 0.34361112009 0.527620452174 0.481598573634 0.450739741372 0.445279753567 0.601176291581
85 1020 0.56697427447 0 0 0.446765716321 0.417253914963 0.489022881094 0.497294664896 0.643949362379 0.48859337751 0.493701570262 0.651642027547 0.625327195336 0.353911792822 0.547553978425 0.492899033117 0.466966346848 0.472534095759 0.625120334319
86 1032 0.596907736375 0 0 0.480369154208 0.437308340426 0.526092276781 0.525742454289 0.671408414003 0.512102944154 0.519250891334 0.685985159226 0.65141255727 0.36901560088 0.583275391712 0.516338159063 0.497086045673 0.498770197513 0.654519588259
87 1044 0.58673090782 0 0 0.477996582031 0.429148204182 0.514690824472 0.520814551111 0.654933013932 0.493340511298 0.505164877858 0.677543264276 0.63694677257 0.363958960747 0.577062549412 0.506710240428 0.485866320489 0.501481298846 0.642657508619
88 1056 0.601266562595 0 0 0.491726471869 0.438307352467 0.519239772824 0.534645701222 0.663789053591 0.506341283439 0.516122294804 0.703363539531 0.656868399427 0.377925659322 0.588691304352 0.515045191662 0.497823493306 0.518085029521 0.66546222667
89 1068 0.597133253711 0 0 0.487005786606 0.42241158891 0.516047335575 0.530276168089 0.664731527086 0.500739649913 0.51081017022 0.700503841794 0.650496976678 0.375197473751 0.5955138846 0.501512047792 0.49809885598 0.520291580287 0.658864001154
90 1080 0.578141127004 0 0 0.472912279016 0.405162803758 0.501063484036 0.51341580319 0.641566992248 0.483207040236 0.495259524667 0.689666836373 0.633091867724 0.36851431047 0.576975716626 0.484547644685 0.48693798438 0.508403902792 0.617954233826
91 1092 0.546748814034 0 0 0.443606279213 0.380202679541 0.475800622721 0.483504440991 0.60214135612 0.450174355219 0.462420064121 0.652219553015 0.590088062148 0.359221801472 0.545164238805 0.456696917275 0.459414635298 0.475917098809 0.586408254957
