% # columns="iteration, evaluation, sigma, axis ratio, bestever, best, median, worst objective function value, further objective values of best", seed=5, Thu Feb  1 16:25:46 2018, <python>{}</python>
1 12 1.84471660077 1.00004705993 0.6631756666666666 6.6317566666666661e-01 1.0 1.0   
2 24 1.73471967741 1.10734294926 0.34804466666666667 3.4804466666666667e-01 0.96811 2.0   
3 36 1.60626842261 1.15819845881 -1.199065 -1.1990650000000000e+00 0.656286333333 1.0   
4 48 1.57213796159 1.16251577237 -1.199065 1.4748200000000000e-01 0.63528 1.0   
5 60 1.63063371888 1.22961713167 -1.199065 -8.6020766666666670e-01 0.484187333333 1.0   
6 72 1.69397039312 1.28984554785 -2.680877333333333 -2.6808773333333331e+00 0.595529333333 0.956213333333   
7 84 1.7795760545 1.35663987923 -4.387548 -4.3875479999999998e+00 0.365353333333 1.0   
8 96 1.86271787299 1.4175622752 -4.387548 -8.9506470000000005e-01 0.399873666667 1.0   
9 108 1.84219813359 1.47891538096 -4.387548 -8.7361066666666665e-01 0.394660666667 1.0   
10 120 1.78445001837 1.52138580579 -4.387548 -1.8442296666666667e+00 0.129729333333 0.803655666667   
11 132 1.66500734002 1.53310981761 -4.387548 -2.7062523333333335e+00 -0.697757666667 0.941013333333   
12 144 1.59563198729 1.54177110112 -4.387548 -2.5431123333333332e+00 0.145866 0.88236   
13 156 1.48175728267 1.54984167822 -4.387548 -2.4736650000000000e+00 0.106255333333 3.0   
14 168 1.37370849792 1.56715009418 -4.387548 -1.7943046666666667e+00 0.207153666667 0.499987333333   
15 180 1.27244100894 1.56585836676 -4.387548 -1.7954560000000002e+00 -0.767425333333 0.715918666667   
16 192 1.22543662891 1.56821585334 -4.387548 -1.7612580000000000e+00 -0.789859333333 0.594934333333   
17 204 1.20335874585 1.57726894066 -4.387548 -2.5240566666666666e+00 -0.179081666667 0.408837333333   
18 216 1.22641534102 1.57239247353 -4.387548 -1.7508779999999999e+00 -0.778190333333 0.567240666667   
19 228 1.25086807757 1.61161478484 -4.387548 -1.8622280000000000e+00 0.159804 0.444002   
20 240 1.22778737453 1.63255973715 -4.387548 -2.3045140000000002e+00 0.256822 0.616929   
21 252 1.23062196959 1.66156664193 -4.387548 -1.8403353333333334e+00 -0.600797666667 0.72648   
22 264 1.27166334169 1.67959470225 -4.387548 -1.8187606666666667e+00 0.427635333333 0.544145333333   
23 276 1.3397966036 1.66535982216 -4.387548 -1.8992536666666666e+00 -0.846392333333 0.231804333333   
24 288 1.38770286006 1.70965936427 -4.387548 -1.9068399999999999e+00 0.181457666667 0.85084   
25 300 1.41871418187 1.75178868503 -4.387548 -1.6136296666666667e+00 0.154424333333 0.9466   
26 312 1.36015696472 1.7944324243 -4.387548 -1.7612576666666668e+00 0.446378666667 1.0   
27 324 1.35535745657 1.86129324174 -4.387548 -1.6448833333333335e+00 -0.567933333333 0.719289666667   
28 336 1.35397893562 1.86990669011 -4.387548 -2.4506473333333334e+00 0.108903 0.495401   
29 348 1.33742527315 1.90172089894 -4.387548 -2.4816413333333331e+00 0.317255333333 0.471991333333   
30 360 1.28281686278 1.92719051416 -4.387548 -1.7162009999999999e+00 -0.486836333333 0.464069666667   
31 372 1.23810508196 1.94016424872 -4.387548 -2.5795767999999999e+00 -0.684634666667 0.481937   
32 384 1.23401445889 1.96319242029 -4.387548 -1.8981698333333332e+00 0.0595719 1.0   
33 396 1.26399126021 1.95395277938 -4.387548 -1.8441939999999999e+00 0.258152333333 0.493171666667   
34 408 1.29275265349 1.9669596247 -4.387548 -2.4473583333333333e+00 0.461112 1.0   
35 420 1.3059608577 1.93618171994 -4.387548 -1.6976510000000000e+00 0.233213333333 1.0   
36 432 1.34334082819 1.98135032377 -4.387548 -1.8646426666666667e+00 0.192041666667 1.67058133333   
37 444 1.39129805183 2.02241695795 -4.387548 -1.4997579999999999e+00 0.171171666667 0.747725   
38 456 1.44919802786 2.06604950058 -4.387548 -2.3825646666666667e+00 -0.876198333333 0.331564333333   
39 468 1.51842118259 2.09871659772 -4.387548 -1.6590323333333332e+00 -0.773882 0.341526333333   
40 480 1.58561903518 2.14267309647 -4.387548 -1.4923860000000000e+00 0.295461 0.557344   
41 492 1.61320679841 2.15910710699 -4.387548 -1.8990796666666667e+00 -0.611614666667 1.0   
42 504 1.62325236104 2.20475373611 -4.387548 -1.8491276666666667e+00 0.425678 2.0   
43 516 1.66565584468 2.22794827236 -4.387548 -1.7285860000000000e+00 0.0924226666667 0.468213   
44 528 1.68598102443 2.2227913073 -4.387548 -2.5887029999999998e+00 0.108324333333 0.492159666667   
45 540 1.67656324703 2.24187663205 -4.387548 -1.8784251666666667e+00 0.348027333333 1.0   
46 552 1.64240960861 2.31390383309 -4.387548 -1.6890956666666668e+00 0.449796666667 1.91241333333   
47 564 1.69060809688 2.35369503516 -4.387548 -2.6587446666666668e+00 0.331367333333 1.0   
48 576 1.76880354935 2.37836586844 -4.387548 -1.6399946666666667e+00 0.370783666667 0.98252   
49 588 1.78945584573 2.42636863162 -4.387548 -1.7240733333333333e+00 -0.691763 0.955256666667   
50 600 1.73554149956 2.47505574185 -4.387548 -1.8524639999999999e+00 0.241018 0.556919333333   
51 612 1.66894877369 2.54519788886 -4.387548 -1.8460390000000000e+00 0.362574333333 1.0   
52 624 1.68646678051 2.54215884758 -4.387548 -1.4917099999999999e+00 0.215774333333 0.460546666667   
53 636 1.69004066553 2.56262659169 -4.387548 -1.7345053333333333e+00 0.352829333333 0.499715333333   
54 648 1.63461162136 2.66666641541 -4.387548 -1.4900996666666666e+00 0.212968333333 0.430391   
55 660 1.61649775637 2.7089333395 -4.387548 -1.7085056666666667e+00 -0.748898 0.443119   
56 672 1.62301563147 2.69768111684 -4.387548 -1.8039406666666666e+00 0.108091333333 0.458725   
57 684 1.63281265854 2.74517683147 -4.387548 -3.2830866666666667e+00 -0.618583333333 1.0   
58 696 1.67483887185 2.77279266427 -4.387548 -2.6942323333333333e+00 0.147532666667 1.645659   
59 708 1.63746905167 2.82119117964 -4.387548 -2.7551546666666669e+00 -0.719792333333 1.0   
60 720 1.58870161789 2.82965749015 -4.387548 -1.9086234666666666e+00 0.399478666667 0.56607   
61 732 1.58919641245 2.86296840132 -4.387548 -2.4959989999999999e+00 0.448308666667 1.0   
62 744 1.61578946293 2.97049937626 -4.387548 -3.6920673333333331e+00 0.117006333333 0.57965   
63 756 1.67158862912 3.02985015896 -4.387548 -1.8359140000000000e+00 0.438215333333 1.0   
64 768 1.70961584132 3.07205257432 -4.387548 1.4546766666666666e-01 0.492026 1.0   
65 780 1.82423030419 3.11390035401 -4.387548 -1.4728970000000001e+00 0.492023333333 1.0   
66 792 1.93840413324 3.17083257706 -4.387548 -1.8211433333333333e+00 0.506103333333 1.0   
67 804 2.08357295382 3.19822370878 -4.387548 -8.5780166666666668e-01 0.479542333333 1.0   
68 816 2.14798877762 3.20574677102 -4.387548 -1.7175170000000000e+00 0.476465666667 1.0   
69 828 2.11101759187 3.25498869324 -4.387548 -3.6436653333333333e+00 0.600686666667 1.0   
70 840 2.06966219881 3.28772666656 -4.387548 1.6404133333333332e-01 0.824567333333 1.0   
71 852 1.96649307717 3.27717004541 -4.387548 -3.7317393333333335e+00 0.380063 1.0   
72 864 1.93295419679 3.26205252132 -4.387548 -2.7044813333333333e+00 0.464505666667 1.0   
73 876 1.9622259181 3.27024634203 -4.387548 -2.6321683333333334e+00 0.476572333333 1.0   
74 888 1.92621286999 3.32704055587 -4.387548 -2.6713983333333333e+00 0.477279666667 1.0   
