% # columns="iteration, evaluation, min max(neg(.)) min(pos(.)) max correlation, correlation matrix principle axes lengths  (sorted square roots of eigenvalues of correlation matrix)", seed=5, Mon Jan 29 23:20:03 2018
1 12 -0.0279035945868 -5.39667602452e-05 1.58814537786e-06 0.0340387829519 1 1 1 1 1 1 1 1 1 1 1 1 1 1 1
2 24 -0.0424451298516 -0.000301487766152 0.000896671601402 0.0628592839629 1 1 1 1 1 1 1 1 1 1 1 1 1 1 1
3 36 -0.0447714502067 -0.00102664397123 0.000231746256152 0.0699394016663 1 1 1 1 1 1 1 1 1 1 1 1 1 1 1
4 48 -0.0558496858965 -0.000980375296998 0.000766161033225 0.088793787432 1 1 1 1 1 1 1 1 1 1 1 1 1 1 1
5 60 -0.0658169591194 -0.00107983110417 4.06621088479e-05 0.0993618456602 1 1 1 1 1 1 1 1 1 1 1 1 1 1 1
6 72 -0.07590845378 -0.00121792805626 0.00084326962282 0.115031395297 1 1 1 1 1 1 1 1 1 1 1 1 1 1 1
7 84 -0.0712737575338 -0.00040559072705 0.00211261495714 0.158419871739 1 1 1 1 1 1 1 1 1 1 1 1 1 1 1
8 96 -0.0850447592343 -0.000340992847279 0.000531591378883 0.1761700356 1 1 1 1 1 1 1 1 1 1 1 1 1 1 1
9 108 -0.104451375085 -0.000791812615367 0.000185586923056 0.18349269006 1 1 1 1 1 1 1 1 1 1 1 1 1 1 1
10 120 -0.10654523875 -0.00436036903734 0.000151482339217 0.179235350209 1 1 1 1 1 1 1 1 1 1 1 1 1 1 1
11 132 -0.0981691473393 -5.23611871084e-05 0.000231781310499 0.162918183345 1 1 1 1 1 1 1 1 1 1 1 1 1 1 1
12 144 -0.104953496338 -0.000894125178302 0.000551211117156 0.156076538368 1 1 1 1 1 1 1 1 1 1 1 1 1 1 1
13 156 -0.106697588011 -0.000876812507977 0.000515819744186 0.136273585945 1 1 1 1 1 1 1 1 1 1 1 1 1 1 1
14 168 -0.124982077645 -0.0014612728058 0.000787435979002 0.13717078022 1 1 1 1 1 1 1 1 1 1 1 1 1 1 1
15 180 -0.139169700574 -0.000661943638068 0.00555934451561 0.128122840807 1 1 1 1 1 1 1 1 1 1 1 1 1 1 1
16 192 -0.158799541517 -0.0027309149407 0.000245084499581 0.122888791984 1 1 1 1 1 1 1 1 1 1 1 1 1 1 1
17 204 -0.16727518741 -0.00234696243589 9.84775099447e-05 0.129750057873 1 1 1 1 1 1 1 1 1 1 1 1 1 1 1
18 216 -0.158897500963 -0.000237915291598 0.000827493269119 0.128712314635 1 1 1 1 1 1 1 1 1 1 1 1 1 1 1
19 228 -0.157536250072 -0.000210482909771 0.0024769419248 0.125972805892 1 1 1 1 1 1 1 1 1 1 1 1 1 1 1
20 240 -0.171895380268 -0.00177458304144 0.00077625337383 0.17772597707 1 1 1 1 1 1 1 1 1 1 1 1 1 1 1
21 252 -0.189268030799 -0.000526852128549 0.000661025055678 0.201817014517 1 1 1 1 1 1 1 1 1 1 1 1 1 1 1
22 264 -0.183007888994 -0.00148941785572 0.000195271320084 0.202675033948 1 1 1 1 1 1 1 1 1 1 1 1 1 1 1
23 276 -0.186910561119 -0.000125077695 0.00257996803404 0.226790897418 1 1 1 1 1 1 1 1 1 1 1 1 1 1 1
24 288 -0.217385676233 -0.000907544200952 0.00256882196773 0.223970148797 1 1 1 1 1 1 1 1 1 1 1 1 1 1 1
25 300 -0.246590825592 -1.7982110485e-06 0.000989104545885 0.231192621583 1 1 1 1 1 1 1 1 1 1 1 1 1 1 1
26 312 -0.248121314116 -0.00113993404634 0.000624549118761 0.241662619781 1 1 1 1 1 1 1 1 1 1 1 1 1 1 1
27 324 -0.251486315307 -0.00191921695065 0.000490694059859 0.245050863638 1 1 1 1 1 1 1 1 1 1 1 1 1 1 1
28 336 -0.274900098526 -0.000601145037784 0.000189850745159 0.247023040084 1 1 1 1 1 1 1 1 1 1 1 1 1 1 1
29 348 -0.278024796395 -0.00280839354497 0.00161912289932 0.243828739144 1 1 1 1 1 1 1 1 1 1 1 1 1 1 1
30 360 -0.270383733115 -0.000742574351924 0.000447977874155 0.246028469696 1 1 1 1 1 1 1 1 1 1 1 1 1 1 1
31 372 -0.27570896537 -0.00440790284259 0.000223419226668 0.256979829001 1 1 1 1 1 1 1 1 1 1 1 1 1 1 1
32 384 -0.276577633276 -0.00228222677764 0.00705916496186 0.241546497206 1 1 1 1 1 1 1 1 1 1 1 1 1 1 1
33 396 -0.266168368355 -0.000622912535584 0.000376853244058 0.243895309081 1 1 1 1 1 1 1 1 1 1 1 1 1 1 1
34 408 -0.286597126535 -0.0012556902051 0.00140939680535 0.254996720571 1 1 1 1 1 1 1 1 1 1 1 1 1 1 1
35 420 -0.28122132481 -0.00246513680416 0.00170641063911 0.260297086829 1 1 1 1 1 1 1 1 1 1 1 1 1 1 1
36 432 -0.283300586169 -0.00176854636291 0.00466589237521 0.264918738643 1 1 1 1 1 1 1 1 1 1 1 1 1 1 1
37 444 -0.281330820365 -0.00344485363622 0.00174782253424 0.269901616573 1 1 1 1 1 1 1 1 1 1 1 1 1 1 1
38 456 -0.264260132242 -0.000308462153358 0.00331177113826 0.27355067718 1 1 1 1 1 1 1 1 1 1 1 1 1 1 1
39 468 -0.271288723545 -0.00667291068669 0.000710288829128 0.259983128348 1 1 1 1 1 1 1 1 1 1 1 1 1 1 1
40 480 -0.270118578478 -0.00471079162524 5.53284060407e-05 0.249921151109 1 1 1 1 1 1 1 1 1 1 1 1 1 1 1
41 492 -0.286069730594 -0.000750554684816 0.000935943192176 0.280860311639 1 1 1 1 1 1 1 1 1 1 1 1 1 1 1
42 504 -0.282205292385 -0.00032409823912 0.000604142125381 0.324692903862 1 1 1 1 1 1 1 1 1 1 1 1 1 1 1
43 516 -0.287244202208 -0.00141162296846 0.00932441655743 0.309656509747 1 1 1 1 1 1 1 1 1 1 1 1 1 1 1
44 528 -0.297703407932 -0.0001970489837 0.00207764844644 0.303416061657 1 1 1 1 1 1 1 1 1 1 1 1 1 1 1
45 540 -0.290432785208 -0.00281406051056 0.000258868947514 0.311467123518 1 1 1 1 1 1 1 1 1 1 1 1 1 1 1
46 552 -0.307314034695 -0.000556234227911 0.00182213602485 0.322449654721 1 1 1 1 1 1 1 1 1 1 1 1 1 1 1
47 564 -0.314368857463 -0.00638641630706 0.000397189001803 0.326525166422 1 1 1 1 1 1 1 1 1 1 1 1 1 1 1
48 576 -0.312002776459 -0.000851274107518 0.000991169265308 0.327013748781 1 1 1 1 1 1 1 1 1 1 1 1 1 1 1
49 588 -0.31502895775 -0.000216467993963 0.00453942483464 0.33379575086 1 1 1 1 1 1 1 1 1 1 1 1 1 1 1
50 600 -0.316374775579 -0.000291818559112 0.00140370270187 0.336333505984 1 1 1 1 1 1 1 1 1 1 1 1 1 1 1
51 612 -0.326996533476 -0.000371369262731 0.00080899264953 0.34052033797 1 1 1 1 1 1 1 1 1 1 1 1 1 1 1
52 624 -0.318463394983 -0.00220460731363 0.000719447399539 0.345921935689 1 1 1 1 1 1 1 1 1 1 1 1 1 1 1
53 636 -0.31683238006 -0.00179575937276 0.000160120572273 0.346710621362 1 1 1 1 1 1 1 1 1 1 1 1 1 1 1
54 648 -0.311535731164 -0.000790074739682 0.000762009255153 0.346662741299 1 1 1 1 1 1 1 1 1 1 1 1 1 1 1
55 660 -0.30421593749 -0.0046076807935 0.00378509660309 0.337606478935 1 1 1 1 1 1 1 1 1 1 1 1 1 1 1
56 672 -0.299861957893 -0.00345753946367 0.00438405789625 0.328744615749 1 1 1 1 1 1 1 1 1 1 1 1 1 1 1
57 684 -0.277525447242 -0.000874417053924 0.00122278960881 0.33806843474 1 1 1 1 1 1 1 1 1 1 1 1 1 1 1
58 696 -0.277629419785 -0.00501881969171 3.21047880558e-05 0.334576330253 1 1 1 1 1 1 1 1 1 1 1 1 1 1 1
59 708 -0.304094431339 -0.00281252085886 0.00520311116824 0.325320320113 1 1 1 1 1 1 1 1 1 1 1 1 1 1 1
60 720 -0.312907378389 -0.00221429975295 0.00402099870291 0.336748506806 1 1 1 1 1 1 1 1 1 1 1 1 1 1 1
61 732 -0.311700008329 -0.00172556045046 0.00441852418668 0.336602622239 1 1 1 1 1 1 1 1 1 1 1 1 1 1 1
62 744 -0.321632294818 -0.00659165781622 0.00151124817683 0.333699169184 1 1 1 1 1 1 1 1 1 1 1 1 1 1 1
63 756 -0.307793680365 -0.00174242077767 0.0121208660342 0.341754613391 1 1 1 1 1 1 1 1 1 1 1 1 1 1 1
64 768 -0.304366395899 -0.000544229250696 0.00316431903302 0.352684655059 1 1 1 1 1 1 1 1 1 1 1 1 1 1 1
65 780 -0.323805521301 -0.00199708480557 0.00119471712222 0.387599817508 1 1 1 1 1 1 1 1 1 1 1 1 1 1 1
66 792 -0.308856318538 -0.00331410310152 0.0026710167011 0.40137064918 1 1 1 1 1 1 1 1 1 1 1 1 1 1 1
67 804 -0.319656596446 -0.00164810776485 0.00503798390873 0.416953294524 1 1 1 1 1 1 1 1 1 1 1 1 1 1 1
68 816 -0.329111962113 -0.00462403402761 0.000790115336134 0.417627699896 1 1 1 1 1 1 1 1 1 1 1 1 1 1 1
69 828 -0.321312719761 -0.00300073022914 0.00358898296498 0.410673138516 1 1 1 1 1 1 1 1 1 1 1 1 1 1 1
70 840 -0.328629774886 -0.00913721038973 0.00596841671149 0.430070594652 1 1 1 1 1 1 1 1 1 1 1 1 1 1 1
71 852 -0.337358523044 -0.00241318942329 0.00253210085259 0.438958072684 1 1 1 1 1 1 1 1 1 1 1 1 1 1 1
72 864 -0.362945000982 -0.00167595517579 0.00461547558646 0.421557904351 1 1 1 1 1 1 1 1 1 1 1 1 1 1 1
73 876 -0.355962583203 -0.00476419229021 0.00189230870442 0.424814184503 1 1 1 1 1 1 1 1 1 1 1 1 1 1 1
74 888 -0.349575515251 -0.000740044338884 0.00189501289539 0.448914174881 1 1 1 1 1 1 1 1 1 1 1 1 1 1 1
75 900 -0.35440990617 -0.000660452932276 0.000520868851033 0.450323087094 1 1 1 1 1 1 1 1 1 1 1 1 1 1 1
76 912 -0.36827160467 -0.000795684612532 0.0174456455156 0.455443521217 1 1 1 1 1 1 1 1 1 1 1 1 1 1 1
77 924 -0.365715327492 -0.000231047338662 0.010313868253 0.468993441783 1 1 1 1 1 1 1 1 1 1 1 1 1 1 1
78 936 -0.375324948307 -0.00585689750059 0.00183114153983 0.471869546575 1 1 1 1 1 1 1 1 1 1 1 1 1 1 1
79 948 -0.381626093432 -0.00232974246385 0.000122762658844 0.4611440962 1 1 1 1 1 1 1 1 1 1 1 1 1 1 1
80 960 -0.410282212927 -0.00170130443327 0.000590768042376 0.462370632748 1 1 1 1 1 1 1 1 1 1 1 1 1 1 1
81 972 -0.422184108619 -0.00363727149786 0.00035296036355 0.45615999683 1 1 1 1 1 1 1 1 1 1 1 1 1 1 1
82 984 -0.413215703521 -0.00120166396366 0.00337517754415 0.456108112432 1 1 1 1 1 1 1 1 1 1 1 1 1 1 1
83 996 -0.431364316967 -0.00234481599573 2.05281491936e-05 0.44947552422 1 1 1 1 1 1 1 1 1 1 1 1 1 1 1
84 1008 -0.450654316506 -0.00894876450841 0.0017089681742 0.434019971079 1 1 1 1 1 1 1 1 1 1 1 1 1 1 1
85 1020 -0.459680522524 -0.00241791763286 0.000868576053912 0.441102410973 1 1 1 1 1 1 1 1 1 1 1 1 1 1 1
86 1032 -0.479184682177 -0.000240895739329 0.00123571472956 0.447552282077 1 1 1 1 1 1 1 1 1 1 1 1 1 1 1
87 1044 -0.479155910734 -0.00081188631031 0.00818677357683 0.440657348136 1 1 1 1 1 1 1 1 1 1 1 1 1 1 1
88 1056 -0.473381384726 -0.00443625915107 0.00243648846858 0.44338538994 1 1 1 1 1 1 1 1 1 1 1 1 1 1 1
89 1068 -0.492292598238 -0.00582836729589 0.00212499417871 0.42890618213 1 1 1 1 1 1 1 1 1 1 1 1 1 1 1
90 1080 -0.472075154129 -0.0024980427194 0.000340615638566 0.434496516103 1 1 1 1 1 1 1 1 1 1 1 1 1 1 1
91 1092 -0.462464595532 -0.00629652677937 0.000492826884152 0.420899603715 1 1 1 1 1 1 1 1 1 1 1 1 1 1 1
92 1104 -0.449609945628 -0.00275627207529 0.000905214812741 0.416696848039 1 1 1 1 1 1 1 1 1 1 1 1 1 1 1
93 1116 -0.441834030469 -0.003392287324 0.000485390701321 0.410419508342 1 1 1 1 1 1 1 1 1 1 1 1 1 1 1
94 1128 -0.439103416115 -0.00532624551227 0.0121179077342 0.428693456109 1 1 1 1 1 1 1 1 1 1 1 1 1 1 1
95 1140 -0.430626444813 -0.00520963784554 0.00181674518706 0.430788340444 1 1 1 1 1 1 1 1 1 1 1 1 1 1 1
96 1152 -0.437569206619 -0.00555770494602 0.0144425607435 0.41836776254 1 1 1 1 1 1 1 1 1 1 1 1 1 1 1
97 1164 -0.424700310428 -0.00137306617443 0.00728022499194 0.414052474189 1 1 1 1 1 1 1 1 1 1 1 1 1 1 1
98 1176 -0.43092765288 -0.00338734608929 0.00112723064687 0.42019215644 1 1 1 1 1 1 1 1 1 1 1 1 1 1 1
99 1188 -0.422070613163 -0.00959606998219 0.00559938991674 0.431458104528 1 1 1 1 1 1 1 1 1 1 1 1 1 1 1
100 1200 -0.409442257552 -0.000382518979755 0.00214845079011 0.42225409409 1 1 1 1 1 1 1 1 1 1 1 1 1 1 1
101 1212 -0.407089567615 -0.00481099123269 0.000172220073376 0.422184561302 1 1 1 1 1 1 1 1 1 1 1 1 1 1 1
102 1224 -0.410685070877 -0.00901124233523 0.00797595196638 0.437172426863 1 1 1 1 1 1 1 1 1 1 1 1 1 1 1
103 1236 -0.425357122034 -0.000763422463135 0.00445569606082 0.424569475773 1 1 1 1 1 1 1 1 1 1 1 1 1 1 1
104 1248 -0.419466381294 -0.00804928812941 0.00532467429401 0.44721769859 1 1 1 1 1 1 1 1 1 1 1 1 1 1 1
105 1260 -0.430304263737 -0.00122984946056 0.0092500145177 0.455729779721 1 1 1 1 1 1 1 1 1 1 1 1 1 1 1
106 1272 -0.42412955671 -0.000187058967632 0.00234398772936 0.459528981646 1 1 1 1 1 1 1 1 1 1 1 1 1 1 1
107 1284 -0.42921831671 -0.0226579031214 0.00893642047702 0.453071646457 1 1 1 1 1 1 1 1 1 1 1 1 1 1 1
108 1296 -0.411832426002 -2.99701147256e-05 0.00273677243298 0.424262423163 1 1 1 1 1 1 1 1 1 1 1 1 1 1 1
109 1308 -0.417576567146 -0.00110220902999 0.0107408477719 0.426715131859 1 1 1 1 1 1 1 1 1 1 1 1 1 1 1
110 1320 -0.415636821047 -0.0163967903625 0.00110392586747 0.450765411892 1 1 1 1 1 1 1 1 1 1 1 1 1 1 1
111 1332 -0.41203951054 -0.000566367675444 0.00383605150441 0.450037006281 1 1 1 1 1 1 1 1 1 1 1 1 1 1 1
112 1344 -0.416480262463 -0.00553467623929 0.00261772612289 0.441230908986 1 1 1 1 1 1 1 1 1 1 1 1 1 1 1
113 1356 -0.434840699779 -0.00239504038015 0.00404416917206 0.450722638354 1 1 1 1 1 1 1 1 1 1 1 1 1 1 1
114 1368 -0.425817177021 -0.00249937916445 0.00190201178584 0.441648019013 1 1 1 1 1 1 1 1 1 1 1 1 1 1 1
115 1380 -0.418771697114 -0.0050940461765 0.00419700437538 0.427537286727 1 1 1 1 1 1 1 1 1 1 1 1 1 1 1
116 1392 -0.421430122193 -0.00737866033256 0.00661388547978 0.435624252886 1 1 1 1 1 1 1 1 1 1 1 1 1 1 1
117 1404 -0.421155709917 -0.00849950844284 0.00344588773518 0.442193788493 1 1 1 1 1 1 1 1 1 1 1 1 1 1 1
118 1416 -0.423186787778 -0.00399719924056 0.00630737923787 0.457536831081 1 1 1 1 1 1 1 1 1 1 1 1 1 1 1
119 1428 -0.412397413617 -0.0031849865472 0.0033884572054 0.460231764579 1 1 1 1 1 1 1 1 1 1 1 1 1 1 1
120 1440 -0.397341693886 -0.0024093159431 0.00035650290553 0.459403517033 1 1 1 1 1 1 1 1 1 1 1 1 1 1 1
121 1452 -0.396047212828 -0.00185946844321 0.00248580182747 0.472760714159 1 1 1 1 1 1 1 1 1 1 1 1 1 1 1
122 1464 -0.407803226859 -0.00155682646165 0.00586977391681 0.474531163046 1 1 1 1 1 1 1 1 1 1 1 1 1 1 1
123 1476 -0.420657838489 -0.00147389954637 0.00572708942531 0.470810141702 1 1 1 1 1 1 1 1 1 1 1 1 1 1 1
124 1488 -0.425100713114 -0.00024302208692 0.00340418790499 0.483444909525 1 1 1 1 1 1 1 1 1 1 1 1 1 1 1
125 1500 -0.433028482487 -0.0121419267514 0.002147460405 0.480948540401 1 1 1 1 1 1 1 1 1 1 1 1 1 1 1
126 1512 -0.423697507102 -0.00157139014381 0.00354759916507 0.477273363518 1 1 1 1 1 1 1 1 1 1 1 1 1 1 1
127 1524 -0.439032742791 -0.00338920585588 0.00240421899203 0.486954024326 1 1 1 1 1 1 1 1 1 1 1 1 1 1 1
128 1536 -0.434609828278 -2.89982424568e-05 0.00395170440774 0.495640526162 1 1 1 1 1 1 1 1 1 1 1 1 1 1 1
129 1548 -0.423608999549 -0.00212027723162 0.00150564710238 0.495910554261 1 1 1 1 1 1 1 1 1 1 1 1 1 1 1
130 1560 -0.414416935163 -0.00185595106733 0.000263538200778 0.517793411811 1 1 1 1 1 1 1 1 1 1 1 1 1 1 1
131 1572 -0.408682977695 -0.000883158674673 0.00649079643686 0.513932175433 1 1 1 1 1 1 1 1 1 1 1 1 1 1 1
132 1584 -0.431051656632 -0.00630617726632 0.00284038828325 0.504044322397 1 1 1 1 1 1 1 1 1 1 1 1 1 1 1
133 1596 -0.442684993361 -0.0040026915937 0.0120774015327 0.499020877209 1 1 1 1 1 1 1 1 1 1 1 1 1 1 1
134 1608 -0.44189160154 -0.0135008542418 0.00453067388526 0.487464414055 1 1 1 1 1 1 1 1 1 1 1 1 1 1 1
135 1620 -0.446732320732 -0.00895289363504 0.00871147528444 0.507287372906 1 1 1 1 1 1 1 1 1 1 1 1 1 1 1
136 1632 -0.439628875981 -0.00462143922819 0.00104404225938 0.52075953049 1 1 1 1 1 1 1 1 1 1 1 1 1 1 1
137 1644 -0.425302411166 -0.00204801076382 0.00378814226391 0.514638796555 1 1 1 1 1 1 1 1 1 1 1 1 1 1 1
138 1656 -0.452414939712 -0.000179814319754 0.00894801601493 0.508643451989 1 1 1 1 1 1 1 1 1 1 1 1 1 1 1
139 1668 -0.471732095658 -0.00105390736451 0.00725085072736 0.510565027499 1 1 1 1 1 1 1 1 1 1 1 1 1 1 1
140 1680 -0.467265945165 -0.0068589946059 0.00742746490152 0.502249030535 1 1 1 1 1 1 1 1 1 1 1 1 1 1 1
141 1692 -0.471558329498 -0.000536001961242 0.000978355619204 0.508153602364 1 1 1 1 1 1 1 1 1 1 1 1 1 1 1
142 1704 -0.472715413007 -0.00537919063548 0.00140191686989 0.515717292147 1 1 1 1 1 1 1 1 1 1 1 1 1 1 1
143 1716 -0.482516345221 -0.0092896159426 0.0027530730332 0.509965701511 1 1 1 1 1 1 1 1 1 1 1 1 1 1 1
144 1728 -0.487951292418 -0.000435676032534 0.00573761353223 0.496278351872 1 1 1 1 1 1 1 1 1 1 1 1 1 1 1
145 1740 -0.483316408559 -0.00177020259916 0.00159094791944 0.489119751945 1 1 1 1 1 1 1 1 1 1 1 1 1 1 1
146 1752 -0.471531414221 -0.000654123827459 0.012779675681 0.480985428741 1 1 1 1 1 1 1 1 1 1 1 1 1 1 1
147 1764 -0.464840212757 -0.00117532051587 0.0017106784264 0.480582837631 1 1 1 1 1 1 1 1 1 1 1 1 1 1 1
148 1776 -0.454719587783 -8.33398871893e-05 0.00160761894025 0.469594758096 1 1 1 1 1 1 1 1 1 1 1 1 1 1 1
149 1788 -0.453405310587 -2.54439002798e-05 0.00664709625534 0.481085471184 1 1 1 1 1 1 1 1 1 1 1 1 1 1 1
150 1800 -0.442905974437 -0.0118492542347 0.0032999728789 0.4716714258 1 1 1 1 1 1 1 1 1 1 1 1 1 1 1
151 1812 -0.448083041502 -0.00799014204016 0.000755313960226 0.474074187786 1 1 1 1 1 1 1 1 1 1 1 1 1 1 1
152 1824 -0.472367372021 -0.00174802215759 0.00533844879205 0.486828669078 1 1 1 1 1 1 1 1 1 1 1 1 1 1 1
153 1836 -0.44349157728 -0.0052527627879 0.00247737115138 0.470081842286 1 1 1 1 1 1 1 1 1 1 1 1 1 1 1
154 1848 -0.428030100304 -0.00157924603497 0.00438433496392 0.447763219913 1 1 1 1 1 1 1 1 1 1 1 1 1 1 1
155 1860 -0.429879420236 -0.00116928988378 0.00051141443102 0.456426558962 1 1 1 1 1 1 1 1 1 1 1 1 1 1 1
156 1872 -0.432551037645 -0.00209688068463 0.00206670422288 0.458981758924 1 1 1 1 1 1 1 1 1 1 1 1 1 1 1
157 1884 -0.439966841978 -0.0050521109058 0.00103327500533 0.467682100856 1 1 1 1 1 1 1 1 1 1 1 1 1 1 1
158 1896 -0.454752213333 -0.000870822164076 0.000557749912665 0.491621585614 1 1 1 1 1 1 1 1 1 1 1 1 1 1 1
159 1908 -0.460119066471 -0.000104183954966 0.00280344282359 0.511639063835 1 1 1 1 1 1 1 1 1 1 1 1 1 1 1
160 1920 -0.465869349212 -0.000399561012875 0.00612151337243 0.497980179795 1 1 1 1 1 1 1 1 1 1 1 1 1 1 1
161 1932 -0.462812136762 -0.000859107026597 0.000113369339994 0.506248921092 1 1 1 1 1 1 1 1 1 1 1 1 1 1 1
162 1944 -0.470091539794 -0.00152176295772 0.00432398964534 0.513733101661 1 1 1 1 1 1 1 1 1 1 1 1 1 1 1
163 1956 -0.474783353818 -6.20984268631e-05 0.00160081233686 0.511804750241 1 1 1 1 1 1 1 1 1 1 1 1 1 1 1
164 1968 -0.467106785211 -0.00226273299413 0.00058421678425 0.505929074144 1 1 1 1 1 1 1 1 1 1 1 1 1 1 1
165 1980 -0.488710280003 -0.00550983485407 0.00113521055933 0.518442266339 1 1 1 1 1 1 1 1 1 1 1 1 1 1 1
166 1992 -0.489536318871 -0.00218064371453 0.0172930033452 0.52338571497 1 1 1 1 1 1 1 1 1 1 1 1 1 1 1
167 2004 -0.490026490949 -0.00592343751808 0.00923851588478 0.509511962193 1 1 1 1 1 1 1 1 1 1 1 1 1 1 1
168 2016 -0.504365702023 -0.000195199555112 0.00214357354642 0.500410542279 1 1 1 1 1 1 1 1 1 1 1 1 1 1 1
169 2028 -0.519641501879 -0.0128131963975 0.000497155220357 0.481570895209 1 1 1 1 1 1 1 1 1 1 1 1 1 1 1
170 2040 -0.516542557922 -0.00633449374169 0.00126551836961 0.464203962413 1 1 1 1 1 1 1 1 1 1 1 1 1 1 1
171 2052 -0.521992129862 -0.00770909935475 0.00618578655807 0.461320823239 1 1 1 1 1 1 1 1 1 1 1 1 1 1 1
172 2064 -0.502440670362 -0.00809044429796 0.00243954401778 0.469172596705 1 1 1 1 1 1 1 1 1 1 1 1 1 1 1
173 2076 -0.502771466329 -0.00242137288583 0.0136007345075 0.449044041419 1 1 1 1 1 1 1 1 1 1 1 1 1 1 1
174 2088 -0.518980266733 -0.0008322584976 0.00139866949484 0.45229121949 1 1 1 1 1 1 1 1 1 1 1 1 1 1 1
175 2100 -0.498216838262 -0.010973040982 0.00739584728209 0.448811717518 1 1 1 1 1 1 1 1 1 1 1 1 1 1 1
176 2112 -0.501737125827 -0.00255337813447 0.00523467752562 0.450505861575 1 1 1 1 1 1 1 1 1 1 1 1 1 1 1
177 2124 -0.483498057712 -0.00127998515669 0.00195440651434 0.450350278131 1 1 1 1 1 1 1 1 1 1 1 1 1 1 1
178 2136 -0.489356789178 -0.00101527363209 2.79692473725e-06 0.446727779586 1 1 1 1 1 1 1 1 1 1 1 1 1 1 1
179 2148 -0.525178690645 -0.0102988073061 0.0095117703149 0.454717565175 1 1 1 1 1 1 1 1 1 1 1 1 1 1 1
180 2160 -0.533038714353 -0.000568926333194 0.000615266738701 0.466795382058 1 1 1 1 1 1 1 1 1 1 1 1 1 1 1
181 2172 -0.540367491391 -0.00292087062739 0.0069587268268 0.458421110342 1 1 1 1 1 1 1 1 1 1 1 1 1 1 1
182 2184 -0.538574420819 -0.000601718476151 0.00394825608344 0.461533645782 1 1 1 1 1 1 1 1 1 1 1 1 1 1 1
183 2196 -0.549594881265 -0.0146723377459 0.00194389096835 0.472048133784 1 1 1 1 1 1 1 1 1 1 1 1 1 1 1
184 2208 -0.544726439054 -0.0019277973574 0.00247156484813 0.474867693507 1 1 1 1 1 1 1 1 1 1 1 1 1 1 1
185 2220 -0.566903094566 -0.000713600921334 0.000111243558002 0.465442731906 1 1 1 1 1 1 1 1 1 1 1 1 1 1 1
186 2232 -0.56719932904 -0.00813042512837 0.00351331730443 0.471116672452 1 1 1 1 1 1 1 1 1 1 1 1 1 1 1
187 2244 -0.566910606379 -0.00121800010246 0.00120039423952 0.476100731568 1 1 1 1 1 1 1 1 1 1 1 1 1 1 1
188 2256 -0.569827426968 -0.0121362129849 0.00141764484868 0.47483781869 1 1 1 1 1 1 1 1 1 1 1 1 1 1 1
189 2268 -0.556183775739 -0.0058533872165 1.06670629294e-05 0.471097025592 1 1 1 1 1 1 1 1 1 1 1 1 1 1 1
190 2280 -0.558387453921 -0.00352690341185 0.00707190872561 0.45924000506 1 1 1 1 1 1 1 1 1 1 1 1 1 1 1
191 2292 -0.561369521331 -0.00194579739455 0.00138999222211 0.465724043363 1 1 1 1 1 1 1 1 1 1 1 1 1 1 1
192 2304 -0.565477843788 -0.0055344777723 0.00404466856924 0.445583097131 1 1 1 1 1 1 1 1 1 1 1 1 1 1 1
193 2316 -0.583976148281 -0.00908653257966 0.000754247949011 0.452358267702 1 1 1 1 1 1 1 1 1 1 1 1 1 1 1
194 2328 -0.581427151911 -0.00500099684552 0.00776164167114 0.458715438726 1 1 1 1 1 1 1 1 1 1 1 1 1 1 1
195 2340 -0.604048363145 -0.00751114428116 0.00106188083683 0.472638182438 1 1 1 1 1 1 1 1 1 1 1 1 1 1 1
196 2352 -0.606224860258 -0.0175786842074 0.000530008263243 0.457092132675 1 1 1 1 1 1 1 1 1 1 1 1 1 1 1
197 2364 -0.612571869125 -0.00606508512317 0.00832856498359 0.474618512351 1 1 1 1 1 1 1 1 1 1 1 1 1 1 1
198 2376 -0.595066645444 -0.000683827270691 0.00998637864718 0.462450034925 1 1 1 1 1 1 1 1 1 1 1 1 1 1 1
199 2388 -0.596051374584 -0.00280132285812 0.00622430032949 0.466543578413 1 1 1 1 1 1 1 1 1 1 1 1 1 1 1
200 2400 -0.589051216538 -0.000171557309989 0.00460318367493 0.46091335694 1 1 1 1 1 1 1 1 1 1 1 1 1 1 1
201 2412 -0.592903974362 -0.00509307356022 0.0063488883648 0.470237746614 1 1 1 1 1 1 1 1 1 1 1 1 1 1 1
202 2424 -0.585141115755 -0.00494724382619 0.00920558994266 0.465814000883 1 1 1 1 1 1 1 1 1 1 1 1 1 1 1
203 2436 -0.573896770268 -0.00562447081292 0.00324326576244 0.461334736353 1 1 1 1 1 1 1 1 1 1 1 1 1 1 1
204 2448 -0.565778594626 -0.00125415679496 0.00368514711854 0.453400160874 1 1 1 1 1 1 1 1 1 1 1 1 1 1 1
205 2460 -0.557166526153 -0.00625442216344 0.00974333097667 0.450751515397 1 1 1 1 1 1 1 1 1 1 1 1 1 1 1
206 2472 -0.543864786385 -0.00790646609025 0.00550954099855 0.455226320006 1 1 1 1 1 1 1 1 1 1 1 1 1 1 1
207 2484 -0.539514203569 -0.00431690671054 0.00294631343774 0.44099366008 1 1 1 1 1 1 1 1 1 1 1 1 1 1 1
208 2496 -0.530960915934 -0.00547623263372 0.00638654415782 0.42982760971 1 1 1 1 1 1 1 1 1 1 1 1 1 1 1
209 2508 -0.51415338474 -0.0117153906347 0.00879046531623 0.42653037155 1 1 1 1 1 1 1 1 1 1 1 1 1 1 1
210 2520 -0.509832804178 -0.00133676686831 0.00132833714346 0.428777677506 1 1 1 1 1 1 1 1 1 1 1 1 1 1 1
211 2532 -0.51843062736 -0.00419212242103 0.00530929197026 0.435675903006 1 1 1 1 1 1 1 1 1 1 1 1 1 1 1
212 2544 -0.51241626519 -0.000960026456426 0.010566115275 0.431053040971 1 1 1 1 1 1 1 1 1 1 1 1 1 1 1
213 2556 -0.527048970879 -0.00642534792021 0.00142782044329 0.42224838853 1 1 1 1 1 1 1 1 1 1 1 1 1 1 1
214 2568 -0.530962174731 -0.00269530074833 0.0056598169945 0.431255898686 1 1 1 1 1 1 1 1 1 1 1 1 1 1 1
215 2580 -0.528232577023 -0.00536055365505 0.0013242465251 0.43222959294 1 1 1 1 1 1 1 1 1 1 1 1 1 1 1
216 2592 -0.549303391174 -0.000262272409123 0.00249037525601 0.4480833268 1 1 1 1 1 1 1 1 1 1 1 1 1 1 1
217 2604 -0.568518103476 -0.00485840306424 0.00261963275165 0.452204876887 1 1 1 1 1 1 1 1 1 1 1 1 1 1 1
218 2616 -0.566886675155 -0.00943475710326 0.00500785241256 0.454335857163 1 1 1 1 1 1 1 1 1 1 1 1 1 1 1
219 2628 -0.574222543381 -0.0073741407162 0.00605552656516 0.455047846622 1 1 1 1 1 1 1 1 1 1 1 1 1 1 1
220 2640 -0.592506655161 -0.00097283356025 0.00559863327009 0.460641428316 1 1 1 1 1 1 1 1 1 1 1 1 1 1 1
221 2652 -0.609685540979 -0.00841110234882 0.0144629305289 0.475825144782 1 1 1 1 1 1 1 1 1 1 1 1 1 1 1
222 2664 -0.609253436465 -0.00734381330613 0.00336650333837 0.483355009611 1 1 1 1 1 1 1 1 1 1 1 1 1 1 1
223 2676 -0.61413391498 -0.000407027763607 0.00482607426736 0.469642469819 1 1 1 1 1 1 1 1 1 1 1 1 1 1 1
224 2688 -0.614709344942 -0.00262234782515 0.00155277289625 0.461665595526 1 1 1 1 1 1 1 1 1 1 1 1 1 1 1
225 2700 -0.629417823762 -0.0035894620171 0.00336401700535 0.466565093575 1 1 1 1 1 1 1 1 1 1 1 1 1 1 1
226 2712 -0.631000235264 -0.000551440788632 0.0172513630845 0.483005321662 1 1 1 1 1 1 1 1 1 1 1 1 1 1 1
227 2724 -0.620944044368 -0.000678792140528 0.00279466547039 0.468973510519 1 1 1 1 1 1 1 1 1 1 1 1 1 1 1
228 2736 -0.634564818423 -0.0025050578171 0.00348302021075 0.471721303879 1 1 1 1 1 1 1 1 1 1 1 1 1 1 1
229 2748 -0.640091975964 -0.00203709679094 0.0125759555955 0.448501503844 1 1 1 1 1 1 1 1 1 1 1 1 1 1 1
230 2760 -0.634082576814 -0.00322560059783 0.00979610682932 0.449843895702 1 1 1 1 1 1 1 1 1 1 1 1 1 1 1
231 2772 -0.632614113834 -0.0100218455903 0.00823670417389 0.437672307776 1 1 1 1 1 1 1 1 1 1 1 1 1 1 1
232 2784 -0.622447741749 -0.00474311263998 0.0133979799456 0.452620483175 1 1 1 1 1 1 1 1 1 1 1 1 1 1 1
233 2796 -0.610848578178 -0.0125225072298 0.00557110674418 0.455572848816 1 1 1 1 1 1 1 1 1 1 1 1 1 1 1
234 2808 -0.611530248784 -0.000327214508878 0.00529109932229 0.466982552725 1 1 1 1 1 1 1 1 1 1 1 1 1 1 1
235 2820 -0.603037309763 -0.00282322340154 6.97044605255e-05 0.473438015898 1 1 1 1 1 1 1 1 1 1 1 1 1 1 1
236 2832 -0.599127391637 -0.000351971834448 0.0071130019435 0.461131144378 1 1 1 1 1 1 1 1 1 1 1 1 1 1 1
237 2844 -0.594662519936 -2.49059401343e-05 0.00396799429644 0.470696722259 1 1 1 1 1 1 1 1 1 1 1 1 1 1 1
238 2856 -0.604917392977 -0.00680871440073 0.000562475026133 0.457341413531 1 1 1 1 1 1 1 1 1 1 1 1 1 1 1
239 2868 -0.588068051121 -0.00207471735319 0.00179308859311 0.467944862805 1 1 1 1 1 1 1 1 1 1 1 1 1 1 1
240 2880 -0.580346039947 -0.00509353660148 0.000832942868152 0.466118303615 1 1 1 1 1 1 1 1 1 1 1 1 1 1 1
241 2892 -0.58766798511 -0.00234361249453 0.00207331087764 0.4621166164 1 1 1 1 1 1 1 1 1 1 1 1 1 1 1
242 2904 -0.5890744773 -0.00298072107064 0.00104099143132 0.468451219443 1 1 1 1 1 1 1 1 1 1 1 1 1 1 1
243 2916 -0.590702854414 -0.00189338771786 0.00683166505581 0.467935535426 1 1 1 1 1 1 1 1 1 1 1 1 1 1 1
244 2928 -0.581076108274 -0.00318690363784 0.006340111631 0.471628502494 1 1 1 1 1 1 1 1 1 1 1 1 1 1 1
245 2940 -0.585217635839 -0.00492641825673 0.0163312969403 0.482766767216 1 1 1 1 1 1 1 1 1 1 1 1 1 1 1
246 2952 -0.573279193089 -0.00391920807618 0.00686371592394 0.491187342879 1 1 1 1 1 1 1 1 1 1 1 1 1 1 1
247 2964 -0.571939213099 -0.00126035635351 0.00562027865433 0.506841438702 1 1 1 1 1 1 1 1 1 1 1 1 1 1 1
248 2976 -0.574169372003 -0.00884976282992 0.00969887032374 0.539547197594 1 1 1 1 1 1 1 1 1 1 1 1 1 1 1
249 2988 -0.571695615859 -0.00019149329868 0.00504252429692 0.551281069033 1 1 1 1 1 1 1 1 1 1 1 1 1 1 1
250 3000 -0.563221140687 -0.0054980535708 0.00350827676954 0.54434600157 1 1 1 1 1 1 1 1 1 1 1 1 1 1 1
251 3012 -0.558163564267 -0.00338084075182 0.0114891894213 0.575933292889 1 1 1 1 1 1 1 1 1 1 1 1 1 1 1
252 3024 -0.557175499625 -0.0044318644305 0.00374809396776 0.582783973911 1 1 1 1 1 1 1 1 1 1 1 1 1 1 1
253 3036 -0.554978821238 -0.00461633854633 2.59915314669e-05 0.588828003265 1 1 1 1 1 1 1 1 1 1 1 1 1 1 1
254 3048 -0.544652911873 -0.00263690288701 0.00652412267222 0.578054724576 1 1 1 1 1 1 1 1 1 1 1 1 1 1 1
255 3060 -0.543959609186 -0.00702735658795 0.00437205579305 0.565833801943 1 1 1 1 1 1 1 1 1 1 1 1 1 1 1
256 3072 -0.551627365078 -0.00173259041163 0.0119495408251 0.566143113848 1 1 1 1 1 1 1 1 1 1 1 1 1 1 1
257 3084 -0.557601998556 -0.000489912710238 0.00240475414334 0.573164033483 1 1 1 1 1 1 1 1 1 1 1 1 1 1 1
258 3096 -0.574304824028 -0.000116260419335 0.00449662566441 0.552210595312 1 1 1 1 1 1 1 1 1 1 1 1 1 1 1
259 3108 -0.590587142774 -0.0191245445477 0.00325117881191 0.550169354955 1 1 1 1 1 1 1 1 1 1 1 1 1 1 1
260 3120 -0.594797627409 -0.0262072044664 0.0036365800045 0.562928842804 1 1 1 1 1 1 1 1 1 1 1 1 1 1 1
261 3132 -0.57708801183 -0.00580102723859 0.00151050276489 0.579676540351 1 1 1 1 1 1 1 1 1 1 1 1 1 1 1
262 3144 -0.582162834497 -0.0111454346413 0.00667622246724 0.587008845207 1 1 1 1 1 1 1 1 1 1 1 1 1 1 1
263 3156 -0.595695301018 -0.000289861296665 0.00616488421593 0.569340846735 1 1 1 1 1 1 1 1 1 1 1 1 1 1 1
264 3168 -0.612921570568 -0.00438333167961 0.0025373401822 0.578697350276 1 1 1 1 1 1 1 1 1 1 1 1 1 1 1
265 3180 -0.599227537401 -0.00322408384556 0.00944855080525 0.588619544814 1 1 1 1 1 1 1 1 1 1 1 1 1 1 1
266 3192 -0.603946654804 -0.0128383171607 0.0039883182527 0.583237821569 1 1 1 1 1 1 1 1 1 1 1 1 1 1 1
267 3204 -0.59703055406 -0.0121520460575 0.00592793741392 0.595643646813 1 1 1 1 1 1 1 1 1 1 1 1 1 1 1
268 3216 -0.596179508971 -0.00655430970604 0.00592857900579 0.602823075033 1 1 1 1 1 1 1 1 1 1 1 1 1 1 1
269 3228 -0.602066651165 -0.0110762571619 0.0111872378454 0.592126195854 1 1 1 1 1 1 1 1 1 1 1 1 1 1 1
270 3240 -0.609762447681 -0.00238328308583 0.0189793742067 0.581265824321 1 1 1 1 1 1 1 1 1 1 1 1 1 1 1
271 3252 -0.605122943146 -0.0144863319408 0.00451209455377 0.575102356637 1 1 1 1 1 1 1 1 1 1 1 1 1 1 1
272 3264 -0.60989540814 -0.012457114495 0.00486143588592 0.581508425101 1 1 1 1 1 1 1 1 1 1 1 1 1 1 1
273 3276 -0.610787579384 -0.0149069367037 0.00373207071989 0.604397511885 1 1 1 1 1 1 1 1 1 1 1 1 1 1 1
274 3288 -0.612913462161 -0.00508435465233 0.00274601809715 0.609993740587 1 1 1 1 1 1 1 1 1 1 1 1 1 1 1
275 3300 -0.610987419754 -0.00515933601272 0.00136368899189 0.616117459391 1 1 1 1 1 1 1 1 1 1 1 1 1 1 1
276 3312 -0.612073055409 -0.0138174329555 0.000539791336879 0.614030325735 1 1 1 1 1 1 1 1 1 1 1 1 1 1 1
277 3324 -0.610895335912 -0.00458597843187 0.00368419455915 0.615065093015 1 1 1 1 1 1 1 1 1 1 1 1 1 1 1
278 3336 -0.607245785909 -0.013046223848 0.00726575754982 0.619225515185 1 1 1 1 1 1 1 1 1 1 1 1 1 1 1
279 3348 -0.600636906255 -0.015379353203 0.00265124725053 0.613206131713 1 1 1 1 1 1 1 1 1 1 1 1 1 1 1
280 3360 -0.598779431055 -0.00107375393169 0.00770608377799 0.628184827587 1 1 1 1 1 1 1 1 1 1 1 1 1 1 1
281 3372 -0.602646582825 -0.0102028051981 0.00700888469464 0.638894254351 1 1 1 1 1 1 1 1 1 1 1 1 1 1 1
282 3384 -0.588763706221 -0.000953805938814 0.0235520092188 0.630701598348 1 1 1 1 1 1 1 1 1 1 1 1 1 1 1
283 3396 -0.580387462598 -0.0151272565686 0.000531508579862 0.634373762483 1 1 1 1 1 1 1 1 1 1 1 1 1 1 1
284 3408 -0.564363911985 -0.00668592928095 0.000793694768115 0.616575981406 1 1 1 1 1 1 1 1 1 1 1 1 1 1 1
285 3420 -0.555830994052 -0.00104827367577 0.01904602567 0.603106633986 1 1 1 1 1 1 1 1 1 1 1 1 1 1 1
286 3432 -0.571331844783 -0.00378771540227 0.0110043940252 0.598831770338 1 1 1 1 1 1 1 1 1 1 1 1 1 1 1
287 3444 -0.575823956345 -0.00286567247866 0.00194166798876 0.592191449709 1 1 1 1 1 1 1 1 1 1 1 1 1 1 1
288 3456 -0.574608083957 -0.00526645798807 0.00271639007024 0.596165686884 1 1 1 1 1 1 1 1 1 1 1 1 1 1 1
289 3468 -0.57424944909 -0.00046851997614 0.0180956213919 0.595035055937 1 1 1 1 1 1 1 1 1 1 1 1 1 1 1
290 3480 -0.575261936823 -0.000575406221478 0.000397924433318 0.603852510431 1 1 1 1 1 1 1 1 1 1 1 1 1 1 1
291 3492 -0.563448649849 -0.00569268815304 0.000361155612269 0.601893170057 1 1 1 1 1 1 1 1 1 1 1 1 1 1 1
292 3504 -0.557196137659 -0.000331181822493 0.000147189968448 0.609806942573 1 1 1 1 1 1 1 1 1 1 1 1 1 1 1
293 3516 -0.55419445833 -0.0199633624723 0.00376733284764 0.614500816215 1 1 1 1 1 1 1 1 1 1 1 1 1 1 1
294 3528 -0.552732775945 -0.00314899215492 0.0069518984609 0.619805401522 1 1 1 1 1 1 1 1 1 1 1 1 1 1 1
295 3540 -0.569141090635 -0.00354765071835 0.00189320828761 0.63048161363 1 1 1 1 1 1 1 1 1 1 1 1 1 1 1
296 3552 -0.588587692976 -0.00109173680046 0.00363251770234 0.61819442599 1 1 1 1 1 1 1 1 1 1 1 1 1 1 1
297 3564 -0.584580571171 -0.00436709071728 0.00624553803366 0.616376930278 1 1 1 1 1 1 1 1 1 1 1 1 1 1 1
298 3576 -0.585962137743 -0.00465718528497 0.00300413819351 0.623497852213 1 1 1 1 1 1 1 1 1 1 1 1 1 1 1
299 3588 -0.578200284461 -0.0114432098466 0.00239244895555 0.633252859459 1 1 1 1 1 1 1 1 1 1 1 1 1 1 1
300 3600 -0.57740261248 -0.00455652826617 0.00321612638089 0.640167917977 1 1 1 1 1 1 1 1 1 1 1 1 1 1 1
301 3612 -0.569667600639 -0.0131011415 0.00850702630736 0.649245500436 1 1 1 1 1 1 1 1 1 1 1 1 1 1 1
302 3624 -0.573999926994 -0.00750387772311 0.00230763453504 0.652552483 1 1 1 1 1 1 1 1 1 1 1 1 1 1 1
303 3636 -0.567582058179 -0.00142950755314 7.81859505704e-05 0.658274700729 1 1 1 1 1 1 1 1 1 1 1 1 1 1 1
304 3648 -0.561625381468 -0.00286635242127 0.00248944417444 0.658669520518 1 1 1 1 1 1 1 1 1 1 1 1 1 1 1
305 3660 -0.561379347074 -0.000800118099273 0.00620678773148 0.665723233878 1 1 1 1 1 1 1 1 1 1 1 1 1 1 1
306 3672 -0.552991367575 -0.00486383147382 0.00362397501425 0.660332749431 1 1 1 1 1 1 1 1 1 1 1 1 1 1 1
307 3684 -0.553451463003 -0.00026587447935 0.0116826922534 0.65805328323 1 1 1 1 1 1 1 1 1 1 1 1 1 1 1
308 3696 -0.553456711296 -0.00301903040229 0.00187157629111 0.652802890525 1 1 1 1 1 1 1 1 1 1 1 1 1 1 1
309 3708 -0.530188142145 -0.0129980243381 0.00239983684011 0.648548148353 1 1 1 1 1 1 1 1 1 1 1 1 1 1 1
310 3720 -0.541816592771 -0.000568435675796 0.00184802265712 0.63678610698 1 1 1 1 1 1 1 1 1 1 1 1 1 1 1
311 3732 -0.553926176649 -0.0114222695086 0.00521943263542 0.623485727331 1 1 1 1 1 1 1 1 1 1 1 1 1 1 1
312 3744 -0.570643311974 -0.00359367273876 0.00470747832411 0.609710529023 1 1 1 1 1 1 1 1 1 1 1 1 1 1 1
313 3756 -0.597119527585 -0.0040148043143 0.00696303948365 0.601024197173 1 1 1 1 1 1 1 1 1 1 1 1 1 1 1
314 3768 -0.599815414143 -0.0147695352152 0.000146851924247 0.596167814491 1 1 1 1 1 1 1 1 1 1 1 1 1 1 1
315 3780 -0.606665843415 -0.00019041706181 0.00601127025704 0.58740933348 1 1 1 1 1 1 1 1 1 1 1 1 1 1 1
316 3792 -0.596860227608 -0.00252857486969 0.0101668114411 0.581564469054 1 1 1 1 1 1 1 1 1 1 1 1 1 1 1
317 3804 -0.601671342504 -0.00110211761457 0.0002637554174 0.583589853439 1 1 1 1 1 1 1 1 1 1 1 1 1 1 1
318 3816 -0.602867061127 -0.00207213551495 0.000959676716696 0.595841804977 1 1 1 1 1 1 1 1 1 1 1 1 1 1 1
319 3828 -0.609899153367 -0.00350003002057 0.00158826430034 0.594620799894 1 1 1 1 1 1 1 1 1 1 1 1 1 1 1
320 3840 -0.599755153763 -0.000332258243862 0.029806891272 0.586769162431 1 1 1 1 1 1 1 1 1 1 1 1 1 1 1
321 3852 -0.586422536272 -0.00205888856706 0.0172227025474 0.580792227423 1 1 1 1 1 1 1 1 1 1 1 1 1 1 1
322 3864 -0.587359640982 -0.00957563793616 0.00116929749917 0.58529114476 1 1 1 1 1 1 1 1 1 1 1 1 1 1 1
323 3876 -0.597042834469 -8.04594135233e-05 0.00761460998282 0.584680907851 1 1 1 1 1 1 1 1 1 1 1 1 1 1 1
324 3888 -0.605365096931 -0.00111666413845 0.00580033704447 0.590824474796 1 1 1 1 1 1 1 1 1 1 1 1 1 1 1
325 3900 -0.599430450093 -0.00984806659458 0.0101385699183 0.599587141687 1 1 1 1 1 1 1 1 1 1 1 1 1 1 1
326 3912 -0.601699631388 -0.00111350927317 0.00914916132079 0.592524536245 1 1 1 1 1 1 1 1 1 1 1 1 1 1 1
327 3924 -0.607431072247 -0.000859026083395 0.00944590208205 0.59437166128 1 1 1 1 1 1 1 1 1 1 1 1 1 1 1
328 3936 -0.612940574343 -0.00906966643517 0.00337958385065 0.597548439372 1 1 1 1 1 1 1 1 1 1 1 1 1 1 1
329 3948 -0.606164996727 -0.00287832814579 0.00177662597947 0.609578018299 1 1 1 1 1 1 1 1 1 1 1 1 1 1 1
330 3960 -0.613535964624 -0.00382911074452 0.00794926345867 0.600313883111 1 1 1 1 1 1 1 1 1 1 1 1 1 1 1
331 3972 -0.616404602452 -0.00377292795774 0.00377101333187 0.597658253609 1 1 1 1 1 1 1 1 1 1 1 1 1 1 1
332 3984 -0.613308014249 -0.00394054652717 0.000463747340989 0.595200255261 1 1 1 1 1 1 1 1 1 1 1 1 1 1 1
333 3996 -0.615302578599 -0.000152505040568 0.00905284409601 0.595917698638 1 1 1 1 1 1 1 1 1 1 1 1 1 1 1
334 4008 -0.626750301833 -0.00417686209869 0.00110655728 0.592805412846 1 1 1 1 1 1 1 1 1 1 1 1 1 1 1
335 4020 -0.641624284286 -0.000984168448783 0.00309886584367 0.581619142924 1 1 1 1 1 1 1 1 1 1 1 1 1 1 1
336 4032 -0.653721453616 -0.00306454350675 0.00277526001409 0.574370181372 1 1 1 1 1 1 1 1 1 1 1 1 1 1 1
337 4044 -0.660997309037 -0.00130176546405 0.0151929577657 0.573123130202 1 1 1 1 1 1 1 1 1 1 1 1 1 1 1
338 4056 -0.656612215002 -0.0242637635672 0.00283583916836 0.583724509839 1 1 1 1 1 1 1 1 1 1 1 1 1 1 1
339 4068 -0.660780665301 -0.0177644521948 0.0184926222431 0.587750141428 1 1 1 1 1 1 1 1 1 1 1 1 1 1 1
340 4080 -0.668761212752 -0.0162547962265 0.0196701634909 0.599718763598 1 1 1 1 1 1 1 1 1 1 1 1 1 1 1
341 4092 -0.676069333816 -0.00381725787526 0.00206276960495 0.585641131556 1 1 1 1 1 1 1 1 1 1 1 1 1 1 1
342 4104 -0.683298086135 -0.000636518703973 0.000294265479181 0.569906579779 1 1 1 1 1 1 1 1 1 1 1 1 1 1 1
343 4116 -0.687034960177 -0.000161807372099 0.00518159694812 0.578460466532 1 1 1 1 1 1 1 1 1 1 1 1 1 1 1
344 4128 -0.678803005108 -0.00492332751896 0.00407851783177 0.582881641342 1 1 1 1 1 1 1 1 1 1 1 1 1 1 1
345 4140 -0.677368699898 -0.00224012545283 0.00434192215356 0.599986050183 1 1 1 1 1 1 1 1 1 1 1 1 1 1 1
346 4152 -0.679508692589 -0.0114024101799 0.00887962104535 0.596026083007 1 1 1 1 1 1 1 1 1 1 1 1 1 1 1
347 4164 -0.695453840925 -0.00275332371407 0.00447468905604 0.592910767293 1 1 1 1 1 1 1 1 1 1 1 1 1 1 1
348 4176 -0.702843326962 -0.0131634567267 0.00204753334713 0.600802666391 1 1 1 1 1 1 1 1 1 1 1 1 1 1 1
349 4188 -0.703150398806 -0.00313119007501 0.0142842099913 0.615979475401 1 1 1 1 1 1 1 1 1 1 1 1 1 1 1
350 4200 -0.701174346903 -0.00712372379112 0.0268701429584 0.60851386285 1 1 1 1 1 1 1 1 1 1 1 1 1 1 1
351 4212 -0.703664861564 -0.000198433787728 0.0269911068321 0.60378869557 1 1 1 1 1 1 1 1 1 1 1 1 1 1 1
352 4224 -0.700028296778 -0.00435497815256 0.00622504775884 0.597239773401 1 1 1 1 1 1 1 1 1 1 1 1 1 1 1
353 4236 -0.706531389119 -0.000125711679077 0.000934204986393 0.588018420915 1 1 1 1 1 1 1 1 1 1 1 1 1 1 1
354 4248 -0.699895828386 -0.000159129032237 0.00592867021156 0.587344649929 1 1 1 1 1 1 1 1 1 1 1 1 1 1 1
355 4260 -0.713879027109 -0.00850653435508 0.00193049540302 0.586108762352 1 1 1 1 1 1 1 1 1 1 1 1 1 1 1
356 4272 -0.709510723433 -0.00231123478481 0.00773147606403 0.578746044694 1 1 1 1 1 1 1 1 1 1 1 1 1 1 1
357 4284 -0.708522806722 -0.00157499581771 0.00551478819203 0.589329373804 1 1 1 1 1 1 1 1 1 1 1 1 1 1 1
358 4296 -0.720865874242 -0.00604758436943 0.000861152710441 0.579010034169 1 1 1 1 1 1 1 1 1 1 1 1 1 1 1
359 4308 -0.710893690195 -0.00533841593956 0.00621670916293 0.572666282163 1 1 1 1 1 1 1 1 1 1 1 1 1 1 1
360 4320 -0.698461461957 -0.00156998703596 0.00105751671315 0.570798743614 1 1 1 1 1 1 1 1 1 1 1 1 1 1 1
361 4332 -0.691932718157 -0.000375216298506 0.00105150688743 0.567854840297 1 1 1 1 1 1 1 1 1 1 1 1 1 1 1
362 4344 -0.695889100219 -0.00627462536088 0.0136055089796 0.556434713431 1 1 1 1 1 1 1 1 1 1 1 1 1 1 1
363 4356 -0.69863711927 -0.00617611261895 0.00443444043046 0.561218818582 1 1 1 1 1 1 1 1 1 1 1 1 1 1 1
364 4368 -0.701794715114 -0.00159292996259 0.000795005382222 0.560523961917 1 1 1 1 1 1 1 1 1 1 1 1 1 1 1
365 4380 -0.699447728966 -0.00990088206098 0.00421027370385 0.563377816436 1 1 1 1 1 1 1 1 1 1 1 1 1 1 1
366 4392 -0.700141825699 -0.000564008841153 0.00538070043992 0.573925945591 1 1 1 1 1 1 1 1 1 1 1 1 1 1 1
367 4404 -0.700026807943 -0.000165249928117 0.00207160249861 0.557605287091 1 1 1 1 1 1 1 1 1 1 1 1 1 1 1
368 4416 -0.697365182658 -0.00447840555732 0.00561460697405 0.553477574688 1 1 1 1 1 1 1 1 1 1 1 1 1 1 1
369 4428 -0.710219013725 -0.00553889760147 0.0117364986538 0.576998522096 1 1 1 1 1 1 1 1 1 1 1 1 1 1 1
370 4440 -0.707624473246 -0.00236369298462 0.00394312868249 0.5767939207 1 1 1 1 1 1 1 1 1 1 1 1 1 1 1
371 4452 -0.708036006187 -0.00494049996928 0.00962466243914 0.557208822245 1 1 1 1 1 1 1 1 1 1 1 1 1 1 1
372 4464 -0.706172596566 -0.000877210566046 0.0166583704084 0.55058094133 1 1 1 1 1 1 1 1 1 1 1 1 1 1 1
373 4476 -0.709210439913 -0.0070512976064 0.00819504314024 0.533065693444 1 1 1 1 1 1 1 1 1 1 1 1 1 1 1
374 4488 -0.708812066172 -0.00628662035949 0.0206272308322 0.546352215651 1 1 1 1 1 1 1 1 1 1 1 1 1 1 1
375 4500 -0.710596654236 -0.0170207517978 0.00488172170084 0.555565110175 1 1 1 1 1 1 1 1 1 1 1 1 1 1 1
376 4512 -0.688998716166 -0.0286096005395 0.00879269407116 0.555128435537 1 1 1 1 1 1 1 1 1 1 1 1 1 1 1
377 4524 -0.686093073029 -0.00388492162531 0.00511640365946 0.574924137864 1 1 1 1 1 1 1 1 1 1 1 1 1 1 1
378 4536 -0.690704663249 -0.000998105894058 0.00538865460831 0.590842382586 1 1 1 1 1 1 1 1 1 1 1 1 1 1 1
379 4548 -0.702556797598 -0.00244714333085 0.00202120329549 0.587383082587 1 1 1 1 1 1 1 1 1 1 1 1 1 1 1
380 4560 -0.705495789145 -0.0133557931807 0.000606315845477 0.594776010393 1 1 1 1 1 1 1 1 1 1 1 1 1 1 1
381 4572 -0.712733032633 -0.00759187944117 0.00593569103115 0.591824230889 1 1 1 1 1 1 1 1 1 1 1 1 1 1 1
382 4584 -0.716247812055 -0.00489532759571 0.00970877477671 0.601246152759 1 1 1 1 1 1 1 1 1 1 1 1 1 1 1
383 4596 -0.711180932602 -0.000453771783655 0.000889115566232 0.5963202757 1 1 1 1 1 1 1 1 1 1 1 1 1 1 1
384 4608 -0.71530162629 -0.0100805843082 0.00453715333317 0.593672392633 1 1 1 1 1 1 1 1 1 1 1 1 1 1 1
385 4620 -0.708404476403 -0.00147056738504 0.00920476307279 0.589597645812 1 1 1 1 1 1 1 1 1 1 1 1 1 1 1
386 4632 -0.714038927507 -0.00856815171447 0.00714247146275 0.591379816398 1 1 1 1 1 1 1 1 1 1 1 1 1 1 1
387 4644 -0.709150134745 -0.000437835132865 0.0118527301523 0.598722009171 1 1 1 1 1 1 1 1 1 1 1 1 1 1 1
388 4656 -0.69943502467 -0.000190913158775 0.0128470696185 0.612685205246 1 1 1 1 1 1 1 1 1 1 1 1 1 1 1
389 4668 -0.696828583724 -0.0109699822691 0.00631372711975 0.61471048559 1 1 1 1 1 1 1 1 1 1 1 1 1 1 1
390 4680 -0.696377306073 -0.000915666285852 0.00694378826041 0.621478068172 1 1 1 1 1 1 1 1 1 1 1 1 1 1 1
391 4692 -0.699065470173 -0.00601960543181 0.00163883612915 0.617143093168 1 1 1 1 1 1 1 1 1 1 1 1 1 1 1
392 4704 -0.696158494086 -0.0132827634891 0.00104061611968 0.613689483763 1 1 1 1 1 1 1 1 1 1 1 1 1 1 1
393 4716 -0.69245921383 -0.0011158949797 0.000737182219214 0.615710922956 1 1 1 1 1 1 1 1 1 1 1 1 1 1 1
394 4728 -0.695906060637 -0.00347757256035 0.00588942980418 0.619144365645 1 1 1 1 1 1 1 1 1 1 1 1 1 1 1
395 4740 -0.696665791714 -0.00263606988712 0.00684162248432 0.624652491992 1 1 1 1 1 1 1 1 1 1 1 1 1 1 1
396 4752 -0.694804548371 -0.00357464056369 0.000981364699486 0.633848006525 1 1 1 1 1 1 1 1 1 1 1 1 1 1 1
397 4764 -0.697329742969 -0.006531467639 0.00672655451308 0.628722903131 1 1 1 1 1 1 1 1 1 1 1 1 1 1 1
398 4776 -0.698287956686 -0.00609948022003 0.00793727357249 0.643019895463 1 1 1 1 1 1 1 1 1 1 1 1 1 1 1
399 4788 -0.696026759965 -0.00209044931794 0.00853034202025 0.641442999195 1 1 1 1 1 1 1 1 1 1 1 1 1 1 1
400 4800 -0.69921276488 -0.00679649696259 0.00289619035476 0.645239174059 1 1 1 1 1 1 1 1 1 1 1 1 1 1 1
401 4812 -0.696693080183 -0.0167310632465 0.0016017680641 0.642244539764 1 1 1 1 1 1 1 1 1 1 1 1 1 1 1
402 4824 -0.694187157836 -0.0152529436446 0.00280108692505 0.649324897635 1 1 1 1 1 1 1 1 1 1 1 1 1 1 1
403 4836 -0.697459760604 -0.0238676289445 0.00230864622095 0.657173477191 1 1 1 1 1 1 1 1 1 1 1 1 1 1 1
404 4848 -0.683396997616 -0.00247841590196 0.00315803044351 0.652835680981 1 1 1 1 1 1 1 1 1 1 1 1 1 1 1
405 4860 -0.693493701321 -0.000722381068527 0.0124239980666 0.652633827862 1 1 1 1 1 1 1 1 1 1 1 1 1 1 1
406 4872 -0.692102460816 -0.00108421952279 0.00369348284704 0.644858514373 1 1 1 1 1 1 1 1 1 1 1 1 1 1 1
407 4884 -0.68623417075 -0.000369744975462 0.00399222196839 0.646641970376 1 1 1 1 1 1 1 1 1 1 1 1 1 1 1
408 4896 -0.677584140029 -0.0132521265147 0.00487506176968 0.654219120173 1 1 1 1 1 1 1 1 1 1 1 1 1 1 1
409 4908 -0.682618439166 -0.0312791164729 0.00826732622188 0.643266177315 1 1 1 1 1 1 1 1 1 1 1 1 1 1 1
410 4920 -0.679257130738 -0.00737714893851 0.00646975565796 0.645221764468 1 1 1 1 1 1 1 1 1 1 1 1 1 1 1
411 4932 -0.681886570631 -0.00840513290211 0.00554656237738 0.652243848685 1 1 1 1 1 1 1 1 1 1 1 1 1 1 1
412 4944 -0.678418051877 -0.00312319167663 0.00104956316087 0.646076991846 1 1 1 1 1 1 1 1 1 1 1 1 1 1 1
413 4956 -0.675832063392 -0.000997022503719 0.00124183950023 0.657136942985 1 1 1 1 1 1 1 1 1 1 1 1 1 1 1
414 4968 -0.669188092438 -0.0128660654156 0.00389659674694 0.65145474008 1 1 1 1 1 1 1 1 1 1 1 1 1 1 1
415 4980 -0.670069835096 -0.00087356284992 0.00391934677398 0.656351390569 1 1 1 1 1 1 1 1 1 1 1 1 1 1 1
416 4992 -0.675699564896 -0.0131178606827 4.26072203567e-05 0.656638550842 1 1 1 1 1 1 1 1 1 1 1 1 1 1 1
417 5004 -0.660962305594 -0.0126518127824 0.00596438370463 0.649146499683 1 1 1 1 1 1 1 1 1 1 1 1 1 1 1
418 5016 -0.66040644543 -0.000320999278031 0.00483749988913 0.651080052165 1 1 1 1 1 1 1 1 1 1 1 1 1 1 1
419 5028 -0.664970787843 -0.00609342400189 0.00167351465747 0.651167347296 1 1 1 1 1 1 1 1 1 1 1 1 1 1 1
420 5040 -0.67711375209 -0.0158863593729 0.00811218471044 0.665698281274 1 1 1 1 1 1 1 1 1 1 1 1 1 1 1
421 5052 -0.691330165984 -0.0019164425827 0.00325172526957 0.660792263387 1 1 1 1 1 1 1 1 1 1 1 1 1 1 1
422 5064 -0.695808157437 -0.00334268354224 0.0115330078753 0.666131495674 1 1 1 1 1 1 1 1 1 1 1 1 1 1 1
423 5076 -0.708177804599 -0.012819799545 0.00200759876118 0.667977267313 1 1 1 1 1 1 1 1 1 1 1 1 1 1 1
424 5088 -0.712828678729 -0.000203037304763 0.00104596498027 0.672634888137 1 1 1 1 1 1 1 1 1 1 1 1 1 1 1
425 5100 -0.713233473187 -0.00414507518431 0.000450629700686 0.659394056922 1 1 1 1 1 1 1 1 1 1 1 1 1 1 1
426 5112 -0.713501313633 -0.0051000330708 0.00498562320076 0.647027564261 1 1 1 1 1 1 1 1 1 1 1 1 1 1 1
427 5124 -0.712536502884 -0.000438702285821 0.000552308956294 0.655689362593 1 1 1 1 1 1 1 1 1 1 1 1 1 1 1
428 5136 -0.719707412593 -0.0246927983887 0.00232953652244 0.659412513565 1 1 1 1 1 1 1 1 1 1 1 1 1 1 1
429 5148 -0.726690449606 -0.014879785037 0.00394159274622 0.655426452277 1 1 1 1 1 1 1 1 1 1 1 1 1 1 1
430 5160 -0.724370789895 -0.00969078614951 0.00576948649339 0.667247794735 1 1 1 1 1 1 1 1 1 1 1 1 1 1 1
431 5172 -0.722311961367 -0.00974642065443 0.00143002096223 0.658076610032 1 1 1 1 1 1 1 1 1 1 1 1 1 1 1
432 5184 -0.722637451861 -3.7315415502e-05 0.00249394352956 0.642757348374 1 1 1 1 1 1 1 1 1 1 1 1 1 1 1
433 5196 -0.71762858933 -0.00052471199239 0.000416581259318 0.644576653504 1 1 1 1 1 1 1 1 1 1 1 1 1 1 1
434 5208 -0.706848603337 -0.00629358287337 0.00964617997816 0.640994228067 1 1 1 1 1 1 1 1 1 1 1 1 1 1 1
435 5220 -0.711469250753 -0.00120374952304 0.00195081710459 0.634761958137 1 1 1 1 1 1 1 1 1 1 1 1 1 1 1
436 5232 -0.706262390479 -0.0222095319334 0.00786286075851 0.645662263772 1 1 1 1 1 1 1 1 1 1 1 1 1 1 1
437 5244 -0.706069887712 -0.000231596026359 0.00299281892104 0.650274630191 1 1 1 1 1 1 1 1 1 1 1 1 1 1 1
438 5256 -0.716610440679 -0.00413718210996 0.0178284250901 0.646224036163 1 1 1 1 1 1 1 1 1 1 1 1 1 1 1
439 5268 -0.71811754725 -6.37186301965e-05 0.0252425018177 0.64145059587 1 1 1 1 1 1 1 1 1 1 1 1 1 1 1
440 5280 -0.704360428595 -0.0190010534361 0.000660935584982 0.677029062068 1 1 1 1 1 1 1 1 1 1 1 1 1 1 1
441 5292 -0.691979709082 -0.0121211546932 0.0133753389317 0.680735290884 1 1 1 1 1 1 1 1 1 1 1 1 1 1 1
442 5304 -0.700279920857 -0.00360589971226 0.00371121588853 0.68039905638 1 1 1 1 1 1 1 1 1 1 1 1 1 1 1
443 5316 -0.689647714316 -0.0157633535937 0.00764580028045 0.683794214367 1 1 1 1 1 1 1 1 1 1 1 1 1 1 1
444 5328 -0.691529473428 -0.0100817766447 0.00762028384943 0.672245398818 1 1 1 1 1 1 1 1 1 1 1 1 1 1 1
445 5340 -0.705441749553 -0.015969081078 0.00164216343971 0.668008466676 1 1 1 1 1 1 1 1 1 1 1 1 1 1 1
446 5352 -0.717810404933 -0.0040230466324 0.00953622921154 0.656939399305 1 1 1 1 1 1 1 1 1 1 1 1 1 1 1
447 5364 -0.709061551232 -0.00211793784599 0.0222751381537 0.657027055242 1 1 1 1 1 1 1 1 1 1 1 1 1 1 1
448 5376 -0.712778245401 -0.00544578179059 0.00538927977636 0.634424906584 1 1 1 1 1 1 1 1 1 1 1 1 1 1 1
449 5388 -0.715146553558 -0.00225381256617 0.0239515268204 0.644586502097 1 1 1 1 1 1 1 1 1 1 1 1 1 1 1
450 5400 -0.708474597538 -0.0189878925286 0.00517302840745 0.627210231487 1 1 1 1 1 1 1 1 1 1 1 1 1 1 1
451 5412 -0.719316621004 -0.0135040792517 0.00304947723968 0.617169081243 1 1 1 1 1 1 1 1 1 1 1 1 1 1 1
452 5424 -0.725602872691 -0.000261679975239 0.011816240329 0.609838148006 1 1 1 1 1 1 1 1 1 1 1 1 1 1 1
453 5436 -0.721907053314 -0.00753082533066 0.0050323059767 0.612669235034 1 1 1 1 1 1 1 1 1 1 1 1 1 1 1
454 5448 -0.718321679474 -0.0132732863228 0.0025659501976 0.612784407456 1 1 1 1 1 1 1 1 1 1 1 1 1 1 1
455 5460 -0.725704279261 -0.00906059038018 0.00990300847702 0.615747361389 1 1 1 1 1 1 1 1 1 1 1 1 1 1 1
456 5472 -0.725174081786 -0.000600057732837 0.00948530284022 0.613034993946 1 1 1 1 1 1 1 1 1 1 1 1 1 1 1
457 5484 -0.726876393221 -0.00635453807541 0.00687754154867 0.616077362612 1 1 1 1 1 1 1 1 1 1 1 1 1 1 1
458 5496 -0.727615554588 -0.00486901611303 0.0110241159634 0.613253793076 1 1 1 1 1 1 1 1 1 1 1 1 1 1 1
459 5508 -0.718520218012 -0.00885867394771 0.0016026631196 0.622506769801 1 1 1 1 1 1 1 1 1 1 1 1 1 1 1
460 5520 -0.717970643766 -0.000243526441545 0.00152841108346 0.632170779589 1 1 1 1 1 1 1 1 1 1 1 1 1 1 1
461 5532 -0.716614029335 -0.00853275655529 0.0010852021615 0.62168296298 1 1 1 1 1 1 1 1 1 1 1 1 1 1 1
462 5544 -0.718786760314 -0.00159903017018 0.0233147361225 0.610672956599 1 1 1 1 1 1 1 1 1 1 1 1 1 1 1
463 5556 -0.719699823045 -0.00317637581063 0.00987247789315 0.616047908851 1 1 1 1 1 1 1 1 1 1 1 1 1 1 1
464 5568 -0.715467427797 -0.00277951576797 0.00490148079755 0.598705468149 1 1 1 1 1 1 1 1 1 1 1 1 1 1 1
465 5580 -0.719293454375 -0.0100872670792 0.00336307066825 0.600970497824 1 1 1 1 1 1 1 1 1 1 1 1 1 1 1
466 5592 -0.719868318899 -0.00518190356818 0.000676483476658 0.607655092971 1 1 1 1 1 1 1 1 1 1 1 1 1 1 1
467 5604 -0.727151432971 -0.00587372133807 0.00400583094109 0.610331852399 1 1 1 1 1 1 1 1 1 1 1 1 1 1 1
468 5616 -0.720418623203 -0.00495394718074 0.00588561524675 0.616165657713 1 1 1 1 1 1 1 1 1 1 1 1 1 1 1
469 5628 -0.733778283668 -0.0187346402373 0.00317509198292 0.631572065765 1 1 1 1 1 1 1 1 1 1 1 1 1 1 1
470 5640 -0.732313437995 -0.016374616016 0.00469781064665 0.63193710953 1 1 1 1 1 1 1 1 1 1 1 1 1 1 1
471 5652 -0.750526881537 -0.00414324160837 0.00127633258074 0.634963330452 1 1 1 1 1 1 1 1 1 1 1 1 1 1 1
472 5664 -0.759293937257 -0.0119470997291 0.00350189186704 0.641120361371 1 1 1 1 1 1 1 1 1 1 1 1 1 1 1
473 5676 -0.762626816898 -0.00636591010652 0.00118640901123 0.646407308475 1 1 1 1 1 1 1 1 1 1 1 1 1 1 1
474 5688 -0.75952555246 -0.00550418812967 0.000871124431319 0.643877188548 1 1 1 1 1 1 1 1 1 1 1 1 1 1 1
475 5700 -0.762426231477 -0.00752966122801 0.00106282191842 0.656133224344 1 1 1 1 1 1 1 1 1 1 1 1 1 1 1
476 5712 -0.766663204669 -0.00228801308568 5.557688591e-05 0.65692627774 1 1 1 1 1 1 1 1 1 1 1 1 1 1 1
477 5724 -0.77181545204 -0.00139253183974 0.00198243381658 0.662517774792 1 1 1 1 1 1 1 1 1 1 1 1 1 1 1
478 5736 -0.767718831592 -0.000307230754294 0.0019717804905 0.659905561252 1 1 1 1 1 1 1 1 1 1 1 1 1 1 1
479 5748 -0.755983567264 -0.00170443241803 0.00693710392616 0.64168197189 1 1 1 1 1 1 1 1 1 1 1 1 1 1 1
480 5760 -0.762587332851 -0.00745513615086 0.00378556301321 0.641600618431 1 1 1 1 1 1 1 1 1 1 1 1 1 1 1
481 5772 -0.76338880896 -0.00549161465387 0.00384399404825 0.640772536441 1 1 1 1 1 1 1 1 1 1 1 1 1 1 1
482 5784 -0.761789065976 -0.000986472520045 0.000143463918704 0.640933100082 1 1 1 1 1 1 1 1 1 1 1 1 1 1 1
483 5796 -0.761724933791 -0.00176687706982 0.0141959047284 0.648352111922 1 1 1 1 1 1 1 1 1 1 1 1 1 1 1
484 5808 -0.75525711254 -0.00413441057466 0.00273267478656 0.645776995 1 1 1 1 1 1 1 1 1 1 1 1 1 1 1
485 5820 -0.750872564768 -0.00175599994132 0.00150507771621 0.659132023386 1 1 1 1 1 1 1 1 1 1 1 1 1 1 1
486 5832 -0.74960284575 -0.00449657972668 0.000295097187674 0.661409206115 1 1 1 1 1 1 1 1 1 1 1 1 1 1 1
487 5844 -0.751215393062 -0.00971936431345 0.00313222987523 0.661192042558 1 1 1 1 1 1 1 1 1 1 1 1 1 1 1
488 5856 -0.770533697239 -0.00197557129338 0.00299415422754 0.663999929461 1 1 1 1 1 1 1 1 1 1 1 1 1 1 1
489 5868 -0.769970004104 -0.00262759185998 0.0061718628019 0.663743979228 1 1 1 1 1 1 1 1 1 1 1 1 1 1 1
490 5880 -0.757474285704 -0.000591375626649 0.00626149627621 0.667291424311 1 1 1 1 1 1 1 1 1 1 1 1 1 1 1
491 5892 -0.757962062532 -0.00375224427377 0.0127049829566 0.655935152195 1 1 1 1 1 1 1 1 1 1 1 1 1 1 1
492 5904 -0.753848102214 -0.000349375345468 0.004517123476 0.654204721033 1 1 1 1 1 1 1 1 1 1 1 1 1 1 1
493 5916 -0.747056921544 -0.000458899405283 0.00155802235487 0.65009698424 1 1 1 1 1 1 1 1 1 1 1 1 1 1 1
494 5928 -0.74506851824 -0.00196747313036 0.004792629027 0.638741922279 1 1 1 1 1 1 1 1 1 1 1 1 1 1 1
495 5940 -0.741982265871 -0.000473578628941 0.00204737511596 0.640236855319 1 1 1 1 1 1 1 1 1 1 1 1 1 1 1
496 5952 -0.744642038238 -0.0107132660305 5.89457084997e-05 0.643436192171 1 1 1 1 1 1 1 1 1 1 1 1 1 1 1
497 5964 -0.748655570616 -0.00260585334542 0.00616374492594 0.645438436785 1 1 1 1 1 1 1 1 1 1 1 1 1 1 1
498 5976 -0.747903461923 -9.64516533281e-05 0.00303740872315 0.655374228619 1 1 1 1 1 1 1 1 1 1 1 1 1 1 1
499 5988 -0.757374674864 -0.00397123404825 0.0013234630623 0.664813839486 1 1 1 1 1 1 1 1 1 1 1 1 1 1 1
500 6000 -0.765065889609 -0.00140635207208 0.0106858702235 0.674209627053 1 1 1 1 1 1 1 1 1 1 1 1 1 1 1
501 6012 -0.777685695933 -0.0033071732305 0.001188666421 0.673863432731 1 1 1 1 1 1 1 1 1 1 1 1 1 1 1
502 6024 -0.765991848121 -0.0027968905163 0.000405004749489 0.685577505553 1 1 1 1 1 1 1 1 1 1 1 1 1 1 1
503 6036 -0.764415787812 -0.0018301967934 0.00949734788877 0.689076213129 1 1 1 1 1 1 1 1 1 1 1 1 1 1 1
504 6048 -0.765494844978 -0.00228133253298 0.00922215672004 0.688086112962 1 1 1 1 1 1 1 1 1 1 1 1 1 1 1
505 6060 -0.761597251288 -0.00501460914274 0.00731192551488 0.68518153213 1 1 1 1 1 1 1 1 1 1 1 1 1 1 1
506 6072 -0.771106331528 -0.00081998333974 0.000752924754734 0.674996789738 1 1 1 1 1 1 1 1 1 1 1 1 1 1 1
507 6084 -0.773365046557 -0.0034010073813 0.0126913030416 0.688552534766 1 1 1 1 1 1 1 1 1 1 1 1 1 1 1
508 6096 -0.771934754109 -0.00582302650262 0.0105694331429 0.705657423033 1 1 1 1 1 1 1 1 1 1 1 1 1 1 1
509 6108 -0.785380464834 -0.00399650950589 0.00676752731755 0.716286413086 1 1 1 1 1 1 1 1 1 1 1 1 1 1 1
510 6120 -0.792804945378 -0.00954231198131 0.011825864219 0.71777055881 1 1 1 1 1 1 1 1 1 1 1 1 1 1 1
511 6132 -0.781565259941 -0.00513929095387 0.0127226584658 0.720611396918 1 1 1 1 1 1 1 1 1 1 1 1 1 1 1
512 6144 -0.780530991718 -0.00839914502045 0.00400443163728 0.725676811909 1 1 1 1 1 1 1 1 1 1 1 1 1 1 1
513 6156 -0.779859513717 -0.0251098572731 0.0031139087742 0.730175108368 1 1 1 1 1 1 1 1 1 1 1 1 1 1 1
514 6168 -0.776014800711 -0.0353660800461 0.00129470256377 0.727129325347 1 1 1 1 1 1 1 1 1 1 1 1 1 1 1
515 6180 -0.774188697772 -0.0075730658008 0.0035036105753 0.732814909798 1 1 1 1 1 1 1 1 1 1 1 1 1 1 1
516 6192 -0.77668317705 -0.00385454119066 0.00314702688027 0.733729537172 1 1 1 1 1 1 1 1 1 1 1 1 1 1 1
517 6204 -0.777909847876 -0.00370416442537 0.00216767456385 0.735410180719 1 1 1 1 1 1 1 1 1 1 1 1 1 1 1
518 6216 -0.782120413912 -6.47146830317e-05 0.000399181871993 0.738830515666 1 1 1 1 1 1 1 1 1 1 1 1 1 1 1
519 6228 -0.783957584122 -0.00541124273788 0.00630951350096 0.740431148094 1 1 1 1 1 1 1 1 1 1 1 1 1 1 1
520 6240 -0.783789826873 -0.0122970812552 0.00464720929048 0.747638426089 1 1 1 1 1 1 1 1 1 1 1 1 1 1 1
521 6252 -0.787975376405 -8.12557702875e-05 0.00241892033496 0.75007322035 1 1 1 1 1 1 1 1 1 1 1 1 1 1 1
