% # columns="iteration, evaluation, min max(neg(.)) min(pos(.)) max correlation, correlation matrix principle axes lengths  (sorted square roots of eigenvalues of correlation matrix)", seed=1, Tue Jan 30 13:32:14 2018
1 12 -0.027076868175 -0.000428267481967 0.000233627789608 0.0298972014695 1 1 1 1 1 1 1 1 1 1 1 1 1 1 1
2 24 -0.0439218118213 -0.000832320343176 0.00013405401209 0.043399334762 1 1 1 1 1 1 1 1 1 1 1 1 1 1 1
3 36 -0.0545865199203 -0.000297950219097 0.00043044340559 0.0518110794726 1 1 1 1 1 1 1 1 1 1 1 1 1 1 1
4 48 -0.0636733047689 -0.00202693861513 0.0005693508898 0.0548818355722 1 1 1 1 1 1 1 1 1 1 1 1 1 1 1
5 60 -0.0642596229284 -0.000294248913144 0.00025987397053 0.0827100650281 1 1 1 1 1 1 1 1 1 1 1 1 1 1 1
6 72 -0.078470965636 -0.000285753878091 0.00152526597544 0.104748014295 1 1 1 1 1 1 1 1 1 1 1 1 1 1 1
7 84 -0.127108586034 -0.000232539964791 0.000699166341584 0.117038525499 1 1 1 1 1 1 1 1 1 1 1 1 1 1 1
8 96 -0.15009769139 -5.23989782506e-05 0.000720759970462 0.126790060951 1 1 1 1 1 1 1 1 1 1 1 1 1 1 1
9 108 -0.15780356362 -0.00145738887126 0.000610979226436 0.122629434031 1 1 1 1 1 1 1 1 1 1 1 1 1 1 1
10 120 -0.192950276406 -0.000730000556947 0.000536938963015 0.133252227904 1 1 1 1 1 1 1 1 1 1 1 1 1 1 1
11 132 -0.196442359446 -0.00103855705243 0.00245814814932 0.16093083306 1 1 1 1 1 1 1 1 1 1 1 1 1 1 1
12 144 -0.195910965377 -0.00367542114358 9.58230093719e-05 0.179498679065 1 1 1 1 1 1 1 1 1 1 1 1 1 1 1
13 156 -0.185451163137 -0.000183636031072 0.000581013075031 0.164148209929 1 1 1 1 1 1 1 1 1 1 1 1 1 1 1
14 168 -0.163184330291 -0.000589456516049 0.000907728413622 0.18146100883 1 1 1 1 1 1 1 1 1 1 1 1 1 1 1
15 180 -0.148737186135 -0.001924624312 1.65715655584e-05 0.186658778679 1 1 1 1 1 1 1 1 1 1 1 1 1 1 1
16 192 -0.155993974854 -0.000437774798052 0.000522431897523 0.194555163156 1 1 1 1 1 1 1 1 1 1 1 1 1 1 1
17 204 -0.14685763442 -0.00146174008119 8.53127744377e-05 0.221736835498 1 1 1 1 1 1 1 1 1 1 1 1 1 1 1
18 216 -0.147933505804 -0.00106911836516 3.94849470472e-05 0.223265473815 1 1 1 1 1 1 1 1 1 1 1 1 1 1 1
19 228 -0.148222131455 -0.00117048168878 0.00118527824886 0.222907815104 1 1 1 1 1 1 1 1 1 1 1 1 1 1 1
20 240 -0.143245610937 -0.000955811193747 0.00165767658002 0.205852971407 1 1 1 1 1 1 1 1 1 1 1 1 1 1 1
21 252 -0.160665408715 -8.15380787452e-05 0.000772011474439 0.230918652048 1 1 1 1 1 1 1 1 1 1 1 1 1 1 1
22 264 -0.172477261514 -0.00118865893056 0.000542170676572 0.217680833537 1 1 1 1 1 1 1 1 1 1 1 1 1 1 1
23 276 -0.183833116678 -0.00010266162241 0.000213946789403 0.222810473838 1 1 1 1 1 1 1 1 1 1 1 1 1 1 1
24 288 -0.170693281745 -0.000675145445912 0.000787044623777 0.212926997879 1 1 1 1 1 1 1 1 1 1 1 1 1 1 1
25 300 -0.193334370646 -0.000156218113418 0.000375641886667 0.183579434315 1 1 1 1 1 1 1 1 1 1 1 1 1 1 1
26 312 -0.219422519119 -0.000793479716143 0.00164592638713 0.174148571491 1 1 1 1 1 1 1 1 1 1 1 1 1 1 1
27 324 -0.230864401609 -8.19212120508e-05 0.00180822575742 0.170147366058 1 1 1 1 1 1 1 1 1 1 1 1 1 1 1
28 336 -0.254878890549 -0.00344495880262 0.00329782811173 0.159232186843 1 1 1 1 1 1 1 1 1 1 1 1 1 1 1
29 348 -0.250309559664 -0.0041100224678 0.000964065033768 0.157599584852 1 1 1 1 1 1 1 1 1 1 1 1 1 1 1
30 360 -0.251803243285 -0.00207143249904 0.000198612638953 0.16677347518 1 1 1 1 1 1 1 1 1 1 1 1 1 1 1
31 372 -0.249671556378 -0.000331789565798 1.7122283064e-05 0.182594159996 1 1 1 1 1 1 1 1 1 1 1 1 1 1 1
32 384 -0.259097750101 -0.00307500709275 0.00294159515062 0.195615853193 1 1 1 1 1 1 1 1 1 1 1 1 1 1 1
33 396 -0.277733924045 -0.000265058293257 0.00375109116515 0.198982483545 1 1 1 1 1 1 1 1 1 1 1 1 1 1 1
34 408 -0.300133385503 -0.00220594283811 0.000689336357182 0.207842754685 1 1 1 1 1 1 1 1 1 1 1 1 1 1 1
35 420 -0.331593407895 -0.00184226035911 0.00465352557176 0.245129603534 1 1 1 1 1 1 1 1 1 1 1 1 1 1 1
36 432 -0.349684849031 -0.000570847689222 0.00445342221349 0.27078113884 1 1 1 1 1 1 1 1 1 1 1 1 1 1 1
37 444 -0.34747953225 -0.00195094123892 0.000326890000871 0.27313678654 1 1 1 1 1 1 1 1 1 1 1 1 1 1 1
38 456 -0.347327887702 -0.00239745646044 0.00212375001331 0.277525816962 1 1 1 1 1 1 1 1 1 1 1 1 1 1 1
39 468 -0.324570155541 -0.00309356245306 0.00213515417075 0.275098112532 1 1 1 1 1 1 1 1 1 1 1 1 1 1 1
40 480 -0.323351246224 -0.00146896083603 0.00486693509108 0.285390202435 1 1 1 1 1 1 1 1 1 1 1 1 1 1 1
41 492 -0.346586124343 -0.00403584037529 0.00613059623016 0.284074915926 1 1 1 1 1 1 1 1 1 1 1 1 1 1 1
42 504 -0.343869577607 -0.00476606006277 0.000616264846054 0.292440646085 1 1 1 1 1 1 1 1 1 1 1 1 1 1 1
43 516 -0.355184158168 -0.000347319818176 0.00534678354815 0.28560350016 1 1 1 1 1 1 1 1 1 1 1 1 1 1 1
44 528 -0.363162132697 -0.00135443682785 0.000412544182761 0.286460484877 1 1 1 1 1 1 1 1 1 1 1 1 1 1 1
45 540 -0.357141196136 -0.000158390153752 0.00202180979784 0.278049529894 1 1 1 1 1 1 1 1 1 1 1 1 1 1 1
46 552 -0.362207737932 -0.00141902408751 0.0011261024024 0.26991136966 1 1 1 1 1 1 1 1 1 1 1 1 1 1 1
47 564 -0.384611481803 -2.29743958132e-05 0.00161845316948 0.257006394493 1 1 1 1 1 1 1 1 1 1 1 1 1 1 1
48 576 -0.374214655573 -0.00130852548618 8.60899618774e-05 0.25495847347 1 1 1 1 1 1 1 1 1 1 1 1 1 1 1
49 588 -0.355559806953 -0.00273885619901 8.5799272553e-05 0.260638891205 1 1 1 1 1 1 1 1 1 1 1 1 1 1 1
50 600 -0.354745971749 -0.00182797337826 0.00448202080778 0.256104373076 1 1 1 1 1 1 1 1 1 1 1 1 1 1 1
51 612 -0.355878197022 -0.00101621542989 0.00169462716003 0.24008205911 1 1 1 1 1 1 1 1 1 1 1 1 1 1 1
52 624 -0.354704638434 -0.00153176595309 0.00182581097391 0.242036382812 1 1 1 1 1 1 1 1 1 1 1 1 1 1 1
53 636 -0.370627817152 -0.00315931247158 0.00543699684 0.248361292211 1 1 1 1 1 1 1 1 1 1 1 1 1 1 1
54 648 -0.383175885116 -0.00203891796303 0.00227875055901 0.256440636001 1 1 1 1 1 1 1 1 1 1 1 1 1 1 1
55 660 -0.377379216493 -0.000838285935678 0.0140398668679 0.255339858964 1 1 1 1 1 1 1 1 1 1 1 1 1 1 1
56 672 -0.377799746282 -0.00187911733785 0.0027999698564 0.247926267095 1 1 1 1 1 1 1 1 1 1 1 1 1 1 1
57 684 -0.349805876826 -0.00215992900471 0.0022552157124 0.253818408038 1 1 1 1 1 1 1 1 1 1 1 1 1 1 1
58 696 -0.345996091726 -0.0026544921695 0.000178239502465 0.257432587601 1 1 1 1 1 1 1 1 1 1 1 1 1 1 1
59 708 -0.35394973346 -0.00829475633859 0.00545838325777 0.268535550922 1 1 1 1 1 1 1 1 1 1 1 1 1 1 1
60 720 -0.371755238555 -0.000149104069255 0.00413163691214 0.267294039904 1 1 1 1 1 1 1 1 1 1 1 1 1 1 1
61 732 -0.348792196781 -0.000314653538402 0.000613685958313 0.267617041435 1 1 1 1 1 1 1 1 1 1 1 1 1 1 1
62 744 -0.38560683548 -0.00582139025839 0.000464784241821 0.284747468196 1 1 1 1 1 1 1 1 1 1 1 1 1 1 1
63 756 -0.399251040243 -0.00407189722905 0.00439159726188 0.275700324653 1 1 1 1 1 1 1 1 1 1 1 1 1 1 1
64 768 -0.405201216135 -0.000995640441468 0.00133091263731 0.273999243717 1 1 1 1 1 1 1 1 1 1 1 1 1 1 1
65 780 -0.40579857713 -0.0152796810921 0.00160781430378 0.292836302485 1 1 1 1 1 1 1 1 1 1 1 1 1 1 1
66 792 -0.39477522302 -0.00633225216474 0.00178338981555 0.276520015579 1 1 1 1 1 1 1 1 1 1 1 1 1 1 1
67 804 -0.39988655636 -0.00345270562903 0.00184997208641 0.281109449304 1 1 1 1 1 1 1 1 1 1 1 1 1 1 1
68 816 -0.394948318097 -0.00190971973955 0.000382502727768 0.280902960057 1 1 1 1 1 1 1 1 1 1 1 1 1 1 1
69 828 -0.384115493137 -0.000903474945151 0.000199316271855 0.263745038132 1 1 1 1 1 1 1 1 1 1 1 1 1 1 1
70 840 -0.372095425188 -0.000592102463414 0.000973649100319 0.285953373262 1 1 1 1 1 1 1 1 1 1 1 1 1 1 1
71 852 -0.373160251831 -0.000569997007865 0.00217902622391 0.291326727085 1 1 1 1 1 1 1 1 1 1 1 1 1 1 1
72 864 -0.387204994303 -0.00568641940086 0.00219646902862 0.307569299585 1 1 1 1 1 1 1 1 1 1 1 1 1 1 1
73 876 -0.387233156069 -0.00330695779262 0.00154301267507 0.298401104885 1 1 1 1 1 1 1 1 1 1 1 1 1 1 1
74 888 -0.394559751318 -0.0080868598542 2.27007853247e-05 0.29995013986 1 1 1 1 1 1 1 1 1 1 1 1 1 1 1
75 900 -0.393637851882 -0.00626550544198 0.00358092363692 0.337353352688 1 1 1 1 1 1 1 1 1 1 1 1 1 1 1
76 912 -0.403360609627 -0.0028490185378 0.0055857018702 0.369845186081 1 1 1 1 1 1 1 1 1 1 1 1 1 1 1
77 924 -0.412673673618 -0.00115449243116 0.00218171815441 0.348066490551 1 1 1 1 1 1 1 1 1 1 1 1 1 1 1
78 936 -0.40877459478 -0.00102181875414 0.0110622680222 0.336360720494 1 1 1 1 1 1 1 1 1 1 1 1 1 1 1
79 948 -0.399925264133 -0.00100622441624 0.000720029550296 0.338922447062 1 1 1 1 1 1 1 1 1 1 1 1 1 1 1
80 960 -0.38353105444 -0.00144197121316 0.00140392120931 0.33191273678 1 1 1 1 1 1 1 1 1 1 1 1 1 1 1
81 972 -0.411411587486 -0.00332259555152 0.00294507241611 0.341955938668 1 1 1 1 1 1 1 1 1 1 1 1 1 1 1
82 984 -0.402300443492 -0.00392202352664 0.00200645693306 0.327940643154 1 1 1 1 1 1 1 1 1 1 1 1 1 1 1
83 996 -0.397351718009 -0.00651132247287 0.00882368194122 0.321848822422 1 1 1 1 1 1 1 1 1 1 1 1 1 1 1
84 1008 -0.40408527576 -0.00956140110088 0.00574032500054 0.319111708915 1 1 1 1 1 1 1 1 1 1 1 1 1 1 1
85 1020 -0.388860022836 -0.0114145891864 0.00276389245844 0.354615058998 1 1 1 1 1 1 1 1 1 1 1 1 1 1 1
86 1032 -0.389827699169 -0.00469919391833 0.011386659927 0.359639249896 1 1 1 1 1 1 1 1 1 1 1 1 1 1 1
87 1044 -0.384930744129 -0.00333307593862 0.00252877487274 0.339512590424 1 1 1 1 1 1 1 1 1 1 1 1 1 1 1
88 1056 -0.392320175451 -0.0026449640206 0.00202121519066 0.346404661758 1 1 1 1 1 1 1 1 1 1 1 1 1 1 1
89 1068 -0.395480822867 -0.00334003910231 0.000309469128866 0.316815763071 1 1 1 1 1 1 1 1 1 1 1 1 1 1 1
90 1080 -0.409092348813 -0.000595071472308 0.000653806283423 0.328552578044 1 1 1 1 1 1 1 1 1 1 1 1 1 1 1
91 1092 -0.413992807522 -0.00738489944014 0.00120776549776 0.324415110253 1 1 1 1 1 1 1 1 1 1 1 1 1 1 1
92 1104 -0.419506042901 -0.00259977948634 0.00297654951946 0.343844274111 1 1 1 1 1 1 1 1 1 1 1 1 1 1 1
93 1116 -0.413042000101 -0.00621371848163 0.00438558976406 0.357514660869 1 1 1 1 1 1 1 1 1 1 1 1 1 1 1
94 1128 -0.427600513718 -0.00450152649925 0.00121401792939 0.351390188861 1 1 1 1 1 1 1 1 1 1 1 1 1 1 1
95 1140 -0.417971135213 -0.00449557353155 0.0069987115505 0.334799063295 1 1 1 1 1 1 1 1 1 1 1 1 1 1 1
96 1152 -0.430787331006 -0.000895142671905 0.00825921135685 0.31258159276 1 1 1 1 1 1 1 1 1 1 1 1 1 1 1
97 1164 -0.399240947652 -0.00243970233546 0.00163343499818 0.301656604932 1 1 1 1 1 1 1 1 1 1 1 1 1 1 1
98 1176 -0.3848071236 -0.00240210256522 0.00761253502482 0.312089253981 1 1 1 1 1 1 1 1 1 1 1 1 1 1 1
99 1188 -0.39477534898 -0.000559847783093 0.00788198133552 0.297587175866 1 1 1 1 1 1 1 1 1 1 1 1 1 1 1
100 1200 -0.395328036142 -0.00310016184271 0.0137185026339 0.306647025549 1 1 1 1 1 1 1 1 1 1 1 1 1 1 1
101 1212 -0.393259978521 -0.00565414137813 0.00195439258146 0.308484990128 1 1 1 1 1 1 1 1 1 1 1 1 1 1 1
102 1224 -0.367195903463 -0.00185709668812 0.00380830960271 0.298330109033 1 1 1 1 1 1 1 1 1 1 1 1 1 1 1
103 1236 -0.363303470681 -0.00596574112978 0.00525788745017 0.304336257018 1 1 1 1 1 1 1 1 1 1 1 1 1 1 1
104 1248 -0.369420215686 -0.00456284163849 0.0014575911975 0.310910319597 1 1 1 1 1 1 1 1 1 1 1 1 1 1 1
105 1260 -0.38718168618 -0.00613711472092 0.000958943620927 0.326211828271 1 1 1 1 1 1 1 1 1 1 1 1 1 1 1
106 1272 -0.396043651254 -0.00638334192842 0.00423362968412 0.337588215241 1 1 1 1 1 1 1 1 1 1 1 1 1 1 1
107 1284 -0.382111944842 -0.00132254365929 0.00478367779894 0.353037903103 1 1 1 1 1 1 1 1 1 1 1 1 1 1 1
108 1296 -0.384263858659 -0.000617753188418 0.0024823744949 0.365736079338 1 1 1 1 1 1 1 1 1 1 1 1 1 1 1
109 1308 -0.387455792391 -0.00558300255931 0.00137844706983 0.363023127605 1 1 1 1 1 1 1 1 1 1 1 1 1 1 1
110 1320 -0.384005727519 -0.00179126356 0.0118934771303 0.38997452978 1 1 1 1 1 1 1 1 1 1 1 1 1 1 1
111 1332 -0.391000705306 -0.0138532372427 0.000674204024604 0.377385706886 1 1 1 1 1 1 1 1 1 1 1 1 1 1 1
112 1344 -0.393124253324 -0.00122525433235 0.000562688366276 0.393944420182 1 1 1 1 1 1 1 1 1 1 1 1 1 1 1
113 1356 -0.396291869872 -0.0147349052273 0.00218487881617 0.400186414994 1 1 1 1 1 1 1 1 1 1 1 1 1 1 1
114 1368 -0.393849162812 -0.00321653345597 0.0152742966216 0.392878331568 1 1 1 1 1 1 1 1 1 1 1 1 1 1 1
115 1380 -0.367652867961 -0.00113996573361 0.0233890800107 0.394931405061 1 1 1 1 1 1 1 1 1 1 1 1 1 1 1
116 1392 -0.367681918437 -0.00140102600671 0.00212851513812 0.381746412836 1 1 1 1 1 1 1 1 1 1 1 1 1 1 1
117 1404 -0.360792689061 -0.00418783937737 0.00101684331403 0.381244944748 1 1 1 1 1 1 1 1 1 1 1 1 1 1 1
118 1416 -0.354778979978 -0.0147191483806 0.00383664569292 0.387044482747 1 1 1 1 1 1 1 1 1 1 1 1 1 1 1
119 1428 -0.360991373671 -0.00270993423256 0.00328064081942 0.398996104584 1 1 1 1 1 1 1 1 1 1 1 1 1 1 1
120 1440 -0.37000316941 -0.0103173459781 0.00220494652463 0.411022984385 1 1 1 1 1 1 1 1 1 1 1 1 1 1 1
121 1452 -0.373476874431 -0.00833167148703 0.0122087409558 0.421429228239 1 1 1 1 1 1 1 1 1 1 1 1 1 1 1
122 1464 -0.389158119186 -0.0113469834889 0.000891074921032 0.408262881384 1 1 1 1 1 1 1 1 1 1 1 1 1 1 1
123 1476 -0.396370113692 -0.00334708658864 0.000949232306343 0.409054460443 1 1 1 1 1 1 1 1 1 1 1 1 1 1 1
124 1488 -0.383559908241 -0.00976970197791 0.000539566512223 0.407322704237 1 1 1 1 1 1 1 1 1 1 1 1 1 1 1
125 1500 -0.393094581231 -0.000889173512733 0.00195645167278 0.407352716148 1 1 1 1 1 1 1 1 1 1 1 1 1 1 1
126 1512 -0.412902743227 -0.00848874746401 0.00576702170831 0.412869694384 1 1 1 1 1 1 1 1 1 1 1 1 1 1 1
127 1524 -0.409667547335 -0.014831979935 0.00302758520381 0.431289353107 1 1 1 1 1 1 1 1 1 1 1 1 1 1 1
128 1536 -0.403642698949 -0.00765369993764 0.00120634271984 0.4087832376 1 1 1 1 1 1 1 1 1 1 1 1 1 1 1
129 1548 -0.428436340195 -0.0206170040392 0.000980413234632 0.411950974421 1 1 1 1 1 1 1 1 1 1 1 1 1 1 1
130 1560 -0.433611730469 -0.0171604059165 0.00622085073104 0.413645033934 1 1 1 1 1 1 1 1 1 1 1 1 1 1 1
131 1572 -0.44234255156 -0.00834837639322 0.00303131821817 0.420792650946 1 1 1 1 1 1 1 1 1 1 1 1 1 1 1
132 1584 -0.458522239726 -0.00173534179985 0.0105796796496 0.404687696666 1 1 1 1 1 1 1 1 1 1 1 1 1 1 1
133 1596 -0.460316681727 -0.0371890104327 0.000132499806063 0.39511081342 1 1 1 1 1 1 1 1 1 1 1 1 1 1 1
134 1608 -0.456942895199 -0.00424546976713 0.00322614022607 0.414806951811 1 1 1 1 1 1 1 1 1 1 1 1 1 1 1
135 1620 -0.452487189171 -0.00414205005633 0.00319208254105 0.413527249192 1 1 1 1 1 1 1 1 1 1 1 1 1 1 1
136 1632 -0.457586132973 -0.0140715968874 0.000778893704959 0.389209670348 1 1 1 1 1 1 1 1 1 1 1 1 1 1 1
137 1644 -0.459281420612 -0.000553262418747 0.000685822295772 0.393413313029 1 1 1 1 1 1 1 1 1 1 1 1 1 1 1
138 1656 -0.464540728755 -0.0031443976335 0.00777176400356 0.395963415249 1 1 1 1 1 1 1 1 1 1 1 1 1 1 1
139 1668 -0.477124196479 -0.00280752400244 0.00292868420221 0.390815973117 1 1 1 1 1 1 1 1 1 1 1 1 1 1 1
140 1680 -0.469084648679 -0.00518823366034 0.000873675030522 0.379314697997 1 1 1 1 1 1 1 1 1 1 1 1 1 1 1
141 1692 -0.46484665274 -0.00571453077051 0.00354983630921 0.365050187216 1 1 1 1 1 1 1 1 1 1 1 1 1 1 1
142 1704 -0.456804912772 -0.000492121758025 0.0094078697236 0.376515445409 1 1 1 1 1 1 1 1 1 1 1 1 1 1 1
143 1716 -0.457244309852 -0.00647855911363 0.00357724969645 0.374858969328 1 1 1 1 1 1 1 1 1 1 1 1 1 1 1
144 1728 -0.452718694664 -0.000407240662072 0.00402296343741 0.382183756259 1 1 1 1 1 1 1 1 1 1 1 1 1 1 1
145 1740 -0.452073841506 -0.0055434394167 0.00128214963359 0.38238479801 1 1 1 1 1 1 1 1 1 1 1 1 1 1 1
146 1752 -0.446938914141 -0.00744721047639 0.00139027806197 0.379129731703 1 1 1 1 1 1 1 1 1 1 1 1 1 1 1
147 1764 -0.460202950255 -0.00142197769235 0.00246259888637 0.371514049034 1 1 1 1 1 1 1 1 1 1 1 1 1 1 1
148 1776 -0.479555826028 -0.000905637687065 0.00316672559804 0.38552990637 1 1 1 1 1 1 1 1 1 1 1 1 1 1 1
149 1788 -0.483705110732 -0.0010218661176 0.00522854194164 0.374372651284 1 1 1 1 1 1 1 1 1 1 1 1 1 1 1
150 1800 -0.489537155832 -0.0154702793034 0.00555897489337 0.369036775472 1 1 1 1 1 1 1 1 1 1 1 1 1 1 1
151 1812 -0.489295815698 -0.0154821863251 0.000918800366367 0.3779596058 1 1 1 1 1 1 1 1 1 1 1 1 1 1 1
152 1824 -0.487427093283 -0.00198494071565 0.0022046115286 0.387195380584 1 1 1 1 1 1 1 1 1 1 1 1 1 1 1
153 1836 -0.497877329214 -0.000310649069893 0.0113324107231 0.397154931841 1 1 1 1 1 1 1 1 1 1 1 1 1 1 1
154 1848 -0.505218601057 -0.00473160028667 0.0100864972813 0.405067458077 1 1 1 1 1 1 1 1 1 1 1 1 1 1 1
155 1860 -0.512248247608 -0.00190221623364 0.00551623475634 0.399161596476 1 1 1 1 1 1 1 1 1 1 1 1 1 1 1
156 1872 -0.503374369725 -0.000408830974723 0.00217416086761 0.396780551994 1 1 1 1 1 1 1 1 1 1 1 1 1 1 1
157 1884 -0.50122262091 -0.00114271308581 0.00609932489791 0.400508573181 1 1 1 1 1 1 1 1 1 1 1 1 1 1 1
158 1896 -0.512119939301 -0.00122753453609 0.00263408384937 0.413814206328 1 1 1 1 1 1 1 1 1 1 1 1 1 1 1
159 1908 -0.514712301997 -0.00225971956751 0.00967333991362 0.425518512399 1 1 1 1 1 1 1 1 1 1 1 1 1 1 1
160 1920 -0.505110890884 -0.00235805534711 0.00828026097815 0.443803957314 1 1 1 1 1 1 1 1 1 1 1 1 1 1 1
161 1932 -0.511359481841 -0.00702363460267 0.00224634319377 0.462763011269 1 1 1 1 1 1 1 1 1 1 1 1 1 1 1
162 1944 -0.510412198234 -0.00434537141675 0.00045532706886 0.464869174994 1 1 1 1 1 1 1 1 1 1 1 1 1 1 1
163 1956 -0.494719397907 -0.00534910530681 0.00399794876236 0.47146081325 1 1 1 1 1 1 1 1 1 1 1 1 1 1 1
164 1968 -0.477174148261 -0.00158310244874 0.00190593523023 0.487068231239 1 1 1 1 1 1 1 1 1 1 1 1 1 1 1
165 1980 -0.467815973521 -0.00191180845071 0.00355060109082 0.516416177047 1 1 1 1 1 1 1 1 1 1 1 1 1 1 1
166 1992 -0.462788220803 -0.00522830445615 0.00495256179055 0.523749772067 1 1 1 1 1 1 1 1 1 1 1 1 1 1 1
167 2004 -0.454218661066 -0.00371062864263 0.00529024700207 0.534401040711 1 1 1 1 1 1 1 1 1 1 1 1 1 1 1
168 2016 -0.440143898921 -0.0109640913405 0.00087163050557 0.523161782037 1 1 1 1 1 1 1 1 1 1 1 1 1 1 1
169 2028 -0.444548578801 -1.18451645563e-05 0.00331234877845 0.521220216986 1 1 1 1 1 1 1 1 1 1 1 1 1 1 1
170 2040 -0.440037883064 -0.000940911879937 6.33147019817e-05 0.509954243374 1 1 1 1 1 1 1 1 1 1 1 1 1 1 1
171 2052 -0.433132416053 -0.0212823006052 0.000948669934834 0.488788624664 1 1 1 1 1 1 1 1 1 1 1 1 1 1 1
172 2064 -0.440317731709 -0.0104099575976 0.00221283854425 0.469665807367 1 1 1 1 1 1 1 1 1 1 1 1 1 1 1
173 2076 -0.455676880915 -0.00334083229161 0.00289197807562 0.460741446524 1 1 1 1 1 1 1 1 1 1 1 1 1 1 1
174 2088 -0.460756680959 -0.00419685444904 0.00317151763139 0.469079018054 1 1 1 1 1 1 1 1 1 1 1 1 1 1 1
175 2100 -0.467124846894 -0.00812100564101 0.00128106521703 0.455077804196 1 1 1 1 1 1 1 1 1 1 1 1 1 1 1
176 2112 -0.467887862501 -0.00709219557932 0.00155457404154 0.457382849848 1 1 1 1 1 1 1 1 1 1 1 1 1 1 1
177 2124 -0.475585673375 -0.00207913874894 0.00159695792604 0.465495125946 1 1 1 1 1 1 1 1 1 1 1 1 1 1 1
178 2136 -0.462098864684 -0.00125521975881 0.00144740372064 0.472493201639 1 1 1 1 1 1 1 1 1 1 1 1 1 1 1
179 2148 -0.463278711186 -0.0263082360908 0.00213848266033 0.476087122461 1 1 1 1 1 1 1 1 1 1 1 1 1 1 1
180 2160 -0.44536037551 -0.00335769461406 0.0100691925968 0.485567720311 1 1 1 1 1 1 1 1 1 1 1 1 1 1 1
181 2172 -0.429328797846 -0.00592582545856 0.00980595760625 0.499260968413 1 1 1 1 1 1 1 1 1 1 1 1 1 1 1
182 2184 -0.435127444373 -0.00677547222769 0.0112781946812 0.487954208583 1 1 1 1 1 1 1 1 1 1 1 1 1 1 1
183 2196 -0.431326526359 -0.0099943386735 0.00649409282066 0.492851990208 1 1 1 1 1 1 1 1 1 1 1 1 1 1 1
184 2208 -0.433915387452 -0.00105387232729 0.000503918792638 0.487218795899 1 1 1 1 1 1 1 1 1 1 1 1 1 1 1
185 2220 -0.439318210348 -0.000122160605867 0.00375235523823 0.482033336086 1 1 1 1 1 1 1 1 1 1 1 1 1 1 1
186 2232 -0.431188270823 -0.000332888784723 0.00742515823888 0.487754182546 1 1 1 1 1 1 1 1 1 1 1 1 1 1 1
187 2244 -0.437363574163 -0.00198246349505 0.00901048946749 0.483301874245 1 1 1 1 1 1 1 1 1 1 1 1 1 1 1
188 2256 -0.442721011699 -0.00478480649122 0.00295744299633 0.467223703173 1 1 1 1 1 1 1 1 1 1 1 1 1 1 1
189 2268 -0.451327214819 -0.000952962142405 0.0028641892839 0.468583197142 1 1 1 1 1 1 1 1 1 1 1 1 1 1 1
190 2280 -0.45903275829 -0.00400776983024 0.00875518677972 0.453250644408 1 1 1 1 1 1 1 1 1 1 1 1 1 1 1
191 2292 -0.472539101305 -0.000161671562393 0.004325847568 0.450752835579 1 1 1 1 1 1 1 1 1 1 1 1 1 1 1
192 2304 -0.494558366423 -0.000285439829558 0.00745653781421 0.45538564155 1 1 1 1 1 1 1 1 1 1 1 1 1 1 1
193 2316 -0.475790503363 -0.000341832583557 0.00241175173111 0.449683835412 1 1 1 1 1 1 1 1 1 1 1 1 1 1 1
194 2328 -0.480591904355 -0.0154356139042 0.00349414005584 0.455068419926 1 1 1 1 1 1 1 1 1 1 1 1 1 1 1
195 2340 -0.507556814091 -0.00378198235267 0.00358176902337 0.459175618332 1 1 1 1 1 1 1 1 1 1 1 1 1 1 1
196 2352 -0.499247699103 -0.0027498451385 0.0162856769421 0.468260728963 1 1 1 1 1 1 1 1 1 1 1 1 1 1 1
197 2364 -0.49227818648 -0.00346041600936 0.00466559929876 0.465835668364 1 1 1 1 1 1 1 1 1 1 1 1 1 1 1
198 2376 -0.494352801126 -0.00473274061191 0.00308223290574 0.466874573645 1 1 1 1 1 1 1 1 1 1 1 1 1 1 1
199 2388 -0.502965607467 -0.0105327635139 0.0014801795938 0.492938215465 1 1 1 1 1 1 1 1 1 1 1 1 1 1 1
200 2400 -0.495853811933 -0.00467250139592 0.00356255938048 0.505395499092 1 1 1 1 1 1 1 1 1 1 1 1 1 1 1
201 2412 -0.494812190595 -0.00658316525372 0.00161585752977 0.509595675767 1 1 1 1 1 1 1 1 1 1 1 1 1 1 1
202 2424 -0.484272823099 -0.00523178218439 0.00116587905114 0.523185288576 1 1 1 1 1 1 1 1 1 1 1 1 1 1 1
203 2436 -0.487620486929 -1.88393489691e-05 0.00116570057255 0.544148006071 1 1 1 1 1 1 1 1 1 1 1 1 1 1 1
204 2448 -0.48564499009 -0.00174812895393 0.00118857268624 0.540386988838 1 1 1 1 1 1 1 1 1 1 1 1 1 1 1
205 2460 -0.492404246466 -0.000890625779749 0.00184629209161 0.548946610648 1 1 1 1 1 1 1 1 1 1 1 1 1 1 1
206 2472 -0.489924027029 -0.00827800166106 0.00360875147694 0.528180390731 1 1 1 1 1 1 1 1 1 1 1 1 1 1 1
207 2484 -0.489668908297 -0.00257279539985 0.0158972632176 0.517238027828 1 1 1 1 1 1 1 1 1 1 1 1 1 1 1
208 2496 -0.48434871849 -0.00552844412734 0.00282117521953 0.509304924444 1 1 1 1 1 1 1 1 1 1 1 1 1 1 1
209 2508 -0.502380378368 -0.0104180391248 0.000141163297466 0.505325033653 1 1 1 1 1 1 1 1 1 1 1 1 1 1 1
210 2520 -0.502433720914 -0.00695247036943 0.00494202536011 0.505873472396 1 1 1 1 1 1 1 1 1 1 1 1 1 1 1
211 2532 -0.507404050308 -0.00620993904062 0.000776806880939 0.488944749367 1 1 1 1 1 1 1 1 1 1 1 1 1 1 1
212 2544 -0.519515145028 -0.000939943717688 5.20471647227e-05 0.47974422367 1 1 1 1 1 1 1 1 1 1 1 1 1 1 1
213 2556 -0.51363910063 -0.00340432088476 0.00202889911883 0.483855910666 1 1 1 1 1 1 1 1 1 1 1 1 1 1 1
214 2568 -0.498054465187 -0.00392031693264 0.00193049594419 0.492261597587 1 1 1 1 1 1 1 1 1 1 1 1 1 1 1
215 2580 -0.487238845942 -0.00248978205756 0.00222192226362 0.4960213129 1 1 1 1 1 1 1 1 1 1 1 1 1 1 1
216 2592 -0.496610508431 -0.00135833904029 0.00916596979638 0.506866721459 1 1 1 1 1 1 1 1 1 1 1 1 1 1 1
217 2604 -0.491062336086 -0.00599413197878 0.00641150629422 0.506276145461 1 1 1 1 1 1 1 1 1 1 1 1 1 1 1
218 2616 -0.515300761648 -0.0109367347203 3.0035177386e-05 0.515430242624 1 1 1 1 1 1 1 1 1 1 1 1 1 1 1
219 2628 -0.523189791694 -0.00503735916108 0.00042210764115 0.524517457998 1 1 1 1 1 1 1 1 1 1 1 1 1 1 1
220 2640 -0.52994596686 -0.000865079756735 0.00386545351088 0.518934520802 1 1 1 1 1 1 1 1 1 1 1 1 1 1 1
221 2652 -0.537189877451 -0.0132632875386 0.00470833848597 0.513212307109 1 1 1 1 1 1 1 1 1 1 1 1 1 1 1
222 2664 -0.527049303669 -0.00918050872799 0.0097293414352 0.523124178804 1 1 1 1 1 1 1 1 1 1 1 1 1 1 1
223 2676 -0.524183786084 -0.0018313283745 0.00960826599871 0.52487716479 1 1 1 1 1 1 1 1 1 1 1 1 1 1 1
224 2688 -0.527271415421 -0.00151897120184 0.00109893612794 0.519774770918 1 1 1 1 1 1 1 1 1 1 1 1 1 1 1
225 2700 -0.569027636977 -0.000177735823147 0.00987256717456 0.552545209985 1 1 1 1 1 1 1 1 1 1 1 1 1 1 1
226 2712 -0.576342161695 -0.00923597386412 0.00816971688632 0.551990389489 1 1 1 1 1 1 1 1 1 1 1 1 1 1 1
227 2724 -0.572961770494 -0.00411796461964 0.0173594326286 0.528368577718 1 1 1 1 1 1 1 1 1 1 1 1 1 1 1
228 2736 -0.574233919068 -0.00287531508318 0.00420264605438 0.524678090849 1 1 1 1 1 1 1 1 1 1 1 1 1 1 1
229 2748 -0.569844628127 -0.005766281448 0.00104493604318 0.517257453088 1 1 1 1 1 1 1 1 1 1 1 1 1 1 1
230 2760 -0.587374083889 -0.00278485490262 0.004082347701 0.531318595685 1 1 1 1 1 1 1 1 1 1 1 1 1 1 1
231 2772 -0.597499785255 -0.00613156366156 0.00462821151315 0.520445058266 1 1 1 1 1 1 1 1 1 1 1 1 1 1 1
232 2784 -0.596579238978 -0.00297478226666 0.0138900622176 0.52088346727 1 1 1 1 1 1 1 1 1 1 1 1 1 1 1
233 2796 -0.57771106656 -0.00337921174442 0.00757311314839 0.537082484457 1 1 1 1 1 1 1 1 1 1 1 1 1 1 1
234 2808 -0.580731648363 -0.00133574858491 0.0109700928356 0.549947055315 1 1 1 1 1 1 1 1 1 1 1 1 1 1 1
235 2820 -0.590935987142 -0.00611880189805 0.00922681209715 0.541893870278 1 1 1 1 1 1 1 1 1 1 1 1 1 1 1
236 2832 -0.584556530548 -0.000438903040722 0.0157841584762 0.53417615956 1 1 1 1 1 1 1 1 1 1 1 1 1 1 1
237 2844 -0.577784974941 -0.00208872602641 0.00763646610345 0.506960620922 1 1 1 1 1 1 1 1 1 1 1 1 1 1 1
238 2856 -0.565008883792 -0.00742654765597 0.00083754628962 0.507476191199 1 1 1 1 1 1 1 1 1 1 1 1 1 1 1
239 2868 -0.551963927538 -0.00218677415068 0.00725676352104 0.493393453184 1 1 1 1 1 1 1 1 1 1 1 1 1 1 1
240 2880 -0.536728051783 -0.00599324068035 0.00400440375781 0.497806540277 1 1 1 1 1 1 1 1 1 1 1 1 1 1 1
241 2892 -0.519310102394 -0.019795448643 0.00860820795826 0.48805600839 1 1 1 1 1 1 1 1 1 1 1 1 1 1 1
242 2904 -0.508854551462 -0.00087727537239 0.00378432232991 0.496949731977 1 1 1 1 1 1 1 1 1 1 1 1 1 1 1
243 2916 -0.507352511251 -0.0156098898206 0.00199698693958 0.489354551145 1 1 1 1 1 1 1 1 1 1 1 1 1 1 1
244 2928 -0.506373043625 -0.000230346401105 0.00547886099617 0.478228710036 1 1 1 1 1 1 1 1 1 1 1 1 1 1 1
245 2940 -0.522248189028 -0.000620566045547 0.00188750848632 0.468739567151 1 1 1 1 1 1 1 1 1 1 1 1 1 1 1
246 2952 -0.525052151988 -0.000473554451529 0.00705126922897 0.466878794962 1 1 1 1 1 1 1 1 1 1 1 1 1 1 1
247 2964 -0.515829246486 -0.00487562823721 6.63450534411e-05 0.465165948837 1 1 1 1 1 1 1 1 1 1 1 1 1 1 1
248 2976 -0.518541283201 -0.00434383229737 0.00102639862939 0.464478372637 1 1 1 1 1 1 1 1 1 1 1 1 1 1 1
249 2988 -0.505238354439 -0.0016478932415 0.00329617653858 0.459903129847 1 1 1 1 1 1 1 1 1 1 1 1 1 1 1
250 3000 -0.492067944457 -0.00219947038097 0.00615281550382 0.465503351892 1 1 1 1 1 1 1 1 1 1 1 1 1 1 1
251 3012 -0.508818676341 -0.000861344508916 0.00822500269877 0.461777297179 1 1 1 1 1 1 1 1 1 1 1 1 1 1 1
252 3024 -0.511168643988 -0.000994387884669 0.00453108794324 0.454055602155 1 1 1 1 1 1 1 1 1 1 1 1 1 1 1
253 3036 -0.52192198118 -0.00149084572571 0.00237529704691 0.458467422094 1 1 1 1 1 1 1 1 1 1 1 1 1 1 1
254 3048 -0.507358455846 -0.0017489276098 0.00287198679242 0.478954785176 1 1 1 1 1 1 1 1 1 1 1 1 1 1 1
255 3060 -0.485117285754 -0.00322389894175 0.00310130243875 0.482434120519 1 1 1 1 1 1 1 1 1 1 1 1 1 1 1
256 3072 -0.504008107763 -0.00335860067364 0.00634676736836 0.485167595572 1 1 1 1 1 1 1 1 1 1 1 1 1 1 1
257 3084 -0.512253585638 -0.00230497692775 0.000923741510025 0.472310811082 1 1 1 1 1 1 1 1 1 1 1 1 1 1 1
258 3096 -0.518083872734 -0.00583712684348 0.00715868715687 0.471131729453 1 1 1 1 1 1 1 1 1 1 1 1 1 1 1
259 3108 -0.517030711172 -0.00306329716951 0.0113565652197 0.484329633681 1 1 1 1 1 1 1 1 1 1 1 1 1 1 1
260 3120 -0.555195123419 -0.00158759163974 0.00378640084852 0.478511993575 1 1 1 1 1 1 1 1 1 1 1 1 1 1 1
261 3132 -0.560426660898 -0.00961374107818 0.0015826209604 0.478816761894 1 1 1 1 1 1 1 1 1 1 1 1 1 1 1
262 3144 -0.554700076355 -0.00192523164286 0.00470446868914 0.481437890271 1 1 1 1 1 1 1 1 1 1 1 1 1 1 1
263 3156 -0.567345257377 -0.0041126466482 0.0116001471096 0.501266070026 1 1 1 1 1 1 1 1 1 1 1 1 1 1 1
264 3168 -0.581352444234 -0.00111698511515 0.0066891297266 0.518376633264 1 1 1 1 1 1 1 1 1 1 1 1 1 1 1
265 3180 -0.583491155345 -0.00975059573847 0.00260124704233 0.522569021201 1 1 1 1 1 1 1 1 1 1 1 1 1 1 1
266 3192 -0.583596975971 -0.0170648074293 0.00209638581012 0.515130597002 1 1 1 1 1 1 1 1 1 1 1 1 1 1 1
267 3204 -0.573468813852 -0.00483009841726 0.0157995769757 0.517910473771 1 1 1 1 1 1 1 1 1 1 1 1 1 1 1
268 3216 -0.580987451856 -0.00349124388217 0.0157957323449 0.514813594504 1 1 1 1 1 1 1 1 1 1 1 1 1 1 1
269 3228 -0.590179337464 -0.0185466722595 0.00031884533171 0.522740553866 1 1 1 1 1 1 1 1 1 1 1 1 1 1 1
270 3240 -0.588617177804 -0.0193678107235 0.00222127773217 0.513563635296 1 1 1 1 1 1 1 1 1 1 1 1 1 1 1
271 3252 -0.589361704939 -0.00120613730611 0.00724786183919 0.5139772738 1 1 1 1 1 1 1 1 1 1 1 1 1 1 1
272 3264 -0.601260814033 -0.00253183207643 0.00620440749487 0.502620415229 1 1 1 1 1 1 1 1 1 1 1 1 1 1 1
273 3276 -0.597915333547 -0.006968307012 0.00807259718952 0.499268366985 1 1 1 1 1 1 1 1 1 1 1 1 1 1 1
274 3288 -0.596875884918 -0.00340292112497 0.00533716929411 0.494901495788 1 1 1 1 1 1 1 1 1 1 1 1 1 1 1
275 3300 -0.597350627922 -0.000136990410694 0.00852115004308 0.521270622492 1 1 1 1 1 1 1 1 1 1 1 1 1 1 1
276 3312 -0.585120744442 -0.00930503067198 0.00427013062478 0.521436449098 1 1 1 1 1 1 1 1 1 1 1 1 1 1 1
277 3324 -0.582212472103 -0.00236905013672 0.00549563481378 0.526297833278 1 1 1 1 1 1 1 1 1 1 1 1 1 1 1
278 3336 -0.576236946573 -0.00790273579333 0.00617722311884 0.519174160429 1 1 1 1 1 1 1 1 1 1 1 1 1 1 1
279 3348 -0.576100304726 -0.00346228836547 0.000564367329301 0.529120426599 1 1 1 1 1 1 1 1 1 1 1 1 1 1 1
280 3360 -0.571430531388 -0.0138400925272 0.0012707809147 0.527871813294 1 1 1 1 1 1 1 1 1 1 1 1 1 1 1
281 3372 -0.547249415537 -0.012451048584 0.0114114797569 0.533225545746 1 1 1 1 1 1 1 1 1 1 1 1 1 1 1
282 3384 -0.548907829691 -0.0215382705615 0.0033211711482 0.531256713439 1 1 1 1 1 1 1 1 1 1 1 1 1 1 1
283 3396 -0.543095122868 -0.0303578755362 0.0104477121539 0.53488330269 1 1 1 1 1 1 1 1 1 1 1 1 1 1 1
284 3408 -0.542339088277 -0.00868298265896 0.00705162133186 0.54056606394 1 1 1 1 1 1 1 1 1 1 1 1 1 1 1
285 3420 -0.548114835479 -0.00975443750245 0.00605138444707 0.538430496827 1 1 1 1 1 1 1 1 1 1 1 1 1 1 1
286 3432 -0.554414963473 -0.0215492035148 0.00039307381826 0.538091805415 1 1 1 1 1 1 1 1 1 1 1 1 1 1 1
287 3444 -0.555607079378 -0.00386871222751 0.00122265047748 0.544367444723 1 1 1 1 1 1 1 1 1 1 1 1 1 1 1
288 3456 -0.559519865581 -0.0022054819705 0.00934768045096 0.568350820201 1 1 1 1 1 1 1 1 1 1 1 1 1 1 1
289 3468 -0.563623516239 -0.000155296969514 0.0168097256575 0.574330926849 1 1 1 1 1 1 1 1 1 1 1 1 1 1 1
290 3480 -0.566447257589 -0.00492205940102 0.000435239620055 0.574385329621 1 1 1 1 1 1 1 1 1 1 1 1 1 1 1
291 3492 -0.575923855464 -0.00356038934065 0.00151647089368 0.570410291615 1 1 1 1 1 1 1 1 1 1 1 1 1 1 1
292 3504 -0.592756448137 -0.000663963036004 0.0116809695638 0.566597695313 1 1 1 1 1 1 1 1 1 1 1 1 1 1 1
293 3516 -0.59761562551 -0.000765106428586 0.000816196083001 0.58050443239 1 1 1 1 1 1 1 1 1 1 1 1 1 1 1
294 3528 -0.602405618474 -0.00924682601413 0.000457623332894 0.561558835873 1 1 1 1 1 1 1 1 1 1 1 1 1 1 1
295 3540 -0.604169295896 -4.21167341943e-05 0.000618230736541 0.55025444992 1 1 1 1 1 1 1 1 1 1 1 1 1 1 1
296 3552 -0.616527558166 -0.000400267663814 0.00136228992119 0.539886680782 1 1 1 1 1 1 1 1 1 1 1 1 1 1 1
297 3564 -0.619615141751 -0.00500258916111 0.0053768573275 0.546600142257 1 1 1 1 1 1 1 1 1 1 1 1 1 1 1
298 3576 -0.616975149474 -0.000767697269214 0.000298416125393 0.545609116453 1 1 1 1 1 1 1 1 1 1 1 1 1 1 1
299 3588 -0.60843027336 -0.00713019804449 0.00556005537981 0.547858816833 1 1 1 1 1 1 1 1 1 1 1 1 1 1 1
300 3600 -0.601729105092 -0.00181172175045 0.00817396684332 0.55069611854 1 1 1 1 1 1 1 1 1 1 1 1 1 1 1
301 3612 -0.618743592557 -0.00327787963778 0.00124830284833 0.5617233903 1 1 1 1 1 1 1 1 1 1 1 1 1 1 1
302 3624 -0.618046703248 -0.000139445481086 0.0116533949523 0.57685969965 1 1 1 1 1 1 1 1 1 1 1 1 1 1 1
303 3636 -0.61532548067 -0.00586273382012 0.00810058966584 0.57526081097 1 1 1 1 1 1 1 1 1 1 1 1 1 1 1
304 3648 -0.621893352985 -0.00759493583437 0.0115974145059 0.569474472841 1 1 1 1 1 1 1 1 1 1 1 1 1 1 1
305 3660 -0.619631878901 -0.00202474043939 0.00330173848302 0.585202239806 1 1 1 1 1 1 1 1 1 1 1 1 1 1 1
306 3672 -0.614950477721 -0.000784454178721 0.00531153221966 0.606638596298 1 1 1 1 1 1 1 1 1 1 1 1 1 1 1
307 3684 -0.619465076092 -0.000454877238105 0.00592666378864 0.608847866671 1 1 1 1 1 1 1 1 1 1 1 1 1 1 1
308 3696 -0.623510039667 -0.0048993933788 0.00253079244005 0.600090152883 1 1 1 1 1 1 1 1 1 1 1 1 1 1 1
309 3708 -0.617068262628 -0.00854192366491 0.00295021613689 0.600309779017 1 1 1 1 1 1 1 1 1 1 1 1 1 1 1
310 3720 -0.633169290911 -0.00411381417159 0.00354829860583 0.604252876397 1 1 1 1 1 1 1 1 1 1 1 1 1 1 1
311 3732 -0.626254732928 -0.0107344485233 0.000965768609213 0.622912366932 1 1 1 1 1 1 1 1 1 1 1 1 1 1 1
312 3744 -0.616215017809 -0.0140604964817 0.00126993616546 0.627293190575 1 1 1 1 1 1 1 1 1 1 1 1 1 1 1
313 3756 -0.613344026099 -0.00346211513095 0.00408700896868 0.631744427526 1 1 1 1 1 1 1 1 1 1 1 1 1 1 1
314 3768 -0.620515703188 -0.00246907095394 0.00872096507956 0.647224169002 1 1 1 1 1 1 1 1 1 1 1 1 1 1 1
315 3780 -0.620223204596 -0.0117692391374 0.0054431248314 0.654981653683 1 1 1 1 1 1 1 1 1 1 1 1 1 1 1
316 3792 -0.609605102401 -0.00866278356 0.0070530591583 0.651615707129 1 1 1 1 1 1 1 1 1 1 1 1 1 1 1
317 3804 -0.621045764135 -0.0306155489431 0.0120101779975 0.649673419728 1 1 1 1 1 1 1 1 1 1 1 1 1 1 1
318 3816 -0.620418846527 -0.00224117394411 0.017597789406 0.639133855822 1 1 1 1 1 1 1 1 1 1 1 1 1 1 1
319 3828 -0.611794434834 -0.000296086591701 0.00389877664626 0.646114956028 1 1 1 1 1 1 1 1 1 1 1 1 1 1 1
320 3840 -0.621184435528 -0.0028933047502 0.0346101799291 0.645651742522 1 1 1 1 1 1 1 1 1 1 1 1 1 1 1
321 3852 -0.612137650896 -0.00528570915576 0.0292565518916 0.643706089255 1 1 1 1 1 1 1 1 1 1 1 1 1 1 1
322 3864 -0.592299523872 -0.00938594857221 0.00828101425459 0.652416973739 1 1 1 1 1 1 1 1 1 1 1 1 1 1 1
323 3876 -0.583312169867 -0.00844248709402 0.0117965576071 0.654856534726 1 1 1 1 1 1 1 1 1 1 1 1 1 1 1
324 3888 -0.558355974653 -0.0074845015844 0.0266418402271 0.651826514887 1 1 1 1 1 1 1 1 1 1 1 1 1 1 1
325 3900 -0.548254649393 -0.0134092265882 0.0173719992398 0.658464273278 1 1 1 1 1 1 1 1 1 1 1 1 1 1 1
326 3912 -0.555343159809 -0.012254386175 0.0125766985377 0.658803028079 1 1 1 1 1 1 1 1 1 1 1 1 1 1 1
327 3924 -0.556257201099 -0.0123064812551 0.0126855144702 0.662672380537 1 1 1 1 1 1 1 1 1 1 1 1 1 1 1
328 3936 -0.54698759684 -0.000279204789884 0.00624817079246 0.670432259525 1 1 1 1 1 1 1 1 1 1 1 1 1 1 1
329 3948 -0.548247342972 -0.00263384429447 0.00203470972822 0.672418112648 1 1 1 1 1 1 1 1 1 1 1 1 1 1 1
330 3960 -0.545023774146 -0.00397695018031 0.016096118586 0.664839441479 1 1 1 1 1 1 1 1 1 1 1 1 1 1 1
331 3972 -0.553359067961 -0.0118652236283 0.00541465233015 0.666173660959 1 1 1 1 1 1 1 1 1 1 1 1 1 1 1
332 3984 -0.558972259916 -1.80804917319e-05 0.0119293348521 0.671699674867 1 1 1 1 1 1 1 1 1 1 1 1 1 1 1
333 3996 -0.558943665551 -0.00904528094169 0.0105566444854 0.688264697317 1 1 1 1 1 1 1 1 1 1 1 1 1 1 1
334 4008 -0.564771925833 -0.0165570547478 0.00766493237054 0.684555090018 1 1 1 1 1 1 1 1 1 1 1 1 1 1 1
335 4020 -0.558420620505 -0.00871502057719 0.00057508695984 0.692091210475 1 1 1 1 1 1 1 1 1 1 1 1 1 1 1
336 4032 -0.551220269035 -0.00537429659641 0.00126077564671 0.685635287162 1 1 1 1 1 1 1 1 1 1 1 1 1 1 1
337 4044 -0.55111103944 -0.00656661342485 0.00277860672644 0.688752794329 1 1 1 1 1 1 1 1 1 1 1 1 1 1 1
338 4056 -0.54775081 -0.00232529626148 0.0141631662047 0.692604582056 1 1 1 1 1 1 1 1 1 1 1 1 1 1 1
339 4068 -0.537536717949 -0.00720703362969 0.0128029091816 0.685267301666 1 1 1 1 1 1 1 1 1 1 1 1 1 1 1
340 4080 -0.55492441562 -0.00312829150752 0.00482188123894 0.705926002216 1 1 1 1 1 1 1 1 1 1 1 1 1 1 1
341 4092 -0.561579913527 -0.0136430006615 0.00429766304856 0.700075324087 1 1 1 1 1 1 1 1 1 1 1 1 1 1 1
342 4104 -0.564843648186 -0.018296239943 0.00123375904218 0.712122709687 1 1 1 1 1 1 1 1 1 1 1 1 1 1 1
343 4116 -0.557224365904 -0.00459691066611 0.00370359230547 0.714740058884 1 1 1 1 1 1 1 1 1 1 1 1 1 1 1
344 4128 -0.555895945769 -0.00182745101825 0.00210970479464 0.718040214975 1 1 1 1 1 1 1 1 1 1 1 1 1 1 1
345 4140 -0.554998947157 -0.00528550039018 0.0044451293165 0.720754999968 1 1 1 1 1 1 1 1 1 1 1 1 1 1 1
346 4152 -0.544465185198 -0.00281088025999 0.0154210245845 0.719939981549 1 1 1 1 1 1 1 1 1 1 1 1 1 1 1
347 4164 -0.543101578707 -0.0104033859464 0.00234545652856 0.71902955669 1 1 1 1 1 1 1 1 1 1 1 1 1 1 1
348 4176 -0.549702151473 -0.0221864800668 0.000358435867975 0.717251329001 1 1 1 1 1 1 1 1 1 1 1 1 1 1 1
349 4188 -0.549932472214 -0.00620924221991 0.0102164736658 0.718039434206 1 1 1 1 1 1 1 1 1 1 1 1 1 1 1
350 4200 -0.545430886519 -0.00435594002504 0.0128753393513 0.723704184949 1 1 1 1 1 1 1 1 1 1 1 1 1 1 1
351 4212 -0.561675468322 -0.00269506197771 0.00809327898541 0.725023315224 1 1 1 1 1 1 1 1 1 1 1 1 1 1 1
352 4224 -0.570468028865 -0.0129322604037 0.016315231132 0.726469738997 1 1 1 1 1 1 1 1 1 1 1 1 1 1 1
353 4236 -0.588536191086 -0.00634564560231 0.00411088653454 0.729173015342 1 1 1 1 1 1 1 1 1 1 1 1 1 1 1
354 4248 -0.605665890906 -0.00813586717492 0.00127718860894 0.727462460323 1 1 1 1 1 1 1 1 1 1 1 1 1 1 1
355 4260 -0.613952451961 -0.00387378373439 0.0110142220442 0.737515411614 1 1 1 1 1 1 1 1 1 1 1 1 1 1 1
356 4272 -0.621353115701 -0.00540109258932 0.00600782853427 0.729583377004 1 1 1 1 1 1 1 1 1 1 1 1 1 1 1
357 4284 -0.624883126983 -0.0071099360808 0.00259431866271 0.731321775636 1 1 1 1 1 1 1 1 1 1 1 1 1 1 1
358 4296 -0.633117232616 -0.0258253918986 0.0043650901704 0.730678722236 1 1 1 1 1 1 1 1 1 1 1 1 1 1 1
359 4308 -0.635183700399 -0.0026351624808 0.0185648043476 0.728652024069 1 1 1 1 1 1 1 1 1 1 1 1 1 1 1
360 4320 -0.645858199822 -0.0107238973451 0.0172806987421 0.742846226109 1 1 1 1 1 1 1 1 1 1 1 1 1 1 1
361 4332 -0.646126853825 -0.0118648573968 0.00641067685004 0.75058686164 1 1 1 1 1 1 1 1 1 1 1 1 1 1 1
362 4344 -0.658402292162 -5.13033275698e-05 0.00132001341225 0.751773609624 1 1 1 1 1 1 1 1 1 1 1 1 1 1 1
363 4356 -0.661792077445 -0.00189464147043 0.00491042088415 0.750471092418 1 1 1 1 1 1 1 1 1 1 1 1 1 1 1
364 4368 -0.657584191297 -0.00315641675742 0.0142147094619 0.755575529262 1 1 1 1 1 1 1 1 1 1 1 1 1 1 1
365 4380 -0.641946127858 -0.0299124408269 0.00418878689547 0.755462630281 1 1 1 1 1 1 1 1 1 1 1 1 1 1 1
366 4392 -0.631566453372 -0.000557816692295 0.00756984789748 0.754810061979 1 1 1 1 1 1 1 1 1 1 1 1 1 1 1
367 4404 -0.614371896897 -0.0155029539821 0.029712181098 0.757687709677 1 1 1 1 1 1 1 1 1 1 1 1 1 1 1
368 4416 -0.613435975143 -0.0227883365328 0.00529462765167 0.755193494743 1 1 1 1 1 1 1 1 1 1 1 1 1 1 1
369 4428 -0.616132857056 -0.0196198614275 0.0177596959414 0.734595922662 1 1 1 1 1 1 1 1 1 1 1 1 1 1 1
370 4440 -0.614675644047 -0.0165602514113 0.0192241560105 0.744256579454 1 1 1 1 1 1 1 1 1 1 1 1 1 1 1
371 4452 -0.613680385258 -0.00654087793614 0.00312086382247 0.744152527162 1 1 1 1 1 1 1 1 1 1 1 1 1 1 1
372 4464 -0.618716711465 -0.00355118520181 0.0173275118887 0.747364403267 1 1 1 1 1 1 1 1 1 1 1 1 1 1 1
373 4476 -0.614952294371 -0.000903824675892 0.00297765518936 0.746494390197 1 1 1 1 1 1 1 1 1 1 1 1 1 1 1
374 4488 -0.622926091464 -0.0153060230067 0.0040445560913 0.752414553432 1 1 1 1 1 1 1 1 1 1 1 1 1 1 1
375 4500 -0.622885661816 -0.00996066586168 0.00802213716752 0.757388721707 1 1 1 1 1 1 1 1 1 1 1 1 1 1 1
376 4512 -0.624968362769 -0.0181053330194 0.00400602573588 0.752207174517 1 1 1 1 1 1 1 1 1 1 1 1 1 1 1
377 4524 -0.634702039428 -0.00617239573804 0.00761430776389 0.758635515562 1 1 1 1 1 1 1 1 1 1 1 1 1 1 1
378 4536 -0.636852967149 -0.0195067732194 0.00066481933361 0.761660981175 1 1 1 1 1 1 1 1 1 1 1 1 1 1 1
379 4548 -0.63493628761 -0.0030244475442 0.0226043890713 0.757781403607 1 1 1 1 1 1 1 1 1 1 1 1 1 1 1
380 4560 -0.633283686721 -0.0167200722962 0.00628043133983 0.740737717194 1 1 1 1 1 1 1 1 1 1 1 1 1 1 1
381 4572 -0.634427269589 -0.00552996041575 0.00457902868086 0.74370151828 1 1 1 1 1 1 1 1 1 1 1 1 1 1 1
382 4584 -0.637843545166 -0.000161695136463 0.00646936336677 0.738822582669 1 1 1 1 1 1 1 1 1 1 1 1 1 1 1
383 4596 -0.634574811765 -0.00847845528927 0.00391624662893 0.741460791234 1 1 1 1 1 1 1 1 1 1 1 1 1 1 1
384 4608 -0.628466245739 -0.0127751131571 0.000319389648483 0.73769126558 1 1 1 1 1 1 1 1 1 1 1 1 1 1 1
385 4620 -0.649440445863 -0.01118629471 0.000200597142391 0.736566273028 1 1 1 1 1 1 1 1 1 1 1 1 1 1 1
386 4632 -0.634815099352 -0.00135165497569 0.00321957537831 0.730755563042 1 1 1 1 1 1 1 1 1 1 1 1 1 1 1
387 4644 -0.636360845992 -0.00277193756321 0.00446372478659 0.735405995114 1 1 1 1 1 1 1 1 1 1 1 1 1 1 1
388 4656 -0.640534546015 -0.0126899557494 0.00854264681117 0.73315165576 1 1 1 1 1 1 1 1 1 1 1 1 1 1 1
389 4668 -0.630517954574 -0.000179609868682 0.014188507519 0.741592778407 1 1 1 1 1 1 1 1 1 1 1 1 1 1 1
390 4680 -0.622031367296 -0.0102718750732 0.00273853919204 0.745053489198 1 1 1 1 1 1 1 1 1 1 1 1 1 1 1
391 4692 -0.628516132214 -0.00843417529932 0.00112979402803 0.751550440503 1 1 1 1 1 1 1 1 1 1 1 1 1 1 1
392 4704 -0.629489053394 -0.0151713589786 0.00101319510548 0.751136099361 1 1 1 1 1 1 1 1 1 1 1 1 1 1 1
393 4716 -0.64405840305 -0.0130304968315 0.0128705025946 0.757277363226 1 1 1 1 1 1 1 1 1 1 1 1 1 1 1
394 4728 -0.644149135255 -0.0015840375603 0.00119190273354 0.769753918115 1 1 1 1 1 1 1 1 1 1 1 1 1 1 1
395 4740 -0.651223440839 -0.00154732325751 0.000669910305723 0.782480973255 1 1 1 1 1 1 1 1 1 1 1 1 1 1 1
396 4752 -0.64814765492 -0.0165105140605 0.00134444231184 0.788971935282 1 1 1 1 1 1 1 1 1 1 1 1 1 1 1
397 4764 -0.641458505884 -0.00893444472166 0.010468678345 0.778981676217 1 1 1 1 1 1 1 1 1 1 1 1 1 1 1
398 4776 -0.635781288552 -0.0032415747533 0.00670513340089 0.774707993499 1 1 1 1 1 1 1 1 1 1 1 1 1 1 1
399 4788 -0.638190674442 -0.00553962266198 0.0074842679678 0.782072214227 1 1 1 1 1 1 1 1 1 1 1 1 1 1 1
400 4800 -0.636116099429 -0.0162213345449 0.00315565094641 0.778659095636 1 1 1 1 1 1 1 1 1 1 1 1 1 1 1
401 4812 -0.622804194888 -0.0168343477831 0.00241364598792 0.777421441347 1 1 1 1 1 1 1 1 1 1 1 1 1 1 1
402 4824 -0.61611819792 -0.0173079443563 0.00560518606499 0.777111307268 1 1 1 1 1 1 1 1 1 1 1 1 1 1 1
403 4836 -0.608954712965 -0.00810708392338 0.00409661842757 0.775957504421 1 1 1 1 1 1 1 1 1 1 1 1 1 1 1
404 4848 -0.589810451741 -0.0128478504892 0.00121719095991 0.775199818822 1 1 1 1 1 1 1 1 1 1 1 1 1 1 1
405 4860 -0.60436439274 -0.00120824380507 0.00420864344119 0.775949153791 1 1 1 1 1 1 1 1 1 1 1 1 1 1 1
406 4872 -0.601502827025 -0.00249049295565 0.0149326082097 0.779058071027 1 1 1 1 1 1 1 1 1 1 1 1 1 1 1
407 4884 -0.58786228817 -0.0110269750068 0.00415999839868 0.77757749199 1 1 1 1 1 1 1 1 1 1 1 1 1 1 1
408 4896 -0.595451794636 -0.00802006729793 0.00740640193049 0.777012345542 1 1 1 1 1 1 1 1 1 1 1 1 1 1 1
409 4908 -0.61016615575 -0.00988173264914 0.000804929380541 0.786305081002 1 1 1 1 1 1 1 1 1 1 1 1 1 1 1
410 4920 -0.616900056963 -0.00680297074176 0.00830959524017 0.785440482909 1 1 1 1 1 1 1 1 1 1 1 1 1 1 1
411 4932 -0.626734190265 -0.00234600251576 0.00131459056146 0.78670619187 1 1 1 1 1 1 1 1 1 1 1 1 1 1 1
412 4944 -0.646287731165 -0.00415719451562 0.00913139439293 0.800052996596 1 1 1 1 1 1 1 1 1 1 1 1 1 1 1
413 4956 -0.653029598795 -3.49623375203e-05 0.0165244326736 0.803997489959 1 1 1 1 1 1 1 1 1 1 1 1 1 1 1
414 4968 -0.668733405188 -0.00722003577415 0.00768594302085 0.801904592375 1 1 1 1 1 1 1 1 1 1 1 1 1 1 1
415 4980 -0.672862726351 -0.00876880433478 0.00640698497523 0.795714499721 1 1 1 1 1 1 1 1 1 1 1 1 1 1 1
416 4992 -0.667558635753 -0.0039295183582 0.01750446979 0.795011922001 1 1 1 1 1 1 1 1 1 1 1 1 1 1 1
417 5004 -0.667946130769 -0.00149773994128 0.0120527976355 0.798892133235 1 1 1 1 1 1 1 1 1 1 1 1 1 1 1
418 5016 -0.661687924459 -0.00469160624135 0.025965465211 0.794788697359 1 1 1 1 1 1 1 1 1 1 1 1 1 1 1
419 5028 -0.649913798566 -0.0154926268897 0.00475981791812 0.799712551432 1 1 1 1 1 1 1 1 1 1 1 1 1 1 1
420 5040 -0.64228953145 -0.00830696821831 0.0251390701221 0.799783049106 1 1 1 1 1 1 1 1 1 1 1 1 1 1 1
421 5052 -0.647423459291 -0.00229725323917 0.021552149952 0.798579654413 1 1 1 1 1 1 1 1 1 1 1 1 1 1 1
422 5064 -0.657019192709 -0.00131735831439 0.000113267473397 0.79420183863 1 1 1 1 1 1 1 1 1 1 1 1 1 1 1
423 5076 -0.665483228888 -0.00738403140809 0.00391094688581 0.802869613118 1 1 1 1 1 1 1 1 1 1 1 1 1 1 1
424 5088 -0.652314816683 -0.00247085539723 0.000360157798842 0.797832657795 1 1 1 1 1 1 1 1 1 1 1 1 1 1 1
425 5100 -0.648934114598 -0.00963636675345 0.0160307503051 0.785953439471 1 1 1 1 1 1 1 1 1 1 1 1 1 1 1
426 5112 -0.65887373039 -0.00144922520132 0.00379621421968 0.781066721204 1 1 1 1 1 1 1 1 1 1 1 1 1 1 1
427 5124 -0.644340564957 -0.00647635634323 0.00319147407394 0.772540029824 1 1 1 1 1 1 1 1 1 1 1 1 1 1 1
428 5136 -0.651602081462 -0.00261727509395 0.00752487903481 0.772530163696 1 1 1 1 1 1 1 1 1 1 1 1 1 1 1
429 5148 -0.646086721268 -0.0248890770543 0.00324439609136 0.776343431317 1 1 1 1 1 1 1 1 1 1 1 1 1 1 1
430 5160 -0.644917954142 -0.0282722211512 0.00665611972935 0.771769928239 1 1 1 1 1 1 1 1 1 1 1 1 1 1 1
431 5172 -0.664699244861 -0.0118879072631 0.0152507052558 0.772432541524 1 1 1 1 1 1 1 1 1 1 1 1 1 1 1
432 5184 -0.671684207446 -0.0101230607034 0.0115356354403 0.774548221654 1 1 1 1 1 1 1 1 1 1 1 1 1 1 1
433 5196 -0.667359515437 -0.0153076702589 0.0129144971186 0.765665461058 1 1 1 1 1 1 1 1 1 1 1 1 1 1 1
434 5208 -0.673357328065 -0.0031566726004 0.0177055395161 0.765326913903 1 1 1 1 1 1 1 1 1 1 1 1 1 1 1
435 5220 -0.673151677265 -0.0188420371317 1.03497655514e-06 0.764447277584 1 1 1 1 1 1 1 1 1 1 1 1 1 1 1
436 5232 -0.670869312656 -0.020416208789 0.00740405273045 0.759351382129 1 1 1 1 1 1 1 1 1 1 1 1 1 1 1
437 5244 -0.669878056114 -0.00507498520649 0.0196857701614 0.751742840458 1 1 1 1 1 1 1 1 1 1 1 1 1 1 1
438 5256 -0.661297782167 -0.00257655317466 0.0157644039494 0.741366984684 1 1 1 1 1 1 1 1 1 1 1 1 1 1 1
439 5268 -0.668492078773 -0.00446936454277 0.00273036687868 0.738754092294 1 1 1 1 1 1 1 1 1 1 1 1 1 1 1
440 5280 -0.666780380073 -0.0107716144907 0.00175639688489 0.731422692895 1 1 1 1 1 1 1 1 1 1 1 1 1 1 1
441 5292 -0.665212298913 -0.0067966945148 0.00704299880169 0.724829650253 1 1 1 1 1 1 1 1 1 1 1 1 1 1 1
442 5304 -0.674646601033 -3.47657680057e-05 0.00623411823864 0.731196340878 1 1 1 1 1 1 1 1 1 1 1 1 1 1 1
443 5316 -0.678479267 -0.0014811533043 0.000820377305854 0.727907919161 1 1 1 1 1 1 1 1 1 1 1 1 1 1 1
444 5328 -0.685253008706 -0.00110732928921 0.0159522389368 0.739528295838 1 1 1 1 1 1 1 1 1 1 1 1 1 1 1
445 5340 -0.688404112067 -0.00702390431317 0.0118549887379 0.736447086737 1 1 1 1 1 1 1 1 1 1 1 1 1 1 1
446 5352 -0.683947151226 -0.00447180376819 0.00144891940052 0.73156157606 1 1 1 1 1 1 1 1 1 1 1 1 1 1 1
447 5364 -0.681574993316 -0.009307710925 0.0021923939737 0.728511089709 1 1 1 1 1 1 1 1 1 1 1 1 1 1 1
448 5376 -0.685093141363 -0.00374516931281 0.00339287437055 0.731238461555 1 1 1 1 1 1 1 1 1 1 1 1 1 1 1
449 5388 -0.68454695782 -0.000583183161673 0.00794879578816 0.728840863733 1 1 1 1 1 1 1 1 1 1 1 1 1 1 1
450 5400 -0.685749773096 -0.0277089703706 0.00173516523157 0.731566077797 1 1 1 1 1 1 1 1 1 1 1 1 1 1 1
451 5412 -0.676734127865 -0.00804299482197 0.00415148476714 0.738186262333 1 1 1 1 1 1 1 1 1 1 1 1 1 1 1
452 5424 -0.663807583542 -4.96311841584e-05 0.00434013116747 0.734135261837 1 1 1 1 1 1 1 1 1 1 1 1 1 1 1
453 5436 -0.662499507888 -0.00386034837939 0.00534495434746 0.745901487191 1 1 1 1 1 1 1 1 1 1 1 1 1 1 1
454 5448 -0.66775008622 -0.00121313012636 0.00783974981134 0.740041539283 1 1 1 1 1 1 1 1 1 1 1 1 1 1 1
455 5460 -0.656271834752 -0.00252907010182 0.00561853176861 0.742363051996 1 1 1 1 1 1 1 1 1 1 1 1 1 1 1
456 5472 -0.6545279853 -0.00512020700741 0.000216248309156 0.735873885909 1 1 1 1 1 1 1 1 1 1 1 1 1 1 1
457 5484 -0.645674029828 -0.0108078578842 0.000718308522011 0.745964689361 1 1 1 1 1 1 1 1 1 1 1 1 1 1 1
458 5496 -0.649880222932 -0.002437743905 0.00394914206803 0.740582891857 1 1 1 1 1 1 1 1 1 1 1 1 1 1 1
459 5508 -0.64868948971 -0.00170976455945 0.0153849902397 0.735459665496 1 1 1 1 1 1 1 1 1 1 1 1 1 1 1
460 5520 -0.642120378702 -0.00423902411587 0.00688620256486 0.735905280815 1 1 1 1 1 1 1 1 1 1 1 1 1 1 1
461 5532 -0.629478424137 -0.0204529878513 0.00407211459638 0.733414481454 1 1 1 1 1 1 1 1 1 1 1 1 1 1 1
462 5544 -0.62786889611 -0.0121321979975 0.00779187282274 0.717828777995 1 1 1 1 1 1 1 1 1 1 1 1 1 1 1
463 5556 -0.627407690407 -0.00903321490678 0.0109572789426 0.725015831017 1 1 1 1 1 1 1 1 1 1 1 1 1 1 1
464 5568 -0.631745325211 -0.0112377656079 0.00176082547879 0.712323681105 1 1 1 1 1 1 1 1 1 1 1 1 1 1 1
465 5580 -0.613941067973 -0.000452994712093 0.00162439469196 0.719259451478 1 1 1 1 1 1 1 1 1 1 1 1 1 1 1
466 5592 -0.612450010735 -0.00330396932689 0.00143343948488 0.718374350698 1 1 1 1 1 1 1 1 1 1 1 1 1 1 1
467 5604 -0.6020748478 -0.000160188003002 0.00207206202254 0.71320923958 1 1 1 1 1 1 1 1 1 1 1 1 1 1 1
468 5616 -0.615840789024 -0.00293374170761 0.000358768089959 0.713140802519 1 1 1 1 1 1 1 1 1 1 1 1 1 1 1
469 5628 -0.616715145322 -0.00111396969642 0.00863606990456 0.711505972741 1 1 1 1 1 1 1 1 1 1 1 1 1 1 1
470 5640 -0.621890650777 -0.00097616311367 0.00476992110926 0.717801973442 1 1 1 1 1 1 1 1 1 1 1 1 1 1 1
471 5652 -0.618959514949 -0.00828593782655 0.00315823350171 0.716492203903 1 1 1 1 1 1 1 1 1 1 1 1 1 1 1
472 5664 -0.608348726359 -0.000486296256549 0.0071066033336 0.732547545454 1 1 1 1 1 1 1 1 1 1 1 1 1 1 1
473 5676 -0.621147556537 -0.000324856300105 0.00340202010536 0.747379057371 1 1 1 1 1 1 1 1 1 1 1 1 1 1 1
474 5688 -0.632418126923 -0.00389167280308 0.0128525842341 0.747302858367 1 1 1 1 1 1 1 1 1 1 1 1 1 1 1
475 5700 -0.646055644737 -0.00711537708922 0.0100207334753 0.751524412137 1 1 1 1 1 1 1 1 1 1 1 1 1 1 1
476 5712 -0.672836213975 -0.0170910561642 0.00111232230896 0.762762058627 1 1 1 1 1 1 1 1 1 1 1 1 1 1 1
477 5724 -0.687106874271 -0.0124258444904 0.00650639115619 0.762596259071 1 1 1 1 1 1 1 1 1 1 1 1 1 1 1
478 5736 -0.6879518959 -0.0158371822458 0.00841542201682 0.761616931157 1 1 1 1 1 1 1 1 1 1 1 1 1 1 1
479 5748 -0.697133922719 -0.0178227853933 0.000545798532473 0.762907913149 1 1 1 1 1 1 1 1 1 1 1 1 1 1 1
480 5760 -0.700035491788 -0.0158142600506 0.00474958783472 0.769082064376 1 1 1 1 1 1 1 1 1 1 1 1 1 1 1
481 5772 -0.704800405426 -0.0124602079995 0.00374062647537 0.774103815592 1 1 1 1 1 1 1 1 1 1 1 1 1 1 1
482 5784 -0.70856259021 -0.00151339609491 0.00309930465642 0.774024005374 1 1 1 1 1 1 1 1 1 1 1 1 1 1 1
483 5796 -0.712549335357 -0.00177215570708 0.0123220106597 0.775586656167 1 1 1 1 1 1 1 1 1 1 1 1 1 1 1
484 5808 -0.716379916475 -0.00100519563697 0.0162549305487 0.780490249369 1 1 1 1 1 1 1 1 1 1 1 1 1 1 1
485 5820 -0.723395535938 -0.0173365676463 0.00395314367269 0.785786714112 1 1 1 1 1 1 1 1 1 1 1 1 1 1 1
486 5832 -0.720313728875 -0.0155289508704 0.00465195666508 0.786927259742 1 1 1 1 1 1 1 1 1 1 1 1 1 1 1
487 5844 -0.717837090503 -0.0107123538288 0.0107099250252 0.776125243143 1 1 1 1 1 1 1 1 1 1 1 1 1 1 1
488 5856 -0.713200455758 -0.00261530754291 0.000490376215779 0.774061818883 1 1 1 1 1 1 1 1 1 1 1 1 1 1 1
489 5868 -0.72935730103 -0.000402908493977 0.00495585221544 0.786981875111 1 1 1 1 1 1 1 1 1 1 1 1 1 1 1
490 5880 -0.742820295046 -0.0082049501627 0.0199167210064 0.792086892352 1 1 1 1 1 1 1 1 1 1 1 1 1 1 1
491 5892 -0.741555991945 -0.0177628994142 0.0228541463499 0.787030929666 1 1 1 1 1 1 1 1 1 1 1 1 1 1 1
492 5904 -0.747683657234 -0.00392686025339 0.0609084391622 0.778840067225 1 1 1 1 1 1 1 1 1 1 1 1 1 1 1
493 5916 -0.755033148804 -0.00823847254788 0.0223992180404 0.776127531959 1 1 1 1 1 1 1 1 1 1 1 1 1 1 1
494 5928 -0.753713288429 -0.0115621859378 0.0352109704847 0.78070197131 1 1 1 1 1 1 1 1 1 1 1 1 1 1 1
495 5940 -0.755077362402 -0.00566511362229 0.0278799269449 0.769411580109 1 1 1 1 1 1 1 1 1 1 1 1 1 1 1
496 5952 -0.75449550828 -0.0259099340821 0.0255980902883 0.761024230723 1 1 1 1 1 1 1 1 1 1 1 1 1 1 1
497 5964 -0.752639179344 -0.0224494057456 0.00917190788672 0.755696075075 1 1 1 1 1 1 1 1 1 1 1 1 1 1 1
498 5976 -0.748131273847 -0.00133255490302 0.0184011712968 0.752301908312 1 1 1 1 1 1 1 1 1 1 1 1 1 1 1
499 5988 -0.724292868878 -0.0022345898218 0.0109804653213 0.753148487435 1 1 1 1 1 1 1 1 1 1 1 1 1 1 1
500 6000 -0.715516183188 -0.00123429408749 0.00382860412401 0.750889271944 1 1 1 1 1 1 1 1 1 1 1 1 1 1 1
501 6012 -0.710190535894 -0.00317889220025 0.00407775140532 0.756866559401 1 1 1 1 1 1 1 1 1 1 1 1 1 1 1
502 6024 -0.716955648222 -0.00785194480984 0.00263225072473 0.766599056977 1 1 1 1 1 1 1 1 1 1 1 1 1 1 1
503 6036 -0.718968596885 -0.0104206952257 0.023058244674 0.754775961372 1 1 1 1 1 1 1 1 1 1 1 1 1 1 1
504 6048 -0.7322066013 -0.0024699750568 0.00340259626313 0.754811148739 1 1 1 1 1 1 1 1 1 1 1 1 1 1 1
505 6060 -0.725109794523 -0.0168407073055 0.0136888381208 0.746165628393 1 1 1 1 1 1 1 1 1 1 1 1 1 1 1
506 6072 -0.732924083524 -0.00136078495013 0.00571039708912 0.749130238818 1 1 1 1 1 1 1 1 1 1 1 1 1 1 1
507 6084 -0.7382840777 -0.0110364580685 0.00431635177488 0.749275245388 1 1 1 1 1 1 1 1 1 1 1 1 1 1 1
508 6096 -0.741017803736 -0.00783389380249 0.0319910828456 0.754083639081 1 1 1 1 1 1 1 1 1 1 1 1 1 1 1
509 6108 -0.733878946806 -0.00887131939954 0.0294490740324 0.745406013842 1 1 1 1 1 1 1 1 1 1 1 1 1 1 1
510 6120 -0.729156086202 -0.0207189319912 0.00675153894224 0.7356409344 1 1 1 1 1 1 1 1 1 1 1 1 1 1 1
511 6132 -0.732461197934 -0.0171677539393 0.00426356336109 0.734073702792 1 1 1 1 1 1 1 1 1 1 1 1 1 1 1
512 6144 -0.733604831447 -0.000940394788965 0.00542756042639 0.726161269851 1 1 1 1 1 1 1 1 1 1 1 1 1 1 1
513 6156 -0.7322222106 -0.00508221254266 0.00400477931736 0.723298726304 1 1 1 1 1 1 1 1 1 1 1 1 1 1 1
514 6168 -0.72294796189 -0.00936673135011 0.0128400099079 0.723504159244 1 1 1 1 1 1 1 1 1 1 1 1 1 1 1
515 6180 -0.713075577357 -0.02727824048 0.00126236101181 0.71914546668 1 1 1 1 1 1 1 1 1 1 1 1 1 1 1
516 6192 -0.702144704224 -0.0303581648296 0.0102803253938 0.705217881559 1 1 1 1 1 1 1 1 1 1 1 1 1 1 1
517 6204 -0.700567035415 -0.0226980208352 0.0100447057566 0.686641511975 1 1 1 1 1 1 1 1 1 1 1 1 1 1 1
518 6216 -0.707850862838 -0.0256827023216 0.0050924603569 0.674785950979 1 1 1 1 1 1 1 1 1 1 1 1 1 1 1
519 6228 -0.70382845638 -0.00241373874562 0.0123737658977 0.658398293654 1 1 1 1 1 1 1 1 1 1 1 1 1 1 1
520 6240 -0.707846883238 -0.0123171686013 0.0171598293113 0.658209989166 1 1 1 1 1 1 1 1 1 1 1 1 1 1 1
521 6252 -0.709897128718 -0.0152536638995 0.0174672215768 0.668975998678 1 1 1 1 1 1 1 1 1 1 1 1 1 1 1
522 6264 -0.70406225613 -0.00744775280361 0.020193255161 0.660992557031 1 1 1 1 1 1 1 1 1 1 1 1 1 1 1
523 6276 -0.706564007002 -0.00520734779528 0.0186319498293 0.666108303754 1 1 1 1 1 1 1 1 1 1 1 1 1 1 1
524 6288 -0.706160472037 -0.0246647900662 0.028563044863 0.661800394653 1 1 1 1 1 1 1 1 1 1 1 1 1 1 1
525 6300 -0.710280285087 -0.0182451165981 0.0199669908568 0.660473142291 1 1 1 1 1 1 1 1 1 1 1 1 1 1 1
526 6312 -0.708341870923 -0.012744118564 0.0297742061134 0.651271139141 1 1 1 1 1 1 1 1 1 1 1 1 1 1 1
527 6324 -0.709359355756 -0.0218131944075 0.021715318154 0.647324708248 1 1 1 1 1 1 1 1 1 1 1 1 1 1 1
528 6336 -0.708245776142 -0.0185175239204 0.0151488099748 0.651927814068 1 1 1 1 1 1 1 1 1 1 1 1 1 1 1
529 6348 -0.717720620242 -0.0133725381306 0.0177841808852 0.663316044901 1 1 1 1 1 1 1 1 1 1 1 1 1 1 1
530 6360 -0.711745677894 -0.0108605361159 0.0173234468976 0.658497623321 1 1 1 1 1 1 1 1 1 1 1 1 1 1 1
531 6372 -0.714239991354 -0.00699118964512 0.00165847756542 0.661111006591 1 1 1 1 1 1 1 1 1 1 1 1 1 1 1
532 6384 -0.713152232354 -0.0227381082214 0.00845672074185 0.650211901422 1 1 1 1 1 1 1 1 1 1 1 1 1 1 1
533 6396 -0.710323489985 -0.0192338875472 0.00489859422832 0.647885819194 1 1 1 1 1 1 1 1 1 1 1 1 1 1 1
534 6408 -0.70119729828 -0.000619217344614 0.00260263708108 0.643393261788 1 1 1 1 1 1 1 1 1 1 1 1 1 1 1
535 6420 -0.703401288173 -0.00430042189904 0.00367863106997 0.650865894555 1 1 1 1 1 1 1 1 1 1 1 1 1 1 1
536 6432 -0.702397179237 -0.00427434074914 0.0250483748938 0.653755098924 1 1 1 1 1 1 1 1 1 1 1 1 1 1 1
537 6444 -0.701539627509 -0.00024295182674 0.0133077865736 0.656030532064 1 1 1 1 1 1 1 1 1 1 1 1 1 1 1
538 6456 -0.70842794425 -0.0142478381827 0.00975337579676 0.664058764476 1 1 1 1 1 1 1 1 1 1 1 1 1 1 1
539 6468 -0.715160878368 -0.0100161730797 0.00591996787238 0.659568605667 1 1 1 1 1 1 1 1 1 1 1 1 1 1 1
540 6480 -0.72885275927 -0.00274553875164 0.0048024461393 0.66029512237 1 1 1 1 1 1 1 1 1 1 1 1 1 1 1
541 6492 -0.736940086628 -0.000187182055329 0.00883716111404 0.659689622476 1 1 1 1 1 1 1 1 1 1 1 1 1 1 1
542 6504 -0.731909544467 -0.000111612177465 0.0150947832009 0.666501703351 1 1 1 1 1 1 1 1 1 1 1 1 1 1 1
543 6516 -0.736382732228 -0.0195013621369 0.00300017570393 0.651086109583 1 1 1 1 1 1 1 1 1 1 1 1 1 1 1
544 6528 -0.735546151946 -0.00701497677193 0.00481788576972 0.649952855302 1 1 1 1 1 1 1 1 1 1 1 1 1 1 1
545 6540 -0.740735740867 -0.00670176039679 0.0112393990181 0.664635164677 1 1 1 1 1 1 1 1 1 1 1 1 1 1 1
546 6552 -0.742094566523 -0.020294607725 0.00630655440879 0.664340818462 1 1 1 1 1 1 1 1 1 1 1 1 1 1 1
547 6564 -0.737583890865 -0.0256598619268 0.00674406275144 0.668090360407 1 1 1 1 1 1 1 1 1 1 1 1 1 1 1
548 6576 -0.740735094804 -0.0295742570888 0.0152488414345 0.670485363996 1 1 1 1 1 1 1 1 1 1 1 1 1 1 1
549 6588 -0.74106491915 -0.0199723047918 0.00869999317406 0.663504415932 1 1 1 1 1 1 1 1 1 1 1 1 1 1 1
550 6600 -0.73197766549 -0.00846825034368 0.00697051540142 0.663229436031 1 1 1 1 1 1 1 1 1 1 1 1 1 1 1
551 6612 -0.731252151349 -0.0280693348681 0.00244591282488 0.655485747407 1 1 1 1 1 1 1 1 1 1 1 1 1 1 1
552 6624 -0.73873310836 -0.0224266321123 0.00828440909005 0.656134962875 1 1 1 1 1 1 1 1 1 1 1 1 1 1 1
553 6636 -0.739940644577 -0.033064138325 0.00525831350298 0.653029298892 1 1 1 1 1 1 1 1 1 1 1 1 1 1 1
554 6648 -0.732820163637 -0.000368821831159 0.00292804913408 0.654798010442 1 1 1 1 1 1 1 1 1 1 1 1 1 1 1
555 6660 -0.72987988413 -0.0350112029989 0.00204719285793 0.653660113065 1 1 1 1 1 1 1 1 1 1 1 1 1 1 1
556 6672 -0.741176108796 -0.0227558611429 0.00132334340085 0.655637234359 1 1 1 1 1 1 1 1 1 1 1 1 1 1 1
557 6684 -0.742209900924 -0.0120920322623 0.00275538595428 0.65838950006 1 1 1 1 1 1 1 1 1 1 1 1 1 1 1
558 6696 -0.747853717406 -0.00801208696879 0.0115473106079 0.663690801418 1 1 1 1 1 1 1 1 1 1 1 1 1 1 1
559 6708 -0.752054873348 -0.00984570375943 0.0164013516107 0.662889223333 1 1 1 1 1 1 1 1 1 1 1 1 1 1 1
560 6720 -0.750267263089 -0.00341228701746 0.00757311972701 0.669580946242 1 1 1 1 1 1 1 1 1 1 1 1 1 1 1
561 6732 -0.751336036094 -0.00842786811958 9.95805081796e-05 0.678611484664 1 1 1 1 1 1 1 1 1 1 1 1 1 1 1
562 6744 -0.753697772357 -0.0165535995743 0.00948529992687 0.66722685941 1 1 1 1 1 1 1 1 1 1 1 1 1 1 1
563 6756 -0.754320416168 -0.0144617153383 0.00330315106948 0.664801084393 1 1 1 1 1 1 1 1 1 1 1 1 1 1 1
564 6768 -0.738199130634 -0.0239986211117 0.000921900790341 0.656723776354 1 1 1 1 1 1 1 1 1 1 1 1 1 1 1
565 6780 -0.7320998259 -0.00788866822809 0.0209077281366 0.657212230186 1 1 1 1 1 1 1 1 1 1 1 1 1 1 1
566 6792 -0.726815104122 -0.0185857541983 0.0219828272258 0.655356819449 1 1 1 1 1 1 1 1 1 1 1 1 1 1 1
567 6804 -0.720929376326 -0.0072911649597 0.00522012427496 0.676162353599 1 1 1 1 1 1 1 1 1 1 1 1 1 1 1
568 6816 -0.717587864708 -0.00535010326725 0.0229506313948 0.675866184135 1 1 1 1 1 1 1 1 1 1 1 1 1 1 1
569 6828 -0.717648911394 -4.85419291091e-05 0.0217003601324 0.679076544501 1 1 1 1 1 1 1 1 1 1 1 1 1 1 1
570 6840 -0.714867712788 -0.0396048089345 0.00545411633527 0.68036502577 1 1 1 1 1 1 1 1 1 1 1 1 1 1 1
571 6852 -0.714149658292 -0.0405112817483 0.00463478758518 0.688231660893 1 1 1 1 1 1 1 1 1 1 1 1 1 1 1
572 6864 -0.707909728428 -0.0302602789494 0.00439719632348 0.675952648659 1 1 1 1 1 1 1 1 1 1 1 1 1 1 1
573 6876 -0.712991740382 -0.00267142669641 0.00380306570512 0.680036115888 1 1 1 1 1 1 1 1 1 1 1 1 1 1 1
574 6888 -0.714863201092 -0.00432767862471 0.0185503583615 0.675503383733 1 1 1 1 1 1 1 1 1 1 1 1 1 1 1
575 6900 -0.713212950154 -0.0184960242747 0.00080985613088 0.676229268915 1 1 1 1 1 1 1 1 1 1 1 1 1 1 1
576 6912 -0.719053140129 -0.0205962458714 0.0199386135104 0.674471117449 1 1 1 1 1 1 1 1 1 1 1 1 1 1 1
577 6924 -0.722185466309 -0.0258010483794 0.0215509296886 0.667199428972 1 1 1 1 1 1 1 1 1 1 1 1 1 1 1
578 6936 -0.721300766905 -0.00380841639121 0.0204363179655 0.663842654284 1 1 1 1 1 1 1 1 1 1 1 1 1 1 1
579 6948 -0.721040057691 -0.0463503269994 0.0129492187332 0.657202689328 1 1 1 1 1 1 1 1 1 1 1 1 1 1 1
580 6960 -0.726502900947 -0.030967880707 0.0133349427705 0.650756592811 1 1 1 1 1 1 1 1 1 1 1 1 1 1 1
581 6972 -0.728479508985 -0.0258380236479 0.00469435180094 0.649112966991 1 1 1 1 1 1 1 1 1 1 1 1 1 1 1
582 6984 -0.73205358164 -0.000173168671725 0.0157039312527 0.645348301085 1 1 1 1 1 1 1 1 1 1 1 1 1 1 1
583 6996 -0.735461499603 -0.00384451700655 0.0102208182134 0.657770789937 1 1 1 1 1 1 1 1 1 1 1 1 1 1 1
584 7008 -0.743693434579 -0.00167187196837 0.000390435652093 0.66139280873 1 1 1 1 1 1 1 1 1 1 1 1 1 1 1
585 7020 -0.743398511265 -0.0304319307392 0.00479410265001 0.66844862299 1 1 1 1 1 1 1 1 1 1 1 1 1 1 1
586 7032 -0.751157092228 -0.0029358861662 0.00247839424024 0.66963420448 1 1 1 1 1 1 1 1 1 1 1 1 1 1 1
587 7044 -0.750530823708 -0.0048287573716 0.00442898215141 0.679625885269 1 1 1 1 1 1 1 1 1 1 1 1 1 1 1
588 7056 -0.753147065808 -0.00693299454758 0.00484632762269 0.681091865194 1 1 1 1 1 1 1 1 1 1 1 1 1 1 1
589 7068 -0.75865335846 -0.000266450094893 0.00553237610237 0.676172009416 1 1 1 1 1 1 1 1 1 1 1 1 1 1 1
590 7080 -0.76270971293 -0.00124318539046 0.00642196308641 0.681196903846 1 1 1 1 1 1 1 1 1 1 1 1 1 1 1
591 7092 -0.765756035175 -0.00955470715259 0.00158277446406 0.685071171579 1 1 1 1 1 1 1 1 1 1 1 1 1 1 1
592 7104 -0.772615494509 -0.00310006388949 0.0122932702584 0.683064478351 1 1 1 1 1 1 1 1 1 1 1 1 1 1 1
593 7116 -0.775869602628 -0.0017390835072 0.00985035118855 0.693662321971 1 1 1 1 1 1 1 1 1 1 1 1 1 1 1
594 7128 -0.775600546811 -0.00615302015377 0.0072291165311 0.689310464339 1 1 1 1 1 1 1 1 1 1 1 1 1 1 1
595 7140 -0.780170640236 -0.00560833156757 0.0021877421169 0.697616367493 1 1 1 1 1 1 1 1 1 1 1 1 1 1 1
596 7152 -0.7878558019 -0.00150412144145 0.00639277706606 0.697431499975 1 1 1 1 1 1 1 1 1 1 1 1 1 1 1
597 7164 -0.787922739679 -0.00939013901065 0.00304148161468 0.700285752274 1 1 1 1 1 1 1 1 1 1 1 1 1 1 1
598 7176 -0.787708894605 -0.00230830785172 0.00676943467873 0.709499631191 1 1 1 1 1 1 1 1 1 1 1 1 1 1 1
599 7188 -0.782048771244 -0.00297150916168 0.00146531975756 0.716003774417 1 1 1 1 1 1 1 1 1 1 1 1 1 1 1
600 7200 -0.784779664672 -0.0196847450232 0.0040108294895 0.720061175005 1 1 1 1 1 1 1 1 1 1 1 1 1 1 1
601 7212 -0.782072717919 -0.0163660831983 0.00474436380441 0.721008149777 1 1 1 1 1 1 1 1 1 1 1 1 1 1 1
602 7224 -0.786771001104 -0.00152955138878 0.00274395585331 0.716524027596 1 1 1 1 1 1 1 1 1 1 1 1 1 1 1
603 7236 -0.795537120113 -0.00148884480116 0.00925948206771 0.71651665898 1 1 1 1 1 1 1 1 1 1 1 1 1 1 1
604 7248 -0.7893772741 -0.00480799339214 0.00412153563342 0.713311852823 1 1 1 1 1 1 1 1 1 1 1 1 1 1 1
605 7260 -0.790658426353 -0.00314080031473 0.0104992526593 0.710986916263 1 1 1 1 1 1 1 1 1 1 1 1 1 1 1
606 7272 -0.782994008139 -0.00368840226564 0.00250906619976 0.717350597422 1 1 1 1 1 1 1 1 1 1 1 1 1 1 1
607 7284 -0.784892617843 -0.00253405066626 0.00298972200513 0.715453046956 1 1 1 1 1 1 1 1 1 1 1 1 1 1 1
608 7296 -0.785683364639 -0.00386406727245 0.0110162560979 0.71288122751 1 1 1 1 1 1 1 1 1 1 1 1 1 1 1
609 7308 -0.78794093554 -0.00181861959897 0.00451092354545 0.71099770421 1 1 1 1 1 1 1 1 1 1 1 1 1 1 1
610 7320 -0.790570375789 -0.000433967790581 0.00393765540652 0.711672642835 1 1 1 1 1 1 1 1 1 1 1 1 1 1 1
611 7332 -0.790055005979 -0.00126848936047 0.00180307423628 0.699655119331 1 1 1 1 1 1 1 1 1 1 1 1 1 1 1
612 7344 -0.791488293392 -0.00510781816154 0.00114298837088 0.704576626119 1 1 1 1 1 1 1 1 1 1 1 1 1 1 1
613 7356 -0.786981782429 -0.00159199124228 0.00887706095625 0.701044100121 1 1 1 1 1 1 1 1 1 1 1 1 1 1 1
614 7368 -0.788044577157 -0.00888778657612 0.00659243369629 0.696215058578 1 1 1 1 1 1 1 1 1 1 1 1 1 1 1
615 7380 -0.776769178876 -0.0033710011892 0.00999815474629 0.683631219973 1 1 1 1 1 1 1 1 1 1 1 1 1 1 1
616 7392 -0.778856582212 -1.84026002153e-05 0.00885823256115 0.688537493111 1 1 1 1 1 1 1 1 1 1 1 1 1 1 1
617 7404 -0.771974415557 -0.00501959966139 0.00817177543759 0.685606630179 1 1 1 1 1 1 1 1 1 1 1 1 1 1 1
618 7416 -0.771317135345 -0.00723307244156 0.00588120442784 0.684499797496 1 1 1 1 1 1 1 1 1 1 1 1 1 1 1
619 7428 -0.768691220028 -0.00570528744356 0.0275286221294 0.68402399067 1 1 1 1 1 1 1 1 1 1 1 1 1 1 1
620 7440 -0.753109249979 -0.00185953044718 0.00900600678326 0.679549259002 1 1 1 1 1 1 1 1 1 1 1 1 1 1 1
621 7452 -0.747642126249 -0.00857651922161 0.00860628935097 0.671102784464 1 1 1 1 1 1 1 1 1 1 1 1 1 1 1
622 7464 -0.742922391778 -0.00602622315579 0.00103942681039 0.673643345879 1 1 1 1 1 1 1 1 1 1 1 1 1 1 1
623 7476 -0.744608896402 -0.000979751768806 0.00319514504491 0.665897042118 1 1 1 1 1 1 1 1 1 1 1 1 1 1 1
624 7488 -0.740918633817 -0.00453664635806 0.0138451252922 0.658144360572 1 1 1 1 1 1 1 1 1 1 1 1 1 1 1
625 7500 -0.748019605481 -0.00505361352097 0.00125954878078 0.66450955258 1 1 1 1 1 1 1 1 1 1 1 1 1 1 1
626 7512 -0.750194921048 -0.00353291938486 0.00272264989208 0.672786673582 1 1 1 1 1 1 1 1 1 1 1 1 1 1 1
627 7524 -0.753596566653 -0.00244237170505 0.0155929505991 0.660475908788 1 1 1 1 1 1 1 1 1 1 1 1 1 1 1
628 7536 -0.75390790438 -0.00300805185827 0.00840414776971 0.656389237552 1 1 1 1 1 1 1 1 1 1 1 1 1 1 1
629 7548 -0.755129133619 -0.012929482542 0.00338806396155 0.669347334853 1 1 1 1 1 1 1 1 1 1 1 1 1 1 1
630 7560 -0.757992257327 -0.0128487550865 0.0117419138114 0.673791905432 1 1 1 1 1 1 1 1 1 1 1 1 1 1 1
631 7572 -0.758232256484 -1.73914883057e-05 0.0019897025187 0.671362032991 1 1 1 1 1 1 1 1 1 1 1 1 1 1 1
632 7584 -0.759031097687 -0.000434952072238 0.00520486292408 0.687801544031 1 1 1 1 1 1 1 1 1 1 1 1 1 1 1
633 7596 -0.755514594108 -0.00281505248189 0.00677298000348 0.688891091787 1 1 1 1 1 1 1 1 1 1 1 1 1 1 1
634 7608 -0.753937416165 -0.000461371818874 0.00126161516865 0.69215609089 1 1 1 1 1 1 1 1 1 1 1 1 1 1 1
635 7620 -0.779980163581 -0.00307938553707 0.00321224965664 0.7131573829 1 1 1 1 1 1 1 1 1 1 1 1 1 1 1
636 7632 -0.780291176267 -0.00591948899623 0.000425429809193 0.706734806556 1 1 1 1 1 1 1 1 1 1 1 1 1 1 1
637 7644 -0.7706781923 -0.00527939977748 0.00798540353297 0.707247491292 1 1 1 1 1 1 1 1 1 1 1 1 1 1 1
638 7656 -0.775598311458 -0.0063349046402 0.0307616782029 0.708232596664 1 1 1 1 1 1 1 1 1 1 1 1 1 1 1
639 7668 -0.772665614594 -0.0182515517887 0.0114726968823 0.710462986437 1 1 1 1 1 1 1 1 1 1 1 1 1 1 1
640 7680 -0.773242727306 -0.00396367740876 0.0106906419868 0.719261087211 1 1 1 1 1 1 1 1 1 1 1 1 1 1 1
641 7692 -0.765981833641 -0.0137153277695 0.00871592910839 0.7065990618 1 1 1 1 1 1 1 1 1 1 1 1 1 1 1
642 7704 -0.762592869031 -0.00407291815457 0.00492561788375 0.709925256424 1 1 1 1 1 1 1 1 1 1 1 1 1 1 1
643 7716 -0.765290428606 -0.00347674204781 0.00276445909772 0.713892079921 1 1 1 1 1 1 1 1 1 1 1 1 1 1 1
644 7728 -0.773787304694 -0.00342350602653 0.00168315097261 0.696889774308 1 1 1 1 1 1 1 1 1 1 1 1 1 1 1
645 7740 -0.773812057394 -0.01031762628 0.0121856264498 0.697405372832 1 1 1 1 1 1 1 1 1 1 1 1 1 1 1
646 7752 -0.758731874379 -0.00442188831309 0.00952160022042 0.675146450977 1 1 1 1 1 1 1 1 1 1 1 1 1 1 1
647 7764 -0.76461529782 -0.0345110007093 0.00485502632658 0.675299740968 1 1 1 1 1 1 1 1 1 1 1 1 1 1 1
648 7776 -0.767009108243 -0.0345988270935 0.000910143303004 0.676266327674 1 1 1 1 1 1 1 1 1 1 1 1 1 1 1
649 7788 -0.761373544386 -0.00880286397723 0.00316863516241 0.682867911644 1 1 1 1 1 1 1 1 1 1 1 1 1 1 1
650 7800 -0.75349307755 -0.00381646635009 0.000770857275213 0.683815200858 1 1 1 1 1 1 1 1 1 1 1 1 1 1 1
651 7812 -0.748662212924 -0.00186993964814 0.00151315073766 0.683508287958 1 1 1 1 1 1 1 1 1 1 1 1 1 1 1
652 7824 -0.74522413663 -0.00210627222878 0.0111216715791 0.686514145744 1 1 1 1 1 1 1 1 1 1 1 1 1 1 1
653 7836 -0.734212655544 -0.00235924714101 0.00974868898639 0.703343841268 1 1 1 1 1 1 1 1 1 1 1 1 1 1 1
654 7848 -0.728127149321 -0.0329546375727 0.00754957889061 0.717364988219 1 1 1 1 1 1 1 1 1 1 1 1 1 1 1
655 7860 -0.725626808662 -0.00974237073579 0.00381290104725 0.716905448413 1 1 1 1 1 1 1 1 1 1 1 1 1 1 1
656 7872 -0.724322950778 -0.00852436246215 0.00510084254363 0.715720820464 1 1 1 1 1 1 1 1 1 1 1 1 1 1 1
657 7884 -0.721857897873 -0.00119177628378 0.00143079322 0.713607448687 1 1 1 1 1 1 1 1 1 1 1 1 1 1 1
658 7896 -0.732078998467 -0.0065343556702 0.00294699647323 0.716537401136 1 1 1 1 1 1 1 1 1 1 1 1 1 1 1
659 7908 -0.738076459584 -0.00765683164526 0.000194535807986 0.716930401822 1 1 1 1 1 1 1 1 1 1 1 1 1 1 1
660 7920 -0.739774067055 -0.00949750119937 0.00812623026505 0.715254429816 1 1 1 1 1 1 1 1 1 1 1 1 1 1 1
661 7932 -0.746923962314 -0.00173125784423 0.0064295546172 0.719333512027 1 1 1 1 1 1 1 1 1 1 1 1 1 1 1
662 7944 -0.746606229657 -0.00967470530827 0.0128928354002 0.710396995391 1 1 1 1 1 1 1 1 1 1 1 1 1 1 1
663 7956 -0.749211774705 -0.000111084171719 0.013484776241 0.700320145176 1 1 1 1 1 1 1 1 1 1 1 1 1 1 1
664 7968 -0.746883065481 -0.0038661322264 0.0103705702296 0.706003883896 1 1 1 1 1 1 1 1 1 1 1 1 1 1 1
665 7980 -0.768370045877 -0.00214981450886 0.0117697167841 0.713289083976 1 1 1 1 1 1 1 1 1 1 1 1 1 1 1
666 7992 -0.764559992889 -0.0272542687627 0.00293358706227 0.720044717925 1 1 1 1 1 1 1 1 1 1 1 1 1 1 1
667 8004 -0.770428304452 -0.00577410871279 0.00566292394018 0.728185586199 1 1 1 1 1 1 1 1 1 1 1 1 1 1 1
668 8016 -0.767388158953 -0.00168937228791 0.015498714279 0.724581379216 1 1 1 1 1 1 1 1 1 1 1 1 1 1 1
669 8028 -0.763952247841 -0.0105128507273 0.00651942643041 0.718215948204 1 1 1 1 1 1 1 1 1 1 1 1 1 1 1
670 8040 -0.761469307088 -0.000502658541004 0.00383760215302 0.698847115675 1 1 1 1 1 1 1 1 1 1 1 1 1 1 1
671 8052 -0.76202905934 -0.00835368049691 0.0334435514259 0.698449730301 1 1 1 1 1 1 1 1 1 1 1 1 1 1 1
672 8064 -0.760409441646 -0.0191806881822 0.00525576175595 0.695523633335 1 1 1 1 1 1 1 1 1 1 1 1 1 1 1
673 8076 -0.753903424044 -0.000402294880703 0.00643723500242 0.691957495278 1 1 1 1 1 1 1 1 1 1 1 1 1 1 1
674 8088 -0.74750770483 -0.0059962795405 0.00142223636666 0.691753399436 1 1 1 1 1 1 1 1 1 1 1 1 1 1 1
675 8100 -0.752378515143 -0.00931286835597 0.0068629347869 0.710351802293 1 1 1 1 1 1 1 1 1 1 1 1 1 1 1
676 8112 -0.755776084141 -0.0034979697796 0.000190512425829 0.722077933134 1 1 1 1 1 1 1 1 1 1 1 1 1 1 1
677 8124 -0.756501525815 -0.00918404126229 0.0068480623162 0.729431190377 1 1 1 1 1 1 1 1 1 1 1 1 1 1 1
678 8136 -0.752917275618 -0.00662967397342 0.0135937614709 0.724297218511 1 1 1 1 1 1 1 1 1 1 1 1 1 1 1
679 8148 -0.757421945163 -0.000901227025705 0.0154942877767 0.726642393227 1 1 1 1 1 1 1 1 1 1 1 1 1 1 1
680 8160 -0.746707549643 -0.00112711534846 0.0101546631248 0.72178399475 1 1 1 1 1 1 1 1 1 1 1 1 1 1 1
681 8172 -0.745139903893 -0.00148652920392 0.00534222595846 0.726061124479 1 1 1 1 1 1 1 1 1 1 1 1 1 1 1
682 8184 -0.72322614429 -0.0017915175863 0.00565206582556 0.719502542549 1 1 1 1 1 1 1 1 1 1 1 1 1 1 1
683 8196 -0.717489655439 -0.0133130342973 0.000323533082 0.718506308445 1 1 1 1 1 1 1 1 1 1 1 1 1 1 1
684 8208 -0.710912927058 -0.0106852182641 0.000499468227449 0.713842952084 1 1 1 1 1 1 1 1 1 1 1 1 1 1 1
685 8220 -0.727677929712 -0.000504430009028 0.0131116928585 0.706927737261 1 1 1 1 1 1 1 1 1 1 1 1 1 1 1
686 8232 -0.726369916607 -0.0426958865763 0.00390561797425 0.70795705034 1 1 1 1 1 1 1 1 1 1 1 1 1 1 1
687 8244 -0.725510799175 -0.0142288259312 0.00609325404643 0.705766804249 1 1 1 1 1 1 1 1 1 1 1 1 1 1 1
688 8256 -0.725306962341 -0.00377405916369 0.00848397068293 0.714586205771 1 1 1 1 1 1 1 1 1 1 1 1 1 1 1
689 8268 -0.721906214446 -0.021147524128 0.00280786592785 0.713780791869 1 1 1 1 1 1 1 1 1 1 1 1 1 1 1
690 8280 -0.724439782001 -0.0222256795726 0.00459690946571 0.710960888721 1 1 1 1 1 1 1 1 1 1 1 1 1 1 1
691 8292 -0.728065067774 -0.0192475441203 0.00210820823432 0.714330885721 1 1 1 1 1 1 1 1 1 1 1 1 1 1 1
692 8304 -0.720800787217 -0.020634046491 0.00729053409008 0.712631737324 1 1 1 1 1 1 1 1 1 1 1 1 1 1 1
693 8316 -0.720815896765 -0.0173927335962 0.000988355997755 0.710164580326 1 1 1 1 1 1 1 1 1 1 1 1 1 1 1
694 8328 -0.717576281314 -0.00262561630803 0.0248611680277 0.702957314548 1 1 1 1 1 1 1 1 1 1 1 1 1 1 1
695 8340 -0.723355298512 -0.005358795284 0.00813069018589 0.696756714418 1 1 1 1 1 1 1 1 1 1 1 1 1 1 1
696 8352 -0.723251265897 -0.00497974121094 0.0182217100517 0.68538416288 1 1 1 1 1 1 1 1 1 1 1 1 1 1 1
697 8364 -0.727775496745 -0.0345406223185 0.0223295031944 0.691244450869 1 1 1 1 1 1 1 1 1 1 1 1 1 1 1
698 8376 -0.728568191598 -0.0465675955912 0.0119488235918 0.690001280868 1 1 1 1 1 1 1 1 1 1 1 1 1 1 1
699 8388 -0.734160886584 -0.0622838872073 0.00753374838539 0.682940826405 1 1 1 1 1 1 1 1 1 1 1 1 1 1 1
700 8400 -0.732434549464 -0.0569687970369 0.00350547707972 0.674551692951 1 1 1 1 1 1 1 1 1 1 1 1 1 1 1
701 8412 -0.732901743231 -0.0735677983305 0.0188214256126 0.681502556833 1 1 1 1 1 1 1 1 1 1 1 1 1 1 1
702 8424 -0.739799488375 -0.0227948059778 0.0174735693988 0.675160034351 1 1 1 1 1 1 1 1 1 1 1 1 1 1 1
703 8436 -0.734439385089 -0.00669269470836 0.00337922393876 0.671513702831 1 1 1 1 1 1 1 1 1 1 1 1 1 1 1
704 8448 -0.734361852943 -0.0186344025934 0.020508003511 0.678214659632 1 1 1 1 1 1 1 1 1 1 1 1 1 1 1
705 8460 -0.730003754236 -0.0173526099024 0.0256089346908 0.680070593899 1 1 1 1 1 1 1 1 1 1 1 1 1 1 1
706 8472 -0.721630982065 -0.0336044122718 0.0141074927482 0.679760330949 1 1 1 1 1 1 1 1 1 1 1 1 1 1 1
707 8484 -0.720266294183 -0.0200528090695 0.0019508902717 0.689919675097 1 1 1 1 1 1 1 1 1 1 1 1 1 1 1
708 8496 -0.723562946531 -0.0291188730175 0.00477580323791 0.698852423008 1 1 1 1 1 1 1 1 1 1 1 1 1 1 1
709 8508 -0.729490734284 -0.0192494585391 0.00736274289517 0.70804031042 1 1 1 1 1 1 1 1 1 1 1 1 1 1 1
710 8520 -0.73505031262 -0.0211488699499 0.00533053738516 0.708489029091 1 1 1 1 1 1 1 1 1 1 1 1 1 1 1
711 8532 -0.734869501798 -0.0176551669643 0.00610590434833 0.713360771715 1 1 1 1 1 1 1 1 1 1 1 1 1 1 1
712 8544 -0.733805363146 -0.00030803931299 0.0252950286043 0.712523527814 1 1 1 1 1 1 1 1 1 1 1 1 1 1 1
713 8556 -0.747933166322 -0.0336288007574 0.00543004608223 0.718049184598 1 1 1 1 1 1 1 1 1 1 1 1 1 1 1
714 8568 -0.74142742127 -0.0217222474314 0.00338329302291 0.717733981756 1 1 1 1 1 1 1 1 1 1 1 1 1 1 1
715 8580 -0.747553750308 -0.0215273868365 0.0083734833324 0.714580134917 1 1 1 1 1 1 1 1 1 1 1 1 1 1 1
716 8592 -0.75215380956 -0.012434312962 0.0210724616705 0.703296927848 1 1 1 1 1 1 1 1 1 1 1 1 1 1 1
717 8604 -0.739980218491 -0.0590837482049 0.0117710892529 0.689898637045 1 1 1 1 1 1 1 1 1 1 1 1 1 1 1
718 8616 -0.735236501072 -0.00175009537591 0.00321142556812 0.692650432452 1 1 1 1 1 1 1 1 1 1 1 1 1 1 1
719 8628 -0.733891574323 -0.00782904494331 0.00810668682312 0.682635369826 1 1 1 1 1 1 1 1 1 1 1 1 1 1 1
720 8640 -0.734737596456 -0.00158327168263 0.00709643749586 0.6636444112 1 1 1 1 1 1 1 1 1 1 1 1 1 1 1
721 8652 -0.737141528231 -2.27883910647e-05 0.0234035860835 0.671236391129 1 1 1 1 1 1 1 1 1 1 1 1 1 1 1
722 8664 -0.744818497971 -0.0124874875215 0.00591938469201 0.661102972766 1 1 1 1 1 1 1 1 1 1 1 1 1 1 1
723 8676 -0.742653275674 -0.00492532371236 0.00010945118264 0.663356327697 1 1 1 1 1 1 1 1 1 1 1 1 1 1 1
724 8688 -0.751563215643 -0.00600484056603 0.00506800575492 0.663352318196 1 1 1 1 1 1 1 1 1 1 1 1 1 1 1
725 8700 -0.752268053942 -0.0112573226628 0.00800143745273 0.668266220903 1 1 1 1 1 1 1 1 1 1 1 1 1 1 1
726 8712 -0.75540976773 -0.0106270690834 0.00565407394196 0.674252150761 1 1 1 1 1 1 1 1 1 1 1 1 1 1 1
727 8724 -0.74968994783 -0.00331311565124 0.00928823175161 0.677791799407 1 1 1 1 1 1 1 1 1 1 1 1 1 1 1
728 8736 -0.744657173565 -0.0124773867816 0.00258703068281 0.67953998373 1 1 1 1 1 1 1 1 1 1 1 1 1 1 1
729 8748 -0.736235760126 -0.000654664852868 2.3804676178e-05 0.674203752986 1 1 1 1 1 1 1 1 1 1 1 1 1 1 1
730 8760 -0.722900569903 -0.0124212432299 0.00180767338232 0.671660116022 1 1 1 1 1 1 1 1 1 1 1 1 1 1 1
731 8772 -0.716211442365 -0.0107871417639 0.00552364683756 0.676882669017 1 1 1 1 1 1 1 1 1 1 1 1 1 1 1
732 8784 -0.714455008456 -0.00587713521883 0.0095660592873 0.679475962371 1 1 1 1 1 1 1 1 1 1 1 1 1 1 1
733 8796 -0.717673409987 -0.00549954433193 0.00031010889982 0.681343662058 1 1 1 1 1 1 1 1 1 1 1 1 1 1 1
734 8808 -0.712090440218 -0.00686598248863 0.00148636446577 0.675809573666 1 1 1 1 1 1 1 1 1 1 1 1 1 1 1
735 8820 -0.70122975567 -0.00170631344941 0.000274910536393 0.674594759912 1 1 1 1 1 1 1 1 1 1 1 1 1 1 1
736 8832 -0.695182148169 -0.0157326530274 0.0162637246242 0.670266181144 1 1 1 1 1 1 1 1 1 1 1 1 1 1 1
737 8844 -0.683158578527 -0.00364010393058 0.0117733660609 0.683008167259 1 1 1 1 1 1 1 1 1 1 1 1 1 1 1
738 8856 -0.682920465489 -0.0101397810711 0.00215506198757 0.686403924065 1 1 1 1 1 1 1 1 1 1 1 1 1 1 1
739 8868 -0.692227457285 -0.00129336643864 0.0125980641838 0.675639921389 1 1 1 1 1 1 1 1 1 1 1 1 1 1 1
740 8880 -0.694923680235 -0.00193836117138 0.0033888474857 0.674954892787 1 1 1 1 1 1 1 1 1 1 1 1 1 1 1
741 8892 -0.686166921205 -0.017303278104 0.00212384389901 0.667856384266 1 1 1 1 1 1 1 1 1 1 1 1 1 1 1
742 8904 -0.681266594401 -0.00896316648473 0.00164175433168 0.665572886955 1 1 1 1 1 1 1 1 1 1 1 1 1 1 1
743 8916 -0.675407307252 -0.0103806670986 0.0174609295859 0.658316381838 1 1 1 1 1 1 1 1 1 1 1 1 1 1 1
744 8928 -0.672406703373 -0.00896562326658 0.0335716633356 0.656446084771 1 1 1 1 1 1 1 1 1 1 1 1 1 1 1
745 8940 -0.681071948842 -0.0237078079515 0.0348092957996 0.662039772346 1 1 1 1 1 1 1 1 1 1 1 1 1 1 1
746 8952 -0.676591395043 -0.0152035283097 0.030471151457 0.64879274118 1 1 1 1 1 1 1 1 1 1 1 1 1 1 1
747 8964 -0.689722680886 -0.0121548485738 0.0291695392175 0.649654994227 1 1 1 1 1 1 1 1 1 1 1 1 1 1 1
748 8976 -0.694156572673 -0.00539965911547 0.0139417722259 0.648070609963 1 1 1 1 1 1 1 1 1 1 1 1 1 1 1
749 8988 -0.698571240063 -0.00507447732641 0.0169261140442 0.648326280058 1 1 1 1 1 1 1 1 1 1 1 1 1 1 1
750 9000 -0.695467123529 -0.00721195562321 0.00382069182085 0.659566859327 1 1 1 1 1 1 1 1 1 1 1 1 1 1 1
751 9012 -0.691168189514 -0.00231533323336 0.000170259733471 0.657992552149 1 1 1 1 1 1 1 1 1 1 1 1 1 1 1
752 9024 -0.680207243857 -0.00392898552678 0.0163889584574 0.655795202963 1 1 1 1 1 1 1 1 1 1 1 1 1 1 1
753 9036 -0.680601197568 -0.00152281951377 0.0263595091091 0.660973348985 1 1 1 1 1 1 1 1 1 1 1 1 1 1 1
754 9048 -0.682379018719 -0.000638061370448 0.000122029215268 0.662762067014 1 1 1 1 1 1 1 1 1 1 1 1 1 1 1
755 9060 -0.686513816265 -0.0188963994149 5.59112748684e-05 0.661135313923 1 1 1 1 1 1 1 1 1 1 1 1 1 1 1
756 9072 -0.69424012891 -0.00838108392503 0.0263366854987 0.659744931048 1 1 1 1 1 1 1 1 1 1 1 1 1 1 1
757 9084 -0.685113585241 -0.0112710223003 0.00378379368218 0.652026156051 1 1 1 1 1 1 1 1 1 1 1 1 1 1 1
758 9096 -0.685092586591 -0.0105986432806 0.0128190029583 0.66406426592 1 1 1 1 1 1 1 1 1 1 1 1 1 1 1
759 9108 -0.67504442816 -0.00580207714568 0.00650394369008 0.657525285335 1 1 1 1 1 1 1 1 1 1 1 1 1 1 1
760 9120 -0.673946165195 -0.00481376029413 0.00778063659603 0.665350201965 1 1 1 1 1 1 1 1 1 1 1 1 1 1 1
761 9132 -0.674210889203 -0.00865279717922 0.00854396090421 0.664151009986 1 1 1 1 1 1 1 1 1 1 1 1 1 1 1
762 9144 -0.662807591101 -0.00473638861824 0.0238384265037 0.666812991088 1 1 1 1 1 1 1 1 1 1 1 1 1 1 1
763 9156 -0.669061272699 -0.0107866369876 0.00181422800204 0.663480195961 1 1 1 1 1 1 1 1 1 1 1 1 1 1 1
764 9168 -0.663529609275 -0.00931995554628 0.00417777283553 0.648811103798 1 1 1 1 1 1 1 1 1 1 1 1 1 1 1
765 9180 -0.660861847289 -0.000662814423451 0.00507542638969 0.650665778579 1 1 1 1 1 1 1 1 1 1 1 1 1 1 1
766 9192 -0.661652018773 -0.00438900698726 0.00622615093635 0.643215549324 1 1 1 1 1 1 1 1 1 1 1 1 1 1 1
767 9204 -0.658810247881 -0.000767693515905 0.00252104923022 0.640272803536 1 1 1 1 1 1 1 1 1 1 1 1 1 1 1
768 9216 -0.664445244409 -0.00768100951713 0.00479341598938 0.638012781402 1 1 1 1 1 1 1 1 1 1 1 1 1 1 1
769 9228 -0.671599482998 -0.000341864568988 0.00132664668835 0.642203561902 1 1 1 1 1 1 1 1 1 1 1 1 1 1 1
770 9240 -0.674371533917 -0.00330450641886 0.01130458478 0.65220316265 1 1 1 1 1 1 1 1 1 1 1 1 1 1 1
771 9252 -0.656482623507 -0.000634742373345 0.00677650931949 0.647229294378 1 1 1 1 1 1 1 1 1 1 1 1 1 1 1
772 9264 -0.642310410638 -0.000678550077273 0.00646412196059 0.647526554585 1 1 1 1 1 1 1 1 1 1 1 1 1 1 1
773 9276 -0.644045754301 -0.00725536350452 0.0198681232324 0.651914394411 1 1 1 1 1 1 1 1 1 1 1 1 1 1 1
774 9288 -0.642861508861 -0.00857560764934 0.00754695372446 0.657170482714 1 1 1 1 1 1 1 1 1 1 1 1 1 1 1
775 9300 -0.645021376618 -0.00117483198291 0.00333817356693 0.657755272978 1 1 1 1 1 1 1 1 1 1 1 1 1 1 1
776 9312 -0.640225921308 -0.0042316115428 0.00352942595954 0.645999721357 1 1 1 1 1 1 1 1 1 1 1 1 1 1 1
777 9324 -0.652277540475 -4.27301948712e-05 0.0198018488025 0.64164455758 1 1 1 1 1 1 1 1 1 1 1 1 1 1 1
778 9336 -0.65522882378 -0.0531362438164 0.00106201564229 0.637731969789 1 1 1 1 1 1 1 1 1 1 1 1 1 1 1
779 9348 -0.667471295126 -0.00315397008514 0.0160165584159 0.637390615527 1 1 1 1 1 1 1 1 1 1 1 1 1 1 1
780 9360 -0.67326246282 -0.00993375931306 0.00909107136424 0.645301502844 1 1 1 1 1 1 1 1 1 1 1 1 1 1 1
781 9372 -0.667600746001 -0.00337135337397 0.00799427343337 0.648870144842 1 1 1 1 1 1 1 1 1 1 1 1 1 1 1
782 9384 -0.669213323536 -0.0183139909463 0.0167186942295 0.650245524316 1 1 1 1 1 1 1 1 1 1 1 1 1 1 1
783 9396 -0.657451461663 -0.0220410645438 0.0122990904217 0.659066798928 1 1 1 1 1 1 1 1 1 1 1 1 1 1 1
784 9408 -0.673333718907 -0.0200709842717 0.0030212171832 0.660866353416 1 1 1 1 1 1 1 1 1 1 1 1 1 1 1
785 9420 -0.682416043778 -0.02102529825 0.0001956413372 0.663850806198 1 1 1 1 1 1 1 1 1 1 1 1 1 1 1
786 9432 -0.686940163593 -0.0299332960344 0.00971578153809 0.663707320656 1 1 1 1 1 1 1 1 1 1 1 1 1 1 1
787 9444 -0.69255897623 -0.0404296092903 0.00717189676216 0.656301494411 1 1 1 1 1 1 1 1 1 1 1 1 1 1 1
788 9456 -0.699215727402 -0.0015330532768 0.0137262863885 0.659790671597 1 1 1 1 1 1 1 1 1 1 1 1 1 1 1
789 9468 -0.689763404325 -0.00244021276394 0.0348631725749 0.662713604452 1 1 1 1 1 1 1 1 1 1 1 1 1 1 1
790 9480 -0.692374940374 -0.0178301108684 0.00175041889272 0.657838380621 1 1 1 1 1 1 1 1 1 1 1 1 1 1 1
791 9492 -0.688608642471 -0.0107584847113 0.0607456135893 0.651109225321 1 1 1 1 1 1 1 1 1 1 1 1 1 1 1
792 9504 -0.693961565939 -0.0175356196558 0.0577029026581 0.647988301967 1 1 1 1 1 1 1 1 1 1 1 1 1 1 1
793 9516 -0.700713319096 -0.0118110565956 0.0442011129101 0.651989910557 1 1 1 1 1 1 1 1 1 1 1 1 1 1 1
794 9528 -0.705213660387 -0.0192672597464 0.0415676171043 0.653811102649 1 1 1 1 1 1 1 1 1 1 1 1 1 1 1
795 9540 -0.707777436644 -0.0362120936178 0.0453029286905 0.648806498131 1 1 1 1 1 1 1 1 1 1 1 1 1 1 1
796 9552 -0.708507521904 -0.0238326607733 0.0212524041808 0.650746492272 1 1 1 1 1 1 1 1 1 1 1 1 1 1 1
797 9564 -0.71354946442 -0.0258476159192 0.0108079586736 0.660676246839 1 1 1 1 1 1 1 1 1 1 1 1 1 1 1
798 9576 -0.712632351556 -0.00834114783453 0.052138301451 0.663367904581 1 1 1 1 1 1 1 1 1 1 1 1 1 1 1
799 9588 -0.716649001223 -0.00687966324681 0.0500158509808 0.656193527377 1 1 1 1 1 1 1 1 1 1 1 1 1 1 1
800 9600 -0.716712892545 -0.00238047084058 0.00894837566123 0.658271182295 1 1 1 1 1 1 1 1 1 1 1 1 1 1 1
801 9612 -0.721839632315 -0.0189935805018 0.0239061222385 0.666256656349 1 1 1 1 1 1 1 1 1 1 1 1 1 1 1
802 9624 -0.708220988817 -0.0383015273795 0.00376032545339 0.671890057653 1 1 1 1 1 1 1 1 1 1 1 1 1 1 1
803 9636 -0.696994439127 -0.035253131985 0.000611550471203 0.670881434839 1 1 1 1 1 1 1 1 1 1 1 1 1 1 1
804 9648 -0.717101555992 -0.0285801570012 0.00077686346475 0.684222613236 1 1 1 1 1 1 1 1 1 1 1 1 1 1 1
805 9660 -0.7149311497 -0.00203686041911 0.0365753716765 0.689777672808 1 1 1 1 1 1 1 1 1 1 1 1 1 1 1
806 9672 -0.703694325733 -0.0159558996155 0.027429225888 0.690601931399 1 1 1 1 1 1 1 1 1 1 1 1 1 1 1
807 9684 -0.697435667934 -0.0143667210066 0.0279887104721 0.687228037475 1 1 1 1 1 1 1 1 1 1 1 1 1 1 1
808 9696 -0.696922040296 -0.0291699239534 0.0334298768622 0.683172165947 1 1 1 1 1 1 1 1 1 1 1 1 1 1 1
809 9708 -0.692078471065 -0.0337613862128 0.0152937265544 0.676689482468 1 1 1 1 1 1 1 1 1 1 1 1 1 1 1
810 9720 -0.693854503277 -0.026041463668 0.0283132100971 0.679402910333 1 1 1 1 1 1 1 1 1 1 1 1 1 1 1
811 9732 -0.683320779593 -0.0266006754316 0.0183693970044 0.676744930686 1 1 1 1 1 1 1 1 1 1 1 1 1 1 1
812 9744 -0.685418332414 -0.0197174541964 0.0158176802994 0.683810597103 1 1 1 1 1 1 1 1 1 1 1 1 1 1 1
813 9756 -0.681006838336 -0.0206784700627 0.0107052245868 0.676464092255 1 1 1 1 1 1 1 1 1 1 1 1 1 1 1
814 9768 -0.684448156642 -0.00141626054463 0.00981056245537 0.671301370425 1 1 1 1 1 1 1 1 1 1 1 1 1 1 1
815 9780 -0.68055957078 -0.0157318656458 0.00417060616004 0.670762939442 1 1 1 1 1 1 1 1 1 1 1 1 1 1 1
816 9792 -0.685572807513 -0.00246776895545 0.0273745741113 0.679610729677 1 1 1 1 1 1 1 1 1 1 1 1 1 1 1
817 9804 -0.686614643719 -0.0107242359867 0.0202404795476 0.678016868451 1 1 1 1 1 1 1 1 1 1 1 1 1 1 1
818 9816 -0.675267416805 -0.0140532953436 0.0300853387611 0.677236871815 1 1 1 1 1 1 1 1 1 1 1 1 1 1 1
819 9828 -0.669123384257 -0.0146992169425 0.00820048014603 0.675475906296 1 1 1 1 1 1 1 1 1 1 1 1 1 1 1
820 9840 -0.674370969412 -0.00480391460977 0.0141370361442 0.669435259059 1 1 1 1 1 1 1 1 1 1 1 1 1 1 1
821 9852 -0.667208790688 -0.00198102291161 9.23949339176e-05 0.662005194639 1 1 1 1 1 1 1 1 1 1 1 1 1 1 1
822 9864 -0.668966759245 -0.00261694634077 0.00640501245264 0.657744307488 1 1 1 1 1 1 1 1 1 1 1 1 1 1 1
823 9876 -0.653073241913 -0.00774985114002 0.00238618082069 0.655990321823 1 1 1 1 1 1 1 1 1 1 1 1 1 1 1
824 9888 -0.664062368906 -0.00664103203377 0.00445955863077 0.661851282937 1 1 1 1 1 1 1 1 1 1 1 1 1 1 1
825 9900 -0.658294431608 -0.034389212961 0.0120532202978 0.67004979423 1 1 1 1 1 1 1 1 1 1 1 1 1 1 1
826 9912 -0.653465087351 -0.0158299469483 0.00316915414177 0.658159242479 1 1 1 1 1 1 1 1 1 1 1 1 1 1 1
827 9924 -0.641378456025 -0.00596324247887 0.0168938187951 0.655767842046 1 1 1 1 1 1 1 1 1 1 1 1 1 1 1
828 9936 -0.646873343777 -0.00904843923224 0.02971137029 0.648654011476 1 1 1 1 1 1 1 1 1 1 1 1 1 1 1
829 9948 -0.644302513444 -0.00161016349636 0.0255770367669 0.644267751019 1 1 1 1 1 1 1 1 1 1 1 1 1 1 1
830 9960 -0.653839508128 -0.0295864057427 0.00323829167481 0.646203001899 1 1 1 1 1 1 1 1 1 1 1 1 1 1 1
831 9972 -0.642786608488 -0.0146138771824 0.00802051057248 0.647855220702 1 1 1 1 1 1 1 1 1 1 1 1 1 1 1
832 9984 -0.643235913957 -0.0236701132902 0.00957459532124 0.634526028211 1 1 1 1 1 1 1 1 1 1 1 1 1 1 1
833 9996 -0.6478035921 -0.0166436911211 0.0243883908078 0.6253774936 1 1 1 1 1 1 1 1 1 1 1 1 1 1 1
834 10008 -0.652860800924 -0.00510013751198 0.0409495978588 0.615936191136 1 1 1 1 1 1 1 1 1 1 1 1 1 1 1
835 10020 -0.657414272841 -0.00279571314519 0.038232552595 0.614687385275 1 1 1 1 1 1 1 1 1 1 1 1 1 1 1
836 10032 -0.648484999354 -0.0205245638285 0.0065113126109 0.620423104241 1 1 1 1 1 1 1 1 1 1 1 1 1 1 1
837 10044 -0.649196515397 -0.00681440990094 0.00322484505701 0.633173198167 1 1 1 1 1 1 1 1 1 1 1 1 1 1 1
838 10056 -0.64633832926 -0.000509412979953 0.046377111746 0.636981053381 1 1 1 1 1 1 1 1 1 1 1 1 1 1 1
839 10068 -0.653146111989 -0.00133568030439 0.00471420804728 0.649461662296 1 1 1 1 1 1 1 1 1 1 1 1 1 1 1
840 10080 -0.656911531116 -0.0112162854638 0.0129326345069 0.652265376862 1 1 1 1 1 1 1 1 1 1 1 1 1 1 1
841 10092 -0.651050625208 -0.00196102295781 0.00467096924452 0.660656498615 1 1 1 1 1 1 1 1 1 1 1 1 1 1 1
842 10104 -0.661142461749 -0.0234111439607 0.00639942759362 0.663178512989 1 1 1 1 1 1 1 1 1 1 1 1 1 1 1
843 10116 -0.66439554268 -0.00165450690737 0.0100245605001 0.652846778515 1 1 1 1 1 1 1 1 1 1 1 1 1 1 1
844 10128 -0.671728183774 -0.0236360634891 0.000197244874928 0.654835751172 1 1 1 1 1 1 1 1 1 1 1 1 1 1 1
845 10140 -0.669635705469 -0.0261284156696 0.00128108471546 0.648870351702 1 1 1 1 1 1 1 1 1 1 1 1 1 1 1
846 10152 -0.652577558949 -0.0286954111164 0.000910168624045 0.646550305556 1 1 1 1 1 1 1 1 1 1 1 1 1 1 1
847 10164 -0.637497923638 -0.00119219226603 0.029570799975 0.649379317901 1 1 1 1 1 1 1 1 1 1 1 1 1 1 1
848 10176 -0.633348833069 -0.00484395060234 0.00616755060716 0.63990245426 1 1 1 1 1 1 1 1 1 1 1 1 1 1 1
849 10188 -0.638400038797 -0.0079822905407 0.00501305673694 0.643908039496 1 1 1 1 1 1 1 1 1 1 1 1 1 1 1
850 10200 -0.642512792178 -0.0077589807405 0.00174446220568 0.653656249562 1 1 1 1 1 1 1 1 1 1 1 1 1 1 1
851 10212 -0.641506289399 -0.0113130848529 0.010571247853 0.658463416565 1 1 1 1 1 1 1 1 1 1 1 1 1 1 1
852 10224 -0.637890149643 -0.0296848448374 0.0177658713454 0.651386894369 1 1 1 1 1 1 1 1 1 1 1 1 1 1 1
853 10236 -0.634129501632 -0.00583459485552 0.0244690502672 0.653966356682 1 1 1 1 1 1 1 1 1 1 1 1 1 1 1
854 10248 -0.625740730831 -0.0090685941687 0.0196842836123 0.642739960237 1 1 1 1 1 1 1 1 1 1 1 1 1 1 1
855 10260 -0.629412077349 -0.028662753832 0.0155600980522 0.639918558135 1 1 1 1 1 1 1 1 1 1 1 1 1 1 1
856 10272 -0.644157424478 -0.0306861107352 0.00960209765824 0.637081211235 1 1 1 1 1 1 1 1 1 1 1 1 1 1 1
857 10284 -0.635475068883 -0.00844479027526 0.00112658207005 0.630563869241 1 1 1 1 1 1 1 1 1 1 1 1 1 1 1
858 10296 -0.6330572226 -0.0087947113422 0.0197340472138 0.634111819324 1 1 1 1 1 1 1 1 1 1 1 1 1 1 1
859 10308 -0.628126946066 -0.00671462246834 0.00666089103966 0.640533065737 1 1 1 1 1 1 1 1 1 1 1 1 1 1 1
860 10320 -0.626719785446 -0.00444896069975 0.0058210732315 0.622767788874 1 1 1 1 1 1 1 1 1 1 1 1 1 1 1
861 10332 -0.622935335472 -0.00312458601481 0.0129759216492 0.613760216219 1 1 1 1 1 1 1 1 1 1 1 1 1 1 1
862 10344 -0.619916996924 -0.00285558538692 0.0023261077871 0.61067444692 1 1 1 1 1 1 1 1 1 1 1 1 1 1 1
863 10356 -0.626358579757 -0.00314155051687 0.000235913656879 0.607150512597 1 1 1 1 1 1 1 1 1 1 1 1 1 1 1
864 10368 -0.629178356395 -0.00104499630792 0.0035544186238 0.616911324004 1 1 1 1 1 1 1 1 1 1 1 1 1 1 1
865 10380 -0.625019939524 -0.00367932454983 0.000419706023646 0.614598576871 1 1 1 1 1 1 1 1 1 1 1 1 1 1 1
866 10392 -0.635452102843 -0.002173260726 0.0112587447538 0.621224533922 1 1 1 1 1 1 1 1 1 1 1 1 1 1 1
867 10404 -0.645205393557 -0.00282727152515 0.0208545713332 0.621141480123 1 1 1 1 1 1 1 1 1 1 1 1 1 1 1
868 10416 -0.650428524826 -0.00523715372087 0.00131232459554 0.613820314165 1 1 1 1 1 1 1 1 1 1 1 1 1 1 1
869 10428 -0.648255647743 -0.000653760648634 0.0102846757739 0.612145091395 1 1 1 1 1 1 1 1 1 1 1 1 1 1 1
870 10440 -0.639253916204 -0.0473627782729 0.00860718758153 0.612766012834 1 1 1 1 1 1 1 1 1 1 1 1 1 1 1
871 10452 -0.657044879611 -0.038506153383 0.00485869684677 0.611819445188 1 1 1 1 1 1 1 1 1 1 1 1 1 1 1
872 10464 -0.663442842987 -0.0470113335247 0.0146141778451 0.611570966974 1 1 1 1 1 1 1 1 1 1 1 1 1 1 1
873 10476 -0.657864943975 -0.00499560977905 0.00746223102988 0.599280248445 1 1 1 1 1 1 1 1 1 1 1 1 1 1 1
874 10488 -0.652297618949 -0.00648978102204 0.0164478609478 0.58793388687 1 1 1 1 1 1 1 1 1 1 1 1 1 1 1
875 10500 -0.659317184239 -0.0195581770564 0.00328843396778 0.591697292031 1 1 1 1 1 1 1 1 1 1 1 1 1 1 1
876 10512 -0.66208582263 -0.00911842994418 0.00199134363935 0.599527610675 1 1 1 1 1 1 1 1 1 1 1 1 1 1 1
877 10524 -0.658623798318 -0.00620096530857 0.000944990600712 0.601370461629 1 1 1 1 1 1 1 1 1 1 1 1 1 1 1
878 10536 -0.657708541672 -0.0103672315118 0.00316688712287 0.604396526901 1 1 1 1 1 1 1 1 1 1 1 1 1 1 1
879 10548 -0.644285338662 -0.0170213837091 0.000486554027789 0.610750549202 1 1 1 1 1 1 1 1 1 1 1 1 1 1 1
880 10560 -0.651598574729 -0.00838584073999 0.00924605155548 0.610424864924 1 1 1 1 1 1 1 1 1 1 1 1 1 1 1
881 10572 -0.656012990165 -0.00941600315734 0.00997900185863 0.611493835959 1 1 1 1 1 1 1 1 1 1 1 1 1 1 1
882 10584 -0.657205061734 -0.0201662484282 0.0133065605372 0.610245013867 1 1 1 1 1 1 1 1 1 1 1 1 1 1 1
883 10596 -0.665585939475 -0.0163564428843 0.012619769946 0.604840756117 1 1 1 1 1 1 1 1 1 1 1 1 1 1 1
884 10608 -0.667110014915 -0.0210043899428 0.00829034909613 0.59360193214 1 1 1 1 1 1 1 1 1 1 1 1 1 1 1
885 10620 -0.678813080949 -0.0201070842554 0.00343742458011 0.594293259639 1 1 1 1 1 1 1 1 1 1 1 1 1 1 1
886 10632 -0.672277938897 -0.0063151130001 0.00519639185907 0.589840820352 1 1 1 1 1 1 1 1 1 1 1 1 1 1 1
887 10644 -0.666923537311 -0.0166301176188 0.0100847471614 0.594282387485 1 1 1 1 1 1 1 1 1 1 1 1 1 1 1
888 10656 -0.661067802002 -0.0191396186941 0.00858706748106 0.588869600182 1 1 1 1 1 1 1 1 1 1 1 1 1 1 1
889 10668 -0.65040339449 -0.0306245733338 0.000571601078519 0.591331664267 1 1 1 1 1 1 1 1 1 1 1 1 1 1 1
890 10680 -0.657407785606 -0.00828132244451 0.00380997731792 0.592436705272 1 1 1 1 1 1 1 1 1 1 1 1 1 1 1
891 10692 -0.670309281669 -0.00503722147377 0.00639824181354 0.592595725879 1 1 1 1 1 1 1 1 1 1 1 1 1 1 1
892 10704 -0.661085403732 -0.0201804743944 0.00820101660056 0.588737226108 1 1 1 1 1 1 1 1 1 1 1 1 1 1 1
893 10716 -0.662866949319 -0.0228180107494 0.0118805950324 0.574763975878 1 1 1 1 1 1 1 1 1 1 1 1 1 1 1
894 10728 -0.662088950113 -0.00847213542436 0.0199441970014 0.572087332772 1 1 1 1 1 1 1 1 1 1 1 1 1 1 1
895 10740 -0.652348414605 -0.0160027630151 0.0110890507106 0.575395910016 1 1 1 1 1 1 1 1 1 1 1 1 1 1 1
