% # columns="iteration, evaluation, sigma, void, void,  stds==sigma*sqrt(diag(C))", seed=20, Sat Feb  3 06:47:20 2018, <python>{}</python>
1 12 1.9168216191 0 0 1.9073412824 1.92334548103 1.92719770558 1.90825440799 1.90400753717 1.89998666781 1.93142393111 1.92185443787 1.93310476678 1.9043381094 1.89361802406 1.92573009915 1.92926782059 1.91263510942 1.88365057279 1.91063847333 1.92122092162
2 24 1.8472753375 0 0 1.80770027123 1.8525077359 1.85500328104 1.84408401649 1.85678934988 1.82107996716 1.86152639638 1.82222256385 1.8668199464 1.8239024432 1.82345046645 1.85107630459 1.84820555003 1.85029258812 1.82328198943 1.83961440679 1.84348646159
3 36 1.80560380374 0 0 1.76690619893 1.80358747339 1.80850714194 1.80866308737 1.80773996908 1.78001045184 1.8178530794 1.79539063241 1.83313496542 1.77843197409 1.76402998691 1.80182777957 1.77624302284 1.80856579073 1.77799528462 1.78671354256 1.79407197291
4 48 1.71946389363 0 0 1.6728701818 1.70718794004 1.70264123525 1.71383173084 1.72000472915 1.68001609435 1.73429170509 1.7153693325 1.72602809901 1.7282718014 1.67955965467 1.71303109884 1.66271034102 1.72996193908 1.67013267461 1.70004987801 1.71293216164
5 60 1.68279880708 0 0 1.68538170558 1.63783192343 1.67444678232 1.67197891646 1.68137923873 1.64281906084 1.67487855999 1.68344111662 1.68258801028 1.6778796529 1.65609665677 1.66525053996 1.61215791748 1.70552905004 1.63349163635 1.67148993222 1.66510117783
6 72 1.71987685845 0 0 1.77251813576 1.66050070251 1.74178469493 1.70608051647 1.72227801453 1.68779236256 1.69891696722 1.71844088815 1.70884319822 1.74894939467 1.6883479467 1.70353683009 1.62328251679 1.73438628512 1.67230038842 1.7058673356 1.69190696063
7 84 1.74616469072 0 0 1.80879810431 1.66726727599 1.76141973169 1.72808157244 1.75859375392 1.73811989179 1.71124530904 1.73270364989 1.72622888059 1.77879831545 1.71848808928 1.73713670411 1.63613090883 1.7465600311 1.70836321216 1.71855182783 1.74746922226
8 96 1.75290903784 0 0 1.81165239397 1.69080149861 1.76792137742 1.75502109724 1.76639588299 1.73803696669 1.71695716113 1.74089026089 1.73163926148 1.78041535834 1.72591804475 1.75287955457 1.62202214136 1.74740896223 1.72924392821 1.7227177839 1.76149242595
9 108 1.72145254962 0 0 1.79181042121 1.66463870764 1.73360472726 1.74840056102 1.73448649774 1.71080793794 1.68348558014 1.68454652283 1.68042755377 1.75615917285 1.68915339009 1.69489136376 1.56935942452 1.72257439418 1.70769028071 1.67759694372 1.73099639515
10 120 1.65520181168 0 0 1.74174776624 1.6025643223 1.65970043576 1.66913924907 1.66647915267 1.64144873513 1.62338740673 1.62178646527 1.60322526943 1.66722380906 1.64694223477 1.63074731067 1.50566771139 1.66123134744 1.6284388816 1.58937254686 1.66711511235
11 132 1.54810163978 0 0 1.65313623196 1.4991101862 1.55730190652 1.53154948048 1.567241803 1.52236813144 1.51715434067 1.54240425443 1.47493953909 1.54852296158 1.54005679598 1.5269143819 1.38587068233 1.53792780923 1.51992920618 1.49144009611 1.55178978683
12 144 1.48412582861 0 0 1.58559265862 1.43676921836 1.5246444097 1.46491860934 1.50468586562 1.45597971391 1.45578770596 1.47622800001 1.38792401943 1.48202407711 1.46754120383 1.45955461201 1.29301089289 1.48141132409 1.45750930587 1.43995630217 1.49525872896
13 156 1.43724014834 0 0 1.53168254074 1.38423483127 1.49716480868 1.41656940998 1.45507516259 1.41420630099 1.41140606189 1.4393242747 1.33845294118 1.4010321005 1.42001782757 1.41114224674 1.23474807462 1.42935874287 1.3961876441 1.39183927314 1.45686763318
14 168 1.37978919198 0 0 1.45181397874 1.32853312686 1.4411160345 1.36807934851 1.39164427398 1.36164804603 1.3700109573 1.40241516672 1.27250900347 1.34279697239 1.35954671974 1.34081626171 1.17811198593 1.3663505355 1.34117675542 1.33197704324 1.39911406163
15 180 1.32894113546 0 0 1.38191512075 1.30457846932 1.38828108538 1.32348182849 1.33742098869 1.30181549586 1.2990857887 1.35063367784 1.20722642593 1.28626985375 1.30927320924 1.2948216148 1.11493811503 1.3135696208 1.30725376842 1.28683884226 1.33940856006
16 192 1.39117989557 0 0 1.45543967941 1.37069794143 1.46403049688 1.39177268691 1.40928242995 1.3568648874 1.35372078772 1.4267161485 1.25470855036 1.35791861602 1.39840476601 1.34625504729 1.1506480011 1.37879980637 1.38036984874 1.34802905355 1.39742280722
17 204 1.52040763825 0 0 1.59271168624 1.49058621152 1.59488020204 1.52541204457 1.55332156055 1.50042765762 1.46416246013 1.56708029617 1.36343268598 1.49549677022 1.56835677807 1.47351886866 1.24343852674 1.50335100766 1.51933892764 1.47966641311 1.5402043842
18 216 1.56194338622 0 0 1.62097297669 1.53162852012 1.65258823197 1.57299448793 1.60516687142 1.54737609947 1.50836320484 1.63192260354 1.37720068466 1.53300516683 1.61155274473 1.50906650602 1.27516333883 1.5381150313 1.56342411521 1.51943241781 1.57984763977
19 228 1.66150198499 0 0 1.70508792613 1.6282486253 1.76672326235 1.68016895644 1.73252684514 1.65700240632 1.59149223924 1.79281434995 1.45872717833 1.62854530261 1.73241132533 1.5968773804 1.34840306222 1.64308090178 1.66941401734 1.61902765516 1.70048212714
20 240 1.63293638205 0 0 1.67184829512 1.58665368407 1.74729961635 1.65410682288 1.70859741941 1.60952365026 1.55758001331 1.76369681179 1.41847892797 1.58896453509 1.71803546606 1.5619407325 1.31306950947 1.61754520042 1.65093812291 1.60497482945 1.67654349665
21 252 1.58964785685 0 0 1.6276272898 1.56540032187 1.69884275318 1.59698536215 1.66366157235 1.56730455797 1.51516235807 1.70413900073 1.36583392162 1.53757388773 1.67839569001 1.52409130765 1.27251113906 1.55653231268 1.61425343131 1.54548171519 1.64254164453
22 264 1.59831406117 0 0 1.63764794658 1.57996328244 1.67339127357 1.6208840978 1.67926925697 1.58217833568 1.53090601976 1.69941066828 1.36440774848 1.53359048029 1.69378292806 1.5196783733 1.2747296545 1.57025613402 1.62127280193 1.54982594112 1.68708169547
23 276 1.61816754136 0 0 1.6660441031 1.61408779162 1.72220382439 1.63436974005 1.71156382128 1.59472836274 1.53950294851 1.7188424275 1.36959188318 1.55131657951 1.71561216112 1.52390314824 1.27672385836 1.57741764729 1.64629640111 1.59017813714 1.72500985437
24 288 1.6274002925 0 0 1.6820191073 1.62967594555 1.74194719108 1.67483402193 1.72013824754 1.60218143607 1.55073688162 1.73768460975 1.36461311236 1.52221727726 1.7335891021 1.52734360319 1.27960415514 1.58810646643 1.66604303264 1.59779727685 1.73326494037
25 300 1.63235451187 0 0 1.70308221811 1.62875584558 1.72577713115 1.6934806071 1.72728476269 1.59521235264 1.53343434626 1.73962429185 1.35815080192 1.5241058214 1.76207009963 1.53441813558 1.27339582752 1.58169774349 1.6798503848 1.59657626103 1.73939724698
26 312 1.62400137836 0 0 1.70211918567 1.61362490049 1.73057360153 1.68905079669 1.71430241323 1.56378906393 1.51544578914 1.72831448286 1.35071464101 1.52336359166 1.75829850364 1.51990210114 1.25628375282 1.58485061447 1.65774928026 1.58729182982 1.72083031872
27 324 1.56775292577 0 0 1.61724437395 1.55317630983 1.67734373216 1.62575408625 1.65330055386 1.51501949881 1.45603988074 1.67436305739 1.2937567506 1.46740953654 1.72623764838 1.48117188954 1.20651813984 1.53326861378 1.59121799695 1.52852374883 1.66579123852
28 336 1.55785592145 0 0 1.60296998682 1.54014816192 1.664872624 1.61586322481 1.625108056 1.49267487643 1.46230894738 1.67159001525 1.28701676865 1.44862388705 1.73141813425 1.45128358202 1.19117449128 1.51000343737 1.58330810436 1.53536755154 1.67719486905
29 348 1.56093201105 0 0 1.59583403565 1.54209294035 1.66491567401 1.6254299388 1.62153043139 1.501226147 1.47555825981 1.66994167592 1.29362313702 1.44969081374 1.74427849361 1.44822390982 1.17687527558 1.52091007284 1.57838706388 1.55393109443 1.68541619395
30 360 1.52833883317 0 0 1.56308231356 1.52017785318 1.63550101078 1.58911099369 1.5845565908 1.4603164379 1.43300663547 1.64160395334 1.24993928357 1.40944814403 1.71426583191 1.39883423632 1.14696207995 1.48010392598 1.54335178162 1.51639599202 1.6270910772
31 372 1.49099143451 0 0 1.53324047437 1.48632024874 1.62492399909 1.55829670745 1.54079954861 1.42544951948 1.38933471691 1.58962220412 1.22623475648 1.36354650106 1.67046685703 1.36024870659 1.10943128864 1.44223348328 1.51256357824 1.49530809037 1.56850711393
32 384 1.44728340595 0 0 1.49257710893 1.44942786206 1.5857481661 1.51451848636 1.50280732092 1.38714722354 1.31567903704 1.55178128565 1.19717344971 1.3094893202 1.64140168392 1.30656995197 1.05068401792 1.38059811344 1.48083620131 1.45370174447 1.51263581284
33 396 1.3912911307 0 0 1.42808875507 1.39715788304 1.52363417633 1.45973805851 1.43410278603 1.33210516381 1.26138188483 1.47047442072 1.15462963713 1.25500933638 1.5881239591 1.26464201002 0.997025695175 1.29573983629 1.40082025254 1.39716686767 1.45738776169
34 408 1.3570140897 0 0 1.40302925163 1.37224021462 1.47933988885 1.43293963106 1.3968412477 1.30691148706 1.2302806057 1.43491074338 1.12208586931 1.20928413235 1.53649722851 1.2134503757 0.959927805267 1.25601105919 1.37754206295 1.3469349167 1.41517962882
35 420 1.37090125811 0 0 1.43875035626 1.39517161622 1.48796295813 1.46985338454 1.40468219808 1.31751133874 1.25917600861 1.44313401231 1.12843142474 1.21757935675 1.55357409796 1.224925669 0.964727773248 1.24487205365 1.37527809131 1.35611912655 1.44092991165
36 432 1.3184328956 0 0 1.39684277164 1.35631963116 1.43535691128 1.41719329511 1.3437557947 1.26393578386 1.21266532618 1.38285345682 1.08191658917 1.16616749958 1.48420210502 1.17990541118 0.910529087974 1.18322244659 1.31105472128 1.30293800154 1.38950576991
37 444 1.22361444648 0 0 1.30212052758 1.24272079824 1.33737733081 1.31159817477 1.24065028669 1.16185775959 1.14106700877 1.28157317648 1.00165121176 1.09487944079 1.37172603749 1.08645955735 0.828971459363 1.09791523565 1.20510367024 1.21389337186 1.29551314306
38 456 1.13355031223 0 0 1.20707328503 1.15078559672 1.24534943138 1.20683833661 1.14818539336 1.07706895897 1.04811335781 1.18943133314 0.92155959008 1.01184764159 1.26870445368 1.00846515157 0.752211331171 1.01438270319 1.11471583185 1.12624746818 1.19578397531
39 468 1.06527131518 0 0 1.13567513091 1.08911136648 1.16151729138 1.12519099221 1.08957640192 1.01853181404 0.98234918821 1.11061709792 0.876784700436 0.94531105373 1.18723540005 0.950991081536 0.681757565165 0.957955772696 1.03816874313 1.0602627264 1.11654951519
40 480 1.02968326722 0 0 1.09783889414 1.03084900468 1.11726542839 1.09440394671 1.05275727698 0.986971774524 0.94759760207 1.09961708321 0.842079426293 0.910713311356 1.15066314551 0.923439665013 0.651923135821 0.915602887026 0.995138265041 1.03767703039 1.08225913512
41 492 1.02537125101 0 0 1.09000729751 1.02625276669 1.10308322593 1.09288723739 1.05104796217 0.975482868661 0.944167939896 1.10353587005 0.83876450803 0.893063279972 1.15153906067 0.91910167463 0.645274687907 0.913799274691 0.99435435498 1.03950029585 1.07264579566
42 504 1.02584670329 0 0 1.0840828485 1.03543642978 1.09831009275 1.09701093677 1.04100923592 0.971213102106 0.948796771664 1.10826570045 0.831744738041 0.884707909617 1.15889611898 0.917007435364 0.639107128406 0.918224046686 0.995619407465 1.04658080318 1.06653639984
43 516 0.979402759052 0 0 1.02969820211 0.981843317536 1.04844255202 1.04674819848 0.985291492802 0.92585481453 0.900915991068 1.05652830056 0.79499702887 0.83846741544 1.11402664901 0.874978937514 0.60843617766 0.874155449564 0.950049450963 1.00387285767 1.02144447356
44 528 0.962315457757 0 0 1.00554647262 0.957072878699 1.03310480484 1.04184294787 0.967714320318 0.908809527691 0.888029378367 1.04146121676 0.771917136685 0.807844794799 1.09103265536 0.866695444798 0.592693204746 0.86443789079 0.925519769446 0.984077174285 1.01181362777
45 540 0.942090889971 0 0 0.992094090082 0.934211555732 1.00756746315 1.0120665853 0.948475456776 0.888837824145 0.858657686005 1.01295207659 0.755517693588 0.786923846765 1.07066663878 0.837755890647 0.571456884443 0.852970285016 0.91130324641 0.96765823178 0.983002918844
46 552 0.948977110784 0 0 1.00140089727 0.949119714082 1.01986097652 1.0110806905 0.956685618199 0.897143672412 0.863157193558 1.02902972504 0.749197070063 0.781245604194 1.0818108175 0.863137356153 0.569708472822 0.873676627004 0.914385262473 0.975332505863 0.96667354066
47 564 0.952359047198 0 0 1.00192765561 0.945352369221 1.02784411884 1.00658470705 0.95670656605 0.903014594763 0.862250875134 1.02432563495 0.744350268197 0.781130561722 1.08785821503 0.870584782762 0.567870329733 0.894452541694 0.912670793659 0.970897712014 0.971052666993
48 576 0.988835208795 0 0 1.02720462003 0.981403340959 1.07812047024 1.03993193644 0.983782922017 0.935508457579 0.892536764548 1.07414978584 0.763113557587 0.812383537573 1.13323100461 0.900456708046 0.5816853052 0.94489166815 0.948790530688 1.01581512965 0.999559290059
49 588 1.00252508458 0 0 1.03609484818 0.995633194905 1.09749653063 1.05145529264 1.00791492522 0.950170747516 0.914364872253 1.09705870387 0.773683230233 0.808115974802 1.14971416515 0.908272106926 0.587396657267 0.956692542257 0.961651932487 1.01626409778 1.02219949891
50 600 0.991882264297 0 0 1.0186477311 0.994617920556 1.09083575952 1.03316628426 0.999629900095 0.943853983558 0.887841077874 1.09104253556 0.765766190736 0.79787101769 1.11744201102 0.885413245137 0.57832622974 0.948992495165 0.959656901749 1.01030836131 1.01924084414
51 612 1.02467636036 0 0 1.05091651064 1.03442648159 1.14722172411 1.0873671017 1.03772349965 0.982814210334 0.919960722862 1.123020841 0.78755342894 0.826142148762 1.14928375258 0.897485176935 0.591872963189 0.980766918014 0.986343194247 1.04821408077 1.04976710253
52 624 1.02196520951 0 0 1.05139281117 1.03682123912 1.14005014596 1.08408227644 1.04568744024 0.987930392342 0.920766693168 1.11363884542 0.78218923434 0.820415455833 1.14679405798 0.890339986297 0.573263079343 0.976366333052 0.970406083083 1.04904001446 1.0482024647
53 636 1.01109104333 0 0 1.03077232146 1.03849402251 1.12556354152 1.07073616662 1.03739933318 0.975600805775 0.911890512607 1.10119927266 0.761621772763 0.803500364715 1.13089517168 0.875463285599 0.567771216894 0.9670852419 0.964765378735 1.03119556571 1.03415317475
54 648 1.0235276955 0 0 1.04323289986 1.04584125256 1.14553120012 1.08225511266 1.06543153551 0.980086808461 0.90841108603 1.11701469285 0.762415755766 0.810524050597 1.16589408046 0.881947888775 0.563104528168 0.975662345888 0.985132833681 1.0481793525 1.05566440698
55 660 1.03419281368 0 0 1.05153345503 1.05939816371 1.16106578221 1.10668308013 1.08178128466 0.97289171612 0.913346655355 1.12259370222 0.768242326928 0.812770965265 1.18328495796 0.908461174027 0.5648449357 0.989419041545 0.992410517736 1.05465892435 1.07224518154
56 672 1.01703810438 0 0 1.02570880683 1.02866612026 1.14902417346 1.09615887556 1.06352555731 0.950675471418 0.894311937745 1.10301640558 0.750580191245 0.801295339281 1.16403317496 0.894263613696 0.55153587733 0.974957730242 0.979174541368 1.02898348303 1.05784960603
57 684 0.987943509297 0 0 0.994440217066 0.991408725466 1.11526154641 1.06413495908 1.02944050059 0.923367071058 0.873548016375 1.06499521897 0.731721027559 0.785116599477 1.13713778792 0.86974806326 0.532530497524 0.945728245793 0.941158913888 0.997605482522 1.02460822284
58 696 0.971704206849 0 0 0.983674349926 0.972704173428 1.08831112105 1.03617841328 1.00574086768 0.909616516245 0.855940796528 1.04703969326 0.717667190014 0.763514916673 1.11985614113 0.865649612061 0.522979600252 0.928705924203 0.927534900646 0.994858661213 1.00042379253
59 708 0.943233160127 0 0 0.955902453105 0.94894791121 1.05174240542 1.0080666774 0.973112985706 0.88504803487 0.831116342306 1.02454666566 0.691469069959 0.740342004821 1.10326090035 0.827539060768 0.498380113185 0.886465315078 0.897745265996 0.964343291222 0.976451894134
60 720 0.915929048631 0 0 0.930360544524 0.929704805614 1.01220059614 0.981397946376 0.945225261004 0.855895290594 0.802499140168 1.00146081277 0.656402492162 0.721293091809 1.0614366961 0.800746415426 0.486931210561 0.874448196699 0.883894407093 0.939126320623 0.943986477486
61 732 0.876035460568 0 0 0.886424524032 0.886576260122 0.96690730181 0.940320786013 0.899275445387 0.825393693764 0.772314787896 0.948010405428 0.621841266105 0.689015959546 1.01117140185 0.757769920197 0.462477383265 0.839272255763 0.836023243195 0.904431707494 0.905437560693
62 744 0.867777086293 0 0 0.887344866839 0.876503195693 0.9494689545 0.943467019191 0.90726447586 0.824495218217 0.757404688973 0.941196319166 0.612045999036 0.683782373304 0.997655908494 0.759778295357 0.457027377646 0.827166252206 0.827481864248 0.890780758756 0.889403813442
63 756 0.855777509536 0 0 0.877338381469 0.867120856709 0.93574202724 0.927887621506 0.893384569845 0.814879174832 0.751765107362 0.951634191126 0.601541773922 0.672956504998 0.9752832552 0.749470194359 0.447791262597 0.814520328844 0.811121734569 0.879933322082 0.865813353367
64 768 0.819432215218 0 0 0.84894869761 0.845106931848 0.892032833721 0.889203692846 0.859970715071 0.764638937667 0.712261934873 0.917408588179 0.575204905875 0.645743082959 0.925538263174 0.716859907893 0.420483587768 0.783024664844 0.776703073432 0.840535384023 0.833749853129
65 780 0.789400810512 0 0 0.826832155859 0.823089002194 0.851890713032 0.849166467845 0.839452355976 0.746268925451 0.684704793495 0.883979151134 0.552429110443 0.616899940276 0.882969227468 0.693787463352 0.396317838386 0.75583846538 0.742931700283 0.810167797511 0.795084210999
66 792 0.770504232633 0 0 0.817627284764 0.79710311398 0.824330233088 0.826231836522 0.826058388434 0.724225675228 0.66296855792 0.85815351057 0.534170680418 0.595846436682 0.851754882943 0.676608362722 0.385695297528 0.7518813105 0.728266516261 0.786067558651 0.777488532607
67 804 0.74758905221 0 0 0.799296440301 0.759400377947 0.801236292252 0.796521135316 0.805920999597 0.702377232951 0.643516837458 0.829887925464 0.515328156433 0.574531797563 0.826284178792 0.654927645939 0.368814067978 0.731956297851 0.699562542911 0.762640372599 0.755121494752
68 816 0.731883531332 0 0 0.78143804428 0.739396721579 0.779185625456 0.782637441769 0.787190906775 0.686716273432 0.626511235451 0.816102003771 0.5067811381 0.562518485503 0.808210343864 0.639918303386 0.358317112737 0.722912057928 0.672130632617 0.74808281886 0.738718473528
69 828 0.723491459588 0 0 0.768174317932 0.728332092172 0.770990208332 0.776516702188 0.769992942256 0.674668893253 0.616944199934 0.811532548136 0.495167186178 0.557331065796 0.792906510234 0.63403527447 0.349132567509 0.726516129365 0.656131245185 0.73948617784 0.73106318202
70 840 0.714682185507 0 0 0.743211652398 0.725082753791 0.760633492588 0.78071046052 0.760465695821 0.662313667918 0.607893539826 0.807803804313 0.480993787335 0.55173133145 0.784261780456 0.630953717962 0.343202669962 0.714866575137 0.646435092441 0.729015891993 0.728976360579
71 852 0.725475555908 0 0 0.767578405628 0.74330417559 0.777053919067 0.791860638738 0.776436393555 0.672330061003 0.61684230607 0.836961564753 0.483269114639 0.555890157886 0.808900065643 0.628702495259 0.344509611521 0.73149241362 0.656356959814 0.733951721319 0.74289643316
72 864 0.732624262374 0 0 0.780355958108 0.755460824161 0.780975247434 0.805950885979 0.783357925493 0.681400558247 0.61296738394 0.853542382361 0.487340152688 0.556432201975 0.835051836325 0.632921586114 0.347703178609 0.74414970382 0.662576554629 0.746676109958 0.750820831974
73 876 0.730171656494 0 0 0.784565992763 0.753693315704 0.783700114833 0.798457555335 0.775772433058 0.674159772906 0.609568705591 0.859492825763 0.488019318472 0.555760568954 0.83821389382 0.627467612838 0.341868895087 0.729001786843 0.659283663449 0.754640736456 0.750444776088
74 888 0.739396444023 0 0 0.794413647392 0.763640387492 0.791799521352 0.820570320463 0.787136527781 0.682556011822 0.618144904262 0.875753071502 0.494587725415 0.56237000411 0.849373867196 0.633631380786 0.341930633856 0.746033967392 0.662167773737 0.784135943499 0.757092398216
75 900 0.723163518408 0 0 0.769365732 0.741355578098 0.770820271147 0.793796794309 0.767284253826 0.664869364409 0.605514505122 0.858804671147 0.487283756275 0.541601553659 0.833467690545 0.618141896033 0.332875319011 0.728637275026 0.651687624004 0.778109411645 0.738740298775
76 912 0.731514378353 0 0 0.773499157982 0.743988032532 0.776489354222 0.799310668458 0.771488890289 0.672758443952 0.608890201013 0.877460910755 0.490922067115 0.54575106648 0.846616449624 0.623268216738 0.334529397049 0.733902535082 0.648043078294 0.797959385983 0.746455808192
77 924 0.718452351645 0 0 0.763086551667 0.728379140253 0.764295781643 0.781605803519 0.756709820498 0.650516433032 0.596495488141 0.865042044435 0.478174350181 0.54499330572 0.831985185669 0.613918506237 0.326548086735 0.724095885972 0.63045268055 0.78228819468 0.73161666388
78 936 0.716620084635 0 0 0.762365650262 0.721223996302 0.760178912983 0.778344256501 0.750565669113 0.647682720846 0.589295203982 0.871829694873 0.471249693087 0.542457179379 0.825851852092 0.611669486537 0.325232694141 0.724690781782 0.634340037169 0.790470255206 0.723539574066
79 948 0.719093538047 0 0 0.757664786972 0.701859023536 0.757607414741 0.780459552184 0.75189675564 0.64326763053 0.589088841702 0.874340301205 0.473675222773 0.545342661301 0.839109747592 0.617297696253 0.32903999289 0.725266911684 0.630722388887 0.793154420093 0.729624657936
80 960 0.716084108051 0 0 0.74672069412 0.703767898493 0.751856317668 0.772809496756 0.749513853703 0.632751281581 0.578392496051 0.864596357914 0.474174414973 0.548114542642 0.840487966604 0.61794623385 0.326084860344 0.722779594538 0.628536821132 0.797034050659 0.724828279118
81 972 0.701901869071 0 0 0.728308731737 0.693330295755 0.735407350704 0.755583898782 0.740078764134 0.62359155189 0.567320618414 0.848403432762 0.464454317762 0.533612347513 0.821486420993 0.596618165124 0.316770449833 0.69974137727 0.615337789954 0.798956316811 0.715925310001
82 984 0.710140112771 0 0 0.729757288011 0.699884667328 0.748352638519 0.759415959567 0.757512661419 0.628042513123 0.574863018501 0.849259410914 0.471968887097 0.541127014411 0.826580524046 0.607950459116 0.314657645627 0.716351018309 0.623095842846 0.824655758269 0.727098568158
83 996 0.704882668857 0 0 0.725209617414 0.692830425137 0.743755225236 0.752785255634 0.75317357371 0.622333927115 0.571896965276 0.832320468658 0.46482510552 0.538215282679 0.833606888007 0.599763375874 0.310417461518 0.700343467882 0.62525922663 0.825966241206 0.721703620098
84 1008 0.70396317241 0 0 0.714795311971 0.681969638567 0.752054780912 0.750511283822 0.760791211599 0.620713853564 0.571482217214 0.824271556095 0.465488356481 0.53830190441 0.831306456894 0.602585287008 0.30770544826 0.695929900902 0.619286798557 0.829166401073 0.719026046742
85 1020 0.684138762269 0 0 0.694858998299 0.660656124191 0.72151737157 0.731129472073 0.744816587723 0.604155162573 0.558134534396 0.802275135638 0.455602032454 0.518999952011 0.80589553763 0.586269514938 0.295346979536 0.681477159316 0.603204039934 0.805581301878 0.69863863331
86 1032 0.695233887268 0 0 0.705644206285 0.663234826312 0.73006542521 0.736658406139 0.747932090695 0.618195339902 0.568661547251 0.811761134967 0.457016156011 0.5305639486 0.81676783172 0.604275548846 0.298471002874 0.689010922496 0.621802892508 0.844416421425 0.709251346161
87 1044 0.696104632091 0 0 0.711417634656 0.665433390934 0.732692368696 0.742941793021 0.753965041493 0.619343063038 0.572448076141 0.806548575462 0.454851601764 0.529690857538 0.823210524843 0.60200421007 0.29658999418 0.678840191814 0.623888553815 0.858619262004 0.708255830543
88 1056 0.664959602355 0 0 0.680640104775 0.638574692187 0.688016704188 0.709234214279 0.727302334126 0.597162172011 0.542232213662 0.76869728538 0.436618633206 0.501866187238 0.782485846357 0.559415177319 0.281476047684 0.645747585462 0.592521139433 0.824745869071 0.679197481934
89 1068 0.63983618827 0 0 0.649863620817 0.611864474727 0.65639209158 0.689854673217 0.70353776669 0.568182103081 0.518911551706 0.739522727197 0.419340291184 0.484732118876 0.756029844123 0.538602202644 0.269671720027 0.615941434013 0.569314754377 0.792607778814 0.647459523493
90 1080 0.65670188912 0 0 0.664989430801 0.627536541329 0.672975459432 0.70657418209 0.734761218552 0.58371680886 0.531536402575 0.752350797833 0.429839646654 0.492454819574 0.770845490685 0.559933104872 0.277082769791 0.632348429932 0.583889031347 0.817961306972 0.665959697088
91 1092 0.652178838758 0 0 0.663548702807 0.621713344324 0.66658612131 0.696067094692 0.735256307278 0.572274444709 0.525342891722 0.745802612992 0.424113364369 0.490220653426 0.759390057501 0.556642830779 0.274264795934 0.629150565968 0.589672144012 0.81254961465 0.662328957528
92 1104 0.594391180552 0 0 0.600381970716 0.570838721694 0.601604200793 0.634753466965 0.681086232386 0.523006861343 0.479341411401 0.676884970106 0.385434084124 0.44101436277 0.686049747134 0.50335095904 0.24938254157 0.571792278619 0.539793829302 0.751340055483 0.597581539705
93 1116 0.577411195282 0 0 0.582011929368 0.551252478464 0.579294786443 0.60677626132 0.652646195068 0.51611037038 0.465054969273 0.661191092549 0.367802202935 0.427567278826 0.670999916539 0.489590178955 0.243089396663 0.556778124529 0.520457006638 0.717144520915 0.577949339308
94 1128 0.543902026458 0 0 0.549405025131 0.519519502911 0.543932476622 0.571580502528 0.614307670941 0.491371233737 0.435499363903 0.625895051267 0.340968963794 0.392158089106 0.633705311228 0.461271339812 0.228698179973 0.522466775527 0.488698777865 0.677537465084 0.538185522302
95 1140 0.52321372645 0 0 0.526775299098 0.492302378755 0.527492350753 0.549308185018 0.589038653041 0.470506305317 0.416789775908 0.60020410553 0.325500016412 0.380398610322 0.612437281637 0.443427891731 0.219927519639 0.498903819873 0.465814395086 0.645558957398 0.515266684386
96 1152 0.514130899421 0 0 0.521819042559 0.479800716977 0.518697737044 0.542514684434 0.574014547285 0.465043821387 0.41145079124 0.588139579944 0.317307930516 0.37229073589 0.609187402601 0.434000445489 0.215424304502 0.481197843927 0.453073258729 0.625839492796 0.501205291697
97 1164 0.495104715175 0 0 0.500640587566 0.460669577839 0.500638210657 0.523208844243 0.54266598742 0.446137940581 0.393141481163 0.565816467833 0.303349853354 0.356380604111 0.596406719192 0.416588134059 0.207959342719 0.463430495378 0.43099485646 0.609166031002 0.472738604471
98 1176 0.505136674306 0 0 0.518557763349 0.458253214867 0.502860334315 0.540023497406 0.554775863925 0.456863167269 0.404173787646 0.572995849497 0.309342239762 0.368533564633 0.606937617067 0.426495411724 0.213173755115 0.478095752901 0.441945526408 0.621203987908 0.480746129268
99 1188 0.512550486811 0 0 0.532238987639 0.460875448383 0.505391658681 0.548700033797 0.559421285528 0.462027655561 0.411692459536 0.586639245595 0.311457017763 0.370933779269 0.624870262935 0.434504949941 0.217386185548 0.479568615266 0.446658100902 0.627008461269 0.490874858612
100 1200 0.509178894803 0 0 0.524628206975 0.458288326458 0.502345411813 0.547307459459 0.557895615285 0.455274387261 0.416373725422 0.580529445611 0.310946490396 0.369599487579 0.620701490617 0.431288195422 0.215189942987 0.472213465322 0.448030044497 0.623553012332 0.491041032576
101 1212 0.495735972629 0 0 0.509723426854 0.450036010154 0.492277003259 0.52448747316 0.547954600745 0.442600992628 0.406152337858 0.556432315959 0.301701439484 0.362870452085 0.603644044541 0.415994543935 0.209574083055 0.459753804729 0.438386439821 0.603134442001 0.475795625569
102 1224 0.481346620321 0 0 0.489588133274 0.433285609633 0.473170922057 0.510728431163 0.533444035356 0.424577944959 0.393982891992 0.53924546905 0.291812925072 0.356110831589 0.585714193595 0.397993863436 0.200540066144 0.456574007102 0.427301291258 0.589936011718 0.464495253591
103 1236 0.484960524212 0 0 0.488610303751 0.438279655226 0.47699030655 0.521673537819 0.541557710976 0.42709273436 0.39405735931 0.537954471651 0.2929132231 0.35628839455 0.587131812613 0.40066127354 0.200879515195 0.461833874551 0.433754320972 0.594614412711 0.466676620144
104 1248 0.493670275687 0 0 0.499217338329 0.44916596571 0.488408484219 0.531479612541 0.563894251084 0.435493590344 0.401023483686 0.545786144504 0.292674302578 0.35650846382 0.594884059577 0.406314963187 0.202775778606 0.481210763994 0.441437361027 0.604669365747 0.475745659653
105 1260 0.495818538013 0 0 0.490320568264 0.451809859879 0.492787097447 0.531767010782 0.571672573254 0.439954096873 0.404111169881 0.547367468175 0.294365732684 0.35901368717 0.592989361505 0.406614291068 0.200645616673 0.484917623469 0.441522813981 0.603992635972 0.4761957641
106 1272 0.497284038953 0 0 0.485488593352 0.453484609767 0.501393541565 0.535259815811 0.578699245004 0.4387684336 0.407397124646 0.556556165229 0.294548600595 0.360735562604 0.593936883861 0.411135825476 0.200813189351 0.490981566709 0.444903818123 0.60680696689 0.482370722557
107 1284 0.508216015479 0 0 0.49710384314 0.460782802676 0.503897049289 0.546151287041 0.601384219952 0.447115887101 0.419842031184 0.574265305904 0.300014428768 0.37056459603 0.601218460481 0.420894911764 0.206221683274 0.50301268096 0.456581241321 0.618754840342 0.49679107926
108 1296 0.511023677655 0 0 0.495272185575 0.463686540185 0.503083861277 0.549085850655 0.607240442997 0.45298695367 0.421328280569 0.581303993353 0.302348921864 0.374848437063 0.601602975038 0.423344508741 0.207997722155 0.506112297651 0.463940174997 0.625723976093 0.498884744428
109 1308 0.517338004884 0 0 0.500597201613 0.462612933745 0.506813147399 0.553785458882 0.623133797026 0.45650768194 0.426663611268 0.587756787665 0.306791452176 0.382163043896 0.605567906854 0.429269881604 0.211168707945 0.510518326419 0.467254954948 0.632251474975 0.513780930464
110 1320 0.513697439209 0 0 0.497754493267 0.456879503871 0.501442190332 0.553607803549 0.623611488657 0.453354747417 0.423549023392 0.583023976923 0.303675983318 0.380576536836 0.597549913546 0.425360704009 0.207598404384 0.509851603621 0.465450970925 0.633165989407 0.51272076959
