% # columns="iteration, evaluation, min max(neg(.)) min(pos(.)) max correlation, correlation matrix principle axes lengths  (sorted square roots of eigenvalues of correlation matrix)", seed=7, Tue Jan 30 03:20:31 2018
1 12 -0.0507694640634 -0.00010613858226 0.000717036957262 0.0415620563805 1 1 1 1 1 1 1 1 1 1 1 1 1 1 1
2 24 -0.0726155854587 -0.000179369566053 0.000162894127291 0.101451079954 1 1 1 1 1 1 1 1 1 1 1 1 1 1 1
3 36 -0.0701628509719 -0.000874804693405 0.000665689115238 0.110407682377 1 1 1 1 1 1 1 1 1 1 1 1 1 1 1
4 48 -0.0823142705802 -0.000604695816063 0.000504021419801 0.114530329248 1 1 1 1 1 1 1 1 1 1 1 1 1 1 1
5 60 -0.0833700245718 -0.000623346186148 0.00013791878926 0.103311709446 1 1 1 1 1 1 1 1 1 1 1 1 1 1 1
6 72 -0.0993900521099 -0.000498804891415 0.000448207497372 0.117961219925 1 1 1 1 1 1 1 1 1 1 1 1 1 1 1
7 84 -0.125510154237 -0.00121352197222 0.000914963733774 0.129263359164 1 1 1 1 1 1 1 1 1 1 1 1 1 1 1
8 96 -0.101151990328 -0.00262832330431 0.000595028429358 0.168625264947 1 1 1 1 1 1 1 1 1 1 1 1 1 1 1
9 108 -0.0935166895603 -0.000322095790645 0.000925804205404 0.201158570846 1 1 1 1 1 1 1 1 1 1 1 1 1 1 1
10 120 -0.0968469621295 -0.000728988293442 0.00311892924103 0.198087299176 1 1 1 1 1 1 1 1 1 1 1 1 1 1 1
11 132 -0.126047358931 -8.76707579447e-05 0.00433573146644 0.20000709254 1 1 1 1 1 1 1 1 1 1 1 1 1 1 1
12 144 -0.144178493424 -0.00324205926459 0.00412642305933 0.192815023241 1 1 1 1 1 1 1 1 1 1 1 1 1 1 1
13 156 -0.180210414318 -0.00464582727694 0.000848965236685 0.197982876061 1 1 1 1 1 1 1 1 1 1 1 1 1 1 1
14 168 -0.191258840634 -0.000839128161625 0.00361884318467 0.201871677409 1 1 1 1 1 1 1 1 1 1 1 1 1 1 1
15 180 -0.220135694553 -0.000990660209877 0.000452934624294 0.222546674396 1 1 1 1 1 1 1 1 1 1 1 1 1 1 1
16 192 -0.21414282217 -0.000753135027876 0.00220714373108 0.22406506548 1 1 1 1 1 1 1 1 1 1 1 1 1 1 1
17 204 -0.190098227646 -6.70510299609e-05 0.000691617353172 0.227110632564 1 1 1 1 1 1 1 1 1 1 1 1 1 1 1
18 216 -0.199126785127 -0.00273432047114 0.00132739086 0.234991927985 1 1 1 1 1 1 1 1 1 1 1 1 1 1 1
19 228 -0.195848029304 -0.00209483434312 0.000538236410815 0.236959599266 1 1 1 1 1 1 1 1 1 1 1 1 1 1 1
20 240 -0.174640423685 -0.00145672043719 0.00315645067694 0.22337114778 1 1 1 1 1 1 1 1 1 1 1 1 1 1 1
21 252 -0.181210332619 -0.000566515416255 0.0049565392615 0.220583328246 1 1 1 1 1 1 1 1 1 1 1 1 1 1 1
22 264 -0.175436101002 -0.000377371584782 0.00142067485524 0.226684238769 1 1 1 1 1 1 1 1 1 1 1 1 1 1 1
23 276 -0.168633092212 -0.00144512621176 0.00521056229911 0.238675895635 1 1 1 1 1 1 1 1 1 1 1 1 1 1 1
24 288 -0.184970211119 -0.00169049443022 0.00226904685734 0.241123341171 1 1 1 1 1 1 1 1 1 1 1 1 1 1 1
25 300 -0.21107463572 -0.000321543966091 0.00108054138328 0.269920616695 1 1 1 1 1 1 1 1 1 1 1 1 1 1 1
26 312 -0.226349858297 -0.00207600196344 0.00248667092153 0.271400165763 1 1 1 1 1 1 1 1 1 1 1 1 1 1 1
27 324 -0.229010350802 -0.00543721631767 0.00210078537752 0.28794616702 1 1 1 1 1 1 1 1 1 1 1 1 1 1 1
28 336 -0.219167593966 -0.000233935166376 0.000782980569705 0.306167888471 1 1 1 1 1 1 1 1 1 1 1 1 1 1 1
29 348 -0.249407811268 -0.0012112921491 0.000582573903868 0.308975554573 1 1 1 1 1 1 1 1 1 1 1 1 1 1 1
30 360 -0.250675803517 -0.000424072529697 0.00366770197164 0.318500911903 1 1 1 1 1 1 1 1 1 1 1 1 1 1 1
31 372 -0.247748177653 -0.00445711824523 0.00418055881218 0.300208881117 1 1 1 1 1 1 1 1 1 1 1 1 1 1 1
32 384 -0.253089056304 -0.00110457335864 0.00405240470292 0.32584626103 1 1 1 1 1 1 1 1 1 1 1 1 1 1 1
33 396 -0.25777607742 -0.000490012409157 0.00574923822045 0.357687933696 1 1 1 1 1 1 1 1 1 1 1 1 1 1 1
34 408 -0.28606870743 -0.00132553955402 0.0110643833942 0.343477124746 1 1 1 1 1 1 1 1 1 1 1 1 1 1 1
35 420 -0.259685449828 -0.00205538567641 0.00344689969554 0.339180672406 1 1 1 1 1 1 1 1 1 1 1 1 1 1 1
36 432 -0.227732967369 -0.00343213970256 0.0001629087935 0.344200063356 1 1 1 1 1 1 1 1 1 1 1 1 1 1 1
37 444 -0.208516131412 -0.000177998115289 0.00118413998782 0.349909719036 1 1 1 1 1 1 1 1 1 1 1 1 1 1 1
38 456 -0.191601374642 -0.00657387305047 0.00146512907454 0.353967024191 1 1 1 1 1 1 1 1 1 1 1 1 1 1 1
39 468 -0.182458200664 -0.00034852122442 0.00447207068263 0.349182841618 1 1 1 1 1 1 1 1 1 1 1 1 1 1 1
40 480 -0.181050462737 -0.00212498871747 0.0109020477267 0.33811004406 1 1 1 1 1 1 1 1 1 1 1 1 1 1 1
41 492 -0.200527249739 -0.0020202401131 0.00247087525061 0.320032199957 1 1 1 1 1 1 1 1 1 1 1 1 1 1 1
42 504 -0.183160679724 -0.000885800201832 0.000441050061016 0.325200707679 1 1 1 1 1 1 1 1 1 1 1 1 1 1 1
43 516 -0.193902963918 -0.00906805142134 0.000357520217764 0.33607415968 1 1 1 1 1 1 1 1 1 1 1 1 1 1 1
44 528 -0.192516749092 -0.00417445615131 0.00168240756475 0.329775766345 1 1 1 1 1 1 1 1 1 1 1 1 1 1 1
45 540 -0.199730833397 -0.00556080951114 0.000545856654334 0.310572165701 1 1 1 1 1 1 1 1 1 1 1 1 1 1 1
46 552 -0.206676825348 -0.000842714852854 0.000530576000805 0.304157972587 1 1 1 1 1 1 1 1 1 1 1 1 1 1 1
47 564 -0.229961405333 -0.00244652092548 0.00307151711501 0.296054777852 1 1 1 1 1 1 1 1 1 1 1 1 1 1 1
48 576 -0.229888425791 -0.00168565583844 6.65773256442e-05 0.289251661392 1 1 1 1 1 1 1 1 1 1 1 1 1 1 1
49 588 -0.225187311695 -0.00783738831066 0.000958541089415 0.294863617354 1 1 1 1 1 1 1 1 1 1 1 1 1 1 1
50 600 -0.233704712393 -0.00135890838602 0.00546404113053 0.314480945644 1 1 1 1 1 1 1 1 1 1 1 1 1 1 1
51 612 -0.231567293668 -0.00183468623177 0.000602422431076 0.326436313721 1 1 1 1 1 1 1 1 1 1 1 1 1 1 1
52 624 -0.2371570707 -3.63416187849e-06 0.00181876061892 0.332149601316 1 1 1 1 1 1 1 1 1 1 1 1 1 1 1
53 636 -0.230595069024 -0.00154892037238 0.000242255056161 0.335502037986 1 1 1 1 1 1 1 1 1 1 1 1 1 1 1
54 648 -0.229188709204 -0.000430349571788 0.00852971677946 0.38131340259 1 1 1 1 1 1 1 1 1 1 1 1 1 1 1
55 660 -0.222331276215 -0.00670102591251 0.000682215200971 0.404207915845 1 1 1 1 1 1 1 1 1 1 1 1 1 1 1
56 672 -0.224291708763 -0.00082585868499 0.00111478915409 0.421486683916 1 1 1 1 1 1 1 1 1 1 1 1 1 1 1
57 684 -0.237940449211 -0.00123817605588 0.000340534756642 0.429347663248 1 1 1 1 1 1 1 1 1 1 1 1 1 1 1
58 696 -0.240752770892 -0.00366056110356 0.00184801665117 0.464908119717 1 1 1 1 1 1 1 1 1 1 1 1 1 1 1
59 708 -0.230891454022 -0.00262893907917 0.00168828528072 0.471185433562 1 1 1 1 1 1 1 1 1 1 1 1 1 1 1
60 720 -0.237049985315 -0.00491689634112 0.00240925070516 0.472884257036 1 1 1 1 1 1 1 1 1 1 1 1 1 1 1
61 732 -0.237504924136 -0.00995441208961 0.000266344823842 0.47941418167 1 1 1 1 1 1 1 1 1 1 1 1 1 1 1
62 744 -0.233496389203 -0.00461535713724 0.00125927953752 0.478814804383 1 1 1 1 1 1 1 1 1 1 1 1 1 1 1
63 756 -0.231546071949 -0.000645813358652 0.000517140578656 0.487742205176 1 1 1 1 1 1 1 1 1 1 1 1 1 1 1
64 768 -0.240144461797 -0.000347391864116 0.0018028915012 0.496890274602 1 1 1 1 1 1 1 1 1 1 1 1 1 1 1
65 780 -0.26323535037 -0.00208163309944 0.00678049455779 0.502710508759 1 1 1 1 1 1 1 1 1 1 1 1 1 1 1
66 792 -0.277721020301 -0.00546212083654 0.00379675054906 0.504148294882 1 1 1 1 1 1 1 1 1 1 1 1 1 1 1
67 804 -0.274660175844 -0.000780667384216 0.00144606961038 0.495233721137 1 1 1 1 1 1 1 1 1 1 1 1 1 1 1
68 816 -0.28139890312 -0.00280423196441 0.00385783205654 0.48712290194 1 1 1 1 1 1 1 1 1 1 1 1 1 1 1
69 828 -0.289442982305 -0.00402658185804 0.000906693096888 0.507328425495 1 1 1 1 1 1 1 1 1 1 1 1 1 1 1
70 840 -0.310888716982 -0.0035202237575 0.00434597399091 0.509098845887 1 1 1 1 1 1 1 1 1 1 1 1 1 1 1
71 852 -0.341093999186 -0.000218952422416 0.00924492123933 0.520562906091 1 1 1 1 1 1 1 1 1 1 1 1 1 1 1
72 864 -0.340399317542 -0.00447224100665 0.00245748229007 0.519683339066 1 1 1 1 1 1 1 1 1 1 1 1 1 1 1
73 876 -0.343899278712 -0.0115449148672 0.0059561522461 0.529038079856 1 1 1 1 1 1 1 1 1 1 1 1 1 1 1
74 888 -0.346531205556 -0.00671556008341 0.00538403087231 0.527387089413 1 1 1 1 1 1 1 1 1 1 1 1 1 1 1
75 900 -0.357593792224 -0.0101156989911 0.00950697841394 0.52034434311 1 1 1 1 1 1 1 1 1 1 1 1 1 1 1
76 912 -0.38597273445 -0.00201163890871 0.00271311297176 0.532096459313 1 1 1 1 1 1 1 1 1 1 1 1 1 1 1
77 924 -0.388844523002 -0.00232792907989 0.000835071992908 0.540460726057 1 1 1 1 1 1 1 1 1 1 1 1 1 1 1
78 936 -0.397851355342 -0.000934589250408 0.0033916117943 0.53511491231 1 1 1 1 1 1 1 1 1 1 1 1 1 1 1
79 948 -0.405098352222 -0.000201169563242 0.00212076631732 0.547010076641 1 1 1 1 1 1 1 1 1 1 1 1 1 1 1
80 960 -0.39777284903 -0.00107581310278 0.00364179997328 0.571096600373 1 1 1 1 1 1 1 1 1 1 1 1 1 1 1
81 972 -0.389859361253 -0.00517785927455 0.000531646158363 0.567392491654 1 1 1 1 1 1 1 1 1 1 1 1 1 1 1
82 984 -0.379348893982 -0.0061794673472 0.000366547792111 0.576704416576 1 1 1 1 1 1 1 1 1 1 1 1 1 1 1
83 996 -0.35883188313 -0.00140865285631 0.00180881980882 0.588800449595 1 1 1 1 1 1 1 1 1 1 1 1 1 1 1
84 1008 -0.343231059226 -0.0022887065102 0.00592769286998 0.581558489766 1 1 1 1 1 1 1 1 1 1 1 1 1 1 1
85 1020 -0.353593321793 -0.000921878267051 0.000541580704611 0.598765683538 1 1 1 1 1 1 1 1 1 1 1 1 1 1 1
86 1032 -0.376912474855 -0.000861496756904 7.66881839902e-05 0.600657801287 1 1 1 1 1 1 1 1 1 1 1 1 1 1 1
87 1044 -0.356786552814 -0.00143052323925 0.000169234073516 0.598151065548 1 1 1 1 1 1 1 1 1 1 1 1 1 1 1
88 1056 -0.355571973791 -0.00496339844308 0.00073918482007 0.60344684638 1 1 1 1 1 1 1 1 1 1 1 1 1 1 1
89 1068 -0.367926108076 -0.000998743199056 0.00321321430683 0.616723904087 1 1 1 1 1 1 1 1 1 1 1 1 1 1 1
90 1080 -0.384667871716 -0.000929577461561 0.00302524982132 0.61634177649 1 1 1 1 1 1 1 1 1 1 1 1 1 1 1
91 1092 -0.398620231909 -0.00567975839693 0.00526290215841 0.598350282909 1 1 1 1 1 1 1 1 1 1 1 1 1 1 1
92 1104 -0.391629713554 -0.00821565695755 0.0057372488273 0.591903323686 1 1 1 1 1 1 1 1 1 1 1 1 1 1 1
93 1116 -0.394220221733 -0.0030950244628 0.0041588252812 0.572461701744 1 1 1 1 1 1 1 1 1 1 1 1 1 1 1
94 1128 -0.397006379741 -0.000170778625992 0.000595729741828 0.574568530332 1 1 1 1 1 1 1 1 1 1 1 1 1 1 1
95 1140 -0.394205104519 -0.00423783248499 0.00556822014483 0.590304466368 1 1 1 1 1 1 1 1 1 1 1 1 1 1 1
96 1152 -0.389524190692 -0.00322523867542 0.00546064733347 0.586621740854 1 1 1 1 1 1 1 1 1 1 1 1 1 1 1
97 1164 -0.387552954183 -0.00167467392087 0.000415183927093 0.582686552361 1 1 1 1 1 1 1 1 1 1 1 1 1 1 1
98 1176 -0.405696898119 -0.000409434456505 0.00404020219575 0.578211714667 1 1 1 1 1 1 1 1 1 1 1 1 1 1 1
99 1188 -0.427630647141 -0.0039346928244 0.00395726024902 0.565266120328 1 1 1 1 1 1 1 1 1 1 1 1 1 1 1
100 1200 -0.458932748131 -0.00343698793811 0.00285602232365 0.552671800286 1 1 1 1 1 1 1 1 1 1 1 1 1 1 1
101 1212 -0.479708580004 -6.58450549782e-05 0.0113190572348 0.561965267294 1 1 1 1 1 1 1 1 1 1 1 1 1 1 1
102 1224 -0.502898023623 -0.00518343961821 0.00788850406225 0.554806475454 1 1 1 1 1 1 1 1 1 1 1 1 1 1 1
103 1236 -0.504314394872 -0.00117852765928 0.00307696787699 0.553394258044 1 1 1 1 1 1 1 1 1 1 1 1 1 1 1
104 1248 -0.517079846944 -0.00353475530858 0.00135533529491 0.553023548337 1 1 1 1 1 1 1 1 1 1 1 1 1 1 1
105 1260 -0.525344968547 -0.00615990133024 0.00770885104316 0.558172588538 1 1 1 1 1 1 1 1 1 1 1 1 1 1 1
106 1272 -0.552712020377 -0.0227808776903 0.000202008799724 0.562031709637 1 1 1 1 1 1 1 1 1 1 1 1 1 1 1
107 1284 -0.546887327526 -0.00275592975589 0.0027899243365 0.544977362777 1 1 1 1 1 1 1 1 1 1 1 1 1 1 1
108 1296 -0.537387393352 -0.00176701195859 0.00442392947251 0.560874047579 1 1 1 1 1 1 1 1 1 1 1 1 1 1 1
109 1308 -0.552225192869 -0.0071868583515 0.00314095615125 0.574056148727 1 1 1 1 1 1 1 1 1 1 1 1 1 1 1
110 1320 -0.558606075794 -0.00309806244711 0.00341311278358 0.583176606704 1 1 1 1 1 1 1 1 1 1 1 1 1 1 1
111 1332 -0.561014981477 -0.0114914576897 0.00133268490028 0.565024882377 1 1 1 1 1 1 1 1 1 1 1 1 1 1 1
112 1344 -0.549681462373 -0.000303636758379 0.00205469985419 0.554810996034 1 1 1 1 1 1 1 1 1 1 1 1 1 1 1
113 1356 -0.522579079277 -0.00492287171379 0.00513774107888 0.555793463912 1 1 1 1 1 1 1 1 1 1 1 1 1 1 1
114 1368 -0.524465231548 -0.0103429268011 7.62951029411e-05 0.549609537566 1 1 1 1 1 1 1 1 1 1 1 1 1 1 1
115 1380 -0.529959753137 -0.00733728783143 0.00546529306323 0.549348583631 1 1 1 1 1 1 1 1 1 1 1 1 1 1 1
116 1392 -0.523743633713 -0.00165538334479 0.00179739622269 0.56010726606 1 1 1 1 1 1 1 1 1 1 1 1 1 1 1
117 1404 -0.547046608637 -0.00508812789638 0.00471646319787 0.573887783636 1 1 1 1 1 1 1 1 1 1 1 1 1 1 1
118 1416 -0.554500634223 -0.00229882868176 0.00429980642439 0.574973837607 1 1 1 1 1 1 1 1 1 1 1 1 1 1 1
119 1428 -0.554422373162 -0.00277616366767 0.0028780327035 0.579103895165 1 1 1 1 1 1 1 1 1 1 1 1 1 1 1
120 1440 -0.546409339067 -0.00796592317622 0.00503983555905 0.583076564951 1 1 1 1 1 1 1 1 1 1 1 1 1 1 1
121 1452 -0.550160672878 -0.0095272001162 0.00173879202602 0.591051732769 1 1 1 1 1 1 1 1 1 1 1 1 1 1 1
122 1464 -0.548888657791 -0.00381374084693 0.00789663120864 0.605095242819 1 1 1 1 1 1 1 1 1 1 1 1 1 1 1
123 1476 -0.534044140914 -0.00210564930212 0.00531778587884 0.612021823728 1 1 1 1 1 1 1 1 1 1 1 1 1 1 1
124 1488 -0.521091940496 -0.00156226450166 0.00123331744771 0.61836518549 1 1 1 1 1 1 1 1 1 1 1 1 1 1 1
125 1500 -0.521356855938 -0.00027726370845 0.00396819038534 0.614628623313 1 1 1 1 1 1 1 1 1 1 1 1 1 1 1
126 1512 -0.522020653304 -0.00282498546928 4.06218908354e-06 0.587458887521 1 1 1 1 1 1 1 1 1 1 1 1 1 1 1
127 1524 -0.516791327015 -0.000878869356146 0.00185727292833 0.588868809164 1 1 1 1 1 1 1 1 1 1 1 1 1 1 1
128 1536 -0.520610106909 -0.000391102159467 0.00338642339028 0.574486502785 1 1 1 1 1 1 1 1 1 1 1 1 1 1 1
129 1548 -0.518087047742 -0.000261400468262 0.00073493616358 0.587064995643 1 1 1 1 1 1 1 1 1 1 1 1 1 1 1
130 1560 -0.503408967398 -0.000123757259655 0.0073253136534 0.583828996753 1 1 1 1 1 1 1 1 1 1 1 1 1 1 1
131 1572 -0.503136528218 -0.000125495395256 0.00123588366592 0.57795104396 1 1 1 1 1 1 1 1 1 1 1 1 1 1 1
132 1584 -0.523790937185 -0.00211930226902 0.00240591756149 0.575692932027 1 1 1 1 1 1 1 1 1 1 1 1 1 1 1
133 1596 -0.528195936432 -0.0158554156028 0.0118646922568 0.573476962933 1 1 1 1 1 1 1 1 1 1 1 1 1 1 1
134 1608 -0.514609897478 -0.00885603987348 0.00309481866555 0.55038333592 1 1 1 1 1 1 1 1 1 1 1 1 1 1 1
135 1620 -0.483433614997 -0.00236325780718 0.00610784183365 0.530822161521 1 1 1 1 1 1 1 1 1 1 1 1 1 1 1
136 1632 -0.479917582355 -0.000708385157504 0.00587127073048 0.511102811476 1 1 1 1 1 1 1 1 1 1 1 1 1 1 1
137 1644 -0.481499224909 -0.0209149211002 0.00398136755958 0.513617497681 1 1 1 1 1 1 1 1 1 1 1 1 1 1 1
138 1656 -0.490766468005 -0.00194255638224 0.00618478849937 0.495060815595 1 1 1 1 1 1 1 1 1 1 1 1 1 1 1
139 1668 -0.501072689233 -0.00453681537484 0.017985343714 0.50243185271 1 1 1 1 1 1 1 1 1 1 1 1 1 1 1
140 1680 -0.501726851862 -0.0101767568529 0.00578358510454 0.493702175065 1 1 1 1 1 1 1 1 1 1 1 1 1 1 1
141 1692 -0.487538594883 -0.00087313348667 0.00217623374811 0.493954260421 1 1 1 1 1 1 1 1 1 1 1 1 1 1 1
142 1704 -0.483496268933 -0.0026997184979 0.000920531858002 0.515509353045 1 1 1 1 1 1 1 1 1 1 1 1 1 1 1
143 1716 -0.478478363133 -0.00583522514786 0.000619183393214 0.531915177149 1 1 1 1 1 1 1 1 1 1 1 1 1 1 1
144 1728 -0.476359456437 -0.000346032394346 0.00506536208061 0.53833947056 1 1 1 1 1 1 1 1 1 1 1 1 1 1 1
145 1740 -0.47258774526 -0.000255976335186 0.00181230498347 0.551739110888 1 1 1 1 1 1 1 1 1 1 1 1 1 1 1
146 1752 -0.469038276888 -0.00308188092604 0.00810359181269 0.558601881265 1 1 1 1 1 1 1 1 1 1 1 1 1 1 1
147 1764 -0.476500318004 -0.00219446746038 0.0162895093361 0.578972878677 1 1 1 1 1 1 1 1 1 1 1 1 1 1 1
148 1776 -0.474717785477 -0.00538419439242 0.000991573444991 0.578529537737 1 1 1 1 1 1 1 1 1 1 1 1 1 1 1
149 1788 -0.487027080911 -0.00992652406756 0.00488641120681 0.581263640626 1 1 1 1 1 1 1 1 1 1 1 1 1 1 1
150 1800 -0.478240192275 -0.00249986346686 0.00405053826924 0.579395489465 1 1 1 1 1 1 1 1 1 1 1 1 1 1 1
151 1812 -0.483225236092 -0.000742467040733 0.00437025279745 0.584190119646 1 1 1 1 1 1 1 1 1 1 1 1 1 1 1
152 1824 -0.482828180691 -0.01448870709 0.00217197519005 0.582024603638 1 1 1 1 1 1 1 1 1 1 1 1 1 1 1
153 1836 -0.47478743274 -0.0013067097823 0.00462309323484 0.568273795139 1 1 1 1 1 1 1 1 1 1 1 1 1 1 1
154 1848 -0.492731263567 -0.00715086927634 0.0022285249077 0.551113599911 1 1 1 1 1 1 1 1 1 1 1 1 1 1 1
155 1860 -0.519532692753 -0.00045466873679 0.00910774953111 0.546335609144 1 1 1 1 1 1 1 1 1 1 1 1 1 1 1
156 1872 -0.520729273299 -0.00164167013822 0.00621058116415 0.551997995019 1 1 1 1 1 1 1 1 1 1 1 1 1 1 1
157 1884 -0.514191323176 -0.0161690954493 0.00382158611853 0.553356628072 1 1 1 1 1 1 1 1 1 1 1 1 1 1 1
158 1896 -0.519640477928 -0.00594194459348 0.00516466023083 0.558690126713 1 1 1 1 1 1 1 1 1 1 1 1 1 1 1
159 1908 -0.517763065652 -0.0202495152232 0.00476779426169 0.551259874083 1 1 1 1 1 1 1 1 1 1 1 1 1 1 1
160 1920 -0.52144826755 -0.0112256806851 0.00483795525086 0.572993073778 1 1 1 1 1 1 1 1 1 1 1 1 1 1 1
161 1932 -0.524053934775 -0.00466643756529 0.00603515466941 0.579531232015 1 1 1 1 1 1 1 1 1 1 1 1 1 1 1
162 1944 -0.525921591142 -0.00200149878724 0.00368251269973 0.582969812637 1 1 1 1 1 1 1 1 1 1 1 1 1 1 1
163 1956 -0.51589180377 -0.00251935256477 0.000452643627572 0.572387746201 1 1 1 1 1 1 1 1 1 1 1 1 1 1 1
164 1968 -0.50837738473 -0.00585282993561 0.00559556448502 0.576957560703 1 1 1 1 1 1 1 1 1 1 1 1 1 1 1
165 1980 -0.506922058164 -0.00881920681551 0.00537056223819 0.584500939205 1 1 1 1 1 1 1 1 1 1 1 1 1 1 1
166 1992 -0.496897821968 -0.00284228979673 0.00521608812088 0.580912240691 1 1 1 1 1 1 1 1 1 1 1 1 1 1 1
167 2004 -0.516658032792 -0.00448659392441 0.00173545401799 0.557438374761 1 1 1 1 1 1 1 1 1 1 1 1 1 1 1
168 2016 -0.51758876031 -0.00228470886219 0.00350588527125 0.562120955596 1 1 1 1 1 1 1 1 1 1 1 1 1 1 1
169 2028 -0.538589125158 -0.00126604462785 0.00341706596146 0.56287074645 1 1 1 1 1 1 1 1 1 1 1 1 1 1 1
170 2040 -0.533266922082 -0.00455824771527 0.00907132694683 0.580347095647 1 1 1 1 1 1 1 1 1 1 1 1 1 1 1
171 2052 -0.54813966602 -0.00256724760944 0.00115490064565 0.561500342204 1 1 1 1 1 1 1 1 1 1 1 1 1 1 1
172 2064 -0.552061822444 -1.31454840328e-05 0.00641773149849 0.546022091757 1 1 1 1 1 1 1 1 1 1 1 1 1 1 1
173 2076 -0.559285638543 -0.00265106003326 0.0127995748172 0.557530405816 1 1 1 1 1 1 1 1 1 1 1 1 1 1 1
174 2088 -0.55498310591 -0.00442806252845 0.00161534590896 0.556923126934 1 1 1 1 1 1 1 1 1 1 1 1 1 1 1
175 2100 -0.583002248073 -0.000867999651366 0.00644642193571 0.55785240721 1 1 1 1 1 1 1 1 1 1 1 1 1 1 1
176 2112 -0.583092871928 -0.000497518904903 0.0118167949037 0.551330645046 1 1 1 1 1 1 1 1 1 1 1 1 1 1 1
177 2124 -0.585959884607 -0.0295910953148 0.000235023726996 0.552568279057 1 1 1 1 1 1 1 1 1 1 1 1 1 1 1
178 2136 -0.587742896543 -0.00144801255346 0.00236452168151 0.560847446948 1 1 1 1 1 1 1 1 1 1 1 1 1 1 1
179 2148 -0.592862125699 -0.00147461964476 0.000829100528264 0.556368725417 1 1 1 1 1 1 1 1 1 1 1 1 1 1 1
180 2160 -0.579330581667 -0.00912788081105 0.012362262363 0.531068128581 1 1 1 1 1 1 1 1 1 1 1 1 1 1 1
181 2172 -0.590587050788 -0.00794045318483 0.000443359952726 0.537030967174 1 1 1 1 1 1 1 1 1 1 1 1 1 1 1
182 2184 -0.595787665835 -0.000878834084313 0.00119449093049 0.541322466493 1 1 1 1 1 1 1 1 1 1 1 1 1 1 1
183 2196 -0.583130751335 -0.00673410131601 0.00282273979579 0.542888006373 1 1 1 1 1 1 1 1 1 1 1 1 1 1 1
184 2208 -0.573828163363 -0.00043312170596 0.00360138101777 0.536940791525 1 1 1 1 1 1 1 1 1 1 1 1 1 1 1
185 2220 -0.570792038426 -0.00165338941458 4.77393553813e-05 0.552908751089 1 1 1 1 1 1 1 1 1 1 1 1 1 1 1
186 2232 -0.571182344092 -0.00991205997492 0.00477225537019 0.550349223491 1 1 1 1 1 1 1 1 1 1 1 1 1 1 1
187 2244 -0.580608416385 -0.0025651607286 0.000982646372836 0.552498133115 1 1 1 1 1 1 1 1 1 1 1 1 1 1 1
188 2256 -0.595222907318 -0.00729814622565 0.00118599343703 0.574455705437 1 1 1 1 1 1 1 1 1 1 1 1 1 1 1
189 2268 -0.615960515592 -0.00451201916291 0.00669846992166 0.614425495592 1 1 1 1 1 1 1 1 1 1 1 1 1 1 1
190 2280 -0.619032768939 -0.000972078253198 0.000521534581509 0.626868344213 1 1 1 1 1 1 1 1 1 1 1 1 1 1 1
191 2292 -0.631264633348 -0.00968753275277 0.00391577507261 0.646477562097 1 1 1 1 1 1 1 1 1 1 1 1 1 1 1
192 2304 -0.641992511776 -0.00643471533346 0.00172130679933 0.657437565584 1 1 1 1 1 1 1 1 1 1 1 1 1 1 1
193 2316 -0.6545057135 -0.000174647627215 0.0191263740068 0.660052298145 1 1 1 1 1 1 1 1 1 1 1 1 1 1 1
194 2328 -0.652558135111 -0.00141946839589 0.00957994190908 0.655915923218 1 1 1 1 1 1 1 1 1 1 1 1 1 1 1
195 2340 -0.643724616347 -0.0117313197728 0.00621037382627 0.638766571734 1 1 1 1 1 1 1 1 1 1 1 1 1 1 1
196 2352 -0.634593789095 -0.0026835904224 0.000828130584934 0.644764173351 1 1 1 1 1 1 1 1 1 1 1 1 1 1 1
197 2364 -0.626840925725 -0.00454506580094 0.0105884752908 0.626250241205 1 1 1 1 1 1 1 1 1 1 1 1 1 1 1
198 2376 -0.636319685168 -0.000530847207486 0.00794927212665 0.639498684037 1 1 1 1 1 1 1 1 1 1 1 1 1 1 1
199 2388 -0.638744470218 -0.000384823497306 0.00170981829204 0.64108883219 1 1 1 1 1 1 1 1 1 1 1 1 1 1 1
200 2400 -0.652906485815 -0.00553262949921 0.00770792555082 0.65136887499 1 1 1 1 1 1 1 1 1 1 1 1 1 1 1
201 2412 -0.654566443299 -0.00529599572079 0.00110842865208 0.649259340148 1 1 1 1 1 1 1 1 1 1 1 1 1 1 1
202 2424 -0.668400882576 -0.00165055116436 0.004277473869 0.656332503258 1 1 1 1 1 1 1 1 1 1 1 1 1 1 1
203 2436 -0.667077052488 -0.00622685894496 0.00271893924823 0.654080890223 1 1 1 1 1 1 1 1 1 1 1 1 1 1 1
204 2448 -0.662943439088 -0.00420580819971 0.00651250586667 0.642230373839 1 1 1 1 1 1 1 1 1 1 1 1 1 1 1
205 2460 -0.657874028715 -0.000421915820893 0.00116989394922 0.647184048617 1 1 1 1 1 1 1 1 1 1 1 1 1 1 1
206 2472 -0.650244601734 -0.00102674864548 0.0222243183178 0.64458963913 1 1 1 1 1 1 1 1 1 1 1 1 1 1 1
207 2484 -0.648849007365 -0.00677888248826 0.00252239830667 0.63851901279 1 1 1 1 1 1 1 1 1 1 1 1 1 1 1
208 2496 -0.652058899081 -0.00386546624245 0.00926610439197 0.622360208174 1 1 1 1 1 1 1 1 1 1 1 1 1 1 1
209 2508 -0.652398368096 -0.00846325557682 0.00635203706398 0.623087106925 1 1 1 1 1 1 1 1 1 1 1 1 1 1 1
210 2520 -0.64510475665 -0.00953794482294 0.00385456788264 0.60820270098 1 1 1 1 1 1 1 1 1 1 1 1 1 1 1
211 2532 -0.631871492209 -0.0040761173729 0.00482895631314 0.606777074931 1 1 1 1 1 1 1 1 1 1 1 1 1 1 1
212 2544 -0.63517620882 -0.00277470014525 0.018203346324 0.598657974722 1 1 1 1 1 1 1 1 1 1 1 1 1 1 1
213 2556 -0.622711009207 -3.65043394475e-05 0.00168265640254 0.58106062356 1 1 1 1 1 1 1 1 1 1 1 1 1 1 1
214 2568 -0.615022749086 -0.00856154013225 0.003091850177 0.587603731994 1 1 1 1 1 1 1 1 1 1 1 1 1 1 1
215 2580 -0.588076781264 -0.00434032306843 0.014577305082 0.592025799581 1 1 1 1 1 1 1 1 1 1 1 1 1 1 1
216 2592 -0.573945200138 -0.00257629631363 0.00135256555161 0.586788258273 1 1 1 1 1 1 1 1 1 1 1 1 1 1 1
217 2604 -0.568583832358 -0.0193783121182 0.000433943172596 0.580555279541 1 1 1 1 1 1 1 1 1 1 1 1 1 1 1
218 2616 -0.569964239293 -0.00173147158205 0.00606991519413 0.58023630482 1 1 1 1 1 1 1 1 1 1 1 1 1 1 1
219 2628 -0.576025492976 -0.00243825394578 0.00306064884966 0.590004498121 1 1 1 1 1 1 1 1 1 1 1 1 1 1 1
220 2640 -0.593582435743 -0.00941401113085 0.00151428755287 0.580818160587 1 1 1 1 1 1 1 1 1 1 1 1 1 1 1
221 2652 -0.605568346156 -0.00733169211773 0.00184684668199 0.581757346016 1 1 1 1 1 1 1 1 1 1 1 1 1 1 1
222 2664 -0.620669590264 -0.00171826562476 0.00122017494966 0.590805641377 1 1 1 1 1 1 1 1 1 1 1 1 1 1 1
223 2676 -0.61648229447 -0.000104579469045 0.00736499819321 0.586277435218 1 1 1 1 1 1 1 1 1 1 1 1 1 1 1
224 2688 -0.618153799699 -0.00760332940886 0.00119431578198 0.583590162445 1 1 1 1 1 1 1 1 1 1 1 1 1 1 1
225 2700 -0.623940240429 -0.00207032043997 0.00338898412554 0.604484112656 1 1 1 1 1 1 1 1 1 1 1 1 1 1 1
226 2712 -0.607019972118 -0.00112247437383 0.00382778377681 0.5976553589 1 1 1 1 1 1 1 1 1 1 1 1 1 1 1
227 2724 -0.605317293913 -0.00159701132861 0.00386938344645 0.587036315008 1 1 1 1 1 1 1 1 1 1 1 1 1 1 1
228 2736 -0.623040262509 -0.00286698774262 0.00128093632714 0.59664240178 1 1 1 1 1 1 1 1 1 1 1 1 1 1 1
229 2748 -0.623095271248 -0.000132453929698 0.00120557588701 0.597966255408 1 1 1 1 1 1 1 1 1 1 1 1 1 1 1
230 2760 -0.621370110383 -0.00163673080148 0.00453372429592 0.594711627706 1 1 1 1 1 1 1 1 1 1 1 1 1 1 1
231 2772 -0.623768145737 -0.000836910852007 0.00024771783545 0.587078706498 1 1 1 1 1 1 1 1 1 1 1 1 1 1 1
232 2784 -0.626234329353 -0.000556234711305 0.000952281588092 0.578872520505 1 1 1 1 1 1 1 1 1 1 1 1 1 1 1
233 2796 -0.642760361451 -0.00180121890656 0.00187938647977 0.599697626671 1 1 1 1 1 1 1 1 1 1 1 1 1 1 1
234 2808 -0.639081783487 -0.000335032548097 0.00382516226212 0.59124616607 1 1 1 1 1 1 1 1 1 1 1 1 1 1 1
235 2820 -0.63929773492 -0.00145355468656 0.00570364953522 0.58331570198 1 1 1 1 1 1 1 1 1 1 1 1 1 1 1
236 2832 -0.643284347186 -0.00260139413428 0.000534367927848 0.583434238603 1 1 1 1 1 1 1 1 1 1 1 1 1 1 1
237 2844 -0.631327920931 -0.000209987518994 0.0023967740876 0.568492550546 1 1 1 1 1 1 1 1 1 1 1 1 1 1 1
238 2856 -0.608202873245 -0.00143653909161 0.00820448450259 0.562116794205 1 1 1 1 1 1 1 1 1 1 1 1 1 1 1
239 2868 -0.617450450644 -0.000963084331332 0.000998570784273 0.562580663195 1 1 1 1 1 1 1 1 1 1 1 1 1 1 1
240 2880 -0.639325615084 -0.00222269090088 0.0122875453286 0.596265591362 1 1 1 1 1 1 1 1 1 1 1 1 1 1 1
241 2892 -0.655157865906 -0.00346623380265 0.00645098803382 0.624616724886 1 1 1 1 1 1 1 1 1 1 1 1 1 1 1
242 2904 -0.633180445666 -0.00843678409056 0.0034762541772 0.611492427644 1 1 1 1 1 1 1 1 1 1 1 1 1 1 1
243 2916 -0.646295288588 -0.00544380687337 0.000488777226504 0.614251071396 1 1 1 1 1 1 1 1 1 1 1 1 1 1 1
244 2928 -0.651010497817 -0.00919126491049 7.14683067913e-05 0.612741475908 1 1 1 1 1 1 1 1 1 1 1 1 1 1 1
245 2940 -0.646850840834 -0.000932767323421 0.00504458237651 0.617625319595 1 1 1 1 1 1 1 1 1 1 1 1 1 1 1
246 2952 -0.648672008539 -0.00491737500784 0.00117327143556 0.620194594906 1 1 1 1 1 1 1 1 1 1 1 1 1 1 1
247 2964 -0.668299903987 -0.00312447448358 0.00683064873571 0.620509362346 1 1 1 1 1 1 1 1 1 1 1 1 1 1 1
248 2976 -0.670077053186 -0.00239760321741 0.00585880731522 0.625858449679 1 1 1 1 1 1 1 1 1 1 1 1 1 1 1
249 2988 -0.670543270322 -0.00217441339566 0.00104986218046 0.635279410596 1 1 1 1 1 1 1 1 1 1 1 1 1 1 1
250 3000 -0.668747134863 -0.00659420883308 0.00344995641271 0.633529316661 1 1 1 1 1 1 1 1 1 1 1 1 1 1 1
251 3012 -0.673792940085 -0.00448854017932 0.00441112194124 0.631602133604 1 1 1 1 1 1 1 1 1 1 1 1 1 1 1
252 3024 -0.668341137195 -0.0118761931005 0.00289699729612 0.635940756588 1 1 1 1 1 1 1 1 1 1 1 1 1 1 1
253 3036 -0.665632694612 -0.00214750573126 0.000444323002195 0.635002076482 1 1 1 1 1 1 1 1 1 1 1 1 1 1 1
254 3048 -0.667021965507 -0.00041314121207 0.000301267319904 0.619390843712 1 1 1 1 1 1 1 1 1 1 1 1 1 1 1
255 3060 -0.670576130767 -0.00450916876907 0.00377066014389 0.6225317365 1 1 1 1 1 1 1 1 1 1 1 1 1 1 1
256 3072 -0.674557780121 -0.00079554781614 0.019464088362 0.627718406251 1 1 1 1 1 1 1 1 1 1 1 1 1 1 1
257 3084 -0.674682561946 -0.00256179759375 0.00284339697178 0.624520767278 1 1 1 1 1 1 1 1 1 1 1 1 1 1 1
258 3096 -0.655629629937 -0.00253495221155 0.00171229476241 0.622846706744 1 1 1 1 1 1 1 1 1 1 1 1 1 1 1
259 3108 -0.6454560414 -0.007305730356 0.00707196739863 0.614699511915 1 1 1 1 1 1 1 1 1 1 1 1 1 1 1
260 3120 -0.632107926368 -0.00429969915324 0.00547220462519 0.604858999871 1 1 1 1 1 1 1 1 1 1 1 1 1 1 1
261 3132 -0.645202102007 -0.00254693295229 0.00575888336884 0.61453238302 1 1 1 1 1 1 1 1 1 1 1 1 1 1 1
262 3144 -0.641454376309 -0.0162504067337 0.00218624788647 0.617742467781 1 1 1 1 1 1 1 1 1 1 1 1 1 1 1
263 3156 -0.643297804105 -0.00584067105617 9.77925965558e-05 0.61894762161 1 1 1 1 1 1 1 1 1 1 1 1 1 1 1
264 3168 -0.63200930016 -0.0154671498796 0.00796854418397 0.609211493159 1 1 1 1 1 1 1 1 1 1 1 1 1 1 1
265 3180 -0.652648789494 -0.0150521786521 0.00172309530642 0.610694670685 1 1 1 1 1 1 1 1 1 1 1 1 1 1 1
266 3192 -0.650781623718 -0.0110766060074 0.0145134302198 0.619674932932 1 1 1 1 1 1 1 1 1 1 1 1 1 1 1
267 3204 -0.652293660777 -0.0095788742552 0.010260441748 0.62218844796 1 1 1 1 1 1 1 1 1 1 1 1 1 1 1
268 3216 -0.646309652415 -0.00331411103919 0.0141256972293 0.632994099096 1 1 1 1 1 1 1 1 1 1 1 1 1 1 1
269 3228 -0.639199097855 -0.018397776896 0.00350776711096 0.637183264874 1 1 1 1 1 1 1 1 1 1 1 1 1 1 1
270 3240 -0.645028366869 -0.0239660581682 0.0039524360959 0.619784906797 1 1 1 1 1 1 1 1 1 1 1 1 1 1 1
271 3252 -0.650629939733 -0.0222185504309 0.00785893618228 0.612366606899 1 1 1 1 1 1 1 1 1 1 1 1 1 1 1
272 3264 -0.660928987243 -0.0101976253509 0.0129200532383 0.603331002572 1 1 1 1 1 1 1 1 1 1 1 1 1 1 1
273 3276 -0.663563305658 -0.00767161951587 0.0245120544315 0.611559647091 1 1 1 1 1 1 1 1 1 1 1 1 1 1 1
274 3288 -0.668342147441 -0.00898760209348 0.00873594706874 0.6136053675 1 1 1 1 1 1 1 1 1 1 1 1 1 1 1
275 3300 -0.663547898769 -0.00536219730884 0.0135931421388 0.619740160944 1 1 1 1 1 1 1 1 1 1 1 1 1 1 1
276 3312 -0.664375127949 -0.00092642376945 0.0263148217125 0.62263916447 1 1 1 1 1 1 1 1 1 1 1 1 1 1 1
277 3324 -0.662107839275 -0.00879329093296 0.00759390097047 0.62245889074 1 1 1 1 1 1 1 1 1 1 1 1 1 1 1
278 3336 -0.680943670895 -0.00991834503325 0.0186254806018 0.643075872963 1 1 1 1 1 1 1 1 1 1 1 1 1 1 1
279 3348 -0.68133302713 -0.00323141048518 0.00219919750346 0.640372067514 1 1 1 1 1 1 1 1 1 1 1 1 1 1 1
280 3360 -0.68024743749 -0.00747179421039 0.00307717518401 0.633959074828 1 1 1 1 1 1 1 1 1 1 1 1 1 1 1
281 3372 -0.681334386174 -0.0184398921439 0.0142099069179 0.645244554075 1 1 1 1 1 1 1 1 1 1 1 1 1 1 1
282 3384 -0.676515047258 -0.00136840724896 0.00792117828818 0.647153441972 1 1 1 1 1 1 1 1 1 1 1 1 1 1 1
283 3396 -0.67773655262 -0.00569756363359 0.00826875774845 0.642284048775 1 1 1 1 1 1 1 1 1 1 1 1 1 1 1
284 3408 -0.690377669478 -0.0104550271274 0.0017384177592 0.647782019084 1 1 1 1 1 1 1 1 1 1 1 1 1 1 1
285 3420 -0.689391422559 -0.00245560969827 0.000709827546968 0.66059103857 1 1 1 1 1 1 1 1 1 1 1 1 1 1 1
286 3432 -0.682396947856 -0.000676393897718 0.0113422665677 0.652929070505 1 1 1 1 1 1 1 1 1 1 1 1 1 1 1
287 3444 -0.682409079599 -0.00316854078258 0.00173172845859 0.652209525791 1 1 1 1 1 1 1 1 1 1 1 1 1 1 1
288 3456 -0.684989462072 -0.00873231304321 0.00325701517418 0.656685431927 1 1 1 1 1 1 1 1 1 1 1 1 1 1 1
289 3468 -0.696286337105 -0.0128896401934 0.000957621311673 0.681600011137 1 1 1 1 1 1 1 1 1 1 1 1 1 1 1
290 3480 -0.676923253996 -0.00632583688853 0.0132263216041 0.664214483445 1 1 1 1 1 1 1 1 1 1 1 1 1 1 1
291 3492 -0.677376325772 -0.0118282489087 0.007028903451 0.659520336983 1 1 1 1 1 1 1 1 1 1 1 1 1 1 1
292 3504 -0.681352786765 -0.0104382537275 0.0202894278234 0.66592761554 1 1 1 1 1 1 1 1 1 1 1 1 1 1 1
293 3516 -0.68514755896 -0.00658221297688 0.00431615317566 0.687873501086 1 1 1 1 1 1 1 1 1 1 1 1 1 1 1
294 3528 -0.674945414873 -0.0081728570986 0.00460726779625 0.67917736349 1 1 1 1 1 1 1 1 1 1 1 1 1 1 1
295 3540 -0.675884982549 -0.00196982355275 0.000740961006198 0.683186993319 1 1 1 1 1 1 1 1 1 1 1 1 1 1 1
296 3552 -0.648295924411 -0.00634233691005 0.0141319514759 0.671887857724 1 1 1 1 1 1 1 1 1 1 1 1 1 1 1
297 3564 -0.648370442065 -0.00882200855239 0.00219931285133 0.664763718274 1 1 1 1 1 1 1 1 1 1 1 1 1 1 1
298 3576 -0.64698834671 -0.00182736216609 0.00431498710958 0.662959798594 1 1 1 1 1 1 1 1 1 1 1 1 1 1 1
299 3588 -0.648900610099 -0.00117545031578 0.00291681069376 0.658957885827 1 1 1 1 1 1 1 1 1 1 1 1 1 1 1
300 3600 -0.650780070349 -0.00144869813925 0.00156337727648 0.656558139895 1 1 1 1 1 1 1 1 1 1 1 1 1 1 1
301 3612 -0.648799813291 -0.0119353441899 0.00854485022002 0.653564904712 1 1 1 1 1 1 1 1 1 1 1 1 1 1 1
302 3624 -0.64647763307 -0.00304883716983 0.000465390359224 0.6551027049 1 1 1 1 1 1 1 1 1 1 1 1 1 1 1
303 3636 -0.638566704029 -0.00840293615593 0.00830447116745 0.657438480663 1 1 1 1 1 1 1 1 1 1 1 1 1 1 1
304 3648 -0.646071645951 -0.00512772692797 0.00207371329514 0.655901009453 1 1 1 1 1 1 1 1 1 1 1 1 1 1 1
305 3660 -0.651277940115 -0.0259433293496 0.00552310572148 0.656888973566 1 1 1 1 1 1 1 1 1 1 1 1 1 1 1
306 3672 -0.64589634375 -0.00386940832435 0.000945073307837 0.662029420514 1 1 1 1 1 1 1 1 1 1 1 1 1 1 1
307 3684 -0.64606022723 -0.000333268104219 0.00050374730971 0.648209653512 1 1 1 1 1 1 1 1 1 1 1 1 1 1 1
308 3696 -0.642648771647 -8.04950576878e-07 0.000837079522708 0.638604841258 1 1 1 1 1 1 1 1 1 1 1 1 1 1 1
309 3708 -0.643741879555 -0.00982103797949 0.0113487856843 0.642883138567 1 1 1 1 1 1 1 1 1 1 1 1 1 1 1
310 3720 -0.643129866585 -0.00320729246528 0.0113599673334 0.642664601351 1 1 1 1 1 1 1 1 1 1 1 1 1 1 1
311 3732 -0.654733243394 -0.00576325267011 0.00414710821999 0.640863042316 1 1 1 1 1 1 1 1 1 1 1 1 1 1 1
312 3744 -0.645222050883 -0.00238607701672 0.00432606423293 0.637442798671 1 1 1 1 1 1 1 1 1 1 1 1 1 1 1
313 3756 -0.648710516423 -0.00524682710591 0.00862475565866 0.633277103186 1 1 1 1 1 1 1 1 1 1 1 1 1 1 1
314 3768 -0.638367696544 -0.00624605519682 0.00233969044769 0.622351739538 1 1 1 1 1 1 1 1 1 1 1 1 1 1 1
315 3780 -0.648478156925 -0.000680773595871 0.00488690979799 0.617971371174 1 1 1 1 1 1 1 1 1 1 1 1 1 1 1
316 3792 -0.647720618968 -0.0140916004076 0.0111302108904 0.601390423598 1 1 1 1 1 1 1 1 1 1 1 1 1 1 1
317 3804 -0.650675327573 -0.0120547247649 0.00818376957656 0.616598831059 1 1 1 1 1 1 1 1 1 1 1 1 1 1 1
318 3816 -0.651856169804 -0.0158531065875 0.0070335460505 0.623335836096 1 1 1 1 1 1 1 1 1 1 1 1 1 1 1
319 3828 -0.673412932187 -0.0259944778212 0.000925570113028 0.632352086639 1 1 1 1 1 1 1 1 1 1 1 1 1 1 1
320 3840 -0.671442699092 -0.0242793244301 0.00664221774138 0.623788877328 1 1 1 1 1 1 1 1 1 1 1 1 1 1 1
321 3852 -0.66354402126 -0.0377291214391 0.0011062087053 0.614577437405 1 1 1 1 1 1 1 1 1 1 1 1 1 1 1
322 3864 -0.657734974987 -0.0243617654178 0.00719803196496 0.606385352116 1 1 1 1 1 1 1 1 1 1 1 1 1 1 1
323 3876 -0.654178483124 -0.0153367708212 0.0045192591078 0.603181373725 1 1 1 1 1 1 1 1 1 1 1 1 1 1 1
324 3888 -0.654687865754 -0.00503103313604 0.00708126498399 0.611786645153 1 1 1 1 1 1 1 1 1 1 1 1 1 1 1
325 3900 -0.653104559372 -0.0291722290701 0.00120011103591 0.609542689328 1 1 1 1 1 1 1 1 1 1 1 1 1 1 1
326 3912 -0.667617446717 -0.0047025005119 0.00935742749011 0.61331001492 1 1 1 1 1 1 1 1 1 1 1 1 1 1 1
327 3924 -0.670975959998 -0.00281167056732 0.00634914782786 0.617985746783 1 1 1 1 1 1 1 1 1 1 1 1 1 1 1
328 3936 -0.673414222299 -0.00507917671043 0.00069922435554 0.611126872231 1 1 1 1 1 1 1 1 1 1 1 1 1 1 1
329 3948 -0.662720267853 -0.0170221835737 0.00208801896247 0.619472106751 1 1 1 1 1 1 1 1 1 1 1 1 1 1 1
330 3960 -0.664626694911 -0.00414778237319 0.0223219919516 0.599856853945 1 1 1 1 1 1 1 1 1 1 1 1 1 1 1
331 3972 -0.66059514571 -0.00782880857574 0.0209118730609 0.595632980756 1 1 1 1 1 1 1 1 1 1 1 1 1 1 1
332 3984 -0.665864485824 -0.00964774775206 0.0156580062813 0.599804285117 1 1 1 1 1 1 1 1 1 1 1 1 1 1 1
333 3996 -0.650251880961 -0.00296256529252 0.0269641325127 0.60083069723 1 1 1 1 1 1 1 1 1 1 1 1 1 1 1
334 4008 -0.653368000108 -0.00931748225988 0.0107306018014 0.60931828727 1 1 1 1 1 1 1 1 1 1 1 1 1 1 1
335 4020 -0.654483264449 -0.000525588795408 0.00262878924681 0.615799038276 1 1 1 1 1 1 1 1 1 1 1 1 1 1 1
336 4032 -0.657790242377 -0.0145932073132 0.00905230385156 0.618124357656 1 1 1 1 1 1 1 1 1 1 1 1 1 1 1
337 4044 -0.656580677113 -0.0326692674929 0.00245539006387 0.620369620446 1 1 1 1 1 1 1 1 1 1 1 1 1 1 1
338 4056 -0.652100813258 -0.0179951256233 0.00582251035774 0.622553443025 1 1 1 1 1 1 1 1 1 1 1 1 1 1 1
339 4068 -0.653184177721 -0.0199248231589 0.00231982462856 0.630923622251 1 1 1 1 1 1 1 1 1 1 1 1 1 1 1
340 4080 -0.660266824963 -0.0064160624343 0.00693339824282 0.631846708292 1 1 1 1 1 1 1 1 1 1 1 1 1 1 1
341 4092 -0.683877035827 -0.00563093915255 0.0130428127592 0.641254187822 1 1 1 1 1 1 1 1 1 1 1 1 1 1 1
342 4104 -0.698235602507 -0.00739906579846 0.0104869083548 0.639905447778 1 1 1 1 1 1 1 1 1 1 1 1 1 1 1
343 4116 -0.711518431602 -0.0192124264512 0.00817374355472 0.636420512945 1 1 1 1 1 1 1 1 1 1 1 1 1 1 1
344 4128 -0.710229114099 -0.00390164298646 0.0113253664445 0.625814627966 1 1 1 1 1 1 1 1 1 1 1 1 1 1 1
345 4140 -0.712079257461 -0.0128139884496 0.0123855899726 0.627568745859 1 1 1 1 1 1 1 1 1 1 1 1 1 1 1
346 4152 -0.706385032332 -0.0327335912723 0.00197071018771 0.637175274087 1 1 1 1 1 1 1 1 1 1 1 1 1 1 1
347 4164 -0.70770017446 -0.0292759215546 0.0189154235677 0.634625012516 1 1 1 1 1 1 1 1 1 1 1 1 1 1 1
348 4176 -0.70514677822 -0.0257369993689 0.0206283800865 0.643253994869 1 1 1 1 1 1 1 1 1 1 1 1 1 1 1
349 4188 -0.699537187057 -0.00586196698697 0.00863180827039 0.641274050457 1 1 1 1 1 1 1 1 1 1 1 1 1 1 1
350 4200 -0.698835075672 -0.0602527800915 0.0106330900962 0.638305085337 1 1 1 1 1 1 1 1 1 1 1 1 1 1 1
351 4212 -0.701497375013 -8.86383459443e-05 0.00951807458479 0.633665201712 1 1 1 1 1 1 1 1 1 1 1 1 1 1 1
352 4224 -0.713471637021 -0.00048282486462 0.0134779600423 0.63048360157 1 1 1 1 1 1 1 1 1 1 1 1 1 1 1
353 4236 -0.713957667602 -0.00132639474868 0.00798854613797 0.637227291093 1 1 1 1 1 1 1 1 1 1 1 1 1 1 1
354 4248 -0.706206791087 -0.0133024174309 0.0103646865437 0.641080322524 1 1 1 1 1 1 1 1 1 1 1 1 1 1 1
355 4260 -0.703686609716 -0.00113998377703 0.0243350306564 0.632786099068 1 1 1 1 1 1 1 1 1 1 1 1 1 1 1
356 4272 -0.700680036509 -0.000289499795355 0.00772551315361 0.627101248216 1 1 1 1 1 1 1 1 1 1 1 1 1 1 1
357 4284 -0.696113691439 -0.00546230580904 0.0064252657583 0.620519645356 1 1 1 1 1 1 1 1 1 1 1 1 1 1 1
358 4296 -0.699951649284 -0.000643325444945 0.00129711331789 0.611950676353 1 1 1 1 1 1 1 1 1 1 1 1 1 1 1
359 4308 -0.709479863408 -0.00615974190434 0.00074359213148 0.61027411021 1 1 1 1 1 1 1 1 1 1 1 1 1 1 1
360 4320 -0.696635135975 -0.00850773381435 0.0252538280215 0.608446644679 1 1 1 1 1 1 1 1 1 1 1 1 1 1 1
361 4332 -0.706756752005 -0.00640935979847 0.0277908772715 0.617119545075 1 1 1 1 1 1 1 1 1 1 1 1 1 1 1
362 4344 -0.70818164585 -0.0182950485711 0.00592322520948 0.62355960706 1 1 1 1 1 1 1 1 1 1 1 1 1 1 1
363 4356 -0.707023424923 -0.0142154844164 0.0269512881855 0.631078915112 1 1 1 1 1 1 1 1 1 1 1 1 1 1 1
364 4368 -0.715991791017 -0.0242258270899 0.0145774518907 0.631516059721 1 1 1 1 1 1 1 1 1 1 1 1 1 1 1
365 4380 -0.717270894408 -0.0209178473218 0.0185918542038 0.635079496688 1 1 1 1 1 1 1 1 1 1 1 1 1 1 1
366 4392 -0.712798562348 -0.0128090989327 0.0216901938525 0.643980864232 1 1 1 1 1 1 1 1 1 1 1 1 1 1 1
367 4404 -0.712717262389 -0.0100483893315 0.0421544376741 0.641050597525 1 1 1 1 1 1 1 1 1 1 1 1 1 1 1
368 4416 -0.717123762364 -0.00475293495358 0.033494013135 0.634862411065 1 1 1 1 1 1 1 1 1 1 1 1 1 1 1
369 4428 -0.712443105171 -0.0160202969786 0.00130814326498 0.627590330377 1 1 1 1 1 1 1 1 1 1 1 1 1 1 1
370 4440 -0.719068346969 -0.000760683715376 0.00902241445154 0.620800540239 1 1 1 1 1 1 1 1 1 1 1 1 1 1 1
371 4452 -0.719251740869 -0.00430061225422 0.0210563423959 0.61227977876 1 1 1 1 1 1 1 1 1 1 1 1 1 1 1
372 4464 -0.721579872462 -0.00745003137573 0.0256052884239 0.6108744894 1 1 1 1 1 1 1 1 1 1 1 1 1 1 1
373 4476 -0.726976304655 -0.0010744697387 0.0138817256501 0.613167021225 1 1 1 1 1 1 1 1 1 1 1 1 1 1 1
374 4488 -0.725849301867 -0.00133258483836 3.54650642732e-05 0.617234750217 1 1 1 1 1 1 1 1 1 1 1 1 1 1 1
375 4500 -0.727748017513 -0.0219371239928 0.00203992155858 0.613218040767 1 1 1 1 1 1 1 1 1 1 1 1 1 1 1
376 4512 -0.729677385221 -0.00193526458712 0.00876553694037 0.608133626157 1 1 1 1 1 1 1 1 1 1 1 1 1 1 1
377 4524 -0.726554800845 -0.00452712752882 0.00840959125809 0.602798384501 1 1 1 1 1 1 1 1 1 1 1 1 1 1 1
378 4536 -0.726665512828 -0.0149727244019 0.00147227719937 0.601287089478 1 1 1 1 1 1 1 1 1 1 1 1 1 1 1
379 4548 -0.726656256106 -0.00100408945243 0.0303610551923 0.603831947222 1 1 1 1 1 1 1 1 1 1 1 1 1 1 1
380 4560 -0.734642520815 -0.00120781695192 0.00307775714384 0.614389475089 1 1 1 1 1 1 1 1 1 1 1 1 1 1 1
381 4572 -0.733070964195 -0.0119613054294 0.00170441506602 0.614117322678 1 1 1 1 1 1 1 1 1 1 1 1 1 1 1
382 4584 -0.733031012701 -0.00165886747974 0.0185876062647 0.609500045727 1 1 1 1 1 1 1 1 1 1 1 1 1 1 1
383 4596 -0.733506764439 -0.00930034595963 0.0351231299364 0.616051571577 1 1 1 1 1 1 1 1 1 1 1 1 1 1 1
384 4608 -0.743805077118 -0.00100399823543 0.00714827869214 0.615553402033 1 1 1 1 1 1 1 1 1 1 1 1 1 1 1
385 4620 -0.74683240978 -0.0186307517664 0.0126701509148 0.610709120325 1 1 1 1 1 1 1 1 1 1 1 1 1 1 1
386 4632 -0.74700088809 -0.00116028133555 0.0126405481709 0.615158568623 1 1 1 1 1 1 1 1 1 1 1 1 1 1 1
387 4644 -0.751274436398 -0.0120631499558 0.00160582023502 0.632473535122 1 1 1 1 1 1 1 1 1 1 1 1 1 1 1
388 4656 -0.750877365233 -0.0106277643238 0.00400458347369 0.634228295266 1 1 1 1 1 1 1 1 1 1 1 1 1 1 1
389 4668 -0.755821444383 -0.000282712691908 0.0150351430211 0.635865272716 1 1 1 1 1 1 1 1 1 1 1 1 1 1 1
390 4680 -0.756835262215 -0.00124893923868 0.00590156426741 0.641815820371 1 1 1 1 1 1 1 1 1 1 1 1 1 1 1
391 4692 -0.75662300628 -0.00627049462822 0.00015528214421 0.644461544364 1 1 1 1 1 1 1 1 1 1 1 1 1 1 1
392 4704 -0.757276910635 -0.00190166072342 0.000886817303097 0.645388118515 1 1 1 1 1 1 1 1 1 1 1 1 1 1 1
393 4716 -0.752711197513 -0.00117636267886 0.00120249498658 0.646390284645 1 1 1 1 1 1 1 1 1 1 1 1 1 1 1
394 4728 -0.759611672178 -0.0082257406428 0.00270402210421 0.64367989133 1 1 1 1 1 1 1 1 1 1 1 1 1 1 1
395 4740 -0.756151001724 -0.00228027894343 0.000374930001168 0.642144221849 1 1 1 1 1 1 1 1 1 1 1 1 1 1 1
396 4752 -0.767258210852 -0.0046550129149 0.00389076858437 0.649371959598 1 1 1 1 1 1 1 1 1 1 1 1 1 1 1
397 4764 -0.767740307132 -0.00898988672108 0.000234120762558 0.645835513705 1 1 1 1 1 1 1 1 1 1 1 1 1 1 1
398 4776 -0.764288636461 -0.0118901760791 0.000856656276425 0.642002153557 1 1 1 1 1 1 1 1 1 1 1 1 1 1 1
399 4788 -0.754541094374 -0.00384623325041 0.00438445470054 0.635789516534 1 1 1 1 1 1 1 1 1 1 1 1 1 1 1
400 4800 -0.75709632773 -0.00521018635042 0.0101118316206 0.641969757933 1 1 1 1 1 1 1 1 1 1 1 1 1 1 1
401 4812 -0.759594684662 -0.00429245179391 0.000910148185352 0.64513498674 1 1 1 1 1 1 1 1 1 1 1 1 1 1 1
402 4824 -0.756720196637 -0.00246024811772 0.0023749240293 0.646159412648 1 1 1 1 1 1 1 1 1 1 1 1 1 1 1
403 4836 -0.753229080971 -0.00481384374283 0.00870048543123 0.647479802144 1 1 1 1 1 1 1 1 1 1 1 1 1 1 1
404 4848 -0.760966821374 -0.00257095859065 0.0148595420162 0.650251668183 1 1 1 1 1 1 1 1 1 1 1 1 1 1 1
405 4860 -0.763249264591 -0.00508898758597 0.0141598094279 0.660253757466 1 1 1 1 1 1 1 1 1 1 1 1 1 1 1
406 4872 -0.765299026107 -0.000674331280112 0.0111746721492 0.641324797634 1 1 1 1 1 1 1 1 1 1 1 1 1 1 1
407 4884 -0.763280043071 -0.00843390078991 0.0057710953337 0.63329980258 1 1 1 1 1 1 1 1 1 1 1 1 1 1 1
408 4896 -0.770598922685 -0.0123225030602 0.0189528702855 0.628478504884 1 1 1 1 1 1 1 1 1 1 1 1 1 1 1
409 4908 -0.771966561298 -0.0031928213107 0.0136089591816 0.625853599065 1 1 1 1 1 1 1 1 1 1 1 1 1 1 1
410 4920 -0.773195853804 -0.000215301972264 0.00541793669837 0.635581454557 1 1 1 1 1 1 1 1 1 1 1 1 1 1 1
411 4932 -0.769406647645 -0.00280723374537 0.00379709656678 0.634331828255 1 1 1 1 1 1 1 1 1 1 1 1 1 1 1
412 4944 -0.775552720849 -0.00133474149032 0.00373146917452 0.63690700446 1 1 1 1 1 1 1 1 1 1 1 1 1 1 1
413 4956 -0.774209265523 -0.00188876690276 0.00886938595778 0.634293924474 1 1 1 1 1 1 1 1 1 1 1 1 1 1 1
414 4968 -0.775597688688 -0.00641824135582 0.00133190820428 0.643280929732 1 1 1 1 1 1 1 1 1 1 1 1 1 1 1
415 4980 -0.776142670064 -0.00187753601133 0.00101537889496 0.642703023755 1 1 1 1 1 1 1 1 1 1 1 1 1 1 1
416 4992 -0.774124741842 -1.80628432155e-05 0.00036797022253 0.644587108564 1 1 1 1 1 1 1 1 1 1 1 1 1 1 1
417 5004 -0.772483705038 -0.00182094311334 0.00472041033703 0.648108839773 1 1 1 1 1 1 1 1 1 1 1 1 1 1 1
418 5016 -0.770022006581 -0.0122661408326 0.000417051770971 0.647897165115 1 1 1 1 1 1 1 1 1 1 1 1 1 1 1
419 5028 -0.761365659411 -0.00469750527539 0.00154565539367 0.643279412689 1 1 1 1 1 1 1 1 1 1 1 1 1 1 1
420 5040 -0.759758992034 -0.000477426571827 0.00135094737245 0.649125313751 1 1 1 1 1 1 1 1 1 1 1 1 1 1 1
421 5052 -0.760736871749 -0.0155475424912 0.00391525677699 0.641437188003 1 1 1 1 1 1 1 1 1 1 1 1 1 1 1
422 5064 -0.747816822743 -0.00753029192531 0.0066191722501 0.633506642452 1 1 1 1 1 1 1 1 1 1 1 1 1 1 1
423 5076 -0.753198253034 -0.0136178252103 0.00990787683417 0.638684492089 1 1 1 1 1 1 1 1 1 1 1 1 1 1 1
424 5088 -0.755014011968 -0.0138108959852 0.00712360848582 0.644823193314 1 1 1 1 1 1 1 1 1 1 1 1 1 1 1
425 5100 -0.761626836141 -0.00284312185812 0.00705452362337 0.641394303328 1 1 1 1 1 1 1 1 1 1 1 1 1 1 1
426 5112 -0.754607778088 -0.00122933005141 0.0109033135231 0.638665580432 1 1 1 1 1 1 1 1 1 1 1 1 1 1 1
427 5124 -0.751562722705 -0.00869646603391 0.000568215521582 0.626463409072 1 1 1 1 1 1 1 1 1 1 1 1 1 1 1
