% # columns="iteration, evaluation, min max(neg(.)) min(pos(.)) max correlation, correlation matrix principle axes lengths  (sorted square roots of eigenvalues of correlation matrix)", seed=20, Wed Jan 31 05:46:20 2018
1 12 -0.0355474831903 -8.33381038657e-07 0.000110879552954 0.0275830194674 1 1 1 1 1 1 1 1 1 1 1 1 1 1 1 1 1
2 24 -0.0452396630961 -0.000346786702035 4.6510981212e-05 0.0348956940161 1 1 1 1 1 1 1 1 1 1 1 1 1 1 1 1 1
3 36 -0.0552502535643 -0.000129517503674 0.000303423966231 0.0432200970135 1 1 1 1 1 1 1 1 1 1 1 1 1 1 1 1 1
4 48 -0.0663959150531 -0.000407977692266 0.000348039209959 0.0622859568656 1 1 1 1 1 1 1 1 1 1 1 1 1 1 1 1 1
5 60 -0.0729753616279 -0.000111701352796 0.000152692998861 0.0599871630705 1 1 1 1 1 1 1 1 1 1 1 1 1 1 1 1 1
6 72 -0.0824054650904 -0.000135937958021 0.000919654368875 0.0540058140307 1 1 1 1 1 1 1 1 1 1 1 1 1 1 1 1 1
7 84 -0.0732055095718 -0.000941650703045 0.00130053508146 0.0601023573015 1 1 1 1 1 1 1 1 1 1 1 1 1 1 1 1 1
8 96 -0.0763102391502 -0.000280521413909 1.81621998456e-05 0.0624625529761 1 1 1 1 1 1 1 1 1 1 1 1 1 1 1 1 1
9 108 -0.0770437982928 -0.000597973046178 0.0003911892527 0.0793308045598 1 1 1 1 1 1 1 1 1 1 1 1 1 1 1 1 1
10 120 -0.0862223244815 -0.000838291208378 0.000238130119391 0.0789891706851 1 1 1 1 1 1 1 1 1 1 1 1 1 1 1 1 1
11 132 -0.101360985552 -0.000802360459813 0.00219704152912 0.10089045043 1 1 1 1 1 1 1 1 1 1 1 1 1 1 1 1 1
12 144 -0.115301135007 -0.00076098749408 0.000723018940514 0.112423544093 1 1 1 1 1 1 1 1 1 1 1 1 1 1 1 1 1
13 156 -0.119051540021 -0.000585683679758 0.00155893893679 0.0977055671692 1 1 1 1 1 1 1 1 1 1 1 1 1 1 1 1 1
14 168 -0.110018681164 -0.00165723702621 0.000957366769398 0.114284964887 1 1 1 1 1 1 1 1 1 1 1 1 1 1 1 1 1
15 180 -0.131030178261 -1.92786429273e-05 0.000474184928415 0.116439378796 1 1 1 1 1 1 1 1 1 1 1 1 1 1 1 1 1
16 192 -0.130110550303 -0.00031527169565 0.00298502113861 0.15264182926 1 1 1 1 1 1 1 1 1 1 1 1 1 1 1 1 1
17 204 -0.124764095862 -0.000725697120854 4.44613180217e-05 0.150881947022 1 1 1 1 1 1 1 1 1 1 1 1 1 1 1 1 1
18 216 -0.131372963337 -0.000409104767983 0.00156870179364 0.16835654975 1 1 1 1 1 1 1 1 1 1 1 1 1 1 1 1 1
19 228 -0.122225511627 -0.000190637826826 0.00218039597503 0.176729097712 1 1 1 1 1 1 1 1 1 1 1 1 1 1 1 1 1
20 240 -0.118020854876 -0.00123864816382 0.000653789943288 0.186939887568 1 1 1 1 1 1 1 1 1 1 1 1 1 1 1 1 1
21 252 -0.124298769529 -0.000445421179535 0.000726416260122 0.1957801918 1 1 1 1 1 1 1 1 1 1 1 1 1 1 1 1 1
22 264 -0.12602583872 -0.00135690390422 0.000452921181273 0.201410494548 1 1 1 1 1 1 1 1 1 1 1 1 1 1 1 1 1
23 276 -0.142896116615 -0.000633604430927 0.000257149181871 0.194705684823 1 1 1 1 1 1 1 1 1 1 1 1 1 1 1 1 1
24 288 -0.162395771363 -0.000638228997034 0.000492594414917 0.203491684199 1 1 1 1 1 1 1 1 1 1 1 1 1 1 1 1 1
25 300 -0.162016064217 -0.000977731750221 0.000755947764067 0.200950159635 1 1 1 1 1 1 1 1 1 1 1 1 1 1 1 1 1
26 312 -0.195756545389 -0.000235778049294 0.00260399777032 0.225441417712 1 1 1 1 1 1 1 1 1 1 1 1 1 1 1 1 1
27 324 -0.207856490793 -0.00266344786517 0.00247071509204 0.242114087186 1 1 1 1 1 1 1 1 1 1 1 1 1 1 1 1 1
28 336 -0.208159640046 -0.000560921270876 0.000820710587604 0.270217448818 1 1 1 1 1 1 1 1 1 1 1 1 1 1 1 1 1
29 348 -0.205781579862 -0.00172833472501 0.00402286805875 0.280827694561 1 1 1 1 1 1 1 1 1 1 1 1 1 1 1 1 1
30 360 -0.215649078979 -0.000196873416826 0.00143354552519 0.288811847467 1 1 1 1 1 1 1 1 1 1 1 1 1 1 1 1 1
31 372 -0.222701090817 -0.00120632647738 0.00304650468928 0.318104955842 1 1 1 1 1 1 1 1 1 1 1 1 1 1 1 1 1
32 384 -0.210212670417 -0.000962733658164 0.000769092160715 0.337163720637 1 1 1 1 1 1 1 1 1 1 1 1 1 1 1 1 1
33 396 -0.203416154856 -1.75848936546e-05 0.000398398271023 0.371752675779 1 1 1 1 1 1 1 1 1 1 1 1 1 1 1 1 1
34 408 -0.211022248768 -0.00138041318895 0.00215800800959 0.377473588838 1 1 1 1 1 1 1 1 1 1 1 1 1 1 1 1 1
35 420 -0.213545043805 -0.00240838232964 0.000115496372599 0.368605057621 1 1 1 1 1 1 1 1 1 1 1 1 1 1 1 1 1
36 432 -0.2201300555 -0.00116823623796 0.00173468727152 0.363398712599 1 1 1 1 1 1 1 1 1 1 1 1 1 1 1 1 1
37 444 -0.215620828072 -0.00286305719467 0.00123274266985 0.357427911116 1 1 1 1 1 1 1 1 1 1 1 1 1 1 1 1 1
38 456 -0.218985907508 -0.000300020139247 5.61042137983e-05 0.34877207599 1 1 1 1 1 1 1 1 1 1 1 1 1 1 1 1 1
39 468 -0.239067310108 -0.000325794644149 0.00364465123641 0.358935602034 1 1 1 1 1 1 1 1 1 1 1 1 1 1 1 1 1
40 480 -0.241240615395 -0.000520690891552 0.000122276375771 0.361494651985 1 1 1 1 1 1 1 1 1 1 1 1 1 1 1 1 1
41 492 -0.238076225227 -0.000497241266511 0.000691669609422 0.361262551591 1 1 1 1 1 1 1 1 1 1 1 1 1 1 1 1 1
42 504 -0.237540144955 -0.000539134360894 0.000318585523958 0.36126570822 1 1 1 1 1 1 1 1 1 1 1 1 1 1 1 1 1
43 516 -0.234084555592 -0.000751333095406 0.000170001873628 0.348941540317 1 1 1 1 1 1 1 1 1 1 1 1 1 1 1 1 1
44 528 -0.237981238792 -0.000737836390733 0.000245945418354 0.335350911544 1 1 1 1 1 1 1 1 1 1 1 1 1 1 1 1 1
45 540 -0.242969265759 -0.00181104696412 0.00039400392238 0.336174343207 1 1 1 1 1 1 1 1 1 1 1 1 1 1 1 1 1
46 552 -0.240248444231 -0.000978661675193 0.00018240079156 0.338362876989 1 1 1 1 1 1 1 1 1 1 1 1 1 1 1 1 1
47 564 -0.248825662584 -0.000857510874193 0.0002070511878 0.328882295101 1 1 1 1 1 1 1 1 1 1 1 1 1 1 1 1 1
48 576 -0.243662794693 -0.000118203073232 0.000465304676873 0.3264227373 1 1 1 1 1 1 1 1 1 1 1 1 1 1 1 1 1
49 588 -0.246791080025 -0.00079536182493 0.00129732676779 0.345088783676 1 1 1 1 1 1 1 1 1 1 1 1 1 1 1 1 1
50 600 -0.243338277895 -0.00106910718859 5.65881426647e-05 0.33952562462 1 1 1 1 1 1 1 1 1 1 1 1 1 1 1 1 1
51 612 -0.260695594673 -0.00318885495407 4.60609788091e-05 0.335223073625 1 1 1 1 1 1 1 1 1 1 1 1 1 1 1 1 1
52 624 -0.263974443657 -0.000200584571899 0.000337030040225 0.338346880048 1 1 1 1 1 1 1 1 1 1 1 1 1 1 1 1 1
53 636 -0.254237744321 -0.00128725056393 0.00100122229235 0.34971182634 1 1 1 1 1 1 1 1 1 1 1 1 1 1 1 1 1
54 648 -0.252656611993 -0.000460996934114 0.00133650516473 0.356425761658 1 1 1 1 1 1 1 1 1 1 1 1 1 1 1 1 1
55 660 -0.261378701097 -0.0016647183827 0.00389279166029 0.356111767491 1 1 1 1 1 1 1 1 1 1 1 1 1 1 1 1 1
56 672 -0.269776586789 -0.00053901933052 0.00136854724071 0.33567720947 1 1 1 1 1 1 1 1 1 1 1 1 1 1 1 1 1
57 684 -0.267448844082 -3.22465856227e-05 0.00218439715192 0.32621811422 1 1 1 1 1 1 1 1 1 1 1 1 1 1 1 1 1
58 696 -0.287079960357 -0.000227829298393 0.00102163053372 0.313706580601 1 1 1 1 1 1 1 1 1 1 1 1 1 1 1 1 1
59 708 -0.294077569785 -5.03164571753e-05 0.00330267208878 0.304199275219 1 1 1 1 1 1 1 1 1 1 1 1 1 1 1 1 1
60 720 -0.30017790775 -0.000169365796694 0.0015728011664 0.304519089915 1 1 1 1 1 1 1 1 1 1 1 1 1 1 1 1 1
61 732 -0.295583822182 -0.000428271077631 3.13318212619e-05 0.310894569414 1 1 1 1 1 1 1 1 1 1 1 1 1 1 1 1 1
62 744 -0.293492910614 -0.000451142037573 0.00151514243449 0.309401487705 1 1 1 1 1 1 1 1 1 1 1 1 1 1 1 1 1
63 756 -0.300569131292 -0.000730565751319 0.000420181708299 0.310651145554 1 1 1 1 1 1 1 1 1 1 1 1 1 1 1 1 1
64 768 -0.295739146813 -0.00180639644016 0.00178672602 0.305819751024 1 1 1 1 1 1 1 1 1 1 1 1 1 1 1 1 1
65 780 -0.31718954037 -0.00451305916816 0.000398167847278 0.318821009937 1 1 1 1 1 1 1 1 1 1 1 1 1 1 1 1 1
66 792 -0.322938966094 -0.000122546835842 0.000661852837444 0.319474702069 1 1 1 1 1 1 1 1 1 1 1 1 1 1 1 1 1
67 804 -0.340971562274 -0.000375550090576 0.000598906138727 0.315311109858 1 1 1 1 1 1 1 1 1 1 1 1 1 1 1 1 1
68 816 -0.341300646251 -0.00190993902987 0.00366787874292 0.319102796454 1 1 1 1 1 1 1 1 1 1 1 1 1 1 1 1 1
69 828 -0.33859486142 -0.00425473591679 0.00475737941511 0.316110070286 1 1 1 1 1 1 1 1 1 1 1 1 1 1 1 1 1
70 840 -0.350500179305 -0.00180575159658 0.00117164320697 0.335512018872 1 1 1 1 1 1 1 1 1 1 1 1 1 1 1 1 1
71 852 -0.331224058278 -0.00179919953695 6.60577965253e-05 0.34485134616 1 1 1 1 1 1 1 1 1 1 1 1 1 1 1 1 1
72 864 -0.348679711924 -0.000738527117637 0.00152824312223 0.339245360425 1 1 1 1 1 1 1 1 1 1 1 1 1 1 1 1 1
73 876 -0.356750033316 -0.00255143336473 0.00199983060603 0.346174842553 1 1 1 1 1 1 1 1 1 1 1 1 1 1 1 1 1
74 888 -0.361158949649 -0.000286548279226 6.70418331898e-05 0.351216174072 1 1 1 1 1 1 1 1 1 1 1 1 1 1 1 1 1
75 900 -0.373635096897 -0.00263945298951 0.0008285775004 0.336579490721 1 1 1 1 1 1 1 1 1 1 1 1 1 1 1 1 1
76 912 -0.378740582278 -0.00179961804181 0.00113115870639 0.335523861808 1 1 1 1 1 1 1 1 1 1 1 1 1 1 1 1 1
77 924 -0.404827798873 -0.00548007831926 0.00242567452868 0.35259691928 1 1 1 1 1 1 1 1 1 1 1 1 1 1 1 1 1
78 936 -0.401129867232 -0.00111794772406 0.00133136544476 0.363635852044 1 1 1 1 1 1 1 1 1 1 1 1 1 1 1 1 1
79 948 -0.393380520225 -0.00105366744553 0.000164465110611 0.379773506609 1 1 1 1 1 1 1 1 1 1 1 1 1 1 1 1 1
80 960 -0.387915966171 -0.0025771578525 0.000912537916903 0.380143059304 1 1 1 1 1 1 1 1 1 1 1 1 1 1 1 1 1
81 972 -0.395227205597 -0.00147663890408 0.000506058239044 0.38438836007 1 1 1 1 1 1 1 1 1 1 1 1 1 1 1 1 1
82 984 -0.393519356237 -0.0011818186711 0.00791655048404 0.381915083569 1 1 1 1 1 1 1 1 1 1 1 1 1 1 1 1 1
83 996 -0.375374090195 -0.000887443261579 0.00158418918489 0.360646548571 1 1 1 1 1 1 1 1 1 1 1 1 1 1 1 1 1
84 1008 -0.365314243985 -0.0013197828601 0.000418778592712 0.352788270038 1 1 1 1 1 1 1 1 1 1 1 1 1 1 1 1 1
85 1020 -0.365230974161 -0.00012862751034 0.000237668028835 0.343155519201 1 1 1 1 1 1 1 1 1 1 1 1 1 1 1 1 1
86 1032 -0.367131594494 -0.0008000480422 0.000572957509372 0.329527279341 1 1 1 1 1 1 1 1 1 1 1 1 1 1 1 1 1
87 1044 -0.341520426759 -0.00129150014922 0.000801560799076 0.331752713303 1 1 1 1 1 1 1 1 1 1 1 1 1 1 1 1 1
88 1056 -0.354829989386 -0.000215195393424 0.00135700803128 0.324920929976 1 1 1 1 1 1 1 1 1 1 1 1 1 1 1 1 1
89 1068 -0.365988474484 -0.00158489955212 0.000875083997923 0.330308147889 1 1 1 1 1 1 1 1 1 1 1 1 1 1 1 1 1
90 1080 -0.332824310544 -0.00346796749951 9.9559529614e-06 0.328815689939 1 1 1 1 1 1 1 1 1 1 1 1 1 1 1 1 1
91 1092 -0.322681520383 -0.00321512629789 0.00213783829068 0.325478232839 1 1 1 1 1 1 1 1 1 1 1 1 1 1 1 1 1
92 1104 -0.320873873446 -0.000681059962865 0.000121473467442 0.335402022127 1 1 1 1 1 1 1 1 1 1 1 1 1 1 1 1 1
93 1116 -0.323300993663 -0.00217510414901 0.000472288941739 0.351653320637 1 1 1 1 1 1 1 1 1 1 1 1 1 1 1 1 1
94 1128 -0.332090803276 -0.00202980714065 0.00094064154041 0.350593490256 1 1 1 1 1 1 1 1 1 1 1 1 1 1 1 1 1
95 1140 -0.339265464422 -4.33550545094e-06 0.000272082182301 0.368009204832 1 1 1 1 1 1 1 1 1 1 1 1 1 1 1 1 1
96 1152 -0.344886330126 -0.0026224106553 0.000893220713634 0.369538194382 1 1 1 1 1 1 1 1 1 1 1 1 1 1 1 1 1
97 1164 -0.342036279616 -0.00656044535542 0.00294893056018 0.372647852829 1 1 1 1 1 1 1 1 1 1 1 1 1 1 1 1 1
98 1176 -0.337352434208 -0.0121213569088 0.00039576013587 0.380454628655 1 1 1 1 1 1 1 1 1 1 1 1 1 1 1 1 1
99 1188 -0.336953338268 -0.00180749401055 0.0036467751513 0.373808820589 1 1 1 1 1 1 1 1 1 1 1 1 1 1 1 1 1
100 1200 -0.339992961878 -0.00123998191034 0.00453223753658 0.371887198171 1 1 1 1 1 1 1 1 1 1 1 1 1 1 1 1 1
101 1212 -0.357370682304 -0.000138671826357 0.000117273118986 0.380516956173 1 1 1 1 1 1 1 1 1 1 1 1 1 1 1 1 1
102 1224 -0.36130682152 -0.000628068779231 0.000761525599676 0.39359301242 1 1 1 1 1 1 1 1 1 1 1 1 1 1 1 1 1
103 1236 -0.378770514814 -0.00121572919892 0.000775926068926 0.39295306653 1 1 1 1 1 1 1 1 1 1 1 1 1 1 1 1 1
104 1248 -0.363469079649 -0.00285309055748 0.0054809337932 0.393910022256 1 1 1 1 1 1 1 1 1 1 1 1 1 1 1 1 1
105 1260 -0.372727924131 -0.00322015207191 0.00112498454155 0.399255046555 1 1 1 1 1 1 1 1 1 1 1 1 1 1 1 1 1
106 1272 -0.37261159908 -0.000228891745874 0.00551214489435 0.39808355173 1 1 1 1 1 1 1 1 1 1 1 1 1 1 1 1 1
107 1284 -0.367483440305 -0.00454413338775 0.00415910552408 0.417359962551 1 1 1 1 1 1 1 1 1 1 1 1 1 1 1 1 1
108 1296 -0.354865851315 -0.000867313974512 0.0017784152479 0.412411689747 1 1 1 1 1 1 1 1 1 1 1 1 1 1 1 1 1
109 1308 -0.365502687994 -0.00437465319331 0.00109621369694 0.423863713032 1 1 1 1 1 1 1 1 1 1 1 1 1 1 1 1 1
110 1320 -0.385764738178 -0.00366075587939 0.00241088959809 0.440186295235 1 1 1 1 1 1 1 1 1 1 1 1 1 1 1 1 1
111 1332 -0.388321407066 -0.00216295233717 0.000430116889621 0.438190060484 1 1 1 1 1 1 1 1 1 1 1 1 1 1 1 1 1
112 1344 -0.407869493823 -0.000182437342348 0.00242007709634 0.457740187859 1 1 1 1 1 1 1 1 1 1 1 1 1 1 1 1 1
113 1356 -0.401318720007 -0.000883956409254 0.00279416897063 0.45053328169 1 1 1 1 1 1 1 1 1 1 1 1 1 1 1 1 1
114 1368 -0.392519161852 -0.00266259008424 0.00113915142863 0.451948722541 1 1 1 1 1 1 1 1 1 1 1 1 1 1 1 1 1
115 1380 -0.39347384048 -0.000267835879162 0.0100539522443 0.451533809221 1 1 1 1 1 1 1 1 1 1 1 1 1 1 1 1 1
116 1392 -0.392971489284 -0.00337202192451 0.000857920245004 0.449245118149 1 1 1 1 1 1 1 1 1 1 1 1 1 1 1 1 1
117 1404 -0.393648767193 -0.000689922433535 0.00970933641783 0.44447357401 1 1 1 1 1 1 1 1 1 1 1 1 1 1 1 1 1
118 1416 -0.381661489457 -0.000723857187997 0.000442071300298 0.440666173788 1 1 1 1 1 1 1 1 1 1 1 1 1 1 1 1 1
119 1428 -0.386521194685 -0.000768612477587 0.000734705245037 0.442767154914 1 1 1 1 1 1 1 1 1 1 1 1 1 1 1 1 1
120 1440 -0.386581574951 -0.00499302202276 0.000855734390925 0.438985021993 1 1 1 1 1 1 1 1 1 1 1 1 1 1 1 1 1
121 1452 -0.404314691568 -9.66195253786e-05 0.00186667713314 0.435483268674 1 1 1 1 1 1 1 1 1 1 1 1 1 1 1 1 1
122 1464 -0.403817959927 -0.00275751500759 0.00215314806316 0.440612334119 1 1 1 1 1 1 1 1 1 1 1 1 1 1 1 1 1
123 1476 -0.387240720514 -3.36852632579e-06 0.00481994725032 0.435144372273 1 1 1 1 1 1 1 1 1 1 1 1 1 1 1 1 1
124 1488 -0.39994846137 -0.00118118428661 0.00297732614444 0.428865701171 1 1 1 1 1 1 1 1 1 1 1 1 1 1 1 1 1
125 1500 -0.421001718516 -0.00190205118046 0.00211405377594 0.422580417697 1 1 1 1 1 1 1 1 1 1 1 1 1 1 1 1 1
126 1512 -0.43938758926 -0.00395314678871 0.000338117555364 0.431674144988 1 1 1 1 1 1 1 1 1 1 1 1 1 1 1 1 1
127 1524 -0.44446193157 -0.00130215803066 0.00668239866523 0.425651339944 1 1 1 1 1 1 1 1 1 1 1 1 1 1 1 1 1
128 1536 -0.445016596528 -0.00337922836106 0.0032453483234 0.434365947996 1 1 1 1 1 1 1 1 1 1 1 1 1 1 1 1 1
129 1548 -0.433304574492 -0.00453152531594 0.00276547026294 0.426485128526 1 1 1 1 1 1 1 1 1 1 1 1 1 1 1 1 1
130 1560 -0.441686921851 -0.00166518074423 0.00423117737033 0.414041304953 1 1 1 1 1 1 1 1 1 1 1 1 1 1 1 1 1
131 1572 -0.430687300065 -0.000514536772231 0.00405918571206 0.429374296297 1 1 1 1 1 1 1 1 1 1 1 1 1 1 1 1 1
132 1584 -0.432279023706 -0.00807066895726 0.00153337115718 0.430773553862 1 1 1 1 1 1 1 1 1 1 1 1 1 1 1 1 1
133 1596 -0.442321123399 -0.00166296163733 0.0116916933893 0.437235861917 1 1 1 1 1 1 1 1 1 1 1 1 1 1 1 1 1
134 1608 -0.439164787539 -0.00215746167812 0.00258789791899 0.424343406453 1 1 1 1 1 1 1 1 1 1 1 1 1 1 1 1 1
135 1620 -0.447137984566 -0.00196590963389 0.00136193552605 0.41783262498 1 1 1 1 1 1 1 1 1 1 1 1 1 1 1 1 1
136 1632 -0.440863246524 -0.000914125270557 0.00688860818153 0.421439533929 1 1 1 1 1 1 1 1 1 1 1 1 1 1 1 1 1
137 1644 -0.446516296204 -0.0054910126044 0.00112252161778 0.426606241055 1 1 1 1 1 1 1 1 1 1 1 1 1 1 1 1 1
138 1656 -0.439035219048 -7.26315019711e-06 0.00010267333488 0.431564568398 1 1 1 1 1 1 1 1 1 1 1 1 1 1 1 1 1
139 1668 -0.44686971564 -0.000152931412836 0.00289027664414 0.439624022007 1 1 1 1 1 1 1 1 1 1 1 1 1 1 1 1 1
140 1680 -0.447177767578 -0.00110385317694 0.00253234845568 0.45972098965 1 1 1 1 1 1 1 1 1 1 1 1 1 1 1 1 1
141 1692 -0.456531430986 -0.00510880465898 0.00487249843279 0.462135241059 1 1 1 1 1 1 1 1 1 1 1 1 1 1 1 1 1
142 1704 -0.464387976915 -0.0108959648696 0.000115480587823 0.468490706183 1 1 1 1 1 1 1 1 1 1 1 1 1 1 1 1 1
143 1716 -0.473704189644 -0.00406745454193 0.00170671164252 0.468651861842 1 1 1 1 1 1 1 1 1 1 1 1 1 1 1 1 1
144 1728 -0.47451233043 -0.00684853292661 0.0059744719843 0.469512378453 1 1 1 1 1 1 1 1 1 1 1 1 1 1 1 1 1
145 1740 -0.504271544732 -0.00126925818792 2.96433525979e-05 0.454622901938 1 1 1 1 1 1 1 1 1 1 1 1 1 1 1 1 1
146 1752 -0.514857264082 -0.00182339599656 0.0101853314615 0.462516851799 1 1 1 1 1 1 1 1 1 1 1 1 1 1 1 1 1
147 1764 -0.518269655261 -0.00120665211347 0.00542825567113 0.453988957907 1 1 1 1 1 1 1 1 1 1 1 1 1 1 1 1 1
148 1776 -0.518008291251 -0.00255147459878 0.00451714680112 0.442623985033 1 1 1 1 1 1 1 1 1 1 1 1 1 1 1 1 1
149 1788 -0.510984089013 -0.000782275073561 0.000853946461852 0.44158199441 1 1 1 1 1 1 1 1 1 1 1 1 1 1 1 1 1
150 1800 -0.514082002268 -0.000675959204289 0.00520012600628 0.452185790702 1 1 1 1 1 1 1 1 1 1 1 1 1 1 1 1 1
151 1812 -0.508620989209 -0.000657109060401 0.000144534762462 0.45228456318 1 1 1 1 1 1 1 1 1 1 1 1 1 1 1 1 1
152 1824 -0.519190676888 -0.00713428363941 0.00732436020792 0.464340959841 1 1 1 1 1 1 1 1 1 1 1 1 1 1 1 1 1
153 1836 -0.528240322303 -0.00199592271108 0.00688281888778 0.462443576525 1 1 1 1 1 1 1 1 1 1 1 1 1 1 1 1 1
154 1848 -0.525455363525 -0.00121764772507 0.00168424563547 0.461487219462 1 1 1 1 1 1 1 1 1 1 1 1 1 1 1 1 1
155 1860 -0.516980010792 -0.000398023088776 0.00720684488898 0.457551399061 1 1 1 1 1 1 1 1 1 1 1 1 1 1 1 1 1
156 1872 -0.512511019604 -0.00991022718697 0.00365761949145 0.454715053002 1 1 1 1 1 1 1 1 1 1 1 1 1 1 1 1 1
157 1884 -0.514093551126 -0.00306427693457 0.00274867336796 0.447625243434 1 1 1 1 1 1 1 1 1 1 1 1 1 1 1 1 1
158 1896 -0.49372213342 -0.00600504866883 0.000372809715846 0.45462300723 1 1 1 1 1 1 1 1 1 1 1 1 1 1 1 1 1
159 1908 -0.505714311411 -0.010879610108 0.00512895733392 0.465372073129 1 1 1 1 1 1 1 1 1 1 1 1 1 1 1 1 1
160 1920 -0.514098704656 -0.000526078628894 0.00743046559623 0.458932081307 1 1 1 1 1 1 1 1 1 1 1 1 1 1 1 1 1
161 1932 -0.525143916275 -0.01271957233 0.0086724623989 0.453560157329 1 1 1 1 1 1 1 1 1 1 1 1 1 1 1 1 1
162 1944 -0.51884963705 -0.00553910490284 0.0058198369826 0.459738470062 1 1 1 1 1 1 1 1 1 1 1 1 1 1 1 1 1
163 1956 -0.509048667018 -0.00104715642514 0.00187090339094 0.459939179933 1 1 1 1 1 1 1 1 1 1 1 1 1 1 1 1 1
164 1968 -0.505922438314 -0.00663581744398 0.00232514111155 0.478095565859 1 1 1 1 1 1 1 1 1 1 1 1 1 1 1 1 1
165 1980 -0.490351425669 -0.00104203258438 0.00794675458101 0.479038710324 1 1 1 1 1 1 1 1 1 1 1 1 1 1 1 1 1
166 1992 -0.490597826559 -0.000767136907388 0.00173173281586 0.481394123481 1 1 1 1 1 1 1 1 1 1 1 1 1 1 1 1 1
167 2004 -0.50182713881 -0.00165107614266 0.000374148924562 0.492551582455 1 1 1 1 1 1 1 1 1 1 1 1 1 1 1 1 1
168 2016 -0.509044780218 -0.0048139945671 0.00443475842524 0.492324332068 1 1 1 1 1 1 1 1 1 1 1 1 1 1 1 1 1
169 2028 -0.521023972312 -0.00810539608715 0.0037871539071 0.490124955288 1 1 1 1 1 1 1 1 1 1 1 1 1 1 1 1 1
170 2040 -0.517502537222 -0.0029228476012 0.00220002304005 0.505358645434 1 1 1 1 1 1 1 1 1 1 1 1 1 1 1 1 1
171 2052 -0.522129635492 -0.0112867455113 0.000706930923954 0.509321053463 1 1 1 1 1 1 1 1 1 1 1 1 1 1 1 1 1
172 2064 -0.512744166951 -0.0110241927686 0.000730105069278 0.507556678145 1 1 1 1 1 1 1 1 1 1 1 1 1 1 1 1 1
173 2076 -0.531415246031 -0.000798460642804 0.00541544173987 0.508603638037 1 1 1 1 1 1 1 1 1 1 1 1 1 1 1 1 1
174 2088 -0.536971453619 -0.00438365993962 0.000538642208253 0.498243638587 1 1 1 1 1 1 1 1 1 1 1 1 1 1 1 1 1
175 2100 -0.539204702591 -0.000483915797192 0.0113942611052 0.500726343906 1 1 1 1 1 1 1 1 1 1 1 1 1 1 1 1 1
176 2112 -0.535108221189 -0.00265865894977 0.00168337416804 0.506750669666 1 1 1 1 1 1 1 1 1 1 1 1 1 1 1 1 1
177 2124 -0.547884377683 -0.000648181654153 0.00424464513456 0.499842230103 1 1 1 1 1 1 1 1 1 1 1 1 1 1 1 1 1
178 2136 -0.552761127224 -0.00494942440645 0.000372821444236 0.493812311529 1 1 1 1 1 1 1 1 1 1 1 1 1 1 1 1 1
179 2148 -0.556086708908 -0.000932222870379 0.00714365675821 0.510301853958 1 1 1 1 1 1 1 1 1 1 1 1 1 1 1 1 1
180 2160 -0.555632793454 -0.00150287132358 0.00969429002021 0.516398165799 1 1 1 1 1 1 1 1 1 1 1 1 1 1 1 1 1
181 2172 -0.554817659865 -0.00870406341792 0.00420912076314 0.523799118734 1 1 1 1 1 1 1 1 1 1 1 1 1 1 1 1 1
182 2184 -0.55996440487 -0.00151163995635 0.00541233839769 0.530361922597 1 1 1 1 1 1 1 1 1 1 1 1 1 1 1 1 1
183 2196 -0.550847605647 -0.00756075535856 0.00394235000668 0.525867010788 1 1 1 1 1 1 1 1 1 1 1 1 1 1 1 1 1
184 2208 -0.550995989277 -0.000412367080601 0.00639353045522 0.529799411994 1 1 1 1 1 1 1 1 1 1 1 1 1 1 1 1 1
185 2220 -0.552796920204 -0.000148034710205 0.000992923476242 0.538166202397 1 1 1 1 1 1 1 1 1 1 1 1 1 1 1 1 1
186 2232 -0.558783894928 -0.000510092841062 0.00190510579342 0.530923233211 1 1 1 1 1 1 1 1 1 1 1 1 1 1 1 1 1
187 2244 -0.562764902322 -0.000361670361649 0.00085186526494 0.519564730469 1 1 1 1 1 1 1 1 1 1 1 1 1 1 1 1 1
188 2256 -0.558911406288 -0.000542302668089 0.000671155693115 0.502945581821 1 1 1 1 1 1 1 1 1 1 1 1 1 1 1 1 1
189 2268 -0.562806683898 -0.000290382649119 0.000850311854526 0.49784460382 1 1 1 1 1 1 1 1 1 1 1 1 1 1 1 1 1
190 2280 -0.56335199232 -0.00197388538907 0.00139566386458 0.495143224708 1 1 1 1 1 1 1 1 1 1 1 1 1 1 1 1 1
191 2292 -0.550617503646 -0.0115939996836 0.0029200831523 0.490964620198 1 1 1 1 1 1 1 1 1 1 1 1 1 1 1 1 1
192 2304 -0.553804404866 -0.00568422918439 0.00552942824347 0.511596616317 1 1 1 1 1 1 1 1 1 1 1 1 1 1 1 1 1
193 2316 -0.565691268705 -0.000631459686587 0.000313163650285 0.507541602578 1 1 1 1 1 1 1 1 1 1 1 1 1 1 1 1 1
194 2328 -0.555852977175 -0.00105442019628 0.00144766064887 0.495230101573 1 1 1 1 1 1 1 1 1 1 1 1 1 1 1 1 1
195 2340 -0.56318260442 -0.00246116766684 0.00485402557157 0.491541142566 1 1 1 1 1 1 1 1 1 1 1 1 1 1 1 1 1
196 2352 -0.575372499113 -0.000333481342121 0.00510248890934 0.485915776435 1 1 1 1 1 1 1 1 1 1 1 1 1 1 1 1 1
197 2364 -0.576631521369 -0.000171700520939 0.00181755868314 0.47450340947 1 1 1 1 1 1 1 1 1 1 1 1 1 1 1 1 1
198 2376 -0.58195756054 -0.00270132230397 0.00206420661046 0.479244106451 1 1 1 1 1 1 1 1 1 1 1 1 1 1 1 1 1
199 2388 -0.584220733553 -0.00120185445249 0.00625224868989 0.47664281533 1 1 1 1 1 1 1 1 1 1 1 1 1 1 1 1 1
200 2400 -0.58415483473 -0.00508364986647 0.00962228102484 0.485063979172 1 1 1 1 1 1 1 1 1 1 1 1 1 1 1 1 1
201 2412 -0.575695438888 -0.00786837956625 0.0034003601444 0.48375314422 1 1 1 1 1 1 1 1 1 1 1 1 1 1 1 1 1
202 2424 -0.578926129731 -0.00133327793276 0.00236815723717 0.476447681262 1 1 1 1 1 1 1 1 1 1 1 1 1 1 1 1 1
203 2436 -0.566226663762 -0.00327607318558 0.000931536907738 0.480978551048 1 1 1 1 1 1 1 1 1 1 1 1 1 1 1 1 1
204 2448 -0.567901080241 -0.00481652227492 0.00944843214712 0.481004118647 1 1 1 1 1 1 1 1 1 1 1 1 1 1 1 1 1
205 2460 -0.581946506431 -0.00412700120692 0.00491680711528 0.492269583194 1 1 1 1 1 1 1 1 1 1 1 1 1 1 1 1 1
206 2472 -0.589338995076 -0.00326545550781 0.00549206393417 0.4980583773 1 1 1 1 1 1 1 1 1 1 1 1 1 1 1 1 1
207 2484 -0.614531622203 -4.38355662053e-05 0.00224883366293 0.499652118557 1 1 1 1 1 1 1 1 1 1 1 1 1 1 1 1 1
208 2496 -0.625509682397 -0.00393423465879 0.000689790227281 0.501463730719 1 1 1 1 1 1 1 1 1 1 1 1 1 1 1 1 1
209 2508 -0.63735442679 -0.00170755334083 0.00472486380237 0.515055573579 1 1 1 1 1 1 1 1 1 1 1 1 1 1 1 1 1
210 2520 -0.638728550832 -0.00953488382484 0.000578153530816 0.514200976942 1 1 1 1 1 1 1 1 1 1 1 1 1 1 1 1 1
211 2532 -0.638838755415 -0.0015802449179 0.000482559584647 0.522160106871 1 1 1 1 1 1 1 1 1 1 1 1 1 1 1 1 1
212 2544 -0.645481695247 -0.00319838139688 0.00508712334802 0.531929151302 1 1 1 1 1 1 1 1 1 1 1 1 1 1 1 1 1
213 2556 -0.65805571062 -0.00101254841888 0.00333078393401 0.53173207817 1 1 1 1 1 1 1 1 1 1 1 1 1 1 1 1 1
214 2568 -0.648922845631 -0.000774304764222 0.000649791236588 0.530493200727 1 1 1 1 1 1 1 1 1 1 1 1 1 1 1 1 1
215 2580 -0.650005464034 -0.000107511570149 0.00784657739201 0.521479713319 1 1 1 1 1 1 1 1 1 1 1 1 1 1 1 1 1
216 2592 -0.654882479662 -0.00820965841632 0.0031588923649 0.51579842587 1 1 1 1 1 1 1 1 1 1 1 1 1 1 1 1 1
217 2604 -0.658771818613 -0.00187619282217 0.00352751977481 0.521653676174 1 1 1 1 1 1 1 1 1 1 1 1 1 1 1 1 1
218 2616 -0.659639066449 -0.00440284011348 0.000829818377941 0.524975526537 1 1 1 1 1 1 1 1 1 1 1 1 1 1 1 1 1
219 2628 -0.660909898809 -0.00139407971577 0.00338899734074 0.528247538599 1 1 1 1 1 1 1 1 1 1 1 1 1 1 1 1 1
220 2640 -0.663710695991 -9.73850158455e-06 0.00448368398359 0.532292494628 1 1 1 1 1 1 1 1 1 1 1 1 1 1 1 1 1
221 2652 -0.658265768461 -0.00272614535833 0.00272336112618 0.520246465344 1 1 1 1 1 1 1 1 1 1 1 1 1 1 1 1 1
222 2664 -0.654815001543 -0.000260265963406 0.000425751215867 0.536430415324 1 1 1 1 1 1 1 1 1 1 1 1 1 1 1 1 1
223 2676 -0.633978413041 -0.00882802082912 0.00181448440851 0.529143380423 1 1 1 1 1 1 1 1 1 1 1 1 1 1 1 1 1
224 2688 -0.64193577037 -0.000471317853617 0.00140316982917 0.527218874985 1 1 1 1 1 1 1 1 1 1 1 1 1 1 1 1 1
225 2700 -0.643536281701 -0.000376355167578 0.00478124527477 0.522830018281 1 1 1 1 1 1 1 1 1 1 1 1 1 1 1 1 1
226 2712 -0.636824933813 -0.0015114847057 0.00355266202827 0.517633302917 1 1 1 1 1 1 1 1 1 1 1 1 1 1 1 1 1
227 2724 -0.641635721991 -0.00247855491859 0.000369361363676 0.526871646084 1 1 1 1 1 1 1 1 1 1 1 1 1 1 1 1 1
228 2736 -0.649797442396 -0.00520651154129 0.00235245542104 0.533035050087 1 1 1 1 1 1 1 1 1 1 1 1 1 1 1 1 1
229 2748 -0.654054313906 -0.000737455558284 0.000663032056781 0.527526671772 1 1 1 1 1 1 1 1 1 1 1 1 1 1 1 1 1
230 2760 -0.65325482452 -0.00378361449664 0.00822485350338 0.524566887501 1 1 1 1 1 1 1 1 1 1 1 1 1 1 1 1 1
231 2772 -0.672501802677 -0.000411473464657 0.00296516292576 0.530322274741 1 1 1 1 1 1 1 1 1 1 1 1 1 1 1 1 1
232 2784 -0.687749861768 -0.00111913844366 0.000652827668357 0.543172821858 1 1 1 1 1 1 1 1 1 1 1 1 1 1 1 1 1
233 2796 -0.687857601671 -0.00343260533067 0.000599825905523 0.534099907632 1 1 1 1 1 1 1 1 1 1 1 1 1 1 1 1 1
234 2808 -0.683030750627 -0.000640363324623 0.000623117942009 0.527618691294 1 1 1 1 1 1 1 1 1 1 1 1 1 1 1 1 1
235 2820 -0.682410409815 -0.00270764889541 0.00202603674766 0.545864657086 1 1 1 1 1 1 1 1 1 1 1 1 1 1 1 1 1
236 2832 -0.675119620603 -0.000983453068217 0.00314071339469 0.559702329132 1 1 1 1 1 1 1 1 1 1 1 1 1 1 1 1 1
237 2844 -0.673670610197 -0.00289251407888 0.0013325728911 0.557753973805 1 1 1 1 1 1 1 1 1 1 1 1 1 1 1 1 1
238 2856 -0.681796807131 -0.000191363926681 0.000362500740978 0.559683446102 1 1 1 1 1 1 1 1 1 1 1 1 1 1 1 1 1
239 2868 -0.676752954118 -0.00115382525484 0.000482311946906 0.559529181911 1 1 1 1 1 1 1 1 1 1 1 1 1 1 1 1 1
240 2880 -0.663241625465 -0.0065137977717 0.000343021873801 0.549811613677 1 1 1 1 1 1 1 1 1 1 1 1 1 1 1 1 1
241 2892 -0.655748975466 -0.00392564138208 0.00090020907004 0.547533966635 1 1 1 1 1 1 1 1 1 1 1 1 1 1 1 1 1
242 2904 -0.647858589904 -0.00538721087147 0.000778239645044 0.550736805191 1 1 1 1 1 1 1 1 1 1 1 1 1 1 1 1 1
243 2916 -0.646690146605 -0.00353171132092 0.00596564644715 0.546218562277 1 1 1 1 1 1 1 1 1 1 1 1 1 1 1 1 1
244 2928 -0.65015871167 -0.00297173956486 0.0032732907269 0.540315104752 1 1 1 1 1 1 1 1 1 1 1 1 1 1 1 1 1
245 2940 -0.648490128624 -0.00158875745781 0.000358412225892 0.539970947263 1 1 1 1 1 1 1 1 1 1 1 1 1 1 1 1 1
246 2952 -0.646691966525 -0.00175562478868 0.00072578885919 0.537461271649 1 1 1 1 1 1 1 1 1 1 1 1 1 1 1 1 1
247 2964 -0.65910456086 -0.000885707837694 0.00119506465252 0.532616377506 1 1 1 1 1 1 1 1 1 1 1 1 1 1 1 1 1
248 2976 -0.659488162999 -0.00137461726711 0.000682548052849 0.526897365597 1 1 1 1 1 1 1 1 1 1 1 1 1 1 1 1 1
249 2988 -0.656741184068 -0.00171292502009 0.00104208713911 0.536619556335 1 1 1 1 1 1 1 1 1 1 1 1 1 1 1 1 1
250 3000 -0.643527287335 -0.00197152866221 0.00215536858298 0.534507628613 1 1 1 1 1 1 1 1 1 1 1 1 1 1 1 1 1
251 3012 -0.631250198505 -0.00419829760757 0.00139443781738 0.534199407396 1 1 1 1 1 1 1 1 1 1 1 1 1 1 1 1 1
252 3024 -0.622154720838 -0.00268694477967 0.00157924831517 0.534362763191 1 1 1 1 1 1 1 1 1 1 1 1 1 1 1 1 1
253 3036 -0.612273232851 -0.000940032946508 0.00913182010168 0.534677178983 1 1 1 1 1 1 1 1 1 1 1 1 1 1 1 1 1
254 3048 -0.610489708615 -0.00413255231058 0.00136885132668 0.525348946523 1 1 1 1 1 1 1 1 1 1 1 1 1 1 1 1 1
255 3060 -0.604634841371 -0.00334691623955 3.78102168126e-05 0.536298738745 1 1 1 1 1 1 1 1 1 1 1 1 1 1 1 1 1
256 3072 -0.60446466357 -0.00477551078719 0.00263911755629 0.545767952571 1 1 1 1 1 1 1 1 1 1 1 1 1 1 1 1 1
257 3084 -0.609416832734 -0.00316159677792 5.34812160557e-05 0.553590879344 1 1 1 1 1 1 1 1 1 1 1 1 1 1 1 1 1
258 3096 -0.601879997333 -0.00235119555776 0.000387590213669 0.562794345011 1 1 1 1 1 1 1 1 1 1 1 1 1 1 1 1 1
259 3108 -0.603839267769 -0.000887280312165 0.00533164995405 0.554058275652 1 1 1 1 1 1 1 1 1 1 1 1 1 1 1 1 1
260 3120 -0.609356165156 -0.00128555515354 0.00184394095654 0.554423821932 1 1 1 1 1 1 1 1 1 1 1 1 1 1 1 1 1
261 3132 -0.611263102265 -0.00485049173855 0.00500129469625 0.551554122588 1 1 1 1 1 1 1 1 1 1 1 1 1 1 1 1 1
262 3144 -0.619534766878 -0.00559854845883 0.00131096647026 0.532811293063 1 1 1 1 1 1 1 1 1 1 1 1 1 1 1 1 1
263 3156 -0.615738517491 -0.000205769012351 0.0031042284855 0.533591078485 1 1 1 1 1 1 1 1 1 1 1 1 1 1 1 1 1
264 3168 -0.619663571969 -0.00219045439247 0.00206522036646 0.536800436466 1 1 1 1 1 1 1 1 1 1 1 1 1 1 1 1 1
265 3180 -0.623930824009 -0.00793430531397 0.00203474525563 0.536542052619 1 1 1 1 1 1 1 1 1 1 1 1 1 1 1 1 1
266 3192 -0.618610110505 -0.0062530809506 0.000751674570016 0.550257798423 1 1 1 1 1 1 1 1 1 1 1 1 1 1 1 1 1
267 3204 -0.61967784201 -0.0050441924419 0.00100533015667 0.516029944621 1 1 1 1 1 1 1 1 1 1 1 1 1 1 1 1 1
268 3216 -0.612130286662 -0.000475613971094 0.000521611306214 0.510145690174 1 1 1 1 1 1 1 1 1 1 1 1 1 1 1 1 1
269 3228 -0.616454701715 -0.00424990244463 0.00131418536538 0.510859222493 1 1 1 1 1 1 1 1 1 1 1 1 1 1 1 1 1
270 3240 -0.611531478925 -0.00614507691311 0.000708994648188 0.501640637421 1 1 1 1 1 1 1 1 1 1 1 1 1 1 1 1 1
271 3252 -0.611498808954 -0.000320084035205 8.94249429476e-05 0.499122711383 1 1 1 1 1 1 1 1 1 1 1 1 1 1 1 1 1
272 3264 -0.617212140852 -0.00569462339444 0.00204774336828 0.498478420597 1 1 1 1 1 1 1 1 1 1 1 1 1 1 1 1 1
273 3276 -0.620095518928 -0.00325553105762 0.00827560917372 0.508264952524 1 1 1 1 1 1 1 1 1 1 1 1 1 1 1 1 1
274 3288 -0.620474095168 -0.00901742747742 0.00240795629895 0.513622176529 1 1 1 1 1 1 1 1 1 1 1 1 1 1 1 1 1
275 3300 -0.625984573368 -0.00111355189873 0.00569362360705 0.514927500879 1 1 1 1 1 1 1 1 1 1 1 1 1 1 1 1 1
276 3312 -0.626511501381 -0.00318788632664 0.00239497814147 0.508757502296 1 1 1 1 1 1 1 1 1 1 1 1 1 1 1 1 1
277 3324 -0.627820064162 -0.00130835119819 0.000618898396298 0.510506229063 1 1 1 1 1 1 1 1 1 1 1 1 1 1 1 1 1
278 3336 -0.62711562843 -0.00363580260715 0.000611447317777 0.506695343732 1 1 1 1 1 1 1 1 1 1 1 1 1 1 1 1 1
279 3348 -0.622150220474 -0.0021485812834 0.000331039284577 0.511181809337 1 1 1 1 1 1 1 1 1 1 1 1 1 1 1 1 1
280 3360 -0.605507368926 -0.00387516449541 0.0023879493232 0.511965824911 1 1 1 1 1 1 1 1 1 1 1 1 1 1 1 1 1
281 3372 -0.598947032178 -0.00546363111089 0.00302744766186 0.518225308132 1 1 1 1 1 1 1 1 1 1 1 1 1 1 1 1 1
282 3384 -0.586810795439 -0.00353245341086 0.00228054013902 0.513648811072 1 1 1 1 1 1 1 1 1 1 1 1 1 1 1 1 1
283 3396 -0.584885346855 -0.000678689210355 0.000666567894098 0.516278538516 1 1 1 1 1 1 1 1 1 1 1 1 1 1 1 1 1
284 3408 -0.577996456061 -0.00445186614499 0.00502338678305 0.529235521178 1 1 1 1 1 1 1 1 1 1 1 1 1 1 1 1 1
285 3420 -0.574363890526 -0.0149822837771 0.000638998754621 0.538349272572 1 1 1 1 1 1 1 1 1 1 1 1 1 1 1 1 1
286 3432 -0.560029903658 -0.018076349851 0.00136595644358 0.534271256136 1 1 1 1 1 1 1 1 1 1 1 1 1 1 1 1 1
287 3444 -0.554671060295 -0.00563048347561 0.00182330077127 0.533074643557 1 1 1 1 1 1 1 1 1 1 1 1 1 1 1 1 1
288 3456 -0.550882355566 -0.000145211667974 0.00215699038699 0.526785113992 1 1 1 1 1 1 1 1 1 1 1 1 1 1 1 1 1
289 3468 -0.563608365981 -0.0034024698188 0.00145454175027 0.52023065508 1 1 1 1 1 1 1 1 1 1 1 1 1 1 1 1 1
290 3480 -0.574201630631 -0.00395422821075 0.0004288443495 0.518804254157 1 1 1 1 1 1 1 1 1 1 1 1 1 1 1 1 1
291 3492 -0.572718885259 -0.00192333093227 0.00219179171112 0.521824163722 1 1 1 1 1 1 1 1 1 1 1 1 1 1 1 1 1
292 3504 -0.577943485076 -0.00303612719662 0.00338162170758 0.520011258792 1 1 1 1 1 1 1 1 1 1 1 1 1 1 1 1 1
293 3516 -0.577991487444 -0.00259218202954 0.00138735960846 0.51668869456 1 1 1 1 1 1 1 1 1 1 1 1 1 1 1 1 1
294 3528 -0.574325352804 -0.00234153827874 0.00344239835638 0.515761641359 1 1 1 1 1 1 1 1 1 1 1 1 1 1 1 1 1
295 3540 -0.569537944556 -0.000861049956433 0.00337905243863 0.517738814884 1 1 1 1 1 1 1 1 1 1 1 1 1 1 1 1 1
296 3552 -0.577821724776 -0.00611776525739 0.00247150983355 0.512268548504 1 1 1 1 1 1 1 1 1 1 1 1 1 1 1 1 1
297 3564 -0.580818455924 -0.000609580793642 0.00131540267721 0.500751410812 1 1 1 1 1 1 1 1 1 1 1 1 1 1 1 1 1
298 3576 -0.57997027193 -0.00733363760478 0.00177916484094 0.495245338439 1 1 1 1 1 1 1 1 1 1 1 1 1 1 1 1 1
299 3588 -0.581582727284 -0.00232616998034 7.74177721524e-05 0.483186096577 1 1 1 1 1 1 1 1 1 1 1 1 1 1 1 1 1
300 3600 -0.598257024088 -0.000318795915371 7.43903018935e-05 0.469519316809 1 1 1 1 1 1 1 1 1 1 1 1 1 1 1 1 1
301 3612 -0.60404946391 -0.00108391365133 0.00331437717768 0.457397021138 1 1 1 1 1 1 1 1 1 1 1 1 1 1 1 1 1
302 3624 -0.604363918913 -0.00301881018166 0.00015079823928 0.461442749125 1 1 1 1 1 1 1 1 1 1 1 1 1 1 1 1 1
303 3636 -0.605639656351 -0.00187142365974 0.00385035359715 0.465457133748 1 1 1 1 1 1 1 1 1 1 1 1 1 1 1 1 1
304 3648 -0.614655580291 -0.000426617919842 0.00183511531184 0.460176783569 1 1 1 1 1 1 1 1 1 1 1 1 1 1 1 1 1
305 3660 -0.618185943824 -0.000336806923451 0.000162928869339 0.439367427089 1 1 1 1 1 1 1 1 1 1 1 1 1 1 1 1 1
306 3672 -0.624906315738 -0.00105535396821 0.000234943378778 0.4408630516 1 1 1 1 1 1 1 1 1 1 1 1 1 1 1 1 1
307 3684 -0.637530052989 -0.00100322338382 0.000349064879041 0.452382460069 1 1 1 1 1 1 1 1 1 1 1 1 1 1 1 1 1
308 3696 -0.636623216676 -0.000619250874339 0.00203121126964 0.444077545934 1 1 1 1 1 1 1 1 1 1 1 1 1 1 1 1 1
309 3708 -0.642217982529 -0.00157895169035 0.000225918199663 0.445853698293 1 1 1 1 1 1 1 1 1 1 1 1 1 1 1 1 1
310 3720 -0.649416042304 -0.00104586726569 0.000233029866835 0.457517011735 1 1 1 1 1 1 1 1 1 1 1 1 1 1 1 1 1
311 3732 -0.655717961181 -0.00236766970158 0.0027885011981 0.457740895763 1 1 1 1 1 1 1 1 1 1 1 1 1 1 1 1 1
312 3744 -0.66819445515 -0.000408395231205 0.00207284282921 0.476573095768 1 1 1 1 1 1 1 1 1 1 1 1 1 1 1 1 1
313 3756 -0.66747815221 -0.000210456502859 0.000256719748764 0.476773581074 1 1 1 1 1 1 1 1 1 1 1 1 1 1 1 1 1
314 3768 -0.666934710351 -0.00272894351532 0.000773259801154 0.476170415345 1 1 1 1 1 1 1 1 1 1 1 1 1 1 1 1 1
315 3780 -0.665425112704 -0.00527860301534 0.00238405830088 0.465725761222 1 1 1 1 1 1 1 1 1 1 1 1 1 1 1 1 1
316 3792 -0.671836037566 -0.00257539238271 0.000566657712361 0.454364787731 1 1 1 1 1 1 1 1 1 1 1 1 1 1 1 1 1
317 3804 -0.669894004186 -0.000470764705827 0.00114948570341 0.461217631112 1 1 1 1 1 1 1 1 1 1 1 1 1 1 1 1 1
318 3816 -0.663700273034 -0.00022861386466 0.00640480827531 0.46306423663 1 1 1 1 1 1 1 1 1 1 1 1 1 1 1 1 1
319 3828 -0.668943776598 -0.00297982383178 0.00100867023148 0.462986528405 1 1 1 1 1 1 1 1 1 1 1 1 1 1 1 1 1
320 3840 -0.671753277351 -0.00808048124331 0.00118085819113 0.46403357218 1 1 1 1 1 1 1 1 1 1 1 1 1 1 1 1 1
321 3852 -0.672711015405 -0.00361998526806 0.00147174757388 0.466374065283 1 1 1 1 1 1 1 1 1 1 1 1 1 1 1 1 1
322 3864 -0.67828384032 -0.00257698747136 0.00469149464274 0.458932635456 1 1 1 1 1 1 1 1 1 1 1 1 1 1 1 1 1
323 3876 -0.688233283496 -0.00527873635825 0.00270088002107 0.456917377688 1 1 1 1 1 1 1 1 1 1 1 1 1 1 1 1 1
324 3888 -0.687320052635 -0.00131441080409 0.00094714231365 0.454593757722 1 1 1 1 1 1 1 1 1 1 1 1 1 1 1 1 1
325 3900 -0.681408054802 -0.00409746133852 0.00368345000306 0.467290182131 1 1 1 1 1 1 1 1 1 1 1 1 1 1 1 1 1
326 3912 -0.68692943868 -0.00156446476789 0.0120110964243 0.478726527822 1 1 1 1 1 1 1 1 1 1 1 1 1 1 1 1 1
327 3924 -0.700351304932 -0.000150394810986 0.0132747127932 0.487935141667 1 1 1 1 1 1 1 1 1 1 1 1 1 1 1 1 1
328 3936 -0.701422483293 -0.00449774035419 0.000989224468215 0.49704222999 1 1 1 1 1 1 1 1 1 1 1 1 1 1 1 1 1
329 3948 -0.70707205 -0.00210172856134 0.00162438891767 0.516714813164 1 1 1 1 1 1 1 1 1 1 1 1 1 1 1 1 1
330 3960 -0.717209752075 -0.00120773562703 0.00223563078583 0.525913307334 1 1 1 1 1 1 1 1 1 1 1 1 1 1 1 1 1
331 3972 -0.717194996268 -0.00297715995612 0.00180196352985 0.526209765969 1 1 1 1 1 1 1 1 1 1 1 1 1 1 1 1 1
332 3984 -0.707252987322 -0.00033553080928 0.00242986130908 0.531384184386 1 1 1 1 1 1 1 1 1 1 1 1 1 1 1 1 1
333 3996 -0.709221362802 -0.00797286977335 0.00336696304171 0.538046138843 1 1 1 1 1 1 1 1 1 1 1 1 1 1 1 1 1
334 4008 -0.711405596686 -0.00108636464843 0.00613535752255 0.537568763168 1 1 1 1 1 1 1 1 1 1 1 1 1 1 1 1 1
335 4020 -0.716582950355 -0.00337153107351 0.000834666681367 0.530011288976 1 1 1 1 1 1 1 1 1 1 1 1 1 1 1 1 1
336 4032 -0.723805758561 -0.00402201039434 0.00200692605818 0.531985350596 1 1 1 1 1 1 1 1 1 1 1 1 1 1 1 1 1
337 4044 -0.725255955606 -0.00165689399331 0.000119058931472 0.534156010389 1 1 1 1 1 1 1 1 1 1 1 1 1 1 1 1 1
338 4056 -0.729029438396 -0.0026950073861 0.00597673187378 0.538478555692 1 1 1 1 1 1 1 1 1 1 1 1 1 1 1 1 1
339 4068 -0.740556962806 -0.000351504065528 0.00315986608792 0.531055604481 1 1 1 1 1 1 1 1 1 1 1 1 1 1 1 1 1
340 4080 -0.744611240335 -0.00197838581872 0.0054226868416 0.529170310898 1 1 1 1 1 1 1 1 1 1 1 1 1 1 1 1 1
341 4092 -0.745821493129 -0.000204207290778 0.00837219236792 0.506575141218 1 1 1 1 1 1 1 1 1 1 1 1 1 1 1 1 1
342 4104 -0.747870601368 -0.000564892818547 0.00505952967343 0.498389888665 1 1 1 1 1 1 1 1 1 1 1 1 1 1 1 1 1
343 4116 -0.74697187347 -0.00461353414107 4.21491283327e-05 0.493366563723 1 1 1 1 1 1 1 1 1 1 1 1 1 1 1 1 1
344 4128 -0.75060710142 -0.00203435576852 0.00639559149209 0.504549189003 1 1 1 1 1 1 1 1 1 1 1 1 1 1 1 1 1
345 4140 -0.745715089301 -0.000900755036991 0.0072775889332 0.497617977253 1 1 1 1 1 1 1 1 1 1 1 1 1 1 1 1 1
346 4152 -0.751794823906 -0.00661848110524 8.28963822028e-05 0.513825184243 1 1 1 1 1 1 1 1 1 1 1 1 1 1 1 1 1
347 4164 -0.750927731229 -0.00654202794137 0.00124517088256 0.531338070056 1 1 1 1 1 1 1 1 1 1 1 1 1 1 1 1 1
348 4176 -0.745279510338 -0.00542479051126 0.00795250493681 0.512828167818 1 1 1 1 1 1 1 1 1 1 1 1 1 1 1 1 1
349 4188 -0.743470000869 -0.0158546289423 0.000420267278992 0.518983695338 1 1 1 1 1 1 1 1 1 1 1 1 1 1 1 1 1
350 4200 -0.741998161999 -0.000461032747962 0.00234052963383 0.515139784281 1 1 1 1 1 1 1 1 1 1 1 1 1 1 1 1 1
351 4212 -0.744624171745 -0.00198783621627 0.00132348513905 0.519720606564 1 1 1 1 1 1 1 1 1 1 1 1 1 1 1 1 1
352 4224 -0.732177543053 -0.00850143889582 0.00392132139004 0.544786709762 1 1 1 1 1 1 1 1 1 1 1 1 1 1 1 1 1
353 4236 -0.725091821303 -0.000428159017967 0.00309358045711 0.553612518977 1 1 1 1 1 1 1 1 1 1 1 1 1 1 1 1 1
354 4248 -0.718499618339 -0.00683491928897 0.00318315901676 0.540011169819 1 1 1 1 1 1 1 1 1 1 1 1 1 1 1 1 1
355 4260 -0.715634009141 -0.00382037531024 0.00212095072421 0.54054219712 1 1 1 1 1 1 1 1 1 1 1 1 1 1 1 1 1
356 4272 -0.703116116346 -0.00242461052172 0.00929232251444 0.536208355644 1 1 1 1 1 1 1 1 1 1 1 1 1 1 1 1 1
357 4284 -0.704502979219 -0.00220042717079 0.00248246862746 0.529111414239 1 1 1 1 1 1 1 1 1 1 1 1 1 1 1 1 1
358 4296 -0.700424030293 -0.00075449208135 0.000472297044111 0.53585711727 1 1 1 1 1 1 1 1 1 1 1 1 1 1 1 1 1
359 4308 -0.699326888743 -0.00359233098128 0.00106170517273 0.537632187643 1 1 1 1 1 1 1 1 1 1 1 1 1 1 1 1 1
360 4320 -0.702167465974 -0.00956982804244 0.00163823212331 0.53994360654 1 1 1 1 1 1 1 1 1 1 1 1 1 1 1 1 1
361 4332 -0.699554973818 -0.00143282642689 0.00813182452862 0.526261916735 1 1 1 1 1 1 1 1 1 1 1 1 1 1 1 1 1
362 4344 -0.706170854517 -0.014624973669 0.00108905116063 0.527533187972 1 1 1 1 1 1 1 1 1 1 1 1 1 1 1 1 1
363 4356 -0.711775632462 -0.0174678248274 0.00228529602763 0.52232693285 1 1 1 1 1 1 1 1 1 1 1 1 1 1 1 1 1
364 4368 -0.69629233203 -0.00212845354377 0.0118788229078 0.540434065226 1 1 1 1 1 1 1 1 1 1 1 1 1 1 1 1 1
365 4380 -0.694083212558 -0.00587887193034 0.0125103136152 0.538093007759 1 1 1 1 1 1 1 1 1 1 1 1 1 1 1 1 1
366 4392 -0.695203554573 -0.00046694053109 0.0247980221722 0.53878137809 1 1 1 1 1 1 1 1 1 1 1 1 1 1 1 1 1
367 4404 -0.70584595392 -0.00164506155127 0.0228800302608 0.538035039895 1 1 1 1 1 1 1 1 1 1 1 1 1 1 1 1 1
368 4416 -0.711123132389 -0.0111962574991 0.00404285290309 0.521050049862 1 1 1 1 1 1 1 1 1 1 1 1 1 1 1 1 1
369 4428 -0.703776363566 -0.018340660456 0.00354112118966 0.519737392839 1 1 1 1 1 1 1 1 1 1 1 1 1 1 1 1 1
370 4440 -0.692183444294 -0.00254499330454 0.00706386411527 0.528025192582 1 1 1 1 1 1 1 1 1 1 1 1 1 1 1 1 1
371 4452 -0.679711372423 -0.00135753910219 0.00624435921604 0.483622580544 1 1 1 1 1 1 1 1 1 1 1 1 1 1 1 1 1
372 4464 -0.666454024431 -0.00453163993761 0.00458778971192 0.470631263197 1 1 1 1 1 1 1 1 1 1 1 1 1 1 1 1 1
373 4476 -0.676746653776 -0.000941397806235 0.00895350907513 0.465932339494 1 1 1 1 1 1 1 1 1 1 1 1 1 1 1 1 1
374 4488 -0.669095876233 -0.00422892588368 0.00449376551483 0.469416068722 1 1 1 1 1 1 1 1 1 1 1 1 1 1 1 1 1
375 4500 -0.677041926894 -0.000875702256256 0.000433064627585 0.473748974593 1 1 1 1 1 1 1 1 1 1 1 1 1 1 1 1 1
376 4512 -0.669518653666 -0.00494064843304 0.00190503579629 0.480025647115 1 1 1 1 1 1 1 1 1 1 1 1 1 1 1 1 1
377 4524 -0.66709336729 -0.00232241036954 0.00319577824458 0.485468938154 1 1 1 1 1 1 1 1 1 1 1 1 1 1 1 1 1
378 4536 -0.668785746954 -0.00113696140074 0.00157396641342 0.501218041935 1 1 1 1 1 1 1 1 1 1 1 1 1 1 1 1 1
379 4548 -0.672499560251 -0.000536033662379 0.00369142534235 0.513656486407 1 1 1 1 1 1 1 1 1 1 1 1 1 1 1 1 1
380 4560 -0.680620271629 -0.00786007484947 0.00188534726618 0.515609468604 1 1 1 1 1 1 1 1 1 1 1 1 1 1 1 1 1
381 4572 -0.670288583698 -0.00862254433277 0.0126894718369 0.513344118616 1 1 1 1 1 1 1 1 1 1 1 1 1 1 1 1 1
382 4584 -0.661269081827 -0.000358153036135 0.00190340748386 0.528447372305 1 1 1 1 1 1 1 1 1 1 1 1 1 1 1 1 1
383 4596 -0.66913259688 -0.00406427340423 0.00330854016886 0.522956934404 1 1 1 1 1 1 1 1 1 1 1 1 1 1 1 1 1
384 4608 -0.666631664333 -0.00300929644324 0.000175622306057 0.518188277525 1 1 1 1 1 1 1 1 1 1 1 1 1 1 1 1 1
385 4620 -0.658151251187 -0.00200017033376 0.00340019783983 0.51162383746 1 1 1 1 1 1 1 1 1 1 1 1 1 1 1 1 1
386 4632 -0.650215318499 -0.00998841673623 0.000387276955505 0.508679886854 1 1 1 1 1 1 1 1 1 1 1 1 1 1 1 1 1
387 4644 -0.651572609033 -0.00274663197444 0.00615063658252 0.506942664764 1 1 1 1 1 1 1 1 1 1 1 1 1 1 1 1 1
388 4656 -0.661982604158 -0.0219882654203 0.00265959258535 0.50615870188 1 1 1 1 1 1 1 1 1 1 1 1 1 1 1 1 1
389 4668 -0.6544922768 -0.00282152442272 0.00617077922599 0.504890396385 1 1 1 1 1 1 1 1 1 1 1 1 1 1 1 1 1
390 4680 -0.668398743046 -0.0210102621402 0.00156081754708 0.502387592082 1 1 1 1 1 1 1 1 1 1 1 1 1 1 1 1 1
391 4692 -0.671069529767 -0.0038207317889 0.0162264195754 0.506047299117 1 1 1 1 1 1 1 1 1 1 1 1 1 1 1 1 1
392 4704 -0.685436782632 -0.0102484712343 0.00127853638997 0.52106004783 1 1 1 1 1 1 1 1 1 1 1 1 1 1 1 1 1
393 4716 -0.685199192033 -0.000760178526461 0.00430306543672 0.517370894284 1 1 1 1 1 1 1 1 1 1 1 1 1 1 1 1 1
394 4728 -0.677391815353 -0.000334919120052 0.00287809045719 0.511664785995 1 1 1 1 1 1 1 1 1 1 1 1 1 1 1 1 1
395 4740 -0.667940927898 -0.00384410393923 0.00373011675011 0.519376853843 1 1 1 1 1 1 1 1 1 1 1 1 1 1 1 1 1
396 4752 -0.67287730195 -0.00323121561058 0.00134934632357 0.521583366861 1 1 1 1 1 1 1 1 1 1 1 1 1 1 1 1 1
397 4764 -0.661795847071 -0.000840497233949 0.00101046522717 0.524068397113 1 1 1 1 1 1 1 1 1 1 1 1 1 1 1 1 1
398 4776 -0.67888766506 -0.00742694916874 0.00162934968907 0.523613500064 1 1 1 1 1 1 1 1 1 1 1 1 1 1 1 1 1
399 4788 -0.701198411593 -0.000646240840748 0.00682808562586 0.523817747829 1 1 1 1 1 1 1 1 1 1 1 1 1 1 1 1 1
400 4800 -0.703075341188 -0.000489717637259 0.00499758624232 0.500677825828 1 1 1 1 1 1 1 1 1 1 1 1 1 1 1 1 1
401 4812 -0.704384616729 -0.00610149523701 0.000499664762941 0.4931259217 1 1 1 1 1 1 1 1 1 1 1 1 1 1 1 1 1
402 4824 -0.700045979869 -0.000882053510671 0.00329242385637 0.484815789665 1 1 1 1 1 1 1 1 1 1 1 1 1 1 1 1 1
403 4836 -0.706153513127 -0.0035494720869 0.000880310837406 0.483753428104 1 1 1 1 1 1 1 1 1 1 1 1 1 1 1 1 1
404 4848 -0.706598356754 -0.00167418011923 0.00298405863297 0.476453474791 1 1 1 1 1 1 1 1 1 1 1 1 1 1 1 1 1
405 4860 -0.707504437298 -0.00307753337708 0.00625417619833 0.464840167525 1 1 1 1 1 1 1 1 1 1 1 1 1 1 1 1 1
406 4872 -0.707535750912 -0.011829107336 0.00182716341673 0.46304397142 1 1 1 1 1 1 1 1 1 1 1 1 1 1 1 1 1
407 4884 -0.707681420838 -0.00211005745835 0.00691639908802 0.454832135602 1 1 1 1 1 1 1 1 1 1 1 1 1 1 1 1 1
408 4896 -0.71357810915 -0.00610240102372 0.00673402707536 0.448502044732 1 1 1 1 1 1 1 1 1 1 1 1 1 1 1 1 1
409 4908 -0.709033120285 -0.00877003755708 0.00425334728295 0.461274895278 1 1 1 1 1 1 1 1 1 1 1 1 1 1 1 1 1
410 4920 -0.711404918643 -0.00379959980639 0.000775035808007 0.479962656805 1 1 1 1 1 1 1 1 1 1 1 1 1 1 1 1 1
411 4932 -0.711977817628 -0.00691155222921 0.00686045241185 0.492672038298 1 1 1 1 1 1 1 1 1 1 1 1 1 1 1 1 1
412 4944 -0.707648887397 -0.00115886029417 0.00454368311945 0.485683880502 1 1 1 1 1 1 1 1 1 1 1 1 1 1 1 1 1
413 4956 -0.709665463895 -0.00285090430431 0.00471211650317 0.497666492727 1 1 1 1 1 1 1 1 1 1 1 1 1 1 1 1 1
414 4968 -0.709071494545 -0.00292791050381 0.00631033689889 0.501319347661 1 1 1 1 1 1 1 1 1 1 1 1 1 1 1 1 1
415 4980 -0.706966099405 -0.000634880120078 0.00648902400464 0.503509327845 1 1 1 1 1 1 1 1 1 1 1 1 1 1 1 1 1
416 4992 -0.703110273608 -0.004743215012 0.00180640192673 0.517648994906 1 1 1 1 1 1 1 1 1 1 1 1 1 1 1 1 1
417 5004 -0.701643634049 -0.00117194276006 4.45375899682e-05 0.515885880874 1 1 1 1 1 1 1 1 1 1 1 1 1 1 1 1 1
418 5016 -0.703540630436 -0.000425883735991 0.00407430278997 0.534822329355 1 1 1 1 1 1 1 1 1 1 1 1 1 1 1 1 1
419 5028 -0.697605190869 -0.00444911612435 0.00367001438136 0.540758154224 1 1 1 1 1 1 1 1 1 1 1 1 1 1 1 1 1
420 5040 -0.693414319051 -0.00277153584375 0.00109575991679 0.541575182999 1 1 1 1 1 1 1 1 1 1 1 1 1 1 1 1 1
421 5052 -0.701865942643 -0.00331491190164 0.00186354133972 0.537003114106 1 1 1 1 1 1 1 1 1 1 1 1 1 1 1 1 1
422 5064 -0.708951616853 -0.00386372388448 0.00114495799169 0.544951236419 1 1 1 1 1 1 1 1 1 1 1 1 1 1 1 1 1
423 5076 -0.702653692217 -1.06314229451e-06 6.24099229508e-05 0.529258774522 1 1 1 1 1 1 1 1 1 1 1 1 1 1 1 1 1
424 5088 -0.700925765043 -0.0047830850956 0.000782822171687 0.521110064038 1 1 1 1 1 1 1 1 1 1 1 1 1 1 1 1 1
425 5100 -0.700890527011 -0.000912560385072 0.000559059807909 0.532666576511 1 1 1 1 1 1 1 1 1 1 1 1 1 1 1 1 1
426 5112 -0.698909473933 -0.00214850671524 0.0176675746248 0.536135213185 1 1 1 1 1 1 1 1 1 1 1 1 1 1 1 1 1
427 5124 -0.692078215256 -0.00158432199417 0.000118127864034 0.540239815696 1 1 1 1 1 1 1 1 1 1 1 1 1 1 1 1 1
428 5136 -0.686016833884 -0.00227902343923 0.000853900710267 0.5522535288 1 1 1 1 1 1 1 1 1 1 1 1 1 1 1 1 1
429 5148 -0.69483400425 -0.00128430063493 0.000989424257293 0.548575245326 1 1 1 1 1 1 1 1 1 1 1 1 1 1 1 1 1
430 5160 -0.69910961617 -0.000914159852593 0.00613578101584 0.540796406 1 1 1 1 1 1 1 1 1 1 1 1 1 1 1 1 1
431 5172 -0.699988686504 -0.00182582009652 0.00522589705551 0.539735339839 1 1 1 1 1 1 1 1 1 1 1 1 1 1 1 1 1
432 5184 -0.692400380307 -0.00271673757879 0.000559484415166 0.534876918142 1 1 1 1 1 1 1 1 1 1 1 1 1 1 1 1 1
433 5196 -0.700245383073 -0.00870372824396 0.00667579545098 0.529450192851 1 1 1 1 1 1 1 1 1 1 1 1 1 1 1 1 1
434 5208 -0.703909779514 -0.0106646561803 0.000308566892352 0.53654647515 1 1 1 1 1 1 1 1 1 1 1 1 1 1 1 1 1
435 5220 -0.708078513339 -0.00416595657027 0.00027289304631 0.518969738688 1 1 1 1 1 1 1 1 1 1 1 1 1 1 1 1 1
436 5232 -0.698028644459 -0.00512406624539 0.00290514218879 0.513822235174 1 1 1 1 1 1 1 1 1 1 1 1 1 1 1 1 1
437 5244 -0.698098321539 -0.000937481079984 0.00628961432128 0.507435171024 1 1 1 1 1 1 1 1 1 1 1 1 1 1 1 1 1
438 5256 -0.694716924659 -0.00952232095714 5.45706420501e-05 0.524986249522 1 1 1 1 1 1 1 1 1 1 1 1 1 1 1 1 1
439 5268 -0.696016034594 -0.000828079258114 0.00377166494909 0.517684736042 1 1 1 1 1 1 1 1 1 1 1 1 1 1 1 1 1
440 5280 -0.697651525959 -0.00295704553205 0.00148525605061 0.526475009243 1 1 1 1 1 1 1 1 1 1 1 1 1 1 1 1 1
441 5292 -0.698527050307 -0.000299721096605 0.00205325565783 0.523422663855 1 1 1 1 1 1 1 1 1 1 1 1 1 1 1 1 1
442 5304 -0.696099674631 -0.00363235416961 0.010508249723 0.525965118192 1 1 1 1 1 1 1 1 1 1 1 1 1 1 1 1 1
443 5316 -0.702119226414 -0.00412241025119 0.00324785273233 0.518719483063 1 1 1 1 1 1 1 1 1 1 1 1 1 1 1 1 1
444 5328 -0.698832654548 -0.00116456171449 0.0103600737747 0.52804498717 1 1 1 1 1 1 1 1 1 1 1 1 1 1 1 1 1
445 5340 -0.707098008878 -0.000669671354063 0.00808322586279 0.517086530313 1 1 1 1 1 1 1 1 1 1 1 1 1 1 1 1 1
446 5352 -0.706415406694 -0.00578660858784 0.00504440769954 0.521332799725 1 1 1 1 1 1 1 1 1 1 1 1 1 1 1 1 1
447 5364 -0.710365163314 -0.00948972919853 0.00276405995819 0.52006053819 1 1 1 1 1 1 1 1 1 1 1 1 1 1 1 1 1
448 5376 -0.720649449655 -0.00498931439211 0.000770054223996 0.505493419784 1 1 1 1 1 1 1 1 1 1 1 1 1 1 1 1 1
449 5388 -0.719295626847 -0.00586211631034 0.00155492447737 0.505369943142 1 1 1 1 1 1 1 1 1 1 1 1 1 1 1 1 1
450 5400 -0.725062006892 -0.000525633358884 0.00118094789145 0.504188908312 1 1 1 1 1 1 1 1 1 1 1 1 1 1 1 1 1
451 5412 -0.727931757469 -0.00103528901866 0.00199869994232 0.491766966403 1 1 1 1 1 1 1 1 1 1 1 1 1 1 1 1 1
452 5424 -0.728732305168 -0.00614724185134 0.00176759475649 0.494454779471 1 1 1 1 1 1 1 1 1 1 1 1 1 1 1 1 1
453 5436 -0.735747941353 -0.00403995764314 0.00760830832021 0.495796788705 1 1 1 1 1 1 1 1 1 1 1 1 1 1 1 1 1
454 5448 -0.731878581608 -0.00307003853098 0.00154038075248 0.489615598269 1 1 1 1 1 1 1 1 1 1 1 1 1 1 1 1 1
455 5460 -0.731721651807 -0.00215276527617 0.00120511801515 0.480519749128 1 1 1 1 1 1 1 1 1 1 1 1 1 1 1 1 1
456 5472 -0.726843422228 -0.00414993991437 0.000239158583448 0.492330154155 1 1 1 1 1 1 1 1 1 1 1 1 1 1 1 1 1
457 5484 -0.739289497469 -0.00611453728863 0.00521514872901 0.507681518594 1 1 1 1 1 1 1 1 1 1 1 1 1 1 1 1 1
458 5496 -0.740745040301 -6.999795827e-05 0.00036998614872 0.495630057024 1 1 1 1 1 1 1 1 1 1 1 1 1 1 1 1 1
459 5508 -0.741700937954 -0.00176082745368 0.000789183504443 0.502587632798 1 1 1 1 1 1 1 1 1 1 1 1 1 1 1 1 1
460 5520 -0.751529852081 -0.00411236262313 4.34089398412e-05 0.486424785964 1 1 1 1 1 1 1 1 1 1 1 1 1 1 1 1 1
461 5532 -0.759704738306 -0.0019118768495 0.00197742540127 0.490243460211 1 1 1 1 1 1 1 1 1 1 1 1 1 1 1 1 1
462 5544 -0.76482583633 -0.00820070632701 0.000356484789785 0.504221408731 1 1 1 1 1 1 1 1 1 1 1 1 1 1 1 1 1
463 5556 -0.773231439741 -0.0101084374299 0.003116138979 0.505077978495 1 1 1 1 1 1 1 1 1 1 1 1 1 1 1 1 1
464 5568 -0.773259194519 -0.00337534442166 0.00764928488248 0.508779283907 1 1 1 1 1 1 1 1 1 1 1 1 1 1 1 1 1
465 5580 -0.771951966963 -0.00518076530155 0.00431997763228 0.51404823888 1 1 1 1 1 1 1 1 1 1 1 1 1 1 1 1 1
466 5592 -0.774962445997 -0.00777187483004 0.00218178141582 0.514877774363 1 1 1 1 1 1 1 1 1 1 1 1 1 1 1 1 1
467 5604 -0.785739967712 -9.53805504527e-05 0.00328454575815 0.499371628107 1 1 1 1 1 1 1 1 1 1 1 1 1 1 1 1 1
468 5616 -0.791378919469 -0.00458710008511 0.00455298539138 0.506936575797 1 1 1 1 1 1 1 1 1 1 1 1 1 1 1 1 1
469 5628 -0.795213473672 -0.00301650026993 0.0168665135936 0.514669565516 1 1 1 1 1 1 1 1 1 1 1 1 1 1 1 1 1
470 5640 -0.796090935699 -0.00260891327978 0.000461131652174 0.51177008566 1 1 1 1 1 1 1 1 1 1 1 1 1 1 1 1 1
471 5652 -0.796978756159 -0.0115153418595 0.00154882843953 0.502276793288 1 1 1 1 1 1 1 1 1 1 1 1 1 1 1 1 1
472 5664 -0.79398441331 -0.00715861926522 0.0019707205334 0.518011174507 1 1 1 1 1 1 1 1 1 1 1 1 1 1 1 1 1
473 5676 -0.79696040654 -0.000372828603097 0.00135042401098 0.530261809379 1 1 1 1 1 1 1 1 1 1 1 1 1 1 1 1 1
474 5688 -0.798623055038 -0.000535277183875 0.0109912897912 0.53587519636 1 1 1 1 1 1 1 1 1 1 1 1 1 1 1 1 1
475 5700 -0.80097043306 -0.00052127649133 0.00382669697292 0.528613060194 1 1 1 1 1 1 1 1 1 1 1 1 1 1 1 1 1
476 5712 -0.806483815918 -0.0054241986915 0.00208914520787 0.540813990508 1 1 1 1 1 1 1 1 1 1 1 1 1 1 1 1 1
477 5724 -0.808597160456 -0.00890032777196 0.00542678303699 0.539824206236 1 1 1 1 1 1 1 1 1 1 1 1 1 1 1 1 1
478 5736 -0.809520308508 -0.00010271457084 0.00422606256329 0.531834480261 1 1 1 1 1 1 1 1 1 1 1 1 1 1 1 1 1
479 5748 -0.798044754569 -0.00715526979893 0.00214257752214 0.534371247487 1 1 1 1 1 1 1 1 1 1 1 1 1 1 1 1 1
480 5760 -0.79059671068 -0.00485838957952 0.00591264050818 0.532080091841 1 1 1 1 1 1 1 1 1 1 1 1 1 1 1 1 1
481 5772 -0.780354567452 -0.0061623626812 0.000195067001416 0.524837561369 1 1 1 1 1 1 1 1 1 1 1 1 1 1 1 1 1
482 5784 -0.784152460407 -0.00273310037335 0.00154885138912 0.528154071541 1 1 1 1 1 1 1 1 1 1 1 1 1 1 1 1 1
483 5796 -0.782793839049 -0.00147336692244 0.0067520154274 0.536160150666 1 1 1 1 1 1 1 1 1 1 1 1 1 1 1 1 1
484 5808 -0.781861512283 -0.0127572382653 0.000820199713275 0.544794756365 1 1 1 1 1 1 1 1 1 1 1 1 1 1 1 1 1
485 5820 -0.778741439721 -0.00799424418373 0.0104822802234 0.557852637077 1 1 1 1 1 1 1 1 1 1 1 1 1 1 1 1 1
486 5832 -0.78616887657 -0.000450939526915 0.0113337378075 0.564157686555 1 1 1 1 1 1 1 1 1 1 1 1 1 1 1 1 1
487 5844 -0.791268295958 -0.00414112155774 0.0124146937641 0.571036639749 1 1 1 1 1 1 1 1 1 1 1 1 1 1 1 1 1
488 5856 -0.781872013985 -0.00162232979336 0.00644462388662 0.565736692447 1 1 1 1 1 1 1 1 1 1 1 1 1 1 1 1 1
489 5868 -0.785231397296 -0.000696439856777 0.0151077574348 0.56414284623 1 1 1 1 1 1 1 1 1 1 1 1 1 1 1 1 1
490 5880 -0.786961481264 -0.00162970088247 0.00516829942701 0.575944657993 1 1 1 1 1 1 1 1 1 1 1 1 1 1 1 1 1
491 5892 -0.787110689866 -0.00113064777322 0.000913104316774 0.570658907696 1 1 1 1 1 1 1 1 1 1 1 1 1 1 1 1 1
492 5904 -0.791827535501 -0.000851492917604 0.000467572532345 0.564264173772 1 1 1 1 1 1 1 1 1 1 1 1 1 1 1 1 1
493 5916 -0.784633849253 -0.000731615391348 0.00603769353694 0.542080586153 1 1 1 1 1 1 1 1 1 1 1 1 1 1 1 1 1
494 5928 -0.788922267211 -0.00676729521113 0.00336793585223 0.544353439415 1 1 1 1 1 1 1 1 1 1 1 1 1 1 1 1 1
495 5940 -0.786095283828 -0.000179574619982 0.00186427140048 0.542934512793 1 1 1 1 1 1 1 1 1 1 1 1 1 1 1 1 1
496 5952 -0.784149206072 -0.0113946803303 0.00753756909524 0.531395985151 1 1 1 1 1 1 1 1 1 1 1 1 1 1 1 1 1
497 5964 -0.784401385658 -0.000287267894791 0.0022039273988 0.539218798847 1 1 1 1 1 1 1 1 1 1 1 1 1 1 1 1 1
498 5976 -0.780234417356 -0.00115125085063 0.00391882707974 0.529446066812 1 1 1 1 1 1 1 1 1 1 1 1 1 1 1 1 1
499 5988 -0.779038660055 -0.0043195366046 0.00292969299535 0.523591763513 1 1 1 1 1 1 1 1 1 1 1 1 1 1 1 1 1
500 6000 -0.781329813964 -0.00550090893208 0.00606556973824 0.515207775247 1 1 1 1 1 1 1 1 1 1 1 1 1 1 1 1 1
501 6012 -0.792226954467 -0.00553421205143 0.000533336463481 0.51451051978 1 1 1 1 1 1 1 1 1 1 1 1 1 1 1 1 1
502 6024 -0.783549636822 -0.00918176497338 0.0125890290561 0.526598749745 1 1 1 1 1 1 1 1 1 1 1 1 1 1 1 1 1
503 6036 -0.783891001239 -0.00127701813393 0.000164543847209 0.536320906219 1 1 1 1 1 1 1 1 1 1 1 1 1 1 1 1 1
504 6048 -0.789729528046 -0.00232877537559 0.00140974475331 0.532829095576 1 1 1 1 1 1 1 1 1 1 1 1 1 1 1 1 1
505 6060 -0.788152300255 -0.00122225146909 0.0109841653063 0.53403835532 1 1 1 1 1 1 1 1 1 1 1 1 1 1 1 1 1
506 6072 -0.784225204076 -0.00371676624207 0.000964407042767 0.527117924919 1 1 1 1 1 1 1 1 1 1 1 1 1 1 1 1 1
507 6084 -0.7720485527 -0.0037026928824 0.00321482120969 0.533279543937 1 1 1 1 1 1 1 1 1 1 1 1 1 1 1 1 1
508 6096 -0.772778216858 -0.00614711513072 0.00309632019926 0.525653969443 1 1 1 1 1 1 1 1 1 1 1 1 1 1 1 1 1
509 6108 -0.777419573934 -0.00106941213224 0.000777914424741 0.546845486555 1 1 1 1 1 1 1 1 1 1 1 1 1 1 1 1 1
510 6120 -0.774907522437 -0.00021286019261 0.00742729970747 0.550212011777 1 1 1 1 1 1 1 1 1 1 1 1 1 1 1 1 1
511 6132 -0.775077797712 -0.00262360108617 0.000983134428278 0.537499930018 1 1 1 1 1 1 1 1 1 1 1 1 1 1 1 1 1
512 6144 -0.77376809472 -0.00933876300645 0.011817460782 0.531255379852 1 1 1 1 1 1 1 1 1 1 1 1 1 1 1 1 1
513 6156 -0.766892927802 -0.0070729263739 0.0063029256276 0.55106555505 1 1 1 1 1 1 1 1 1 1 1 1 1 1 1 1 1
514 6168 -0.774795064797 -0.00399278332419 0.011905724622 0.555885738355 1 1 1 1 1 1 1 1 1 1 1 1 1 1 1 1 1
515 6180 -0.773918683806 -0.00205864108555 0.0149148353272 0.552272143619 1 1 1 1 1 1 1 1 1 1 1 1 1 1 1 1 1
516 6192 -0.781726495087 -0.00336740921493 0.00050500902248 0.563289965507 1 1 1 1 1 1 1 1 1 1 1 1 1 1 1 1 1
517 6204 -0.777135959578 -7.33291039139e-05 0.000477157084642 0.576870910711 1 1 1 1 1 1 1 1 1 1 1 1 1 1 1 1 1
518 6216 -0.777685711465 -0.000423672587709 0.00629948193378 0.58029984351 1 1 1 1 1 1 1 1 1 1 1 1 1 1 1 1 1
519 6228 -0.779794097097 -0.000564208711319 0.00209257627552 0.568505486916 1 1 1 1 1 1 1 1 1 1 1 1 1 1 1 1 1
520 6240 -0.783861949094 -0.000926597678758 0.000817020697738 0.576508365529 1 1 1 1 1 1 1 1 1 1 1 1 1 1 1 1 1
521 6252 -0.788454767124 -0.00387687728786 0.0034470754545 0.573240065978 1 1 1 1 1 1 1 1 1 1 1 1 1 1 1 1 1
522 6264 -0.793104666559 -0.00243824788604 0.00192274382274 0.579703320163 1 1 1 1 1 1 1 1 1 1 1 1 1 1 1 1 1
523 6276 -0.796126339535 -0.00665882143513 0.0088909176342 0.583563073739 1 1 1 1 1 1 1 1 1 1 1 1 1 1 1 1 1
524 6288 -0.791132588918 -0.0087197840007 0.00171766686674 0.57713491751 1 1 1 1 1 1 1 1 1 1 1 1 1 1 1 1 1
525 6300 -0.791668074533 -0.000837909752029 0.000479563037899 0.575994318854 1 1 1 1 1 1 1 1 1 1 1 1 1 1 1 1 1
526 6312 -0.796048929518 -0.00950811330371 0.000883092931651 0.572509529875 1 1 1 1 1 1 1 1 1 1 1 1 1 1 1 1 1
527 6324 -0.796271414208 -0.0002781521131 0.000104692084173 0.577950179396 1 1 1 1 1 1 1 1 1 1 1 1 1 1 1 1 1
528 6336 -0.786842281047 -0.000830419767436 0.000528603914858 0.578746132742 1 1 1 1 1 1 1 1 1 1 1 1 1 1 1 1 1
529 6348 -0.782766645484 -0.00115314136075 0.00436329607466 0.568922059531 1 1 1 1 1 1 1 1 1 1 1 1 1 1 1 1 1
530 6360 -0.777965889581 -0.000844449728775 0.00383893348777 0.575220227963 1 1 1 1 1 1 1 1 1 1 1 1 1 1 1 1 1
531 6372 -0.780572732682 -0.00443643410494 0.0125831129177 0.573475694135 1 1 1 1 1 1 1 1 1 1 1 1 1 1 1 1 1
532 6384 -0.774771376853 -0.00164696925483 0.00242434951712 0.584659735638 1 1 1 1 1 1 1 1 1 1 1 1 1 1 1 1 1
533 6396 -0.774911446145 -0.00348607005537 0.00253769820973 0.581387935914 1 1 1 1 1 1 1 1 1 1 1 1 1 1 1 1 1
534 6408 -0.76824884623 -0.00429724833626 0.00344344947723 0.574058949265 1 1 1 1 1 1 1 1 1 1 1 1 1 1 1 1 1
535 6420 -0.777925222462 -0.000536437808579 0.021218649473 0.561818097667 1 1 1 1 1 1 1 1 1 1 1 1 1 1 1 1 1
536 6432 -0.777876904053 -0.000688580887583 0.00791660525761 0.5498935142 1 1 1 1 1 1 1 1 1 1 1 1 1 1 1 1 1
537 6444 -0.783695905524 -0.00803435246789 0.00354281791473 0.553136906544 1 1 1 1 1 1 1 1 1 1 1 1 1 1 1 1 1
538 6456 -0.786871546032 -0.000238631350064 0.000514459512828 0.5451044955 1 1 1 1 1 1 1 1 1 1 1 1 1 1 1 1 1
539 6468 -0.78772189547 -0.00429736152589 0.00337058852507 0.548830552494 1 1 1 1 1 1 1 1 1 1 1 1 1 1 1 1 1
540 6480 -0.78904878599 -0.0143080400784 0.00435974756665 0.543479364408 1 1 1 1 1 1 1 1 1 1 1 1 1 1 1 1 1
541 6492 -0.789456411163 -0.00144684025604 0.00509171421987 0.548826394592 1 1 1 1 1 1 1 1 1 1 1 1 1 1 1 1 1
542 6504 -0.783422100346 -0.000448317838187 0.00592621963716 0.552966136327 1 1 1 1 1 1 1 1 1 1 1 1 1 1 1 1 1
543 6516 -0.788672905657 -0.00916430861636 0.000149501107834 0.545163516454 1 1 1 1 1 1 1 1 1 1 1 1 1 1 1 1 1
544 6528 -0.786020295566 -0.000524401039827 0.00197238786077 0.545528050772 1 1 1 1 1 1 1 1 1 1 1 1 1 1 1 1 1
545 6540 -0.784533774689 -0.00641104248537 0.00436242578568 0.552812535224 1 1 1 1 1 1 1 1 1 1 1 1 1 1 1 1 1
546 6552 -0.78404965755 -0.0106764003464 0.00090097550734 0.561742983412 1 1 1 1 1 1 1 1 1 1 1 1 1 1 1 1 1
547 6564 -0.788040816728 -0.0126960669927 0.0165424542563 0.554047036514 1 1 1 1 1 1 1 1 1 1 1 1 1 1 1 1 1
548 6576 -0.785065713194 -0.0042263200097 0.00143537520029 0.555455819679 1 1 1 1 1 1 1 1 1 1 1 1 1 1 1 1 1
549 6588 -0.786013820908 -0.0049487528482 0.00309918385951 0.560192088031 1 1 1 1 1 1 1 1 1 1 1 1 1 1 1 1 1
550 6600 -0.782287633086 -0.000548600705436 0.0136161137439 0.558468996238 1 1 1 1 1 1 1 1 1 1 1 1 1 1 1 1 1
551 6612 -0.789647339557 -0.00265405807789 0.0142996470705 0.55386743936 1 1 1 1 1 1 1 1 1 1 1 1 1 1 1 1 1
552 6624 -0.793257226172 -0.00424318655962 0.021479747971 0.547158843431 1 1 1 1 1 1 1 1 1 1 1 1 1 1 1 1 1
553 6636 -0.793895938709 -0.00213654815061 0.0122882614607 0.549645173146 1 1 1 1 1 1 1 1 1 1 1 1 1 1 1 1 1
554 6648 -0.797961327133 -0.0125987284917 0.00114034093049 0.56405534205 1 1 1 1 1 1 1 1 1 1 1 1 1 1 1 1 1
555 6660 -0.797483502348 -0.00762811515591 0.00428533158894 0.565234921612 1 1 1 1 1 1 1 1 1 1 1 1 1 1 1 1 1
556 6672 -0.797487787931 -0.00512682391398 0.0128111595288 0.569063266581 1 1 1 1 1 1 1 1 1 1 1 1 1 1 1 1 1
557 6684 -0.797116552109 -0.00308246126093 0.000956443494857 0.571657576583 1 1 1 1 1 1 1 1 1 1 1 1 1 1 1 1 1
558 6696 -0.797518861486 -0.0020966627428 0.0154362845875 0.563261922749 1 1 1 1 1 1 1 1 1 1 1 1 1 1 1 1 1
559 6708 -0.8045140023 -0.00137764769673 0.00401129248941 0.579134404339 1 1 1 1 1 1 1 1 1 1 1 1 1 1 1 1 1
560 6720 -0.80530535671 -0.00213249872865 0.0148905132044 0.577139944809 1 1 1 1 1 1 1 1 1 1 1 1 1 1 1 1 1
561 6732 -0.809240231461 -0.0207846234511 0.00618979379335 0.5857432465 1 1 1 1 1 1 1 1 1 1 1 1 1 1 1 1 1
562 6744 -0.813331480794 -0.00558993687577 0.000561874097427 0.587794695591 1 1 1 1 1 1 1 1 1 1 1 1 1 1 1 1 1
563 6756 -0.812413652195 -0.00303882184154 0.0111975584291 0.58884054034 1 1 1 1 1 1 1 1 1 1 1 1 1 1 1 1 1
564 6768 -0.815036749035 -0.0303485366151 0.00789555620351 0.589393966775 1 1 1 1 1 1 1 1 1 1 1 1 1 1 1 1 1
565 6780 -0.818711885599 -0.00440310174944 0.00604456785276 0.58699438079 1 1 1 1 1 1 1 1 1 1 1 1 1 1 1 1 1
566 6792 -0.81795572385 -0.0103407296977 0.00894596333785 0.585966078231 1 1 1 1 1 1 1 1 1 1 1 1 1 1 1 1 1
567 6804 -0.818796006132 -0.0147786785385 0.00596977577487 0.589364639 1 1 1 1 1 1 1 1 1 1 1 1 1 1 1 1 1
568 6816 -0.825311690214 -0.000909057799975 0.0216795447427 0.595208208523 1 1 1 1 1 1 1 1 1 1 1 1 1 1 1 1 1
569 6828 -0.823499924392 -0.000922410539033 0.0165916143428 0.596998863693 1 1 1 1 1 1 1 1 1 1 1 1 1 1 1 1 1
570 6840 -0.821401576791 -0.0207277020843 0.00946424890203 0.595224920556 1 1 1 1 1 1 1 1 1 1 1 1 1 1 1 1 1
571 6852 -0.816220214628 -0.0133138055181 0.00435682801683 0.599024380897 1 1 1 1 1 1 1 1 1 1 1 1 1 1 1 1 1
572 6864 -0.817623144287 -0.0166667235273 0.00472480649631 0.601079288556 1 1 1 1 1 1 1 1 1 1 1 1 1 1 1 1 1
573 6876 -0.816965550805 -0.0108947697976 0.00932464643092 0.61016311845 1 1 1 1 1 1 1 1 1 1 1 1 1 1 1 1 1
574 6888 -0.813033557594 -0.00559357358648 0.0034662725803 0.616931777971 1 1 1 1 1 1 1 1 1 1 1 1 1 1 1 1 1
575 6900 -0.817317904463 -0.00889326650929 0.000394521369497 0.624679619321 1 1 1 1 1 1 1 1 1 1 1 1 1 1 1 1 1
576 6912 -0.81904099343 -0.00108171535855 0.00811086294461 0.630921172941 1 1 1 1 1 1 1 1 1 1 1 1 1 1 1 1 1
577 6924 -0.815743797789 -0.000120485602368 0.00100734807739 0.612683081376 1 1 1 1 1 1 1 1 1 1 1 1 1 1 1 1 1
578 6936 -0.827201952895 -0.00575558250835 0.020930117774 0.601579575677 1 1 1 1 1 1 1 1 1 1 1 1 1 1 1 1 1
579 6948 -0.825788759123 -0.000447662649428 0.00222110703295 0.595453468142 1 1 1 1 1 1 1 1 1 1 1 1 1 1 1 1 1
580 6960 -0.832965000543 -0.0142144476161 0.0173017111005 0.603919183817 1 1 1 1 1 1 1 1 1 1 1 1 1 1 1 1 1
581 6972 -0.833593691117 -0.00976589008412 0.00686219932766 0.607905986244 1 1 1 1 1 1 1 1 1 1 1 1 1 1 1 1 1
582 6984 -0.836539565267 -0.0308718083909 0.00595739784659 0.592783672374 1 1 1 1 1 1 1 1 1 1 1 1 1 1 1 1 1
583 6996 -0.839810337454 -0.0180798636154 0.0085442343812 0.59477196025 1 1 1 1 1 1 1 1 1 1 1 1 1 1 1 1 1
584 7008 -0.839870600976 -0.00720283885136 0.0169058007743 0.589291598103 1 1 1 1 1 1 1 1 1 1 1 1 1 1 1 1 1
585 7020 -0.83348173412 -0.0142532749874 0.0126200824136 0.594520811205 1 1 1 1 1 1 1 1 1 1 1 1 1 1 1 1 1
586 7032 -0.830973605642 -0.0150810091636 0.0114471472319 0.603410478352 1 1 1 1 1 1 1 1 1 1 1 1 1 1 1 1 1
587 7044 -0.831742718756 -0.00555465685124 0.0029294715899 0.600042235461 1 1 1 1 1 1 1 1 1 1 1 1 1 1 1 1 1
