% # columns="iteration, evaluation, sigma, max axis length,  min axis length, all principle axes lengths  (sorted square roots of eigenvalues of C)", seed=14, Fri Feb  2 10:33:52 2018
1 12 1.87979730117 1.00004705993 1.0 1.0 1.00000294118 1.00000588237 1.00000882357 1.00001176478 1.00001470599 1.00001764721 1.00002058845 1.00002352969 1.00002647094 1.0000294122 1.00003235346 1.00003529474 1.00003823603 1.00004117732 1.00004411862 1.00004705993
2 24 1.84349954322 1.04702209752 0.959279012559 0.959279012559 0.96401167981 0.969139603178 0.986290095322 0.993577033065 0.998865765672 1.00001327003 1.00001914637 1.00002049818 1.00002948894 1.00003379522 1.00043464229 1.00284953675 1.00922127069 1.01230028807 1.04026041033 1.04702209752
3 36 1.83290211311 1.08093305741 0.943564626291 0.943564626291 0.947302992579 0.961158386022 0.967290342772 0.976329568522 0.981993609122 0.986912836449 0.996466685053 0.999587320801 1.00079942539 1.0030216208 1.00942583781 1.00987390403 1.01984769029 1.03795201517 1.04403958139 1.08093305741
4 48 1.81418906763 1.1115171966 0.905850766668 0.905850766668 0.935346174269 0.952606850338 0.959978936845 0.964882852093 0.977846203915 0.979719408291 0.98910128354 0.995835273236 1.00083850634 1.01069950659 1.01147556858 1.01679812175 1.02674175847 1.04081995719 1.05134053371 1.1115171966
5 60 1.87275208747 1.14252343038 0.904071504785 0.904071504785 0.921456656385 0.941919531262 0.951051385708 0.959445624346 0.969503911562 0.9903777178 0.991370239631 0.997057296171 1.00266416656 1.00595293738 1.01306075142 1.02155811248 1.03009819651 1.04392805352 1.05936076335 1.14252343038
6 72 1.91285376515 1.19177155708 0.882222238465 0.882222238465 0.912928722226 0.936421503884 0.947825956777 0.955229813196 0.966769662098 0.982279087915 0.985642142113 0.997174658952 1.0036362048 1.00924574945 1.01515780586 1.02306324155 1.02921441892 1.04359402999 1.07321749279 1.19177155708
7 84 1.94447427002 1.22996733329 0.867150916636 0.867150916636 0.904075172147 0.939466694992 0.941572568021 0.947923624862 0.961879417291 0.964292050315 0.979111885563 0.997999393157 1.00494057417 1.00663871789 1.01544875226 1.02486099671 1.0328536613 1.05292948295 1.07298790917 1.22996733329
8 96 1.9696324923 1.24971920026 0.860176657817 0.860176657817 0.897729227945 0.93169149135 0.944641382153 0.94909368678 0.956897451747 0.958288296567 0.981668591584 0.985111754059 0.995133821645 1.00146513273 1.01161678291 1.02439596104 1.05071202571 1.06068448637 1.07770826049 1.24971920026
9 108 1.87340449684 1.26902748283 0.861642702701 0.861642702701 0.892835030003 0.91850962931 0.928611768669 0.947858558364 0.952188134066 0.960598085616 0.981998017598 0.986393959383 0.991456421731 0.998024459877 1.01208289668 1.02541938376 1.05116466125 1.05782818906 1.09046729365 1.26902748283
10 120 1.85383327094 1.26482733228 0.845257765532 0.845257765532 0.886368173795 0.910190457693 0.921771115854 0.932729703479 0.951080987109 0.955568098461 0.978610103238 0.983557664116 0.988359804951 1.00490019804 1.02249162691 1.03437851525 1.05315229046 1.06526661364 1.10522798341 1.26482733228
11 132 1.80505211361 1.27366051826 0.84409414153 0.84409414153 0.887071783838 0.896451816922 0.918642448085 0.928787936983 0.941037688466 0.962938508497 0.969620780571 0.984213614234 0.988017194309 1.00685479061 1.0179706586 1.03644632009 1.04692964469 1.05670880232 1.0927153201 1.27366051826
12 144 1.7527748839 1.27805335632 0.838023813375 0.838023813375 0.884450902693 0.891988827025 0.901305170907 0.933440943038 0.939860510824 0.963208171838 0.97169963686 0.983037512528 0.991875342832 1.00409250645 1.01721577311 1.02598215993 1.04552099306 1.04902476668 1.09901208347 1.27805335632
13 156 1.66260730239 1.26918191716 0.831837694533 0.831837694533 0.868194626706 0.882752417802 0.905394366761 0.928374154694 0.937640302535 0.954551442296 0.962475540823 0.978627700705 0.986972448895 1.01168997091 1.01682855993 1.02928366515 1.03942721424 1.07360646309 1.11346895811 1.26918191716
14 168 1.5982896757 1.25143570257 0.831967350361 0.831967350361 0.860530007991 0.877147922681 0.89804646068 0.924050701323 0.933285345502 0.945143435077 0.958604379141 0.974215312741 0.988640465803 1.00657737207 1.01224177602 1.02770414301 1.03877069111 1.07682749032 1.10465654434 1.25143570257
15 180 1.53906684742 1.24758932487 0.830331339997 0.830331339997 0.859123973492 0.871797525996 0.894226419113 0.918610316866 0.930986126668 0.942474470671 0.955234714699 0.967302734271 0.981281874509 0.991589825689 1.00781408109 1.03183001629 1.05327664588 1.08172155158 1.10520012399 1.24758932487
16 192 1.57337525045 1.25429743177 0.833628785981 0.833628785981 0.862712672913 0.866626848346 0.892344505494 0.91306385507 0.929212318252 0.934683489608 0.951732031454 0.970694457901 0.98646190024 0.992473627643 1.0098810795 1.02871899446 1.05583196443 1.06964969415 1.10263457277 1.25429743177
17 204 1.62114163654 1.25508507284 0.825093742504 0.825093742504 0.837779038973 0.864662683342 0.890418434469 0.910167259412 0.923653770219 0.937743228476 0.953582580363 0.987646011548 0.990959800176 1.00052949261 1.00215075401 1.03889552645 1.05556478344 1.07828582581 1.12294380878 1.25508507284
18 216 1.64326189399 1.25803541582 0.822867811096 0.822867811096 0.835111012297 0.851921241852 0.884536338392 0.915064142333 0.923144022556 0.933492046041 0.961482909291 0.981452917553 0.984165159251 0.997344411555 1.00793537302 1.04173932004 1.0585897922 1.07618440433 1.14125551974 1.25803541582
19 228 1.61317552739 1.25149101884 0.80777282155 0.80777282155 0.832123872932 0.844848246742 0.875529008446 0.91546585262 0.923927639138 0.937760654973 0.949938141326 0.968173943928 0.981080274814 0.999655761293 1.01540804201 1.05636666068 1.06806611016 1.07684092966 1.15810069473 1.25149101884
20 240 1.70891647012 1.25396319561 0.798129813198 0.798129813198 0.821494171279 0.835441569996 0.872596039949 0.910598185444 0.923243678209 0.939985633815 0.947392396379 0.964237706052 0.980214089905 1.00495421124 1.01246445255 1.05609400976 1.06964000203 1.09046743596 1.15915771052 1.25396319561
21 252 1.7913090858 1.27072289466 0.790988154622 0.790988154622 0.812740814253 0.831092618555 0.865211369701 0.910256015147 0.923019735833 0.940482361576 0.947845463025 0.963339441756 0.979049213505 1.00560073171 1.01492467275 1.04524517493 1.06176214647 1.13251823331 1.15612328177 1.27072289466
22 264 1.8390143373 1.27374230853 0.777377760977 0.777377760977 0.809733896413 0.835174432669 0.863721531636 0.908440438763 0.91868183984 0.938107872125 0.948974970995 0.973198968338 0.982594436483 1.00507368949 1.00958283201 1.03954786818 1.05868021261 1.14809549183 1.17953025167 1.27374230853
23 276 1.89726955731 1.27850336886 0.757968558723 0.757968558723 0.790652983516 0.831741356876 0.858195678329 0.905103006755 0.914705134237 0.936385944496 0.952704435727 0.978074870689 0.982624336973 1.00320940154 1.01731870177 1.03247985122 1.06781016443 1.14059394121 1.21931797566 1.27850336886
24 288 1.88627388209 1.28061695268 0.749265702842 0.749265702842 0.78998095999 0.827706275398 0.853794360626 0.90477553611 0.912742258071 0.928638841723 0.936992679108 0.96330022545 0.97899122414 0.992390100303 1.01846728356 1.03135259205 1.06769269256 1.13177289555 1.26270269569 1.28061695268
25 300 1.90074208747 1.29397479929 0.731974692275 0.731974692275 0.786180068929 0.829968432526 0.847367287369 0.894117198411 0.912286199433 0.928394188777 0.941291393984 0.972340972554 0.975920718961 0.988355431253 1.014033056 1.03361413556 1.07339405468 1.14071912796 1.25649800705 1.29397479929
26 312 1.90673059798 1.31848057999 0.713327951308 0.713327951308 0.784714128487 0.817182501132 0.841997339862 0.88963351069 0.907390199983 0.920995677146 0.947836118064 0.964270758171 0.986988913623 1.00109646716 1.01114848579 1.03204655217 1.08308604094 1.14177090038 1.26380233083 1.31848057999
27 324 1.85807502296 1.32511533441 0.704674659864 0.704674659864 0.786926758355 0.81462302121 0.845159353824 0.892079527552 0.903519664251 0.920233894688 0.950047852337 0.966680277794 0.976864567294 0.990387214267 1.00132577861 1.03914728334 1.08222355145 1.14101528709 1.25983872391 1.32511533441
28 336 1.85653467418 1.33142582052 0.697741757486 0.697741757486 0.778320872871 0.806250962672 0.850069156237 0.890074396661 0.898310386577 0.922572631228 0.949485095637 0.960455492907 0.978486294416 0.986783368103 1.00330768118 1.04579924675 1.07837831081 1.13230464146 1.27107055698 1.33142582052
29 348 1.74921447118 1.3367730439 0.691209866739 0.691209866739 0.767336021759 0.801451177507 0.845164396783 0.885742196336 0.896291590502 0.920221198742 0.944319144919 0.958504826117 0.971953741572 0.984851469262 1.00756944686 1.04703427737 1.0816558317 1.13853789034 1.27693470258 1.3367730439
30 360 1.68403400056 1.34060457263 0.681340506959 0.681340506959 0.769584201848 0.794352021026 0.825993334475 0.881586856247 0.894615425106 0.911876082921 0.944336677763 0.955327796232 0.968941491308 0.985945119359 1.01865892852 1.04553622972 1.09831381188 1.13540217611 1.28099047543 1.34060457263
31 372 1.68658483319 1.33852818457 0.678394676937 0.678394676937 0.768344477126 0.797648247842 0.821739328091 0.866679242534 0.887152731715 0.910233553906 0.938435131871 0.959370624226 0.968406348139 0.990016012254 1.02593046436 1.05182949779 1.09210326255 1.12251368824 1.27218801286 1.33852818457
32 384 1.672428824 1.33889797806 0.670078542443 0.670078542443 0.766413528226 0.789870636495 0.815272172994 0.871549804246 0.897464715431 0.91276555063 0.933823270416 0.957716204362 0.972113095192 0.986417266339 1.0282807895 1.05990824764 1.09240807718 1.13541874845 1.27620845525 1.33889797806
33 396 1.58483738382 1.33523652295 0.6707399145 0.6707399145 0.754944917247 0.782104529069 0.817063440756 0.864558929532 0.897855450156 0.904996253812 0.933907489043 0.954239394889 0.971178079731 0.98984378692 1.02068762076 1.06363636779 1.0886725393 1.15772827936 1.28589816167 1.33523652295
34 408 1.46014398061 1.32559978352 0.66739154462 0.66739154462 0.743147792 0.787444286214 0.815315641342 0.861912787655 0.893637676705 0.908494582348 0.928099938662 0.949609051839 0.950939861654 0.979605689335 1.02524055751 1.06300586879 1.09305577352 1.16210169539 1.28745337364 1.32559978352
35 420 1.41318864106 1.33221898466 0.663933137502 0.663933137502 0.735906287856 0.789548406374 0.808466013846 0.85012028147 0.8920526158 0.908029900269 0.927011568154 0.936952179631 0.943818577725 0.983009654381 1.02422411477 1.05928405564 1.09066229831 1.16373351463 1.28291392023 1.33221898466
36 432 1.4233901844 1.33582691221 0.645746001448 0.645746001448 0.726553338829 0.780858388841 0.804861077621 0.849899294999 0.90411006079 0.90692216393 0.924521497245 0.934323149403 0.941268532705 0.979779353576 1.02078963058 1.05996820394 1.10200781477 1.16791152924 1.27309867964 1.33582691221
37 444 1.49804683252 1.32976496963 0.636345018402 0.636345018402 0.717820234351 0.780627654197 0.806872539775 0.84569245276 0.888903879726 0.9034054768 0.920867231397 0.93604778538 0.942075576026 0.975982749793 1.02609412824 1.07408511709 1.1160306382 1.17043827439 1.27349728353 1.32976496963
38 456 1.56289294615 1.34170641436 0.628575139642 0.628575139642 0.717776178384 0.780929590922 0.803772395092 0.845174344618 0.87898866012 0.898272233527 0.918794764653 0.936912930704 0.943093712987 0.977904362937 1.031391119 1.06096899487 1.14057884084 1.17931341981 1.25980089093 1.34170641436
39 468 1.54475152847 1.34360849748 0.618462922608 0.618462922608 0.716549486292 0.776169540265 0.802289991306 0.829723892279 0.883922611014 0.892846222126 0.91071635167 0.939005358652 0.958426150062 0.988903708706 1.03025925381 1.05870089366 1.14440041335 1.19534897576 1.28600292492 1.34360849748
40 480 1.49503852731 1.34947415012 0.618233319877 0.618233319877 0.711414344208 0.776733797845 0.789202889948 0.829895298969 0.883729130103 0.884358931737 0.908012022404 0.94254185208 0.953095655623 0.984541802545 1.03412692589 1.05429183983 1.13635325874 1.1928243876 1.28756486339 1.34947415012
41 492 1.471177262 1.35402872229 0.608410857241 0.608410857241 0.710621903698 0.770102669831 0.782838236793 0.835890257354 0.873532175287 0.893028308469 0.915917966635 0.94447032205 0.94805727255 0.976869801884 1.04163298143 1.04960839211 1.12858770607 1.19256229361 1.29006944481 1.35402872229
42 504 1.45498813785 1.35293987466 0.586717413814 0.586717413814 0.710162504159 0.76571058777 0.778847590892 0.833854873299 0.874155681473 0.89609732072 0.93369773867 0.944546848428 0.962312449687 0.969011503704 1.03449135222 1.04255760207 1.12842104785 1.18416779802 1.29336369307 1.35293987466
43 516 1.43970462198 1.34713381752 0.576115897907 0.576115897907 0.710142782535 0.7660341521 0.770069075098 0.833902121188 0.876628148271 0.888432324537 0.917409248834 0.951208949754 0.968700681526 0.98887230469 1.02606196779 1.0475233433 1.12897148409 1.17469509475 1.29975978631 1.34713381752
44 528 1.44704065221 1.34977410433 0.571353899446 0.571353899446 0.708193781147 0.76086589588 0.774880759454 0.833652232787 0.872229377965 0.889282422554 0.90925514695 0.949233413774 0.968594150372 0.980388890638 1.03622088346 1.06691880937 1.13625744458 1.17534699306 1.29993424237 1.34977410433
45 540 1.40976849736 1.3499286873 0.565384944243 0.565384944243 0.703612028919 0.755535649007 0.769828296651 0.835776968533 0.856749833228 0.896043261713 0.90203827511 0.95132621057 0.968583133811 0.982954563325 1.04210039845 1.06292689397 1.12433068279 1.18460882779 1.30482362597 1.3499286873
46 552 1.3729040007 1.34876184264 0.559460474029 0.559460474029 0.711874246657 0.74949583981 0.766736788984 0.82492983067 0.861700994558 0.890929689425 0.91011486051 0.947305715554 0.971076364228 0.973034472944 1.04232319089 1.07424611227 1.11746832712 1.18270084779 1.31332068983 1.34876184264
47 564 1.38608536605 1.35194465329 0.55286873182 0.55286873182 0.710803020399 0.753701638254 0.767002804492 0.812766384268 0.859340818349 0.889023233871 0.91212569003 0.945370592227 0.966227454211 0.980088352935 1.03278383278 1.09126120501 1.1126900554 1.17529144145 1.30857998309 1.35194465329
48 576 1.32841063966 1.33567670941 0.540869813825 0.540869813825 0.724925666836 0.748499162856 0.769629365315 0.797442868639 0.853601161644 0.887971026411 0.913007389775 0.941901698531 0.968809350467 0.985685510261 1.03425536252 1.09758948833 1.11331000719 1.2022180462 1.31713960365 1.33567670941
49 588 1.28842467348 1.33920939572 0.536459215497 0.536459215497 0.724478030944 0.749610716358 0.769205187597 0.79074249164 0.846695051188 0.876416181749 0.909698737873 0.941497353522 0.9657742638 0.989675595117 1.0300293519 1.09409229927 1.1105655055 1.18857577804 1.32044931183 1.33920939572
50 600 1.21664874067 1.34286224204 0.535101722851 0.535101722851 0.717771646694 0.755254213786 0.765386675231 0.774569866549 0.853217662739 0.877479187847 0.912941210423 0.952351099978 0.954937797786 0.97714456501 1.02558543401 1.09723965635 1.11045256278 1.19357734585 1.30237239486 1.34286224204
51 612 1.2193359466 1.34413209158 0.531294022381 0.531294022381 0.716983037267 0.752102922107 0.761728960995 0.774441546914 0.855445370333 0.879570643628 0.900879952026 0.946482417775 0.962280803185 0.973722499264 1.02247655786 1.07805834038 1.11035731824 1.18940735122 1.29673245676 1.34413209158
52 624 1.184157899 1.35944252555 0.526429195896 0.526429195896 0.708626389484 0.755273744421 0.763868182988 0.777029316349 0.845944369661 0.885276546279 0.895560874852 0.949541727926 0.96126132413 0.971482993302 1.01732767511 1.08290262566 1.1119747122 1.19308125522 1.2996551772 1.35944252555
53 636 1.12390756253 1.34582210785 0.519018772319 0.519018772319 0.704839146693 0.749474982 0.764806739156 0.780610997085 0.848407622547 0.870075912909 0.891505342249 0.943109140212 0.96905805524 0.973606846778 1.01267718094 1.08397813389 1.11295443615 1.18471573815 1.31931409565 1.34582210785
54 648 1.11324628099 1.34743760873 0.514186706677 0.514186706677 0.703720330518 0.748864113937 0.764927904815 0.779331508364 0.847143406432 0.86585431577 0.888159521772 0.938158092349 0.9575285902 0.966984053533 1.01687016913 1.07462426337 1.11600879365 1.18484755777 1.31411213739 1.34743760873
55 660 1.10594026158 1.36135838956 0.513720984936 0.513720984936 0.710669280664 0.732511730979 0.766293372977 0.780972786889 0.842149515347 0.864072846087 0.883981902129 0.938375821857 0.95581099825 0.968978387449 1.0044084564 1.06155800525 1.116453808 1.18048291638 1.32913874403 1.36135838956
56 672 1.10338804021 1.35876102676 0.510289694708 0.510289694708 0.709093742172 0.735228612498 0.755447158826 0.781205637757 0.847720320565 0.865791765477 0.881014119933 0.92088699254 0.951899461464 0.967452651799 1.01223409233 1.06175653767 1.11819274287 1.17526352609 1.34114317578 1.35876102676
57 684 1.06341130365 1.3839263651 0.51250433423 0.51250433423 0.706775009118 0.733896446505 0.756144930978 0.778160557687 0.848057142327 0.858153826609 0.880744030798 0.907462964246 0.940557274394 0.973063522281 1.00929309034 1.0492187397 1.12141218998 1.17553350063 1.35272877761 1.3839263651
58 696 1.04127213678 1.38179641973 0.50238652279 0.50238652279 0.69349051689 0.739192735812 0.756064069819 0.776320172649 0.836097408839 0.858171449732 0.880339170577 0.900363204636 0.948260086694 0.973787349824 0.996936344386 1.04950788121 1.13143731252 1.17833270128 1.34505680877 1.38179641973
59 708 1.00030569878 1.40063526566 0.494216373469 0.494216373469 0.689552622711 0.723325051614 0.756328748653 0.768794918333 0.833820332968 0.857949318736 0.876895483999 0.906086086065 0.950746709894 0.973303223336 0.991613717883 1.0444373429 1.12986776821 1.17586658904 1.35081498968 1.40063526566
60 720 0.986005195102 1.41361809725 0.483698505001 0.483698505001 0.684184634411 0.729664129028 0.754252719189 0.766856437674 0.836970889717 0.859662265881 0.879070396588 0.895270662208 0.94542511079 0.963498600269 0.9967841366 1.04220753209 1.1352908791 1.15940510922 1.33970516548 1.41361809725
61 732 0.978538146706 1.40146686714 0.482195100807 0.482195100807 0.684910907577 0.724934344912 0.752964810941 0.776834725708 0.831276651104 0.852099024832 0.881306495184 0.899136299632 0.932232613822 0.967288887875 1.00310157838 1.04223207653 1.13453821954 1.15780883921 1.34185939342 1.40146686714
62 744 0.93093122485 1.4109690813 0.478562108663 0.478562108663 0.684951211717 0.713345371965 0.746488020321 0.771947251978 0.828779479501 0.847969412623 0.878011721702 0.917733357317 0.933154054548 0.96927253013 1.00919784208 1.04418697536 1.13173533554 1.16335243513 1.32777878564 1.4109690813
63 756 0.933076582227 1.4116525405 0.46893116248 0.46893116248 0.683953465306 0.719159166349 0.74228426642 0.763943067154 0.826678753095 0.842609126491 0.866634753376 0.924132232994 0.930157904103 0.971766374387 1.00038184746 1.04774813335 1.13233718034 1.17193369934 1.31989114305 1.4116525405
64 768 0.954880680837 1.41767655042 0.467079788448 0.467079788448 0.677758220484 0.714142980901 0.733378780688 0.765499509373 0.832517318331 0.838074109822 0.870168083888 0.924120528345 0.936361010212 0.979690774291 0.99138781053 1.04855443416 1.13384793348 1.14804986295 1.31632312467 1.41767655042
65 780 0.952984350121 1.42252832926 0.46858584301 0.46858584301 0.670448436937 0.715542508582 0.72987740285 0.766096087338 0.831031378161 0.840455502164 0.871416809638 0.925910761692 0.930355586714 0.979555046646 0.99190592805 1.03506920727 1.1367790371 1.15882981015 1.31295128243 1.42252832926
66 792 0.939074894657 1.42179635703 0.467162775413 0.467162775413 0.67205902913 0.720972049289 0.725450276959 0.770200976534 0.825309612803 0.840693646355 0.867035517203 0.914528447077 0.926574707672 0.983418692286 0.99206586231 1.04465213527 1.12501082401 1.14891817114 1.31847025391 1.42179635703
67 804 0.916849330776 1.41814240513 0.470216390405 0.470216390405 0.67211384686 0.710822979153 0.725043610562 0.767231197546 0.820956922643 0.831838277168 0.861500917766 0.9226089775 0.928974913713 0.977210367387 0.992450292707 1.03494243557 1.12418810042 1.14049659407 1.31661334727 1.41814240513
68 816 0.900032375987 1.42559852894 0.462133480828 0.462133480828 0.673113019039 0.705831639218 0.721275774224 0.768515610381 0.812145274744 0.829269996417 0.860448147143 0.919388954314 0.926930062226 0.972647940212 0.998897330414 1.03708847882 1.11981471877 1.15099728828 1.30817789026 1.42559852894
69 828 0.888386446569 1.43024987851 0.458232061678 0.458232061678 0.671966422614 0.710907290131 0.712666739473 0.763679155769 0.80594150121 0.826225915191 0.856048817243 0.909870139053 0.925487707465 0.970896210538 0.999772366463 1.04868555319 1.11677652561 1.16224590488 1.31217081439 1.43024987851
70 840 0.877316115113 1.43084440203 0.448292156683 0.448292156683 0.667929545089 0.712977080692 0.713424689318 0.759803678578 0.809116861039 0.824271566903 0.851418897223 0.908731699004 0.931890613886 0.974276916741 1.00230247397 1.05506847732 1.11748916113 1.16637542245 1.30621446497 1.43084440203
71 852 0.84649665058 1.43928040593 0.449303307619 0.449303307619 0.651002377203 0.701676709029 0.710581301115 0.751342358305 0.802554351438 0.817628008383 0.850417916205 0.902431413107 0.931073449474 0.974751310081 1.0133669212 1.06489546664 1.12596136162 1.16221018755 1.31644918426 1.43928040593
