% # columns="iteration, evaluation, sigma, max axis length,  min axis length, all principle axes lengths  (sorted square roots of eigenvalues of C)", seed=713492, Sun Jan 21 15:42:18 2018
1 8 2.23559676886 1.0000375007 1.0 1.0 1.00001250008 1.00002500031 1.0000375007
2 16 2.10798694371 1.27431535874 0.850064756542 0.850064756542 0.954173077576 1.01626542111 1.27431535874
3 24 2.22880149132 1.22712674874 0.845828483954 0.845828483954 0.88172638003 0.990618533799 1.22712674874
4 32 2.33468437321 1.34170839365 0.790877596305 0.790877596305 0.866671111133 0.925690322423 1.34170839365
5 40 2.20982260638 1.4392032853 0.695731571621 0.695731571621 0.793589310079 0.940719668905 1.4392032853
6 48 1.9280428272 1.36034617084 0.636631059122 0.636631059122 0.778453427421 0.912545118507 1.36034617084
7 56 1.98713795926 1.25123497583 0.613199399384 0.613199399384 0.726773068402 0.918284505268 1.25123497583
8 64 1.89490007685 1.46574163679 0.545825184289 0.545825184289 0.713011957354 0.844436550119 1.46574163679
9 72 1.59290985388 1.26742948606 0.516495867506 0.516495867506 0.699379098505 0.875259505071 1.26742948606
10 80 1.33626051988 1.21002114367 0.461999876537 0.461999876537 0.685820488571 0.835965799621 1.21002114367
11 88 1.22446472605 1.11020996758 0.44787742657 0.44787742657 0.62859518007 0.811352884665 1.11020996758
12 96 1.26333100625 1.05640974387 0.436734296473 0.436734296473 0.624090349467 0.787965503721 1.05640974387
13 104 1.11447702036 1.0132691515 0.40819224619 0.40819224619 0.607244850997 0.868266030241 1.0132691515
14 112 0.963214036483 0.974590581245 0.380332680049 0.380332680049 0.631019472617 0.800530302566 0.974590581245
15 120 0.844126896184 0.8926361124 0.364500477134 0.364500477134 0.646490799436 0.75328261096 0.8926361124
16 128 0.768366086904 0.874841457217 0.309918146736 0.309918146736 0.652679500823 0.739923533627 0.874841457217
17 136 0.645530188564 0.793444196331 0.296446347328 0.296446347328 0.639496610587 0.736054596211 0.793444196331
18 144 0.577667338472 0.787400030526 0.266456818424 0.266456818424 0.613941315526 0.708496390516 0.787400030526
19 152 0.508938693285 0.808834983547 0.270540913259 0.270540913259 0.532660188337 0.654465684219 0.808834983547
20 160 0.450474675747 0.767908030757 0.253952126385 0.253952126385 0.50559437275 0.650111815455 0.767908030757
21 168 0.44737206442 0.771709538714 0.242150440052 0.242150440052 0.454705402054 0.618659073144 0.771709538714
22 176 0.441934677295 0.772178584366 0.211919169276 0.211919169276 0.467141352366 0.57390258055 0.772178584366
23 184 0.435398669522 0.80425185516 0.194470298331 0.194470298331 0.453498321008 0.549146969215 0.80425185516
24 192 0.403619570479 0.775016704262 0.205925341914 0.205925341914 0.422415210448 0.516893585726 0.775016704262
25 200 0.414322792221 0.83166236951 0.19951924971 0.19951924971 0.366716500319 0.489689705735 0.83166236951
26 208 0.391608641605 0.8074318606 0.191770444994 0.191770444994 0.371336898739 0.433031464692 0.8074318606
27 216 0.39241457428 0.85662242745 0.171432894086 0.171432894086 0.352560657614 0.414882693074 0.85662242745
28 224 0.401588110723 0.860771628789 0.165708900052 0.165708900052 0.339562661872 0.381486290723 0.860771628789
29 232 0.422494897886 0.842329716594 0.154848800765 0.154848800765 0.293688701783 0.380051490226 0.842329716594
30 240 0.425110658312 0.800772275152 0.130581770305 0.130581770305 0.295527683344 0.386477451843 0.800772275152
31 248 0.413152620522 0.795012033154 0.117906430318 0.117906430318 0.265577640567 0.376631404918 0.795012033154
32 256 0.391530814153 0.812942051717 0.111323524634 0.111323524634 0.248182731519 0.341461794898 0.812942051717
33 264 0.396170070982 0.859916920194 0.0997548441813 0.0997548441813 0.220737750657 0.334242527612 0.859916920194
34 272 0.375384375722 0.844727638507 0.0985684131286 0.0985684131286 0.219649030504 0.290438249146 0.844727638507
35 280 0.36309945021 0.89055249941 0.0791037836893 0.0791037836893 0.222336247349 0.282941043928 0.89055249941
36 288 0.384840004936 0.91867319058 0.0745227000548 0.0745227000548 0.219795639734 0.244613978416 0.91867319058
37 296 0.304374286462 1.08258527956 0.07312313347 0.07312313347 0.205529429817 0.218088327821 1.08258527956
38 304 0.303081427668 1.1029462722 0.0645717288533 0.0645717288533 0.185674805708 0.211686437756 1.1029462722
39 312 0.301850842981 1.10082722617 0.0594126835853 0.0594126835853 0.175964293956 0.204242993203 1.10082722617
40 320 0.293581195416 1.10515246347 0.0572680774164 0.0572680774164 0.157681125018 0.187508594869 1.10515246347
41 328 0.300211635172 1.13649284086 0.0536647724011 0.0536647724011 0.146756680675 0.177073972337 1.13649284086
42 336 0.316172022887 1.11095702545 0.0534677318466 0.0534677318466 0.136387384249 0.161309851377 1.11095702545
43 344 0.317222715077 1.0544103875 0.0506644750735 0.0506644750735 0.126691359171 0.154460401951 1.0544103875
44 352 0.319546866708 1.05093468455 0.0468166305876 0.0468166305876 0.116768115261 0.146830207801 1.05093468455
45 360 0.329231626613 1.04336418175 0.0434140475297 0.0434140475297 0.107646155685 0.144744824397 1.04336418175
46 368 0.322439074024 1.01276143861 0.0387064709936 0.0387064709936 0.0996432800667 0.142685170826 1.01276143861
47 376 0.328214258375 1.03402836143 0.0379585412555 0.0379585412555 0.0887732446352 0.131633997107 1.03402836143
48 384 0.327315887665 1.0157696565 0.0365996980605 0.0365996980605 0.0866849734071 0.117813623918 1.0157696565
49 392 0.330698162497 1.01861357536 0.0350889890385 0.0350889890385 0.0775928057864 0.11465457777 1.01861357536
50 400 0.326012164065 1.00814259794 0.0329718255125 0.0329718255125 0.0704904057605 0.110571099209 1.00814259794
51 408 0.322265292413 1.02276068742 0.0283837331796 0.0283837331796 0.0719091234218 0.105254904777 1.02276068742
52 416 0.320274996521 1.03457222376 0.0270956092338 0.0270956092338 0.0663191241274 0.096924096676 1.03457222376
53 424 0.317872781224 1.04096859491 0.0250942020591 0.0250942020591 0.0645263773485 0.0890597828972 1.04096859491
54 432 0.321640980146 1.04886004362 0.0249393500906 0.0249393500906 0.0600466718748 0.0800674293039 1.04886004362
55 440 0.320750964957 1.03646636907 0.0232746929165 0.0232746929165 0.0540586348005 0.0757746280548 1.03646636907
56 448 0.327974000863 1.03937475578 0.0211175083323 0.0211175083323 0.0487722347347 0.0736901285307 1.03937475578
57 456 0.331922658288 1.01644102981 0.0203619427349 0.0203619427349 0.0475430768302 0.0619896967509 1.01644102981
58 464 0.365273306757 1.00438577588 0.0202827583123 0.0202827583123 0.0429638883193 0.055512690663 1.00438577588
59 472 0.345699359872 0.912726979724 0.0178498218567 0.0178498218567 0.0421246692048 0.054886951056 0.912726979724
60 480 0.354037356933 0.964343237825 0.0167600725461 0.0167600725461 0.0396748041411 0.0502936501106 0.964343237825
61 488 0.342640895566 1.02317605926 0.0154318020593 0.0154318020593 0.0387869083628 0.0485747063116 1.02317605926
62 496 0.338874931218 1.02202254367 0.0161844326127 0.0161844326127 0.0371207769923 0.045420702775 1.02202254367
63 504 0.333289268404 0.98369979777 0.0156159282312 0.0156159282312 0.0321988653608 0.0455227734435 0.98369979777
64 512 0.331251305895 1.00020264029 0.0133541395538 0.0133541395538 0.0332558141788 0.0430625558271 1.00020264029
65 520 0.330710562111 1.01769141364 0.0144066373896 0.0144066373896 0.0302325374042 0.0410386226951 1.01769141364
66 528 0.341087921476 1.00797278454 0.0139907946079 0.0139907946079 0.0285941812101 0.036758515395 1.00797278454
67 536 0.354760207688 1.0960314751 0.0128967693366 0.0128967693366 0.028492496394 0.033610856534 1.0960314751
68 544 0.302383329027 1.19454752164 0.0125280354709 0.0125280354709 0.0257061458001 0.0325901503259 1.19454752164
69 552 0.271531114597 1.36054614533 0.0119187896792 0.0119187896792 0.0228733589659 0.0294965664094 1.36054614533
70 560 0.267915603943 1.29497237395 0.0118204316215 0.0118204316215 0.0202962063285 0.0296861296608 1.29497237395
71 568 0.276586251421 1.24417410301 0.0106996679346 0.0106996679346 0.0198087647336 0.0287159689442 1.24417410301
72 576 0.279086436514 1.20517066979 0.0102705167681 0.0102705167681 0.0181138177987 0.0278316683604 1.20517066979
73 584 0.256816264423 1.36974904298 0.00902749307443 0.00902749307443 0.0182533357109 0.0257014963242 1.36974904298
74 592 0.247112274523 1.29794797236 0.00874371717807 0.00874371717807 0.0183139092845 0.0222262608412 1.29794797236
75 600 0.232744080627 1.34891615567 0.00845988976014 0.00845988976014 0.0181897292937 0.0191309082786 1.34891615567
76 608 0.239216449295 1.43219092872 0.00831046795958 0.00831046795958 0.0148837784148 0.01851914868 1.43219092872
77 616 0.233109062933 1.39343979356 0.00740960232601 0.00740960232601 0.0147577503064 0.0180202697774 1.39343979356
78 624 0.230003447025 1.4299484511 0.0073504167877 0.0073504167877 0.0139877666075 0.0150686099889 1.4299484511
79 632 0.228618770895 1.44925562123 0.00610548897278 0.00610548897278 0.0136421041575 0.0144752780228 1.44925562123
80 640 0.226913103869 1.45803430749 0.00571701368897 0.00571701368897 0.0121133037874 0.0141225557886 1.45803430749
81 648 0.242208988487 1.46899659289 0.0057058009539 0.0057058009539 0.0108476332033 0.0128387859149 1.46899659289
82 656 0.24950620419 1.6210672423 0.00518348562972 0.00518348562972 0.010446273838 0.0128645418656 1.6210672423
83 664 0.268291862209 1.41309140047 0.00489165700701 0.00489165700701 0.0115554599153 0.0133699607567 1.41309140047
84 672 0.268090180908 1.65058304442 0.00461907776381 0.00461907776381 0.0112709806989 0.0117064401222 1.65058304442
85 680 0.213909659233 1.7020538514 0.0041767401235 0.0041767401235 0.0103998547445 0.0120279560553 1.7020538514
86 688 0.204942984945 1.67080419489 0.00395772202208 0.00395772202208 0.00963711057504 0.0111682350259 1.67080419489
87 696 0.208847059716 1.6264799573 0.00390396841848 0.00390396841848 0.00838538479935 0.0103317235757 1.6264799573
88 704 0.218267322578 1.60021971725 0.00437512252899 0.00437512252899 0.00768562807283 0.00974705962099 1.60021971725
89 712 0.223923631023 1.52719044678 0.00401941316744 0.00401941316744 0.00756763542708 0.00973102780594 1.52719044678
90 720 0.234140347496 1.48860916417 0.00398431953361 0.00398431953361 0.00712219198111 0.008590850683 1.48860916417
91 728 0.230825308062 1.42365303003 0.00373792610532 0.00373792610532 0.00655028125535 0.00904541693162 1.42365303003
92 736 0.226703798103 1.44409984405 0.00374104648071 0.00374104648071 0.00571963309531 0.00866172178478 1.44409984405
93 744 0.234617562583 1.47362951677 0.00360792367537 0.00360792367537 0.00548412700038 0.00843218674214 1.47362951677
94 752 0.226628416483 1.462220262 0.00311029741159 0.00311029741159 0.0055483922191 0.00869892623316 1.462220262
95 760 0.259212294371 1.47085209388 0.00264591036774 0.00264591036774 0.00567246218842 0.00805324261806 1.47085209388
96 768 0.267288516319 1.28596034115 0.00257369325047 0.00257369325047 0.00608032348463 0.00767076370939 1.28596034115
97 776 0.265668261062 1.24710676202 0.00262360439339 0.00262360439339 0.00548570333137 0.00765737572153 1.24710676202
98 784 0.283045748822 1.25471206608 0.0022954897757 0.0022954897757 0.00552121109559 0.00702647963505 1.25471206608
99 792 0.31654899716 1.17767771843 0.00212296341624 0.00212296341624 0.00576865168104 0.006488537308 1.17767771843
100 800 0.343716910258 1.25670615542 0.00207496117969 0.00207496117969 0.00570575582467 0.00678282324466 1.25670615542
101 808 0.326394936537 1.26657976314 0.00220651541265 0.00220651541265 0.00559744044081 0.00660564901792 1.26657976314
102 816 0.275326518698 1.27793856091 0.00214436631158 0.00214436631158 0.00493966945245 0.00689519762292 1.27793856091
