% # columns="iter, evals, sigma, 0, fitness, xbest" seed=5, Tue Aug 14 04:32:42 2018, <python>{}</python>
1 12 1.87432352963 0 0.500968 0.947047247237 3.58780810663 2.83777919364 4.64061370535 0.885421434151 8.64691107629 7.46083797285 0.467777957251 5.03356613127 3.48488010816 5.96192134079 6.56092346345 2.74686432226 4.31757273212 3.75674438943 8.73769560394 5.9996057445
2 24 1.94650787345 0 0.466721666667 0.250066885831 1.28634447431 1.39389535441 1.91055847163 1.36740774595 9.53156057603 4.23237488047 1.85027401451 6.37679794288 6.46314573339 4.12984316281 5.58586131258 0.890032820957 6.83688227028 2.13721232735 9.99921456289 2.85496708464
3 36 2.02877436309 0 0.169588 0.344965249419 1.03157439182 0.586061255252 2.77574607771 0.740193273664 7.66369138745 6.23995732963 1.38091195817 9.61680783769 8.07927314869 6.19384469653 8.26498933062 1.63276028943 4.62095796333 2.09706872065 9.09916738111 5.58176968224
4 48 2.17436871786 0 -0.767871 5.14546015251 1.13672566977 5.15893828703 3.77923889829 0.937664125158 9.6284513747 8.758788089 0.297264893344 8.34839639936 2.69482496343 4.56120214517 6.5617863313 4.89075692496 0.381146525604 1.37415492037 9.57959559606 5.54003608967
5 60 2.27953922537 0 0.137353666667 2.34288177228 0.57384902532 2.93505821974 4.86573485626 1.97335731311 8.35933950999 9.61473791825 0.823059556251 8.53917530597 4.07215669634 3.12242735775 5.63173978125 7.05894141479 1.77121283948 1.78497652464 5.18444475493 9.89381736856
6 72 2.40079699449 0 -1.428386 4.12665411587 3.06399951623 4.03559520205 8.17309398944 2.49326605949 8.62470403974 9.99737628371 0.266360265353 9.84298006739 0.813094725949 3.4202790711 5.53419152124 4.92913509384 1.96014322362 1.8141908186 6.3714202698 9.9974361128
7 84 2.45907628028 0 -4.55927666667 1.31833746115 4.47210341812 7.86508986399 6.19223423155 1.03600762452 8.27006527667 9.50074994101 0.833683236491 9.27530236028 1.41846407579 8.6959995178 6.89871774563 8.80721232491 4.93844726799 3.55820864829 7.62700652729 6.99709714459
8 96 2.49691795829 0 -2.6179147 0.791430699156 3.51659160313 5.82846014425 4.94408723618 1.57569370193 8.03347531311 9.43214460658 0.99289039879 5.78684105016 2.07470278378 6.90086668092 6.66923872614 8.06096309824 8.20797866521 4.76848165798 9.60373681312 8.44310200518
9 108 2.47334603105 0 -0.637710666667 0.704727847828 1.11770395487 4.56678271181 6.99412563813 3.18900971101 3.46285773717 9.71446030279 2.63445397323 8.24129006023 0.127392127512 6.34553167515 5.95576333929 9.27313834089 3.57016863987 6.48543203106 9.78405129386 8.81209162532
10 120 2.53526212387 0 -2.36455266667 2.62426174234 1.82115050419 7.83799847033 6.98466614778 3.86257877049 9.61552369289 4.59646345138 2.91487449011 9.87778741784 0.782637017081 4.76607969205 7.16313750564 9.78550698367 3.28785814745 3.45338087503 6.95923443275 6.67538898768
11 132 2.47461149827 0 -3.34266233333 0.0303012399236 2.19285718601 8.43828833913 6.11999310647 4.76561592634 8.76045610258 8.18265103622 2.67122624277 7.40417122683 1.54775316769 6.69967789545 5.90389675693 8.4063412039 1.09100092906 7.97416738937 9.99104392819 5.71976507922
12 144 2.48901464695 0 -1.29953666667 0.114657758828 6.60133047611 3.0426343931 4.24221810293 1.68464252846 9.39016972179 5.52364322399 6.3590995382 8.32951017436 0.554975074743 9.39100942012 6.59793168657 5.78159523096 3.67496842873 5.38234960081 9.37751058012 0.334168350983
13 156 2.42721917787 0 -1.64111033333 1.02473367149 6.45868489284 7.32486692364 6.5623554709 1.59584883713 8.96814063527 8.80628976582 6.3079593382 8.60374289836 0.37443492722 8.31862514299 6.8747983697 7.67372894991 2.27023147101 5.01792241252 9.89778011593 1.07465120681
14 168 2.27829339932 0 -3.15822333333 2.3671394403 0.483883851132 4.74822109689 4.73062420284 1.1849111687 8.22308113825 9.94554946011 1.7473509465 6.30594403049 0.232158408281 5.5352720719 6.84599949582 5.56793588077 3.02693832538 5.07141387871 9.01766452884 3.15368195099
15 180 2.21734185704 0 -1.80446733333 2.22148189863 8.78587628324 5.5042741731 3.76939596248 0.00818506960897 7.42579417254 4.52858396677 6.9497243921 9.94496872116 1.32760208784 7.16470611265 3.0743493827 7.14865248751 6.41582713227 5.92005623025 8.48858638928 3.36893398212
16 192 2.05972007805 0 -3.36579166667 3.05964615918 2.76138905897 6.2966263476 6.64820927694 3.05218704775 7.37871394333 9.98347615346 5.45713110276 7.70698601554 1.40060347849 6.36059527116 6.33380347254 7.03459158342 3.95744037331 3.11300207696 9.98313325249 2.60812083572
17 204 1.99653273339 0 -3.442498 1.23482800817 4.36131712344 4.50138563479 3.76748952969 1.55874469704 6.75842269183 8.13416466591 0.00238010356456 9.54694343248 0.865323947528 5.82898541881 2.06276067848 7.67672325546 4.80354769029 7.20269621598 9.25632146709 0.513752519973
18 216 1.94593431704 0 -4.60970566667 4.51493240956 4.51861614216 1.45285499677 5.00997030016 4.77644501284 8.325976857 7.56583056417 1.47336541841 9.21682007276 1.2619465243 8.98595374234 3.99274871677 7.90534203924 4.39791825636 7.18375425707 9.56187135337 1.49955746454
19 228 1.97036102676 0 -3.76248166667 0.270742210653 6.3376048276 8.00334821481 4.75672269867 3.28872634625 6.7394452697 9.86503658231 4.58600608828 9.8087707248 1.32963134103 3.85765767081 1.1296099588 8.9956547957 6.23805051531 6.50836220826 9.95603838338 6.6548744176
20 240 2.01192437323 0 -2.40584366667 3.32709140569 2.02536401695 9.60188719398 3.54255597689 1.40298407394 8.92134604002 9.59516322645 1.42811705896 9.64886618681 0.770961159014 3.40146037256 1.76257894109 8.91276573278 5.89910437659 7.42419887187 9.44254328494 1.65473121967
21 252 2.00057318202 0 -3.21586366667 0.515024174854 1.22384665225 4.88923868398 4.4402838415 0.00186223059764 9.66447707864 6.99778439846 1.19550760694 9.78867332418 0.719015523432 3.12354019353 1.17076371126 8.59068203283 5.50636799442 8.68016660476 9.22657805767 0.802500867491
22 264 1.90932021918 0 -5.66430666667 1.68832093323 1.6061150174 6.0773240053 6.78485607112 2.24721496075 9.63475686767 9.73236970345 1.33609618451 9.96369255392 0.23103696003 4.88768590063 1.91152717594 9.44468349535 3.13333641433 8.45173964782 9.98415544936 0.356987552059
23 276 1.81818739219 0 -6.970743 2.41779092638 2.43820138852 8.27848043486 3.9853691749 0.547714024163 9.99896549819 8.68101717625 3.83188574387 8.78388497086 0.204455868675 2.53958232806 0.611906109545 9.71238464683 4.06669472897 7.04418726446 8.06551395577 0.353804115469
24 288 1.80806532033 0 -3.43589833333 3.08340582085 3.82283365911 7.45210671242 5.44501364439 1.93207879939 9.99579291393 9.44774533365 1.20117348031 7.9138210645 1.18871036348 3.36296558674 3.27615728506 6.06628565414 5.1516734819 8.6703875865 8.89790371982 2.04433924821
25 300 1.77715055099 0 -3.18150833333 3.39938326812 6.38574981031 6.55713066172 6.23491569983 0.209133490754 9.84575965889 9.47763660717 1.63366922651 7.84418009681 0.10696677763 5.79340782376 0.82124208903 9.76875164624 2.02898510849 9.56093983323 6.4316977336 0.869638186508
26 312 1.75630226155 0 -3.81895033333 4.71171567198 2.35724164771 8.56055245066 3.17326541686 0.0510353355672 7.22455852551 9.18911778602 0.441116289802 7.97394916763 0.396860010118 5.97009353846 2.00131768869 9.0814121 4.00650853812 9.96710237043 9.97469495687 1.15437781232
27 324 1.74567770706 0 -3.44403466667 3.0192646961 1.33069719819 5.54804669342 5.9776504703 0.280524562189 9.98461527081 8.86849577201 0.862798555603 8.14355982892 0.346834474836 4.19415074766 1.59809774558 9.9460682329 4.0297203918 6.36304845782 7.18368627216 2.21483183681
28 336 1.73612142921 0 -3.58098266667 3.71444571299 3.73599723712 9.83825994847 6.58250081104 1.3869483081 6.68708148925 7.51980184738 2.14695191051 7.06966956983 0.97100609825 5.97218955581 0.583869572456 8.60566230081 5.7991350334 6.64729219702 6.90818284221 1.68879878596
29 348 1.68332748984 0 -3.543867 5.68279857807 1.36791321153 5.27027038764 2.81575504025 1.04283352127 8.33414930331 7.97771521396 0.406835806958 9.70029314608 1.01941170639 5.48246240824 0.799162256262 8.21789165734 5.75645697858 7.413754063 5.19455567157 0.0440714156325
30 360 1.68535535414 0 -2.7965391 2.32290439418 0.546389494888 8.22244320783 2.13309557911 1.75557400156 9.70168560216 9.72901782442 1.65165346016 6.11193263004 0.494345445581 6.2923150386 3.72934523741 7.37360166339 4.99257282818 8.61402639494 6.34481719096 0.396841562098
31 372 1.67015606385 0 -1.862034 1.39304077677 6.07866835724 5.96917663918 2.37074939111 3.32051085915 9.66343886233 9.5608767608 0.59743372561 6.30912533368 1.0753337692 4.71917392659 4.89219114565 7.35032365187 7.05170780554 7.31041263465 5.72457272022 0.372810127086
32 384 1.73546972837 0 -1.775615 0.376705232285 3.85243800253 3.83281776716 1.22144202453 1.89138212565 7.65955311609 5.41996617175 3.60769766046 5.86282229235 0.890192137481 3.65911545718 5.78901015724 9.62230763574 7.67126949299 6.17992764233 6.59734664977 0.100160877803
33 396 1.7047378637 0 -2.774734 2.5622435984 1.93235957371 4.7573372173 3.11142622904 2.17115447742 7.9377322171 8.82413763278 0.74872589799 6.45969189321 0.00134122401946 4.05582571426 2.2076077669 9.79304423327 8.08836225585 6.97861060671 6.41727370471 0.936428633124
34 408 1.71499757757 0 -2.641438 0.942251538268 2.02587426592 1.79188573429 3.02334102691 1.55969526338e-05 7.23544627968 7.6050985937 1.17589349211 5.50217423372 0.244756728683 7.11558376707 4.73909947215 8.8942737824 7.7084115409 5.60237985288 6.55112963075 2.11865963616
35 420 1.66444275764 0 -2.59767833333 1.05630814753 1.54508266445 4.42026978434 6.10700821081 1.90478763618 6.8987812492 8.51444448281 0.589656988433 7.06172074712 0.00311922809208 7.26697773456 4.06909479385 9.23100115515 5.18182699737 8.51166196767 6.3911019635 1.04311760221
36 432 1.56677061391 0 -3.848081 0.567361295613 0.781450342395 5.80469791586 2.7796910566 2.39727459716 6.01325467477 9.12280131798 0.0802309118582 9.67671394826 0.188063857633 5.48152692335 4.16638438855 8.80614684799 7.13213398299 5.68230997613 4.57457976894 0.18494203882
37 444 1.53248279163 0 -2.54865866667 0.33008703458 1.25736949637 2.79559282023 3.2969513716 2.43335082226 7.99244398584 9.9142810446 4.85434965053 6.31521938913 0.191894746242 4.33520328386 4.08405083374 8.56609337621 7.50962644689 9.99915085014 8.10720023146 0.998087322488
38 456 1.56422432491 0 -2.46592833333 3.15227787835 3.13636759843 3.54447424193 7.12247490555 1.19051718376 7.56156549788 9.17395310524 1.75432792939 7.58301364595 2.55120177293 4.14710063223 5.61242199418 7.78451257255 9.35163555309 9.0604920596 7.02748030758 1.06318666867
39 468 1.56850901623 0 -2.503796 0.56468235553 3.88087849405 1.10576215271 6.24298429017 0.956411463655 8.07740508252 7.89547280739 0.958826573448 6.75903379139 1.19859841437 8.5837511982 5.24377159936 7.55738502704 7.81816273323 9.90646881126 7.58930115623 1.71806622298
40 480 1.54435576818 0 -2.87330666667 0.269738778906 0.560998183385 3.20788208828 8.36859392254 0.94796837828 6.26499893808 8.0945326031 1.24660255788 7.86580357633 0.157994156093 7.68233773648 6.53565635824 7.66844318453 7.21828340668 8.30287530904 8.29301987809 0.546581891057
41 492 1.52525262987 0 -3.623554 0.00390518932296 0.109808401469 4.61733660024 7.70234885446 1.40647306962 6.94375297696 6.91226476332 0.318105800793 7.42250973784 0.208419159941 6.38660113832 5.03773064843 8.0777148526 8.52400142859 9.40060226509 6.5818358276 0.212718433156
42 504 1.61632638731 0 -3.42479433333 1.89031177086 1.36493554673 6.00804857303 9.14909089982 0.503542034343 5.26114346313 6.81866775646 1.35851653763 7.70211641966 1.38874874953 4.21240709855 6.33436605953 5.83703348751 9.6325227923 7.34751304291 8.42597358428 0.80099975518
43 516 1.67847444172 0 -5.30928433333 1.39496918545 4.55710458815 6.42619367006 9.50751604052 0.0544146234122 6.37902095953 5.823988581 0.658313174339 9.74326397472 1.94426476846 9.06129323576 6.74386631282 5.94518809619 6.8635492353 8.89963461747 9.50773796797 0.766271538638
44 528 1.76366945743 0 -4.43913033333 1.72163138714 6.3885944551 6.49938384903 9.92434512462 1.1631662632 7.37433025296 6.75938462185 0.972529320566 9.82965403984 0.148992073709 5.2141168483 4.88303815546 5.60854354351 6.43524262371 9.23271467607 8.05057719261 3.79246209037
45 540 1.78295197721 0 -2.55869666667 0.173691090601 4.34865273562 6.47033806022 9.30861020801 1.89395079073 7.31653869733 6.36338831001 1.66289048551 9.99507346099 0.431009436029 6.30843996407 5.77200217558 5.83885574573 9.68931523542 7.14314325044 9.90828238089 2.64757242809
46 552 1.87810629103 0 -3.38106133333 1.69157183216 7.4928408885 6.83800527063 6.86549808186 1.90537693271 8.80186461221 5.72411088597 2.85568831832 7.4339785147 1.52285976992 7.11373905003 7.73356611287 5.3773875706 9.8784400293 7.55860319711 9.6491873327 4.54165116975
47 564 1.93303204478 0 -3.11531 0.303851705861 7.61898943067 6.52453049568 8.56301001999 0.711588879072 7.63704554078 7.21477208331 2.17634862812 9.94901531574 0.202828590988 6.05958298705 3.31589960737 4.61275858656 7.56258549235 6.9453406062 8.07284962693 4.23638806139
48 576 1.95549443432 0 -3.17116 2.71505662756 6.16352605413 6.52569587361 6.06037055279 2.14116348287 7.25570437462 4.66006130305 3.18136090794 7.55623253687 0.532682815764 7.96238711015 6.55252714107 5.72708040407 9.59768605769 8.50008746695 7.63597855835 3.25113954218
49 588 1.89178527074 0 -4.450635 2.723095508 5.96919447691 6.96105181694 6.81217059768 0.715182223926 6.44806177829 8.54031022429 3.07974346239 8.57938555724 0.313316344808 7.86448105263 5.1247779162 5.17719270203 9.49395925833 7.74309933645 9.20678810867 3.32183523421
50 600 1.85185802352 0 -1.679668 0.530564996912 7.56393984169 7.68742725619 8.58601320315 1.43387114126 8.78671615071 5.51104149018 4.65161708357 6.24836015273 0.496183103517 6.95026753424 5.04746829089 8.78160133245 9.9949084157 4.51683374999 8.32065420888 6.11172895085
51 612 1.83054593402 0 -2.65978566667 1.25821286752 9.97218582314 4.90946357303 9.99407765044 0.571115103372 7.72442938682 7.35677439267 7.17702194024 9.65312527432 0.492387238799 6.48897520531 3.47740270266 9.39620406855 8.07831551144 5.97878989419 8.63180169126 2.00829246884
52 624 1.9144531208 0 -3.428855 3.4966982314 9.82502126592 8.42411197629 9.99891391824 1.33756307184 6.16477195223 8.87851801966 6.71772577195 9.10622114909 0.973168281463 7.74388321533 2.78954820335 8.55125933325 8.61546392358 5.9723031105 5.83267389206 1.70025947017
53 636 1.9443626577 0 -1.67187666667 1.45835172613 9.80184658394 7.45554984434 9.83889330578 0.1355560211 7.91854264215 6.67013515812 6.94310788704 8.50008656802 0.715931163466 6.77774228768 0.644420936102 6.30370474181 9.16142232027 3.52838271997 7.18559546658 2.27477955612
54 648 1.88737591088 0 -2.08453666667 0.3460685309 9.99571633166 8.29210240526 8.35723519551 0.671264604637 5.3353738843 6.12816407965 6.76571044019 9.98306618414 0.330327582137 8.47266424201 4.95480037936 6.0674613482 6.2700458134 3.42651798298 6.78530916434 1.77330804819
55 660 1.84064216125 0 -3.885916 1.211520561 6.17160522773 8.83548647663 9.98261930072 1.33874038395 3.2323421995 7.62036902481 3.84722398488 9.99122889092 1.0996470248 7.17927342959 2.1127041149 7.96833297134 8.94819432104 2.94853479087 5.41280985493 1.35437772689
56 672 1.81130976392 0 -2.80346533333 0.306699379318 8.7699483802 9.98124839087 9.62976609548 2.08168002077 3.85789582621 9.99840326125 5.37690642213 9.40763639001 2.16957194778 4.83342616574 3.41289685508 6.39297328918 7.73890802185 3.1789498729 6.98245576064 0.870539437673
57 684 1.7860095463 0 -2.246128 3.18903357946 8.90443190749 9.01427819697 9.53565308846 1.9694476373 5.27842450842 8.15179813939 2.77995997988 9.61722107879 1.65808550804 9.93945028872 4.17628038951 6.12287272432 8.90075859918 6.4227683508 5.45944736454 1.60650321684
58 696 1.79219848834 0 -1.86352 2.23740099459 8.82665598032 9.57059729143 6.22917091501 0.944107288659 3.35665159279 6.76405399292 7.19750480754 8.56422393187 1.49522244311 7.06269785596 1.48018892627 7.80121171652 4.68784959376 3.7102352092 7.06886278533 1.33103777062
59 708 1.74466199124 0 -3.426627 3.32892539804 8.02714624038 8.22465222391 8.92358212377 1.07635084671 5.25027148351 8.33775084154 6.73542682088 8.26301089571 0.406202143912 7.64083587561 2.2240023548 7.5039881029 6.75248519763 5.63504998145 6.32360164901 1.29348481484
60 720 1.75132897334 0 -3.10369333333 5.85327060995 7.98922321125 6.38359746479 7.03033114737 0.884208218554 5.4725552566 9.19438693259 6.07958233899 7.64596013738 0.864839538833 8.81270124467 1.97344335014 6.32663934082 7.44857427426 6.71703862418 6.79276093335 0.926253104522
61 732 1.75316432006 0 -3.45902566667 1.8702657037 7.46636987574 6.5233498833 3.34900633515 0.12273191297 8.82469239804 9.51518948422 8.62763436378 9.97061884512 0.934963558778 7.45392883578 0.250263865588 7.21548820063 9.33950818888 5.45548717173 6.9205138995 1.21394395658
62 744 1.73762340989 0 -1.72611233333 1.30478845885 9.83371095317 9.17090783057 5.39792602453 0.240415636636 7.94810468347 9.99146227253 8.37576781457 9.3045513489 0.73604280055 6.3305062699 0.998238836059 6.38778830249 9.82518908202 6.97282968778 5.32708650518 2.00451492499
63 756 1.88575974781 0 -2.24931533333 2.63686829887 6.09614777965 9.74703828761 5.22970821042 2.85499409593 9.10279454239 9.99421627035 4.1602937448 8.61716292449 0.2346172144 1.35984494412 1.94171271031 7.56940107663 8.20018301202 8.77428633643 3.12704826324 1.42481193446
64 768 2.00490492907 0 -3.52556366667 2.30483294183 9.98201277094 9.99996962485 5.59143812513 2.40466685572 9.80712946728 9.9814446479 7.11376242655 9.44022496133 1.08000303382 4.42425914672 0.962782283082 7.81646734839 8.68475619825 4.59841780123 3.61578823711 1.15645596921
65 780 2.01045953196 0 -4.26520433333 1.84567030554 6.97433188109 7.60268278606 7.73911711241 2.48529100416 5.48441892094 9.95310347509 8.97687465515 7.33826626677 0.81199716859 8.28646868866 0.014301578789 9.04355784713 9.74064724487 4.96380669219 2.66465060475 2.93699370957
66 792 2.06517515214 0 -2.90128866667 4.58815207062 8.33505551734 7.95765798306 7.33852305823 0.513076546635 6.78532317984 7.77718187474 4.57950154205 8.26626463368 1.825315048 7.6578108098 1.47820441676 7.85308609583 9.19118718645 6.05768975157 1.98859194084 8.49889209736
67 804 2.08753239315 0 -1.74245466667 0.491921982523 9.87693085212 7.13093714056 8.08749679194 0.185552442397 9.99921823312 8.1142038754 4.24370448376 9.98479950867 0.542922028235 4.40866118313 0.639333757783 5.08330598896 6.85494568791 5.58584098263 2.38104206777 4.66837332936
68 816 2.10637327531 0 -3.57331533333 0.381130339842 8.08421096594 9.83220307273 8.60124496408 0.358031496157 8.7867390612 6.73646278716 6.53759911969 8.24618357955 1.05872178933 8.53320679078 3.19853166767 6.8815663169 5.94824894577 4.63837985562 0.524056713113 4.36137091433
69 828 2.18156690051 0 -3.460683 3.10368411 7.30965997217 7.70309471879 6.65947930062 0.863015175929 9.99851515888 8.58607934731 9.9639310297 9.9732795723 1.50290145271 9.9130165184 0.000633167803543 5.92070879823 5.97131825584 8.90437619159 0.0167348172243 3.17828931802
70 840 2.2466505612 0 -3.55165433333 0.564059988769 7.03565582769 9.89579794551 8.40472591933 2.13486259439 9.93362132779 8.45106939351 8.99057280614 7.32857552705 0.407369826067 5.08783507301 0.654910859819 7.80896570273 3.78971837301 5.38862331584 3.18290859181 5.10231587465
71 852 2.26210610225 0 -3.70087033333 0.594027457318 4.60169232629 7.22431678477 8.54214887792 2.41464452999 9.29391655353 9.53970336924 7.98136685992 6.47388106398 0.702288170326 5.77768784321 2.02473431112 7.88127580952 2.94434099659 7.63735300962 1.61712333456 7.44484746379
72 864 2.32964832326 0 -8.08316666667 2.80914520567 5.76499425497 9.64580880106 8.5748856563 0.91847185582 9.72639791259 9.50159288801 4.23317502623 4.94742869096 0.465313163299 5.41835626508 1.85099651672 9.18037853675 0.00616953121173 8.00949060896 2.0758676773 7.61372531137
73 876 2.37999739964 0 -3.45608733333 0.0158300848176 0.488444854779 7.82160384885 8.92561891369 0.564576184219 9.43698891833 7.90619446117 6.8945541826 5.24009984746 0.239566936004 5.34375471821 1.73724420859 9.74620659172 2.02759808922 3.83649427497 1.67497246392 9.82889276527
74 888 2.37514301034 0 -6.75553233333 0.955774156443 6.14050270575 7.58099882837 9.73723464249 0.0123732303098 6.86723847678 6.88064384262 5.0228053036 5.54130597652 0.748794920764 6.90857954124 1.98630612475 8.94556251233 0.733447897415 6.45754623057 3.99315989945 9.65270262697
75 900 2.36174732922 0 -4.48029166667 0.313232588629 4.40952387587 9.61700232131 8.61961891951 0.00478048991002 9.70779855545 8.52427817655 2.26460396469 5.59388054493 0.515004258656 9.26537863748 6.21160999182 9.92653327299 5.3368641981 6.7675620457 0.456774598054 7.82690733592
76 912 2.52247168494 0 -3.58435966667 4.3623544601 8.10186421674 9.69098564846 7.23796307686 2.71742430154 5.48106643332 9.94655488489 0.948245282485 9.04905141043 0.213109255581 9.3139008458 6.94419595994 8.69839233748 1.24147322493 8.03015865286 3.23147358289 6.71890965777
77 924 2.69122936464 0 0.384262666667 6.14237728251 6.48718992105 9.88789426687 8.63418719474 3.75763586154 5.05153166072 6.56732657177 0.337986239721 7.21951977296 0.468665284452 7.95454642805 8.61501437443 9.19922360607 3.17136126999 9.45625634297 4.03321315988 7.5751865843
78 936 2.94615425928 0 -1.75724566667 3.07705001199 7.69015773737 7.88311876223 5.03176303566 2.95061194962 2.99121272033 7.76761905287 2.20704665694 9.40512085436 0.469189159026 7.04204085181 7.43315507341 5.3434924638 1.35666895174 9.35300792981 6.38220190807 9.18071426958
79 948 3.01270223571 0 -1.38770066667 4.41619620568 8.63703214667 9.57608333253 8.0676332291 1.07951767917 9.99912951006 6.73511702262 4.38440253116 9.9980494826 0.825412308952 9.60454250043 5.74034696579 8.19480865605 7.73911186433 8.0780070555 3.57072812815 8.66802783623
80 960 3.02430744387 0 -4.374933 2.2426979119 5.89271205627 7.37348882522 8.38734198581 1.61925503229 6.21838360833 7.64005776533 4.43112862057 9.56853496197 1.39334267739 9.99913498455 6.44011377828 8.90213086683 5.83553573715 9.94363180987 7.76573472996 9.89747077254
81 972 3.08920872574 0 -4.33697666667 0.367030418847 5.12100888633 9.97898077657 7.4616017942 2.19513041762 7.88757146354 9.45465244552 1.57819091842 5.73332435622 0.720283546735 9.09181268525 9.40681100384 8.03236381383 0.158954010277 8.93763422803 8.62731623274 7.24782632753
82 984 2.87652993495 0 -4.74858 0.475935959451 4.02135486769 9.0550787683 9.95046787527 3.31432626517 9.83980669986 6.07604969048 2.42997477669 9.51510351997 0.198655402421 8.76509720459 7.64388327513 9.35894475386 1.84166362795 5.60863116325 4.43330636203 8.01444429064
83 996 2.81810126701 0 -2.233037 1.58786739601 6.10112332077 8.53219535825 3.5382549264 3.16985533123 7.6294120339 1.52848802395 0.0230955897853 8.54979329398 2.2717459873 9.30144823678 5.12560218501 8.12848186139 5.04222464005 3.55552830457 4.69406334613 9.51541273362
84 1008 2.86368046141 0 -3.24628666667 0.68147474201 9.50237219615 8.0566508592 8.80843145734 0.321686113513 9.78376747291 9.72299483372 2.78937177487 6.68381147675 1.99770732793 7.0176164799 3.59462535301 6.6954413998 1.15354482167 7.63298818773 6.64485427593 5.34029240856
85 1020 2.96109768758 0 -4.72842366667 0.397884775829 4.58117791841 7.8573612558 5.87687428365 1.52146120005 5.92355787804 6.51949819117 6.02227075142 9.89568431891 1.19915947924 8.91507820074 0.452243569465 8.69785127151 3.0730395789 9.97193069476 7.31614713631 9.26398157021
86 1032 3.07716622174 0 -6.91641 4.37605290477 5.49783680318 9.99852506511 7.39411941845 3.13830619277 9.10314585933 7.83277719923 5.17243165402 6.12793503216 1.4333798364 7.66163223946 0.441618115225 8.72297403639 0.120825793377 1.9770002544 8.70625702369 9.43639213852
87 1044 3.03338453513 0 -3.654142 2.17505808521 4.2623619176 7.07854474402 8.43758672962 2.84728747287 9.46126679037 5.34270827323 4.16078242485 8.59789058871 0.339291770631 8.03674357412 5.28951984406 9.31158547968 4.80774793645 4.71333501027 6.36276061963 8.47603898535
88 1056 2.90683705581 0 -3.747377 0.51388499809 5.0459594435 9.23805076034 9.05273854861 3.92553004341 7.15414764784 8.72749004622 1.57768205237 9.99915585674 1.90675280225 9.81094751635 1.60805428732 8.53579318917 0.0351890449794 1.43940314013 9.91319850249 9.64889566919
89 1068 2.76863334037 0 -3.73258666667 2.44105916231 4.29074124783 9.98757671351 7.82103263168 0.0520421457618 9.68582452266 9.75484739169 3.02134736603 5.43190535241 1.43953656049 8.92791768158 3.55388748127 9.22128381285 3.31895576334 0.365844316285 9.82995581208 9.2497297973
90 1080 2.85353200699 0 -2.79904466667 0.754987066288 0.0941763066099 7.11485541775 9.98298381125 0.546879279313 9.72148181428 9.81467719284 6.30298593878 5.84014661297 0.172725052818 9.94030727228 9.99719363989 9.28222859551 3.62971136845 4.88276812048 8.98878307002 7.48560763241
91 1092 2.99435420149 0 -3.66285233333 2.53785759708 5.69920516295 6.68373554211 7.43999299546 1.92835906095 9.66482253107 7.72710682337 5.85169231711 6.21224800483 0.147773031531 9.11947063181 8.50632605613 8.40522840793 1.95259948127 5.75950418092 8.60452594981 8.35571010746
92 1104 3.08433141228 0 -1.79802266667 3.40729508534 3.42015648946 7.97908191 9.26746590056 2.47761782775 9.96563033882 9.9555957635 9.03575906715 3.30051491649 0.631008549045 6.44675272542 9.104981283 9.67170208974 1.17491680663 8.9004855754 8.91339616359 6.64285340265
93 1116 3.00556133161 0 -3.30827266667 1.17488645367 5.91749213459 6.86583601239 5.35981056641 2.00981984636 9.88072514836 9.66253608788 6.89248011483 7.77503414635 0.000136773736723 7.33620950822 8.62097469556 8.00937782356 3.30462411269 4.17076209624 8.23276984638 5.34977793763
94 1128 2.81178277634 0 -2.93408813333 1.19632508183 4.70027327596 9.67235123109 4.61579970257 3.61597037201 9.24972862402 9.40813236231 3.19967484151 8.11078191936 0.422429744922 4.97428165565 9.99848298679 9.65040672135 0.80154333472 0.681078423854 9.41824863268 6.48263579721
95 1140 2.68872997089 0 -5.73750866667 4.2631397377 7.74543387713 8.58472572994 9.25814290806 2.71990810162 6.96567339358 9.96549381104 8.48424030664 9.99225202703 0.521720158104 0.685583663355 9.5125717877 9.86567736977 3.34642258712 2.2186048181 9.11016261099 9.50206903323
96 1152 2.62663422375 0 -1.47884933333 0.797838664777 9.99956413812 9.55370406098 8.20816293997 5.1421133555 8.53180363536 5.11272022733 3.99554319782 9.71614068761 0.655236011778 5.41554644775 9.27211214672 9.86515515923 0.957159500634 1.76803870199 9.9661543437 6.11178980747
97 1164 2.59000223768 0 -3.17918 6.67044336433 4.80232980909 8.48665289445 8.47116399305 7.72181895539 9.64736117983 9.36835523088 9.24134089234 9.17309028183 0.37328640846 4.03331746983 5.04543427431 9.95214651889 4.35439565894 2.11448409427 9.29318261481 7.68301929422
98 1176 2.6469828177 0 -2.04422333333 5.26726211072 9.55838826735 5.48400621456 5.77983224954 0.000262534849366 9.10183170125 4.07649432661 7.62062003828 8.96635220254 0.307942404625 3.63966303752 4.19039200505 6.51713316082 1.75729727535 1.46101904197 9.18902742415 2.79786312311
99 1188 2.69260690744 0 -2.54904333333 4.96607852003 5.39197293958 9.81684238629 8.03726625491 0.180411809306 6.80505281132 5.46375403147 6.88022816905 9.95881571688 0.191041940175 4.26541322565 2.792870946 7.64076803786 1.38432947495 0.710300216267 7.66772062606 2.09804935325
100 1200 2.66121120628 0 -4.13793333333 1.37513262283 3.92029673166 9.99825883651 9.44143472875 0.0824135379487 9.99987440582 7.01522101118 5.43495053817 9.9519382257 0.98346532834 4.59486641232 3.53678648458 7.21192057938 3.11621645941 2.86911751214 7.76364242388 5.01498940019
101 1212 2.67303159693 0 -3.92489266667 3.87161459079 1.4234857733 7.31754854422 9.15429331383 5.15506316167 7.43574540048 7.7991625892 9.31762085274 8.82477043809 0.334070995805 5.69038083906 1.74696755138 9.73016999518 0.117806511055 5.72991346485 9.36090255672 5.15519590609
102 1224 2.66870861679 0 -2.33255766667 0.613949615088 4.33610259255 8.36556487687 5.29606272211 7.01640978226 8.74640367631 7.11656395324 9.85172559702 9.65735771537 0.708674856325 2.47837441141 2.1131185551 5.81668024604 4.04223228915 0.460288810917 9.98671523403 7.18438246356
103 1236 2.62541539427 0 -5.52821066667 2.53792457712 3.51531724839 8.8767109241 7.29157078747 2.06984703184 8.02839805336 4.36736851918 5.60343663846 6.54025312279 0.516572772369 4.10967344325 6.4407842462 9.99973615951 2.94362373886 0.454833818194 8.6386033706 8.79723304812
104 1248 2.53912788253 0 -3.46637466667 0.844975543793 3.36298756364 8.47606958421 5.50047193712 3.19001479761 8.90820402617 7.00149286931 9.57953403558 8.00741030191 0.893021735491 2.27219672978 3.13332326982 7.84593394428 1.28183420382 4.87901969273 5.7101285562 9.99645109548
105 1260 2.63606230709 0 -2.414735 0.416001444881 2.08049429005 6.7086310981 3.58770339158 1.67965415669 9.98367975353 6.85845540666 6.21271114116 9.55569274043 0.382828632772 1.41181673598 6.30995768338 9.45899938265 5.93240075665 3.84167895676 8.43679987101 9.23905931798
106 1272 2.71167749698 0 -4.83578433333 2.5095578798 5.79688379468 9.77904570692 7.05891913746 2.47735279173 9.99199328569 2.73238986054 9.3296808864 8.28618950514 0.973104594493 0.0241250727816 6.8643217618 9.49136576074 3.2451381825 4.21761323393 5.21541123913 9.63401504351
107 1284 2.7459464113 0 -4.217967 1.58334378768 6.27236398755 9.8062887547 6.95018365738 1.03734169962 8.01007048414 4.94952415603 8.28025395384 7.51940618788 0.00937758000135 0.133106536451 8.08013909723 9.63708611833 4.18629653699 4.48913131263 5.04919037305 9.99840339132
108 1296 2.78572133295 0 -4.62976533333 1.48427959923 7.79132364024 9.0335542037 5.73819637095 1.53880943101 7.21815990853 5.97515661728 5.70823848661 6.017084762 0.0906075221728 0.463800916738 9.96029432661 9.16367976195 5.86528957501 3.52972511757 4.62935916694 6.19196421268
109 1308 2.54480786703 0 -3.35552533333 2.41062422205 5.52145721468 9.98805578777 8.0631528673 0.442741519575 9.27498392284 5.86118563035 9.81786175588 8.3455814902 0.0220576589197 1.62705066219 7.32333920371 8.5671880371 2.11131829315 0.306707155461 5.72063405977 9.74876696015
110 1320 2.42070730311 0 -4.549571 4.70293394063 3.59247177358 7.98626470134 7.66452023698 0.657508317947 8.08097488124 4.43083598399 9.99904427671 9.97244444087 1.10521063693 4.3008693491 3.55175075491 9.49903546284 2.03240312407 4.56390402127 6.49964811275 8.7524859948
111 1332 2.28613520718 0 -3.882168 3.03170086319 5.78568166664 8.80938412612 7.65745167117 0.029828344134 9.63940370456 7.94349937105 9.94651825248 8.38185838073 0.983244173113 1.07437093317 7.44733161085 9.30943440533 1.63593648547 5.77235552716 8.36843189756 9.15768933653
112 1344 2.25266435691 0 -5.66149873333 1.90225026323 6.22295300555 8.56919070299 8.7340779227 4.85302679757 9.94228120844 5.18761071887 9.99874596456 8.07437195548 2.25180795002 1.43014238177 9.18983285825 8.38540400209 2.66668728521 1.81438360512 6.49357803994 9.85466906886
113 1356 2.15142340443 0 -4.47900713333 5.56004887346 4.36884534949 6.13748057409 8.65557547368 1.85786691423 7.59758440923 4.47991739934 8.50809580133 9.99115842166 0.442575605123 3.99603761282 8.08785156566 8.72378271107 0.816773192856 1.59631417754 8.85444734416 8.39924590993
114 1368 2.00097634341 0 -4.365768 1.53058552334 3.87940876105 9.9269872361 7.50902303977 0.0238502705807 8.54876279988 9.0307970351 8.75563397265 8.57025308666 1.09751377547 1.03048889968 7.25814599673 9.64939141163 3.16339194969 4.80910458863 7.72171544725 9.79051173536
115 1380 1.90912640559 0 -3.54806166667 1.46207147104 4.1775472638 8.8205439361 3.08096055741 0.754862878028 9.27594078231 9.43062231483 9.80805261419 9.9662677732 0.702839992262 0.768061625366 9.69498189544 9.7227607423 4.46742653644 0.135207652651 8.57786928404 8.45374129351
116 1392 1.97058835611 0 -4.21445 0.308431872301 6.07162966789 6.6277757749 6.2023410913 1.64532675694 9.99530730756 5.12224952205 6.07801995238 8.75571973288 1.27639963149 1.43565954762 9.37485154836 9.01677405397 5.44617402592 0.409530066919 9.89068980994 8.29451385311
117 1404 2.04269387496 0 -4.21987 0.631353897372 6.01769117082 9.41045974158 6.1551677263 2.18425700485 7.4174217755 5.61306402939 4.30609264666 9.13200526192 1.15371153271 1.05965408477 9.99090560369 9.54876840535 3.73797032311 1.59579105251 8.94929263402 9.99221912939
118 1416 2.04785777387 0 -4.45181466667 2.35032545348 6.15551100197 9.65483135993 4.89599899051 2.82517906268 6.93800851863 6.79432620143 4.4549479279 9.99809598697 0.206458470515 1.70839424879 9.68283343941 9.8050679074 1.79038788686 1.01059624319 9.70124151932 9.59579355555
119 1428 2.05981934989 0 -4.72533063333 3.2233341325 1.63254239814 7.00343444405 4.09814845015 1.88453684316 9.16124819834 6.51120046966 5.56642870464 9.96739844612 1.550305676 0.798484667117 8.33734615472 8.72490978825 4.10525962146 3.31956876029 9.76708241741 4.58641934339
120 1440 2.03277677327 0 -3.20458666667 2.93618747978 6.32373049332 8.76325593706 5.32054387388 0.772061588777 7.88877719992 5.79783832336 6.66027526823 9.81064492109 0.93880828791 1.75479381838 9.98504308221 8.05219519365 2.66028708908 2.43384280238 8.88743585919 8.55506383809
121 1452 2.0174616746 0 -2.60322466667 3.93565866081 6.39983920894 8.19630535352 4.44318100701 3.67481392212 9.43377741495 2.58720079867 5.51622435195 9.83014566384 0.988482235721 2.70909816182 9.98679916604 9.87614239755 4.70336441555 0.359891765441 9.99308769478 7.17512881243
122 1464 2.00892970237 0 -5.02561133333 1.05947194563 4.28131328725 8.4601175788 7.52997753269 1.25482053687 9.88664081492 3.23681043263 5.29107214923 8.94137290376 0.659413561303 1.80910256931 6.86038235345 8.92102221896 2.10738308182 2.95947238889 7.58542420658 9.32423391119
