% # columns="iteration, evaluation, min max(neg(.)) min(pos(.)) max correlation, correlation matrix principle axes lengths  (sorted square roots of eigenvalues of correlation matrix)", seed=16, Mon Jan 29 15:07:09 2018
1 12 -0.0207435440184 -0.000130551398311 8.36342066139e-05 0.0225457892987 1 1 1 1 1 1 1 1 1 1 1 1 1 1 1 1 1
2 24 -0.0349443069313 -8.76053295225e-05 0.000429959999263 0.050479182246 1 1 1 1 1 1 1 1 1 1 1 1 1 1 1 1 1
3 36 -0.0439327714501 -0.000608628582848 1.76452806847e-05 0.0619918028824 1 1 1 1 1 1 1 1 1 1 1 1 1 1 1 1 1
4 48 -0.0626174373145 -0.000347856710015 0.00106745595555 0.0800250350808 1 1 1 1 1 1 1 1 1 1 1 1 1 1 1 1 1
5 60 -0.0846815597459 -0.000422546389206 0.000413251014342 0.075668928102 1 1 1 1 1 1 1 1 1 1 1 1 1 1 1 1 1
6 72 -0.0968779001195 -0.000580206240013 7.81675538541e-06 0.0770139162711 1 1 1 1 1 1 1 1 1 1 1 1 1 1 1 1 1
7 84 -0.105426753823 -9.89650792082e-06 0.000182053350624 0.0828424903809 1 1 1 1 1 1 1 1 1 1 1 1 1 1 1 1 1
8 96 -0.116828429664 -8.72879583503e-05 0.000452101666104 0.0932946661746 1 1 1 1 1 1 1 1 1 1 1 1 1 1 1 1 1
9 108 -0.117882472809 -0.000788530446648 0.000189888579135 0.102448331095 1 1 1 1 1 1 1 1 1 1 1 1 1 1 1 1 1
10 120 -0.129391737811 -0.000325830866527 0.00108980815511 0.111196919172 1 1 1 1 1 1 1 1 1 1 1 1 1 1 1 1 1
11 132 -0.146348981605 -0.0011958843209 0.00314536830514 0.137998914758 1 1 1 1 1 1 1 1 1 1 1 1 1 1 1 1 1
12 144 -0.149475957984 -0.000431615101867 0.000125183163461 0.154548963372 1 1 1 1 1 1 1 1 1 1 1 1 1 1 1 1 1
13 156 -0.155241197664 -0.00158404829452 0.00148964344462 0.164863963018 1 1 1 1 1 1 1 1 1 1 1 1 1 1 1 1 1
14 168 -0.166426388732 -9.54976120589e-05 0.0004382518317 0.168840972815 1 1 1 1 1 1 1 1 1 1 1 1 1 1 1 1 1
15 180 -0.163833787111 -0.000349260046756 5.94343147477e-05 0.181007613253 1 1 1 1 1 1 1 1 1 1 1 1 1 1 1 1 1
16 192 -0.163761953603 -0.00179047358826 0.000844890933093 0.176134247724 1 1 1 1 1 1 1 1 1 1 1 1 1 1 1 1 1
17 204 -0.168941084858 -5.89103732458e-05 0.00204290583261 0.17336414648 1 1 1 1 1 1 1 1 1 1 1 1 1 1 1 1 1
18 216 -0.181926920701 -0.00334046733673 0.00028594918384 0.192538669059 1 1 1 1 1 1 1 1 1 1 1 1 1 1 1 1 1
19 228 -0.195404500991 -0.00162458007821 0.00134180617992 0.191220464864 1 1 1 1 1 1 1 1 1 1 1 1 1 1 1 1 1
20 240 -0.195952511381 -0.000824934824621 0.00193330738888 0.183372028818 1 1 1 1 1 1 1 1 1 1 1 1 1 1 1 1 1
21 252 -0.203301651436 -0.000240017292413 0.000773555195006 0.193849019926 1 1 1 1 1 1 1 1 1 1 1 1 1 1 1 1 1
22 264 -0.190612586612 -5.14815814298e-05 0.000316752784043 0.183202732184 1 1 1 1 1 1 1 1 1 1 1 1 1 1 1 1 1
23 276 -0.20340700877 -0.00041663322224 0.00176757332012 0.188299806602 1 1 1 1 1 1 1 1 1 1 1 1 1 1 1 1 1
24 288 -0.202309197927 -0.00107440034539 0.000679896216679 0.186935351526 1 1 1 1 1 1 1 1 1 1 1 1 1 1 1 1 1
25 300 -0.193351125651 -0.000955953949606 0.000825928584481 0.188092937441 1 1 1 1 1 1 1 1 1 1 1 1 1 1 1 1 1
26 312 -0.199100327145 -0.00138244308301 0.0053399092237 0.185926741634 1 1 1 1 1 1 1 1 1 1 1 1 1 1 1 1 1
27 324 -0.211808527525 -0.00087313690503 6.58031553688e-05 0.177267635347 1 1 1 1 1 1 1 1 1 1 1 1 1 1 1 1 1
28 336 -0.205863010049 -0.00217725443973 0.000919383825076 0.178333455066 1 1 1 1 1 1 1 1 1 1 1 1 1 1 1 1 1
29 348 -0.196133846881 -0.000340774802883 0.00280010209022 0.165957390621 1 1 1 1 1 1 1 1 1 1 1 1 1 1 1 1 1
30 360 -0.194798715424 -0.000500982073409 0.00113025521479 0.18259329309 1 1 1 1 1 1 1 1 1 1 1 1 1 1 1 1 1
31 372 -0.193481248112 -0.00236037786568 0.00305983070197 0.176008709978 1 1 1 1 1 1 1 1 1 1 1 1 1 1 1 1 1
32 384 -0.187739969638 -0.00233897453112 0.00475409629734 0.181557585386 1 1 1 1 1 1 1 1 1 1 1 1 1 1 1 1 1
33 396 -0.188633139565 -0.000727965642566 0.000692699949308 0.187819787749 1 1 1 1 1 1 1 1 1 1 1 1 1 1 1 1 1
34 408 -0.185018788413 -0.000671584663569 0.00276690296012 0.198577610742 1 1 1 1 1 1 1 1 1 1 1 1 1 1 1 1 1
35 420 -0.196957452752 -0.00016698341646 0.000503140902755 0.178009584669 1 1 1 1 1 1 1 1 1 1 1 1 1 1 1 1 1
36 432 -0.219001866688 -0.0018464300058 0.000337386115063 0.181596869853 1 1 1 1 1 1 1 1 1 1 1 1 1 1 1 1 1
37 444 -0.212798970589 -8.25606844813e-05 0.00589871608395 0.198811693416 1 1 1 1 1 1 1 1 1 1 1 1 1 1 1 1 1
38 456 -0.221964416825 -0.00237450693465 0.0054547723767 0.197776807934 1 1 1 1 1 1 1 1 1 1 1 1 1 1 1 1 1
39 468 -0.237127160659 -0.00533248511311 0.00046866180119 0.202756267128 1 1 1 1 1 1 1 1 1 1 1 1 1 1 1 1 1
40 480 -0.240250794143 -0.00225336506391 0.000607305246464 0.212728205907 1 1 1 1 1 1 1 1 1 1 1 1 1 1 1 1 1
41 492 -0.252611223172 -0.000592289685641 0.000274280253995 0.22609250964 1 1 1 1 1 1 1 1 1 1 1 1 1 1 1 1 1
42 504 -0.261711254816 -0.000625891079992 0.00480099401268 0.229553118317 1 1 1 1 1 1 1 1 1 1 1 1 1 1 1 1 1
43 516 -0.253107191221 -0.00255746068841 0.000187419216988 0.242548719851 1 1 1 1 1 1 1 1 1 1 1 1 1 1 1 1 1
44 528 -0.27333643669 -0.00201024056537 1.8172675485e-05 0.229036201503 1 1 1 1 1 1 1 1 1 1 1 1 1 1 1 1 1
45 540 -0.276062686819 -0.00618677640482 0.00304279045496 0.239833265823 1 1 1 1 1 1 1 1 1 1 1 1 1 1 1 1 1
46 552 -0.286884689752 -0.00141893813667 0.00240324905507 0.25503271894 1 1 1 1 1 1 1 1 1 1 1 1 1 1 1 1 1
47 564 -0.296453104716 -0.00281395434968 0.000948341844217 0.268574822886 1 1 1 1 1 1 1 1 1 1 1 1 1 1 1 1 1
48 576 -0.306798324845 -0.00259918846017 0.00170671827316 0.265078566189 1 1 1 1 1 1 1 1 1 1 1 1 1 1 1 1 1
49 588 -0.306678213419 -0.000728190553982 0.0109647734812 0.2753627497 1 1 1 1 1 1 1 1 1 1 1 1 1 1 1 1 1
50 600 -0.298795399997 -0.00265112295107 9.04110935471e-05 0.273981757998 1 1 1 1 1 1 1 1 1 1 1 1 1 1 1 1 1
51 612 -0.293761656142 -0.00196482768194 0.00114719702375 0.270936205589 1 1 1 1 1 1 1 1 1 1 1 1 1 1 1 1 1
52 624 -0.303707276571 -0.00218185446547 0.00248648585475 0.272190289372 1 1 1 1 1 1 1 1 1 1 1 1 1 1 1 1 1
53 636 -0.304968707311 -0.00214929149852 0.00287554482966 0.259639050804 1 1 1 1 1 1 1 1 1 1 1 1 1 1 1 1 1
54 648 -0.312563980745 -0.000949520865642 0.00180113622052 0.26001694962 1 1 1 1 1 1 1 1 1 1 1 1 1 1 1 1 1
55 660 -0.32798444477 -0.00198065222642 0.000210017062665 0.248841558695 1 1 1 1 1 1 1 1 1 1 1 1 1 1 1 1 1
56 672 -0.333026271902 -0.00381589119061 6.79226420869e-05 0.239794664688 1 1 1 1 1 1 1 1 1 1 1 1 1 1 1 1 1
57 684 -0.341587775072 -0.00625306157132 0.000133374191334 0.248402229138 1 1 1 1 1 1 1 1 1 1 1 1 1 1 1 1 1
58 696 -0.348623353006 -0.00564812809123 0.000901616480038 0.25846166718 1 1 1 1 1 1 1 1 1 1 1 1 1 1 1 1 1
59 708 -0.356359959586 -0.000963268286901 0.00457912415638 0.250713305304 1 1 1 1 1 1 1 1 1 1 1 1 1 1 1 1 1
60 720 -0.359746112848 -0.0122104449789 0.0021006343217 0.251449930333 1 1 1 1 1 1 1 1 1 1 1 1 1 1 1 1 1
61 732 -0.360356141858 -0.00141166917396 6.98852438401e-05 0.254176299458 1 1 1 1 1 1 1 1 1 1 1 1 1 1 1 1 1
62 744 -0.363275808339 -0.000721462778506 0.001596341117 0.254070629679 1 1 1 1 1 1 1 1 1 1 1 1 1 1 1 1 1
63 756 -0.369402564734 -0.000180215747314 0.00101567057548 0.260286137606 1 1 1 1 1 1 1 1 1 1 1 1 1 1 1 1 1
64 768 -0.363648296969 -0.0015214338308 4.94085494439e-05 0.259998843979 1 1 1 1 1 1 1 1 1 1 1 1 1 1 1 1 1
65 780 -0.35892816463 -0.00657291659039 0.00840859997304 0.255762547416 1 1 1 1 1 1 1 1 1 1 1 1 1 1 1 1 1
66 792 -0.367116054338 -0.000345608879756 0.002401687954 0.246105610265 1 1 1 1 1 1 1 1 1 1 1 1 1 1 1 1 1
67 804 -0.36446663458 -0.00054190727918 0.00105174905444 0.275797474377 1 1 1 1 1 1 1 1 1 1 1 1 1 1 1 1 1
68 816 -0.360669697944 -0.000225361243298 0.000815018109785 0.282373748934 1 1 1 1 1 1 1 1 1 1 1 1 1 1 1 1 1
69 828 -0.386593685621 -0.0022784490506 0.00287259576985 0.2757513446 1 1 1 1 1 1 1 1 1 1 1 1 1 1 1 1 1
70 840 -0.384989645026 -0.000321455103317 0.00149617163139 0.247900983095 1 1 1 1 1 1 1 1 1 1 1 1 1 1 1 1 1
71 852 -0.394699462565 -0.0053378646409 9.50446112018e-05 0.251725354046 1 1 1 1 1 1 1 1 1 1 1 1 1 1 1 1 1
72 864 -0.394173292622 -0.00682814938343 0.00224917969445 0.249660597051 1 1 1 1 1 1 1 1 1 1 1 1 1 1 1 1 1
73 876 -0.399397146968 -0.00151080317666 0.00315857672431 0.267383657651 1 1 1 1 1 1 1 1 1 1 1 1 1 1 1 1 1
74 888 -0.425605055664 -0.00742339115087 0.00301169937859 0.278619107754 1 1 1 1 1 1 1 1 1 1 1 1 1 1 1 1 1
75 900 -0.428714207937 -0.00662574103132 0.000311384004995 0.278700487819 1 1 1 1 1 1 1 1 1 1 1 1 1 1 1 1 1
76 912 -0.435663720319 -0.00209670873013 0.00871930002515 0.303076210713 1 1 1 1 1 1 1 1 1 1 1 1 1 1 1 1 1
77 924 -0.437778316786 -0.00123420092652 0.000661291723985 0.323603196298 1 1 1 1 1 1 1 1 1 1 1 1 1 1 1 1 1
78 936 -0.439335728195 -0.00181355883917 0.00107520335487 0.335918049285 1 1 1 1 1 1 1 1 1 1 1 1 1 1 1 1 1
79 948 -0.430645490526 -0.000265690591926 0.00393947568516 0.343877310221 1 1 1 1 1 1 1 1 1 1 1 1 1 1 1 1 1
80 960 -0.435961129908 -0.00602483296477 0.00134452322096 0.348884759175 1 1 1 1 1 1 1 1 1 1 1 1 1 1 1 1 1
81 972 -0.443645512924 -0.00519691635823 0.0062912688646 0.36026227344 1 1 1 1 1 1 1 1 1 1 1 1 1 1 1 1 1
82 984 -0.453227408331 -0.00068570031067 0.000906752505401 0.35861424547 1 1 1 1 1 1 1 1 1 1 1 1 1 1 1 1 1
83 996 -0.462842450566 -0.00338215271809 0.00275705697811 0.332426691808 1 1 1 1 1 1 1 1 1 1 1 1 1 1 1 1 1
84 1008 -0.48193111358 -0.00469469677196 0.000359691737287 0.336181262787 1 1 1 1 1 1 1 1 1 1 1 1 1 1 1 1 1
85 1020 -0.474763007606 -0.000212477704485 0.00500593684927 0.341948174275 1 1 1 1 1 1 1 1 1 1 1 1 1 1 1 1 1
86 1032 -0.491265122768 -0.000894873545363 0.000238971566696 0.346044262697 1 1 1 1 1 1 1 1 1 1 1 1 1 1 1 1 1
87 1044 -0.51335699533 -0.00412573243938 0.000765837576467 0.345073815852 1 1 1 1 1 1 1 1 1 1 1 1 1 1 1 1 1
88 1056 -0.523407077751 -0.00192393329333 0.00124217847526 0.35342005481 1 1 1 1 1 1 1 1 1 1 1 1 1 1 1 1 1
89 1068 -0.525050683177 -0.00129186521109 0.00118383662696 0.365030721946 1 1 1 1 1 1 1 1 1 1 1 1 1 1 1 1 1
90 1080 -0.532088771552 -0.000393346806044 0.00241510659354 0.375128979064 1 1 1 1 1 1 1 1 1 1 1 1 1 1 1 1 1
91 1092 -0.528536836386 -4.65596079409e-05 9.07834001564e-05 0.375006947369 1 1 1 1 1 1 1 1 1 1 1 1 1 1 1 1 1
92 1104 -0.534140731924 -0.00329529549608 0.00731310655346 0.371149163598 1 1 1 1 1 1 1 1 1 1 1 1 1 1 1 1 1
93 1116 -0.535641400363 -0.00100317717305 0.00222722254889 0.373819403155 1 1 1 1 1 1 1 1 1 1 1 1 1 1 1 1 1
94 1128 -0.536935668863 -0.00554149304214 0.00371027130545 0.387971992926 1 1 1 1 1 1 1 1 1 1 1 1 1 1 1 1 1
95 1140 -0.540066901098 -0.000330861788882 0.0102887580366 0.398618444274 1 1 1 1 1 1 1 1 1 1 1 1 1 1 1 1 1
96 1152 -0.545586294828 -0.000858930115198 0.000704542539729 0.402576351639 1 1 1 1 1 1 1 1 1 1 1 1 1 1 1 1 1
97 1164 -0.539547506516 -0.000518395519799 0.000366880884891 0.407234918683 1 1 1 1 1 1 1 1 1 1 1 1 1 1 1 1 1
98 1176 -0.53953233385 -0.00386771828353 0.00052722618192 0.409371929128 1 1 1 1 1 1 1 1 1 1 1 1 1 1 1 1 1
99 1188 -0.538911453132 -0.00126162624368 0.000941018984495 0.393266898828 1 1 1 1 1 1 1 1 1 1 1 1 1 1 1 1 1
100 1200 -0.546424845187 -0.00137015309249 0.000351109458313 0.389711290531 1 1 1 1 1 1 1 1 1 1 1 1 1 1 1 1 1
101 1212 -0.556607724985 -0.00243432585335 0.001059979288 0.401588282609 1 1 1 1 1 1 1 1 1 1 1 1 1 1 1 1 1
102 1224 -0.562314710649 -0.0028744484719 0.00119871678865 0.395908379423 1 1 1 1 1 1 1 1 1 1 1 1 1 1 1 1 1
103 1236 -0.56848907764 -0.00113855226326 0.00298749603165 0.40944433259 1 1 1 1 1 1 1 1 1 1 1 1 1 1 1 1 1
104 1248 -0.569923498691 -0.00327730842755 0.00320282022214 0.424654472814 1 1 1 1 1 1 1 1 1 1 1 1 1 1 1 1 1
105 1260 -0.567858395011 -0.000415447035185 0.00217419462158 0.437040312791 1 1 1 1 1 1 1 1 1 1 1 1 1 1 1 1 1
106 1272 -0.567650857317 -0.000371524866654 0.000784312948792 0.443976481417 1 1 1 1 1 1 1 1 1 1 1 1 1 1 1 1 1
107 1284 -0.559425432944 -0.000590339321174 0.00333889333886 0.446738473328 1 1 1 1 1 1 1 1 1 1 1 1 1 1 1 1 1
108 1296 -0.571709299481 -0.00126416074468 0.00272732683573 0.456566976828 1 1 1 1 1 1 1 1 1 1 1 1 1 1 1 1 1
109 1308 -0.574493909817 -0.00266701524395 0.00206116688456 0.452305211672 1 1 1 1 1 1 1 1 1 1 1 1 1 1 1 1 1
110 1320 -0.562691151873 -0.00344175390127 0.00804658666877 0.457130719034 1 1 1 1 1 1 1 1 1 1 1 1 1 1 1 1 1
111 1332 -0.570950285095 -0.00558094643195 0.00186418363596 0.452924015155 1 1 1 1 1 1 1 1 1 1 1 1 1 1 1 1 1
112 1344 -0.580305031979 -0.000569562321691 0.0024980597023 0.441178284256 1 1 1 1 1 1 1 1 1 1 1 1 1 1 1 1 1
113 1356 -0.586694706833 -0.00113777362531 0.0016659614714 0.431922031723 1 1 1 1 1 1 1 1 1 1 1 1 1 1 1 1 1
114 1368 -0.594200596355 -0.00119511584617 0.00155920966611 0.421205802359 1 1 1 1 1 1 1 1 1 1 1 1 1 1 1 1 1
115 1380 -0.589260601634 -0.00346924499028 0.0116074209741 0.41945183179 1 1 1 1 1 1 1 1 1 1 1 1 1 1 1 1 1
116 1392 -0.59158634147 -0.00204465172294 0.0072686109729 0.415583151037 1 1 1 1 1 1 1 1 1 1 1 1 1 1 1 1 1
117 1404 -0.586560700184 -0.00492923704383 0.00685648201295 0.417637577131 1 1 1 1 1 1 1 1 1 1 1 1 1 1 1 1 1
118 1416 -0.577476235731 -0.0102816290284 0.00524413489575 0.403012735381 1 1 1 1 1 1 1 1 1 1 1 1 1 1 1 1 1
119 1428 -0.569270202207 -0.0147273569458 0.00145897420133 0.415423672777 1 1 1 1 1 1 1 1 1 1 1 1 1 1 1 1 1
120 1440 -0.565084337212 -0.000416104895555 0.00109035700644 0.400903107331 1 1 1 1 1 1 1 1 1 1 1 1 1 1 1 1 1
121 1452 -0.568762532614 -0.000436373705011 0.00295590345849 0.412317672198 1 1 1 1 1 1 1 1 1 1 1 1 1 1 1 1 1
122 1464 -0.56759767162 -0.00126249052794 0.00314761582163 0.397621981327 1 1 1 1 1 1 1 1 1 1 1 1 1 1 1 1 1
123 1476 -0.57543477147 -0.00165057933502 0.00429403786282 0.400282283756 1 1 1 1 1 1 1 1 1 1 1 1 1 1 1 1 1
124 1488 -0.580519826288 -0.00716941008429 0.000146309178172 0.382144654859 1 1 1 1 1 1 1 1 1 1 1 1 1 1 1 1 1
125 1500 -0.567771381586 -0.010630829766 0.00516450028218 0.394826148284 1 1 1 1 1 1 1 1 1 1 1 1 1 1 1 1 1
126 1512 -0.57835881799 -0.00135889898602 5.07529701363e-05 0.405747845356 1 1 1 1 1 1 1 1 1 1 1 1 1 1 1 1 1
127 1524 -0.587091473718 -0.00596618347795 0.00749149459662 0.404657750071 1 1 1 1 1 1 1 1 1 1 1 1 1 1 1 1 1
128 1536 -0.588997676453 -0.000955482184679 0.00137618391784 0.40934683797 1 1 1 1 1 1 1 1 1 1 1 1 1 1 1 1 1
129 1548 -0.58676583003 -0.000577424658161 0.000319577538192 0.425454796995 1 1 1 1 1 1 1 1 1 1 1 1 1 1 1 1 1
130 1560 -0.585573394687 -0.00353098258171 0.00439356202203 0.429951348938 1 1 1 1 1 1 1 1 1 1 1 1 1 1 1 1 1
131 1572 -0.58875292463 -0.00253586960793 0.000411552670055 0.434970359632 1 1 1 1 1 1 1 1 1 1 1 1 1 1 1 1 1
132 1584 -0.579317604282 -0.00139159869338 0.0005234362852 0.43907361329 1 1 1 1 1 1 1 1 1 1 1 1 1 1 1 1 1
133 1596 -0.591949081894 -0.0105772729444 0.00066222064497 0.44555006638 1 1 1 1 1 1 1 1 1 1 1 1 1 1 1 1 1
134 1608 -0.587935311871 -0.00792848540328 0.00343659747737 0.444180088658 1 1 1 1 1 1 1 1 1 1 1 1 1 1 1 1 1
135 1620 -0.593347888823 -0.00291641425826 6.5234955156e-05 0.446112439164 1 1 1 1 1 1 1 1 1 1 1 1 1 1 1 1 1
136 1632 -0.590991366835 -0.00498866042951 0.00119404987533 0.447024221613 1 1 1 1 1 1 1 1 1 1 1 1 1 1 1 1 1
137 1644 -0.593625121764 -0.00660915824523 6.74664051535e-05 0.441577366146 1 1 1 1 1 1 1 1 1 1 1 1 1 1 1 1 1
138 1656 -0.587316390905 -1.35232988432e-05 0.00473507805567 0.431086264504 1 1 1 1 1 1 1 1 1 1 1 1 1 1 1 1 1
139 1668 -0.583360626948 -0.00458819044967 0.000897403583866 0.42629422197 1 1 1 1 1 1 1 1 1 1 1 1 1 1 1 1 1
140 1680 -0.584251277108 -0.00117934054855 0.000160785964996 0.440099821491 1 1 1 1 1 1 1 1 1 1 1 1 1 1 1 1 1
141 1692 -0.596498889444 -0.000809644938553 0.00332993857917 0.429743849399 1 1 1 1 1 1 1 1 1 1 1 1 1 1 1 1 1
142 1704 -0.599896760825 -0.00139642410761 0.00541446318879 0.448846400105 1 1 1 1 1 1 1 1 1 1 1 1 1 1 1 1 1
143 1716 -0.604024838908 -0.00616056501754 0.00949948599284 0.45888429767 1 1 1 1 1 1 1 1 1 1 1 1 1 1 1 1 1
144 1728 -0.604756486013 -0.000303747295328 0.00527775484084 0.44947370106 1 1 1 1 1 1 1 1 1 1 1 1 1 1 1 1 1
145 1740 -0.608424211942 -0.00287725301261 4.8709693438e-05 0.447946279557 1 1 1 1 1 1 1 1 1 1 1 1 1 1 1 1 1
146 1752 -0.627885283237 -0.000852830621624 0.000790011096355 0.454390919701 1 1 1 1 1 1 1 1 1 1 1 1 1 1 1 1 1
147 1764 -0.63971424014 -0.0012281744755 0.00228971352295 0.446637841844 1 1 1 1 1 1 1 1 1 1 1 1 1 1 1 1 1
148 1776 -0.645878475503 -0.00169707238278 0.00253813497984 0.441457278619 1 1 1 1 1 1 1 1 1 1 1 1 1 1 1 1 1
149 1788 -0.640435601546 -0.00324895914407 0.00245265552931 0.430927024675 1 1 1 1 1 1 1 1 1 1 1 1 1 1 1 1 1
150 1800 -0.640012270608 -0.00104517402674 0.00189230982732 0.423620177585 1 1 1 1 1 1 1 1 1 1 1 1 1 1 1 1 1
151 1812 -0.647010851659 -0.0091476579266 0.000187385239018 0.43230502155 1 1 1 1 1 1 1 1 1 1 1 1 1 1 1 1 1
152 1824 -0.651106145607 -0.005778569859 0.00484318795077 0.430060306405 1 1 1 1 1 1 1 1 1 1 1 1 1 1 1 1 1
153 1836 -0.660283309253 -0.00113684809916 0.00402305354785 0.44767323292 1 1 1 1 1 1 1 1 1 1 1 1 1 1 1 1 1
154 1848 -0.671869413917 -4.48416347551e-05 3.29548183609e-05 0.447301990399 1 1 1 1 1 1 1 1 1 1 1 1 1 1 1 1 1
155 1860 -0.665701191587 -0.0073164880614 0.00447449919784 0.428579581411 1 1 1 1 1 1 1 1 1 1 1 1 1 1 1 1 1
156 1872 -0.666742461972 -0.00488558965241 0.00230100801523 0.419123690479 1 1 1 1 1 1 1 1 1 1 1 1 1 1 1 1 1
157 1884 -0.668851939475 -0.00182841583204 0.00824180481801 0.427154690684 1 1 1 1 1 1 1 1 1 1 1 1 1 1 1 1 1
158 1896 -0.669395999353 -0.00623011500046 0.00185606269787 0.441811866486 1 1 1 1 1 1 1 1 1 1 1 1 1 1 1 1 1
159 1908 -0.658913795411 -0.00506944875413 7.51101108168e-05 0.435927804464 1 1 1 1 1 1 1 1 1 1 1 1 1 1 1 1 1
160 1920 -0.64480562538 -0.00600991804237 0.000136661041491 0.438311757853 1 1 1 1 1 1 1 1 1 1 1 1 1 1 1 1 1
161 1932 -0.643807864503 -0.00331561661531 0.00308247865183 0.444190537694 1 1 1 1 1 1 1 1 1 1 1 1 1 1 1 1 1
162 1944 -0.638383195591 -5.73220887272e-05 0.000568910688938 0.43863469789 1 1 1 1 1 1 1 1 1 1 1 1 1 1 1 1 1
163 1956 -0.634631753757 -0.00180325328722 2.89139781794e-05 0.437094509664 1 1 1 1 1 1 1 1 1 1 1 1 1 1 1 1 1
164 1968 -0.633864373298 -0.00227024948949 0.00503530071593 0.441831516334 1 1 1 1 1 1 1 1 1 1 1 1 1 1 1 1 1
165 1980 -0.629493914358 -0.00181940197118 0.00320784750159 0.458347229991 1 1 1 1 1 1 1 1 1 1 1 1 1 1 1 1 1
166 1992 -0.632560104536 -0.0073517212079 0.00280415422057 0.472801642294 1 1 1 1 1 1 1 1 1 1 1 1 1 1 1 1 1
167 2004 -0.618544398617 -0.0024002708998 0.00323867076429 0.479083433922 1 1 1 1 1 1 1 1 1 1 1 1 1 1 1 1 1
168 2016 -0.612425798959 -0.00114903364683 0.00920983013912 0.48463474043 1 1 1 1 1 1 1 1 1 1 1 1 1 1 1 1 1
169 2028 -0.587490508158 -0.00535333693055 0.00153056775583 0.496383565112 1 1 1 1 1 1 1 1 1 1 1 1 1 1 1 1 1
170 2040 -0.584818402427 -0.00702147739123 0.00144209050487 0.480843569863 1 1 1 1 1 1 1 1 1 1 1 1 1 1 1 1 1
171 2052 -0.592818364164 -0.00583263128145 0.00280350474488 0.474075663775 1 1 1 1 1 1 1 1 1 1 1 1 1 1 1 1 1
172 2064 -0.581063983571 -0.00204726545521 0.00279249734115 0.471944435093 1 1 1 1 1 1 1 1 1 1 1 1 1 1 1 1 1
173 2076 -0.553092384519 -0.000214226417297 0.00852365286899 0.480705881527 1 1 1 1 1 1 1 1 1 1 1 1 1 1 1 1 1
174 2088 -0.544155305424 -0.00287670057713 0.00114529396269 0.484317817037 1 1 1 1 1 1 1 1 1 1 1 1 1 1 1 1 1
175 2100 -0.559213650136 -0.00122473646227 0.00256641552928 0.464879702498 1 1 1 1 1 1 1 1 1 1 1 1 1 1 1 1 1
176 2112 -0.547338945423 -0.00049433249136 0.00335250289065 0.464435890086 1 1 1 1 1 1 1 1 1 1 1 1 1 1 1 1 1
177 2124 -0.544272634088 -0.00653404861412 0.0050495721324 0.462830445754 1 1 1 1 1 1 1 1 1 1 1 1 1 1 1 1 1
178 2136 -0.544378792501 -0.0114364601381 0.000953924951345 0.465656337982 1 1 1 1 1 1 1 1 1 1 1 1 1 1 1 1 1
179 2148 -0.544103004409 -0.000332778873283 0.000194926268503 0.467447279908 1 1 1 1 1 1 1 1 1 1 1 1 1 1 1 1 1
180 2160 -0.541264920332 -0.0124361892776 0.000532144788855 0.433900083394 1 1 1 1 1 1 1 1 1 1 1 1 1 1 1 1 1
181 2172 -0.535460404695 -0.00688714413288 0.00232896906714 0.422008285316 1 1 1 1 1 1 1 1 1 1 1 1 1 1 1 1 1
182 2184 -0.537889124447 -0.00859864470983 0.00274889149413 0.428273494249 1 1 1 1 1 1 1 1 1 1 1 1 1 1 1 1 1
183 2196 -0.549171005554 -0.000460297657155 0.0125553084031 0.425725186674 1 1 1 1 1 1 1 1 1 1 1 1 1 1 1 1 1
184 2208 -0.557233818788 -0.00306714519059 0.00227134518767 0.430526180281 1 1 1 1 1 1 1 1 1 1 1 1 1 1 1 1 1
185 2220 -0.56394547623 -0.00601403567738 0.000152186681935 0.414019904041 1 1 1 1 1 1 1 1 1 1 1 1 1 1 1 1 1
186 2232 -0.5656149639 -0.00218801338346 0.000152722313849 0.420025407621 1 1 1 1 1 1 1 1 1 1 1 1 1 1 1 1 1
187 2244 -0.568827317807 -0.000946000226951 0.00266309804192 0.433622509036 1 1 1 1 1 1 1 1 1 1 1 1 1 1 1 1 1
188 2256 -0.560567530426 -0.00149428240346 0.000235462030874 0.441648030383 1 1 1 1 1 1 1 1 1 1 1 1 1 1 1 1 1
189 2268 -0.546726725024 -0.00139540943442 0.00276126963449 0.448004309162 1 1 1 1 1 1 1 1 1 1 1 1 1 1 1 1 1
190 2280 -0.533029772436 -0.0118207933939 0.00241870287873 0.445612776868 1 1 1 1 1 1 1 1 1 1 1 1 1 1 1 1 1
191 2292 -0.522979056413 -0.0195246357662 0.0036512126715 0.443080357322 1 1 1 1 1 1 1 1 1 1 1 1 1 1 1 1 1
192 2304 -0.522142124976 -0.00438293850925 0.00822221676551 0.444305401135 1 1 1 1 1 1 1 1 1 1 1 1 1 1 1 1 1
193 2316 -0.518369117713 -0.0071763246373 0.0165780936551 0.433644622275 1 1 1 1 1 1 1 1 1 1 1 1 1 1 1 1 1
194 2328 -0.520836732144 -0.00181207695514 0.00258342613955 0.429831598291 1 1 1 1 1 1 1 1 1 1 1 1 1 1 1 1 1
195 2340 -0.527838154722 -0.0236628434586 0.000766741007842 0.436429847373 1 1 1 1 1 1 1 1 1 1 1 1 1 1 1 1 1
196 2352 -0.534714219586 -0.00163707842927 0.00154714208506 0.446353302586 1 1 1 1 1 1 1 1 1 1 1 1 1 1 1 1 1
197 2364 -0.551516499218 -0.0028268768482 0.00200538875908 0.458141299743 1 1 1 1 1 1 1 1 1 1 1 1 1 1 1 1 1
198 2376 -0.552069118844 -0.0084987574995 0.000562736503735 0.474727488127 1 1 1 1 1 1 1 1 1 1 1 1 1 1 1 1 1
199 2388 -0.554341515466 -0.00686409306905 0.000448609882628 0.488330138063 1 1 1 1 1 1 1 1 1 1 1 1 1 1 1 1 1
200 2400 -0.550062660318 -0.00786392125011 0.0010899883129 0.495013721515 1 1 1 1 1 1 1 1 1 1 1 1 1 1 1 1 1
201 2412 -0.542986762894 -0.00703626766324 0.000873255390583 0.494259941107 1 1 1 1 1 1 1 1 1 1 1 1 1 1 1 1 1
202 2424 -0.541816233476 -0.000983022353614 0.000344317083881 0.490375031396 1 1 1 1 1 1 1 1 1 1 1 1 1 1 1 1 1
203 2436 -0.544091136136 -0.00598083888315 0.00374259935573 0.497422415538 1 1 1 1 1 1 1 1 1 1 1 1 1 1 1 1 1
204 2448 -0.529942510678 -0.00495775526307 0.0170228917019 0.494688271874 1 1 1 1 1 1 1 1 1 1 1 1 1 1 1 1 1
205 2460 -0.5221141078 -0.000502669961339 0.0141458883087 0.492642898894 1 1 1 1 1 1 1 1 1 1 1 1 1 1 1 1 1
206 2472 -0.531313609304 -0.00867028062754 0.00115752270391 0.493930439059 1 1 1 1 1 1 1 1 1 1 1 1 1 1 1 1 1
207 2484 -0.537273278061 -0.00245623935043 0.000946679017217 0.492017901865 1 1 1 1 1 1 1 1 1 1 1 1 1 1 1 1 1
208 2496 -0.534526462528 -0.00254697457408 0.00161567028203 0.490227444752 1 1 1 1 1 1 1 1 1 1 1 1 1 1 1 1 1
209 2508 -0.523273133456 -0.00610299842478 0.00485171330384 0.500375634871 1 1 1 1 1 1 1 1 1 1 1 1 1 1 1 1 1
210 2520 -0.524094626653 -0.0140770091667 0.00426935212486 0.509403279331 1 1 1 1 1 1 1 1 1 1 1 1 1 1 1 1 1
211 2532 -0.515194357333 -0.00487005420852 0.00316867283781 0.506294846813 1 1 1 1 1 1 1 1 1 1 1 1 1 1 1 1 1
212 2544 -0.499023117267 -0.000499841108647 0.00407741963801 0.516188671944 1 1 1 1 1 1 1 1 1 1 1 1 1 1 1 1 1
213 2556 -0.499015513443 -0.00105599823062 0.00979853337545 0.521324631785 1 1 1 1 1 1 1 1 1 1 1 1 1 1 1 1 1
214 2568 -0.482475664008 -0.00381132769627 0.0113937566835 0.530089098068 1 1 1 1 1 1 1 1 1 1 1 1 1 1 1 1 1
215 2580 -0.475077727233 -0.00731175615212 0.0146110878609 0.532431023762 1 1 1 1 1 1 1 1 1 1 1 1 1 1 1 1 1
216 2592 -0.471068264035 -0.0118925128839 0.00292820721344 0.529566041982 1 1 1 1 1 1 1 1 1 1 1 1 1 1 1 1 1
217 2604 -0.478633367104 -0.0197892021488 0.00516710956306 0.526346711988 1 1 1 1 1 1 1 1 1 1 1 1 1 1 1 1 1
218 2616 -0.502715926986 -0.0141832024993 0.00787267362553 0.530343185352 1 1 1 1 1 1 1 1 1 1 1 1 1 1 1 1 1
219 2628 -0.499674274119 -0.00610785938057 0.0054746932286 0.5387619998 1 1 1 1 1 1 1 1 1 1 1 1 1 1 1 1 1
220 2640 -0.510624130681 -0.00757520260374 0.00895449559547 0.530446818995 1 1 1 1 1 1 1 1 1 1 1 1 1 1 1 1 1
221 2652 -0.517004632087 -0.003304702642 0.0179924545575 0.524638042574 1 1 1 1 1 1 1 1 1 1 1 1 1 1 1 1 1
222 2664 -0.527965864844 -0.00335663210852 0.0173688689995 0.532627154578 1 1 1 1 1 1 1 1 1 1 1 1 1 1 1 1 1
223 2676 -0.525432494113 -0.00293527548853 0.0168493988065 0.541166069839 1 1 1 1 1 1 1 1 1 1 1 1 1 1 1 1 1
224 2688 -0.521114098676 -0.00112208778896 0.00106458407312 0.552536407285 1 1 1 1 1 1 1 1 1 1 1 1 1 1 1 1 1
225 2700 -0.516599244589 -3.55340706758e-05 0.00143937225134 0.556121228894 1 1 1 1 1 1 1 1 1 1 1 1 1 1 1 1 1
226 2712 -0.517912516469 -0.0104474222764 0.0100408329267 0.564571046234 1 1 1 1 1 1 1 1 1 1 1 1 1 1 1 1 1
227 2724 -0.528024150085 -0.0131850617043 0.011902219257 0.547504517816 1 1 1 1 1 1 1 1 1 1 1 1 1 1 1 1 1
228 2736 -0.52300114768 -0.00689932005391 0.0125095764116 0.539338371486 1 1 1 1 1 1 1 1 1 1 1 1 1 1 1 1 1
229 2748 -0.517163591701 -0.00208017037968 0.00787274239157 0.536400397878 1 1 1 1 1 1 1 1 1 1 1 1 1 1 1 1 1
230 2760 -0.522748159604 -0.000466843991027 0.00789183250897 0.539320888316 1 1 1 1 1 1 1 1 1 1 1 1 1 1 1 1 1
231 2772 -0.535389821369 -0.00182556814607 0.00266760910154 0.530407885007 1 1 1 1 1 1 1 1 1 1 1 1 1 1 1 1 1
232 2784 -0.542870626469 -0.00442617135727 0.000349334866292 0.55507273657 1 1 1 1 1 1 1 1 1 1 1 1 1 1 1 1 1
233 2796 -0.536610148486 -0.00299784530384 0.0055648906768 0.543664773911 1 1 1 1 1 1 1 1 1 1 1 1 1 1 1 1 1
234 2808 -0.520989470147 -0.0192290114075 0.00748127469402 0.535911045451 1 1 1 1 1 1 1 1 1 1 1 1 1 1 1 1 1
235 2820 -0.529349108703 -0.014282462036 0.00679537586404 0.514985208123 1 1 1 1 1 1 1 1 1 1 1 1 1 1 1 1 1
236 2832 -0.534529972917 -0.00573306301131 0.0137956179094 0.501724617786 1 1 1 1 1 1 1 1 1 1 1 1 1 1 1 1 1
237 2844 -0.534136111714 -0.00747717993648 0.0134031711967 0.511296767112 1 1 1 1 1 1 1 1 1 1 1 1 1 1 1 1 1
238 2856 -0.533094321409 -0.00335172685034 0.0117574786178 0.515124305593 1 1 1 1 1 1 1 1 1 1 1 1 1 1 1 1 1
239 2868 -0.52973338575 -0.00476410015598 0.00688504802542 0.496761041189 1 1 1 1 1 1 1 1 1 1 1 1 1 1 1 1 1
240 2880 -0.536002500838 -0.0106856558389 0.000726394147883 0.502738631037 1 1 1 1 1 1 1 1 1 1 1 1 1 1 1 1 1
241 2892 -0.537112964147 -0.00768559147666 0.00891009956242 0.518687366225 1 1 1 1 1 1 1 1 1 1 1 1 1 1 1 1 1
242 2904 -0.539178552954 -0.0034965849469 0.0228350660682 0.505019334405 1 1 1 1 1 1 1 1 1 1 1 1 1 1 1 1 1
243 2916 -0.539451829052 -0.00619594363682 0.0160365561309 0.512031315178 1 1 1 1 1 1 1 1 1 1 1 1 1 1 1 1 1
244 2928 -0.542343692429 -0.00420210663935 0.00800445586665 0.512616582069 1 1 1 1 1 1 1 1 1 1 1 1 1 1 1 1 1
245 2940 -0.532403670042 -0.00395061655119 0.0104692890222 0.52513681422 1 1 1 1 1 1 1 1 1 1 1 1 1 1 1 1 1
246 2952 -0.529131843797 -0.00939266547495 0.00241479593145 0.522487381368 1 1 1 1 1 1 1 1 1 1 1 1 1 1 1 1 1
247 2964 -0.517070173204 -0.0129205570853 0.00915439623177 0.524691205092 1 1 1 1 1 1 1 1 1 1 1 1 1 1 1 1 1
248 2976 -0.519218837866 -0.00455775919038 0.00825745171222 0.5239250434 1 1 1 1 1 1 1 1 1 1 1 1 1 1 1 1 1
249 2988 -0.511851575439 -0.0033913885115 0.00012051543337 0.533203373479 1 1 1 1 1 1 1 1 1 1 1 1 1 1 1 1 1
250 3000 -0.509292486646 -0.0137770155994 0.00773895708392 0.534859318457 1 1 1 1 1 1 1 1 1 1 1 1 1 1 1 1 1
251 3012 -0.512305621616 -0.00777656850952 0.00161981479362 0.53855360352 1 1 1 1 1 1 1 1 1 1 1 1 1 1 1 1 1
252 3024 -0.540374490839 -0.0255334989305 0.00509913493343 0.547417862871 1 1 1 1 1 1 1 1 1 1 1 1 1 1 1 1 1
253 3036 -0.536780338942 -7.93398401434e-05 0.00358190339417 0.543675050741 1 1 1 1 1 1 1 1 1 1 1 1 1 1 1 1 1
254 3048 -0.519603578909 -0.000512430243507 0.00505496491241 0.545197331345 1 1 1 1 1 1 1 1 1 1 1 1 1 1 1 1 1
255 3060 -0.524797111936 -0.00374579484611 0.000872058618119 0.556523222122 1 1 1 1 1 1 1 1 1 1 1 1 1 1 1 1 1
256 3072 -0.515089327555 -0.00765331656988 0.00316810438487 0.555254711725 1 1 1 1 1 1 1 1 1 1 1 1 1 1 1 1 1
257 3084 -0.524384452582 -0.000224521724015 0.0141160271928 0.547811585202 1 1 1 1 1 1 1 1 1 1 1 1 1 1 1 1 1
258 3096 -0.512939089028 -0.000118051575772 0.000834212043208 0.538379795269 1 1 1 1 1 1 1 1 1 1 1 1 1 1 1 1 1
259 3108 -0.515615488969 -0.00663125976966 0.00138965304627 0.521870406573 1 1 1 1 1 1 1 1 1 1 1 1 1 1 1 1 1
260 3120 -0.515860476889 -0.00875505167843 0.00143369088446 0.52285899157 1 1 1 1 1 1 1 1 1 1 1 1 1 1 1 1 1
261 3132 -0.520474151375 -0.00643085280564 0.00360980009916 0.528982848567 1 1 1 1 1 1 1 1 1 1 1 1 1 1 1 1 1
262 3144 -0.536599758871 -0.0316382045979 0.000977665440388 0.516768407637 1 1 1 1 1 1 1 1 1 1 1 1 1 1 1 1 1
263 3156 -0.536997242756 -0.0101907760491 0.00987136878748 0.518412557878 1 1 1 1 1 1 1 1 1 1 1 1 1 1 1 1 1
264 3168 -0.544331337426 -0.0125464835203 0.00685292911364 0.519385309416 1 1 1 1 1 1 1 1 1 1 1 1 1 1 1 1 1
265 3180 -0.554226327464 -0.00580312880669 0.00236035256962 0.526848715225 1 1 1 1 1 1 1 1 1 1 1 1 1 1 1 1 1
266 3192 -0.557973374565 -0.00417149307741 0.00105482594583 0.508836837479 1 1 1 1 1 1 1 1 1 1 1 1 1 1 1 1 1
267 3204 -0.566617853249 -0.000819269931457 0.00748716873815 0.514543807741 1 1 1 1 1 1 1 1 1 1 1 1 1 1 1 1 1
268 3216 -0.569636157374 -0.00235729256941 0.00202519116577 0.511045253503 1 1 1 1 1 1 1 1 1 1 1 1 1 1 1 1 1
269 3228 -0.571116278239 -0.0011004405605 0.0122050438838 0.513290133851 1 1 1 1 1 1 1 1 1 1 1 1 1 1 1 1 1
270 3240 -0.570558162759 -0.00456595967288 0.00244923521667 0.520980994535 1 1 1 1 1 1 1 1 1 1 1 1 1 1 1 1 1
271 3252 -0.560876874836 -0.0102292725934 0.00400755966378 0.521548429381 1 1 1 1 1 1 1 1 1 1 1 1 1 1 1 1 1
272 3264 -0.565221853324 -0.0059578225021 0.00380745593344 0.523950226973 1 1 1 1 1 1 1 1 1 1 1 1 1 1 1 1 1
273 3276 -0.562391152114 -3.45678617421e-05 0.00107350999735 0.511321417201 1 1 1 1 1 1 1 1 1 1 1 1 1 1 1 1 1
274 3288 -0.562320830555 -0.00458739404231 0.0141373770683 0.499170014398 1 1 1 1 1 1 1 1 1 1 1 1 1 1 1 1 1
275 3300 -0.567620148398 -0.00622475816577 0.00112766091504 0.495980210062 1 1 1 1 1 1 1 1 1 1 1 1 1 1 1 1 1
276 3312 -0.562321319074 -0.00542862756997 0.00666018741135 0.491342688994 1 1 1 1 1 1 1 1 1 1 1 1 1 1 1 1 1
277 3324 -0.578359166211 -0.000423822908553 0.00888293839103 0.484471036679 1 1 1 1 1 1 1 1 1 1 1 1 1 1 1 1 1
278 3336 -0.580301798361 -0.0125652290031 0.00429691669471 0.485749738395 1 1 1 1 1 1 1 1 1 1 1 1 1 1 1 1 1
279 3348 -0.577872457874 -0.00169552523192 0.00414399443931 0.47516969243 1 1 1 1 1 1 1 1 1 1 1 1 1 1 1 1 1
280 3360 -0.57759560028 -0.00622585027542 0.000661404301167 0.453063327488 1 1 1 1 1 1 1 1 1 1 1 1 1 1 1 1 1
281 3372 -0.577999053136 -0.0037588114718 0.000559573008809 0.448802674326 1 1 1 1 1 1 1 1 1 1 1 1 1 1 1 1 1
282 3384 -0.587737703869 -0.00543600756487 0.00570352865427 0.459379683072 1 1 1 1 1 1 1 1 1 1 1 1 1 1 1 1 1
283 3396 -0.588073166132 -0.00621085162853 0.0150681494993 0.470191036664 1 1 1 1 1 1 1 1 1 1 1 1 1 1 1 1 1
284 3408 -0.58748517987 -0.00733152717863 0.0162956424463 0.471386105656 1 1 1 1 1 1 1 1 1 1 1 1 1 1 1 1 1
285 3420 -0.585115314606 -0.0135234771573 0.013168087712 0.474356337992 1 1 1 1 1 1 1 1 1 1 1 1 1 1 1 1 1
286 3432 -0.576272554617 -0.00359885315174 0.00263036214471 0.479518632488 1 1 1 1 1 1 1 1 1 1 1 1 1 1 1 1 1
287 3444 -0.554716685311 -1.8807911992e-05 0.00564399498337 0.469073357064 1 1 1 1 1 1 1 1 1 1 1 1 1 1 1 1 1
288 3456 -0.548819171846 -0.00946438330968 0.00694022323051 0.465491235256 1 1 1 1 1 1 1 1 1 1 1 1 1 1 1 1 1
289 3468 -0.553529663966 -0.00403746325675 0.0119349328895 0.462423876558 1 1 1 1 1 1 1 1 1 1 1 1 1 1 1 1 1
290 3480 -0.554938761703 -0.00191510338977 0.00817545902568 0.471003591369 1 1 1 1 1 1 1 1 1 1 1 1 1 1 1 1 1
291 3492 -0.559122349983 -0.000183135608689 0.00208487588116 0.474533986815 1 1 1 1 1 1 1 1 1 1 1 1 1 1 1 1 1
292 3504 -0.55820566514 -0.00298192115534 0.00112986725954 0.478211097994 1 1 1 1 1 1 1 1 1 1 1 1 1 1 1 1 1
293 3516 -0.55428601426 -0.00789859497728 0.00804718644441 0.486764040043 1 1 1 1 1 1 1 1 1 1 1 1 1 1 1 1 1
294 3528 -0.5533654722 -0.00018006833804 0.0161096677331 0.484543381742 1 1 1 1 1 1 1 1 1 1 1 1 1 1 1 1 1
295 3540 -0.573167437072 -0.000976939743602 0.0172102203616 0.476675794647 1 1 1 1 1 1 1 1 1 1 1 1 1 1 1 1 1
296 3552 -0.572523633814 -0.00394801559178 0.000815547082845 0.484284948429 1 1 1 1 1 1 1 1 1 1 1 1 1 1 1 1 1
297 3564 -0.581167343261 -0.000677348017886 0.00522446716811 0.492591955716 1 1 1 1 1 1 1 1 1 1 1 1 1 1 1 1 1
298 3576 -0.574945053922 -0.00317151775791 0.00264444409264 0.491258784578 1 1 1 1 1 1 1 1 1 1 1 1 1 1 1 1 1
299 3588 -0.579521507481 -0.000450362437975 0.0173705859549 0.460316662976 1 1 1 1 1 1 1 1 1 1 1 1 1 1 1 1 1
300 3600 -0.588846305829 -0.00454564148046 0.00823204296869 0.456435603226 1 1 1 1 1 1 1 1 1 1 1 1 1 1 1 1 1
301 3612 -0.600807222438 -0.00779635219235 0.000811656944604 0.452875195121 1 1 1 1 1 1 1 1 1 1 1 1 1 1 1 1 1
302 3624 -0.603714679339 -0.00536079810268 0.00300130271271 0.453366127498 1 1 1 1 1 1 1 1 1 1 1 1 1 1 1 1 1
303 3636 -0.614970119581 -0.0045531736537 0.00687529836784 0.447315563379 1 1 1 1 1 1 1 1 1 1 1 1 1 1 1 1 1
304 3648 -0.617512758853 -0.00339319078242 0.0141723112189 0.450070826308 1 1 1 1 1 1 1 1 1 1 1 1 1 1 1 1 1
305 3660 -0.611698001891 -0.00267271192486 0.000759839627514 0.443410652015 1 1 1 1 1 1 1 1 1 1 1 1 1 1 1 1 1
306 3672 -0.611314892845 -0.00205132850612 0.0211357419101 0.453179845439 1 1 1 1 1 1 1 1 1 1 1 1 1 1 1 1 1
307 3684 -0.612516592495 -0.00716549991538 0.00247198114949 0.447569452777 1 1 1 1 1 1 1 1 1 1 1 1 1 1 1 1 1
308 3696 -0.613283899524 -0.0105339708949 0.0107281662374 0.441623130435 1 1 1 1 1 1 1 1 1 1 1 1 1 1 1 1 1
309 3708 -0.615495728349 -0.0116963284204 0.00975608518659 0.438012115454 1 1 1 1 1 1 1 1 1 1 1 1 1 1 1 1 1
310 3720 -0.620434682781 -0.00354181072932 0.00211980337977 0.444181577598 1 1 1 1 1 1 1 1 1 1 1 1 1 1 1 1 1
311 3732 -0.61652805389 -0.00237106455329 0.00779964593322 0.458293628532 1 1 1 1 1 1 1 1 1 1 1 1 1 1 1 1 1
312 3744 -0.623905245594 -0.00606377122793 0.012093714709 0.459144827248 1 1 1 1 1 1 1 1 1 1 1 1 1 1 1 1 1
313 3756 -0.616506439034 -0.000907210675215 0.0130056363532 0.442819101747 1 1 1 1 1 1 1 1 1 1 1 1 1 1 1 1 1
314 3768 -0.612031608872 -0.00679663455425 0.025735665426 0.440955166762 1 1 1 1 1 1 1 1 1 1 1 1 1 1 1 1 1
315 3780 -0.618045248801 -0.0111616515616 0.0270754879578 0.430770989717 1 1 1 1 1 1 1 1 1 1 1 1 1 1 1 1 1
316 3792 -0.622991016739 -0.0142133195492 0.00211939862429 0.43474599905 1 1 1 1 1 1 1 1 1 1 1 1 1 1 1 1 1
317 3804 -0.622652183884 -0.00740449096659 0.0108582753298 0.450128628087 1 1 1 1 1 1 1 1 1 1 1 1 1 1 1 1 1
318 3816 -0.619920074053 -0.00945061943321 0.00434794739657 0.455052570809 1 1 1 1 1 1 1 1 1 1 1 1 1 1 1 1 1
319 3828 -0.617627237583 -0.0019279519349 0.00592177015945 0.453175148635 1 1 1 1 1 1 1 1 1 1 1 1 1 1 1 1 1
320 3840 -0.617324615455 -0.0131292729344 0.000149086055623 0.457010835142 1 1 1 1 1 1 1 1 1 1 1 1 1 1 1 1 1
321 3852 -0.618660854718 -0.00734829425036 0.0175139539086 0.459214980946 1 1 1 1 1 1 1 1 1 1 1 1 1 1 1 1 1
322 3864 -0.612917396962 -0.00140477160366 0.0104767929081 0.449372767733 1 1 1 1 1 1 1 1 1 1 1 1 1 1 1 1 1
323 3876 -0.618701715766 -0.00981897382592 0.0196815181135 0.448299327843 1 1 1 1 1 1 1 1 1 1 1 1 1 1 1 1 1
324 3888 -0.619439502817 -0.0101674200024 0.0318498009492 0.451330832974 1 1 1 1 1 1 1 1 1 1 1 1 1 1 1 1 1
325 3900 -0.631320144746 -0.011701620377 0.0164582115715 0.475331434566 1 1 1 1 1 1 1 1 1 1 1 1 1 1 1 1 1
326 3912 -0.632858166243 -0.0162391530171 0.000625342651773 0.477442988477 1 1 1 1 1 1 1 1 1 1 1 1 1 1 1 1 1
327 3924 -0.635332711806 -0.000288651077169 0.0131911814118 0.486175423857 1 1 1 1 1 1 1 1 1 1 1 1 1 1 1 1 1
328 3936 -0.634306188873 -0.00329448060304 0.0015436759294 0.477510660248 1 1 1 1 1 1 1 1 1 1 1 1 1 1 1 1 1
329 3948 -0.641258761814 -0.00292112146671 0.00325628887624 0.475136190209 1 1 1 1 1 1 1 1 1 1 1 1 1 1 1 1 1
330 3960 -0.638177607606 -0.00150569556458 0.00405147582956 0.475457762012 1 1 1 1 1 1 1 1 1 1 1 1 1 1 1 1 1
331 3972 -0.645158093029 -0.00146474152565 0.00328658237498 0.486074581244 1 1 1 1 1 1 1 1 1 1 1 1 1 1 1 1 1
332 3984 -0.639494198645 -0.00366719952695 0.00680964189849 0.482961512456 1 1 1 1 1 1 1 1 1 1 1 1 1 1 1 1 1
333 3996 -0.63530981146 -0.0042487368021 0.00568550890053 0.485923573231 1 1 1 1 1 1 1 1 1 1 1 1 1 1 1 1 1
334 4008 -0.641008982068 -0.00454964250207 0.00810808601266 0.495893690487 1 1 1 1 1 1 1 1 1 1 1 1 1 1 1 1 1
335 4020 -0.642126690991 -0.00425229901692 0.00338311105131 0.502104573149 1 1 1 1 1 1 1 1 1 1 1 1 1 1 1 1 1
336 4032 -0.638108316251 -0.000913063735379 0.00812281214408 0.501910477571 1 1 1 1 1 1 1 1 1 1 1 1 1 1 1 1 1
337 4044 -0.636690220914 -0.0122468301029 0.00994064444581 0.501075035039 1 1 1 1 1 1 1 1 1 1 1 1 1 1 1 1 1
338 4056 -0.631205152105 -0.00858485362231 0.0120059811025 0.494050857229 1 1 1 1 1 1 1 1 1 1 1 1 1 1 1 1 1
339 4068 -0.633185774007 -0.00297501173307 0.00413282848508 0.500272340644 1 1 1 1 1 1 1 1 1 1 1 1 1 1 1 1 1
340 4080 -0.637332056941 -0.00119979927559 0.00891204703149 0.500591793573 1 1 1 1 1 1 1 1 1 1 1 1 1 1 1 1 1
341 4092 -0.63512235002 -0.00314931276693 0.00752659670137 0.494987520216 1 1 1 1 1 1 1 1 1 1 1 1 1 1 1 1 1
342 4104 -0.623374487392 -0.00606834621233 0.0210755549659 0.507142844862 1 1 1 1 1 1 1 1 1 1 1 1 1 1 1 1 1
343 4116 -0.622615270256 -7.45067759124e-05 0.0236499440597 0.512270338645 1 1 1 1 1 1 1 1 1 1 1 1 1 1 1 1 1
344 4128 -0.635758056027 -0.00606790748527 0.0246120271021 0.518821336773 1 1 1 1 1 1 1 1 1 1 1 1 1 1 1 1 1
345 4140 -0.63396807948 -0.0148479065531 0.0114798355067 0.517383215753 1 1 1 1 1 1 1 1 1 1 1 1 1 1 1 1 1
346 4152 -0.634863570971 -0.00543834454597 0.0059740265767 0.498926991791 1 1 1 1 1 1 1 1 1 1 1 1 1 1 1 1 1
347 4164 -0.636317888368 -0.0179862072317 0.000603717782273 0.492698615162 1 1 1 1 1 1 1 1 1 1 1 1 1 1 1 1 1
348 4176 -0.642730853461 -0.00226917577222 0.00814435273598 0.492385567755 1 1 1 1 1 1 1 1 1 1 1 1 1 1 1 1 1
349 4188 -0.649233635148 -0.0125165342115 0.00429417003065 0.489817802452 1 1 1 1 1 1 1 1 1 1 1 1 1 1 1 1 1
350 4200 -0.648253712923 -0.014687798321 0.00145340039285 0.482736257924 1 1 1 1 1 1 1 1 1 1 1 1 1 1 1 1 1
351 4212 -0.649413283899 -0.0111924119606 0.00636780910634 0.487009618322 1 1 1 1 1 1 1 1 1 1 1 1 1 1 1 1 1
352 4224 -0.648400031529 -0.00204852041376 0.0023676188559 0.50165697696 1 1 1 1 1 1 1 1 1 1 1 1 1 1 1 1 1
353 4236 -0.658824239675 -0.00174296578625 0.0113760823929 0.504980393749 1 1 1 1 1 1 1 1 1 1 1 1 1 1 1 1 1
354 4248 -0.658158450423 -0.0296484897011 0.00310372055586 0.516083877929 1 1 1 1 1 1 1 1 1 1 1 1 1 1 1 1 1
355 4260 -0.645687072593 -0.00704382934324 0.000488783826064 0.511437391192 1 1 1 1 1 1 1 1 1 1 1 1 1 1 1 1 1
356 4272 -0.640056177708 -0.00346525187125 0.000799259928642 0.512027329632 1 1 1 1 1 1 1 1 1 1 1 1 1 1 1 1 1
357 4284 -0.639047073021 -0.00643280056496 0.0103334867207 0.516072993823 1 1 1 1 1 1 1 1 1 1 1 1 1 1 1 1 1
358 4296 -0.639769839047 -0.00303436588856 0.00816784444126 0.508591593086 1 1 1 1 1 1 1 1 1 1 1 1 1 1 1 1 1
359 4308 -0.644539490989 -0.0011106805427 0.00284843056339 0.508242851588 1 1 1 1 1 1 1 1 1 1 1 1 1 1 1 1 1
360 4320 -0.640621751684 -0.00316095953687 0.0114074594715 0.505406765133 1 1 1 1 1 1 1 1 1 1 1 1 1 1 1 1 1
361 4332 -0.637409404078 -0.00658459308715 0.000714264539697 0.510291933081 1 1 1 1 1 1 1 1 1 1 1 1 1 1 1 1 1
362 4344 -0.652224416961 -0.0105045728951 0.0116485007781 0.501386817648 1 1 1 1 1 1 1 1 1 1 1 1 1 1 1 1 1
363 4356 -0.651238918616 -0.00114565264189 0.00284189572727 0.492593083956 1 1 1 1 1 1 1 1 1 1 1 1 1 1 1 1 1
364 4368 -0.63512221421 -0.00443953262103 0.00371443163863 0.48921041489 1 1 1 1 1 1 1 1 1 1 1 1 1 1 1 1 1
365 4380 -0.631764949951 -0.00272015670034 0.000980645840475 0.493238825678 1 1 1 1 1 1 1 1 1 1 1 1 1 1 1 1 1
366 4392 -0.633372132418 -0.00491224581941 0.00144801469537 0.494224128966 1 1 1 1 1 1 1 1 1 1 1 1 1 1 1 1 1
367 4404 -0.638823757176 -0.00509529151637 0.00565796324682 0.496615599049 1 1 1 1 1 1 1 1 1 1 1 1 1 1 1 1 1
368 4416 -0.646134897655 -0.00784439433786 0.00361873988031 0.497259650652 1 1 1 1 1 1 1 1 1 1 1 1 1 1 1 1 1
369 4428 -0.642306482595 -0.000672227276011 0.0165987400275 0.504750606516 1 1 1 1 1 1 1 1 1 1 1 1 1 1 1 1 1
370 4440 -0.641752393442 -3.79964878714e-06 0.00712035039399 0.505493083077 1 1 1 1 1 1 1 1 1 1 1 1 1 1 1 1 1
371 4452 -0.641237024176 -0.00220828289961 0.00662703185071 0.508614119439 1 1 1 1 1 1 1 1 1 1 1 1 1 1 1 1 1
372 4464 -0.633084179842 -0.00189563427632 0.0110067094324 0.502816158847 1 1 1 1 1 1 1 1 1 1 1 1 1 1 1 1 1
373 4476 -0.615777318495 -0.00159314779254 0.0050473231317 0.502065179062 1 1 1 1 1 1 1 1 1 1 1 1 1 1 1 1 1
374 4488 -0.621769412231 -0.000894387640968 0.0150845648564 0.495465490898 1 1 1 1 1 1 1 1 1 1 1 1 1 1 1 1 1
375 4500 -0.622627067888 -0.000781717226767 0.00471586926824 0.486990912734 1 1 1 1 1 1 1 1 1 1 1 1 1 1 1 1 1
376 4512 -0.616570774668 -2.64212839268e-05 0.00266509573359 0.500417827722 1 1 1 1 1 1 1 1 1 1 1 1 1 1 1 1 1
377 4524 -0.617888450104 -0.0055603834155 0.00972425838155 0.513746377498 1 1 1 1 1 1 1 1 1 1 1 1 1 1 1 1 1
378 4536 -0.616914392038 -0.00326239863928 0.00952156960329 0.510707914569 1 1 1 1 1 1 1 1 1 1 1 1 1 1 1 1 1
379 4548 -0.610837415518 -0.00602361666531 0.0243738833043 0.501918306231 1 1 1 1 1 1 1 1 1 1 1 1 1 1 1 1 1
380 4560 -0.611991762383 -0.00284112320474 0.0110765878183 0.505181992389 1 1 1 1 1 1 1 1 1 1 1 1 1 1 1 1 1
381 4572 -0.619207284914 -0.00133208899214 0.00623757782856 0.502461171711 1 1 1 1 1 1 1 1 1 1 1 1 1 1 1 1 1
382 4584 -0.625082014213 -0.000131774861455 0.00111264105903 0.492470738773 1 1 1 1 1 1 1 1 1 1 1 1 1 1 1 1 1
383 4596 -0.636409960436 -0.00411282892191 0.00232087278892 0.47938576052 1 1 1 1 1 1 1 1 1 1 1 1 1 1 1 1 1
384 4608 -0.636416400571 -0.00574233635526 0.0055979801747 0.481860344657 1 1 1 1 1 1 1 1 1 1 1 1 1 1 1 1 1
385 4620 -0.633298606658 -0.000230546369257 0.00940211942619 0.485790383584 1 1 1 1 1 1 1 1 1 1 1 1 1 1 1 1 1
386 4632 -0.629519480551 -0.00587963756405 0.000604393593728 0.483489225955 1 1 1 1 1 1 1 1 1 1 1 1 1 1 1 1 1
387 4644 -0.625563613771 -0.00847180551995 0.00132906782189 0.502441613112 1 1 1 1 1 1 1 1 1 1 1 1 1 1 1 1 1
388 4656 -0.624744369492 -0.00218236131664 0.00157833484419 0.510007922056 1 1 1 1 1 1 1 1 1 1 1 1 1 1 1 1 1
389 4668 -0.621542805476 -0.00107826664402 0.000428783336735 0.507604324553 1 1 1 1 1 1 1 1 1 1 1 1 1 1 1 1 1
390 4680 -0.626250442932 -0.0119415599944 0.00411362853557 0.509583022797 1 1 1 1 1 1 1 1 1 1 1 1 1 1 1 1 1
391 4692 -0.625444009159 -0.000531054212989 0.00188561437459 0.498135188429 1 1 1 1 1 1 1 1 1 1 1 1 1 1 1 1 1
392 4704 -0.627109456571 -0.000502590406647 0.00708068759248 0.504674551321 1 1 1 1 1 1 1 1 1 1 1 1 1 1 1 1 1
393 4716 -0.624972834282 -0.0257785000478 0.00283143350033 0.493539079769 1 1 1 1 1 1 1 1 1 1 1 1 1 1 1 1 1
394 4728 -0.61387504766 -0.00672819898756 0.0225369873994 0.481992468383 1 1 1 1 1 1 1 1 1 1 1 1 1 1 1 1 1
395 4740 -0.607997943387 -0.000120636603787 0.0197271773862 0.486660812181 1 1 1 1 1 1 1 1 1 1 1 1 1 1 1 1 1
396 4752 -0.604192538188 -0.00138016616054 0.00656088326875 0.492638951445 1 1 1 1 1 1 1 1 1 1 1 1 1 1 1 1 1
397 4764 -0.59997716333 -0.00161579046975 0.000114133398469 0.499109303242 1 1 1 1 1 1 1 1 1 1 1 1 1 1 1 1 1
398 4776 -0.598122894479 -0.00593101900892 0.00209146111657 0.499115610047 1 1 1 1 1 1 1 1 1 1 1 1 1 1 1 1 1
399 4788 -0.600723982305 -0.0130600450688 0.0031643884553 0.49560892903 1 1 1 1 1 1 1 1 1 1 1 1 1 1 1 1 1
400 4800 -0.596566143341 -0.00776139033257 0.000130319580944 0.511609905815 1 1 1 1 1 1 1 1 1 1 1 1 1 1 1 1 1
401 4812 -0.601190429427 -0.0108075702993 0.00605886908777 0.512749434089 1 1 1 1 1 1 1 1 1 1 1 1 1 1 1 1 1
402 4824 -0.614068608851 -0.000823631854524 0.00243523441409 0.516399074671 1 1 1 1 1 1 1 1 1 1 1 1 1 1 1 1 1
403 4836 -0.611210702654 -0.000677110684844 0.0015996265344 0.515874166213 1 1 1 1 1 1 1 1 1 1 1 1 1 1 1 1 1
404 4848 -0.620301794707 -0.014733515744 0.00817813557993 0.513891497361 1 1 1 1 1 1 1 1 1 1 1 1 1 1 1 1 1
405 4860 -0.617094830662 -0.0188504721548 0.000391687307509 0.513642104403 1 1 1 1 1 1 1 1 1 1 1 1 1 1 1 1 1
406 4872 -0.612077814036 -0.00549532718728 0.00199493562521 0.519358694307 1 1 1 1 1 1 1 1 1 1 1 1 1 1 1 1 1
407 4884 -0.608300834362 -0.000438304418294 0.00810430628042 0.518484236458 1 1 1 1 1 1 1 1 1 1 1 1 1 1 1 1 1
408 4896 -0.61323340766 -0.00081070738811 0.00141074346865 0.518736081273 1 1 1 1 1 1 1 1 1 1 1 1 1 1 1 1 1
409 4908 -0.623763235816 -0.00248947195794 0.0026443558695 0.538034471071 1 1 1 1 1 1 1 1 1 1 1 1 1 1 1 1 1
410 4920 -0.623591626201 -0.000458385299145 0.000825758719585 0.543996000341 1 1 1 1 1 1 1 1 1 1 1 1 1 1 1 1 1
411 4932 -0.634307567571 -0.0127532395671 0.001045103914 0.535218600419 1 1 1 1 1 1 1 1 1 1 1 1 1 1 1 1 1
412 4944 -0.640387092618 -0.00177692972898 0.00296239402239 0.526300247835 1 1 1 1 1 1 1 1 1 1 1 1 1 1 1 1 1
413 4956 -0.627984963381 -0.0013890494775 0.0216242462792 0.529361863496 1 1 1 1 1 1 1 1 1 1 1 1 1 1 1 1 1
414 4968 -0.628049016607 -0.00964874882492 0.00179055216681 0.526169479286 1 1 1 1 1 1 1 1 1 1 1 1 1 1 1 1 1
415 4980 -0.631822739395 -6.82578973e-05 0.015249643858 0.540367781809 1 1 1 1 1 1 1 1 1 1 1 1 1 1 1 1 1
416 4992 -0.631778153269 -0.0103437000382 0.0114442022977 0.548345194646 1 1 1 1 1 1 1 1 1 1 1 1 1 1 1 1 1
417 5004 -0.628401661299 -0.00570976310985 0.00863750742522 0.558685321157 1 1 1 1 1 1 1 1 1 1 1 1 1 1 1 1 1
418 5016 -0.62327936689 -0.00227372221615 0.000387366634828 0.560589110044 1 1 1 1 1 1 1 1 1 1 1 1 1 1 1 1 1
419 5028 -0.627530407094 -0.00793689148559 0.0126709368844 0.577395187411 1 1 1 1 1 1 1 1 1 1 1 1 1 1 1 1 1
420 5040 -0.644746587278 -0.0139549632203 0.0017333569522 0.579203551775 1 1 1 1 1 1 1 1 1 1 1 1 1 1 1 1 1
421 5052 -0.6505775304 -0.00721592031961 0.0238463553121 0.575971783101 1 1 1 1 1 1 1 1 1 1 1 1 1 1 1 1 1
422 5064 -0.65783624603 -0.00775067791221 0.0146280803777 0.570734853909 1 1 1 1 1 1 1 1 1 1 1 1 1 1 1 1 1
423 5076 -0.662635025856 -0.0117265855929 0.0118404565647 0.577056896319 1 1 1 1 1 1 1 1 1 1 1 1 1 1 1 1 1
424 5088 -0.66470803992 -0.00875548311262 0.00578349035274 0.56968049981 1 1 1 1 1 1 1 1 1 1 1 1 1 1 1 1 1
425 5100 -0.665059982098 -0.00743582597756 0.0027791307547 0.565968837132 1 1 1 1 1 1 1 1 1 1 1 1 1 1 1 1 1
426 5112 -0.672674717789 -0.00352529381085 0.00530276876814 0.563143510003 1 1 1 1 1 1 1 1 1 1 1 1 1 1 1 1 1
427 5124 -0.670937029094 -0.00861891430055 0.00568220662381 0.558322666363 1 1 1 1 1 1 1 1 1 1 1 1 1 1 1 1 1
428 5136 -0.663956769866 -0.000195956322664 0.000864663842395 0.555610607247 1 1 1 1 1 1 1 1 1 1 1 1 1 1 1 1 1
429 5148 -0.666256172788 -0.000123572302383 0.00219377577942 0.536620607816 1 1 1 1 1 1 1 1 1 1 1 1 1 1 1 1 1
430 5160 -0.659906495912 -0.00185054897244 0.00816358367941 0.554805534041 1 1 1 1 1 1 1 1 1 1 1 1 1 1 1 1 1
431 5172 -0.657801089138 -0.00432499837564 0.00420488362209 0.548911581535 1 1 1 1 1 1 1 1 1 1 1 1 1 1 1 1 1
432 5184 -0.661588007617 -0.000819715167302 0.00501627761212 0.536297553845 1 1 1 1 1 1 1 1 1 1 1 1 1 1 1 1 1
433 5196 -0.667206202963 -0.000668182231538 0.00549364463286 0.53245694707 1 1 1 1 1 1 1 1 1 1 1 1 1 1 1 1 1
434 5208 -0.664453102981 -0.0047601654248 0.0135180582543 0.53327246937 1 1 1 1 1 1 1 1 1 1 1 1 1 1 1 1 1
435 5220 -0.655592727306 -0.000973023545608 0.00800208588671 0.521809143689 1 1 1 1 1 1 1 1 1 1 1 1 1 1 1 1 1
436 5232 -0.64728264861 -0.0016315644138 0.00511821256488 0.516983986835 1 1 1 1 1 1 1 1 1 1 1 1 1 1 1 1 1
437 5244 -0.651426139696 -0.00571073429131 0.00442977029832 0.519713631064 1 1 1 1 1 1 1 1 1 1 1 1 1 1 1 1 1
438 5256 -0.648831596882 -0.0110699289238 0.00183480998071 0.527193741368 1 1 1 1 1 1 1 1 1 1 1 1 1 1 1 1 1
439 5268 -0.645968783199 -0.0141081511685 0.00547756618922 0.529953013689 1 1 1 1 1 1 1 1 1 1 1 1 1 1 1 1 1
440 5280 -0.643886465387 -0.00274050338987 0.00073440001519 0.536101232825 1 1 1 1 1 1 1 1 1 1 1 1 1 1 1 1 1
441 5292 -0.654866672328 -0.00623512603289 0.000826269243404 0.549613534764 1 1 1 1 1 1 1 1 1 1 1 1 1 1 1 1 1
442 5304 -0.649992347821 -0.00169540450392 0.00377754544061 0.544815051864 1 1 1 1 1 1 1 1 1 1 1 1 1 1 1 1 1
443 5316 -0.652131441558 -0.00129836769485 0.0147902033017 0.551036477714 1 1 1 1 1 1 1 1 1 1 1 1 1 1 1 1 1
444 5328 -0.656371728196 -0.00355807208006 0.0136588659662 0.552024078566 1 1 1 1 1 1 1 1 1 1 1 1 1 1 1 1 1
445 5340 -0.659767356043 -0.00619400366836 0.00187398013162 0.541595282957 1 1 1 1 1 1 1 1 1 1 1 1 1 1 1 1 1
446 5352 -0.645609227294 -0.00196432443069 0.0071993215125 0.537366940564 1 1 1 1 1 1 1 1 1 1 1 1 1 1 1 1 1
447 5364 -0.649715132009 -0.0073000531818 0.00274706310428 0.541742296849 1 1 1 1 1 1 1 1 1 1 1 1 1 1 1 1 1
448 5376 -0.651992740609 -0.0016980219239 0.00974724625401 0.540786761189 1 1 1 1 1 1 1 1 1 1 1 1 1 1 1 1 1
449 5388 -0.637881009835 -0.00721526110382 0.00887318643954 0.534142398985 1 1 1 1 1 1 1 1 1 1 1 1 1 1 1 1 1
450 5400 -0.639681647555 -0.0070014008821 0.00288799003114 0.526105972095 1 1 1 1 1 1 1 1 1 1 1 1 1 1 1 1 1
451 5412 -0.650008642967 -0.0102371557924 0.0143793455381 0.524592794907 1 1 1 1 1 1 1 1 1 1 1 1 1 1 1 1 1
452 5424 -0.649533912103 -0.00554147408051 0.001746765205 0.511680488323 1 1 1 1 1 1 1 1 1 1 1 1 1 1 1 1 1
453 5436 -0.65263010704 -0.00661527024229 0.00660010276902 0.513843200066 1 1 1 1 1 1 1 1 1 1 1 1 1 1 1 1 1
454 5448 -0.649035931495 -0.000947672207794 0.00284741572483 0.517284703819 1 1 1 1 1 1 1 1 1 1 1 1 1 1 1 1 1
455 5460 -0.645699792097 -3.01228204757e-05 0.018895407058 0.522018048417 1 1 1 1 1 1 1 1 1 1 1 1 1 1 1 1 1
456 5472 -0.65544076644 -0.00454179438428 0.00676321097111 0.524440352811 1 1 1 1 1 1 1 1 1 1 1 1 1 1 1 1 1
457 5484 -0.657591087106 -0.000992297317633 0.00190582219132 0.526556358383 1 1 1 1 1 1 1 1 1 1 1 1 1 1 1 1 1
458 5496 -0.643998629087 -0.00252528254317 0.00547510307999 0.514556990118 1 1 1 1 1 1 1 1 1 1 1 1 1 1 1 1 1
459 5508 -0.639134158239 -0.00427385312638 0.00901980304478 0.520396691263 1 1 1 1 1 1 1 1 1 1 1 1 1 1 1 1 1
460 5520 -0.634324806746 -0.000696088310279 0.00680052418436 0.516410598589 1 1 1 1 1 1 1 1 1 1 1 1 1 1 1 1 1
461 5532 -0.629218612581 -0.00197699845017 0.00846419899123 0.515249023373 1 1 1 1 1 1 1 1 1 1 1 1 1 1 1 1 1
462 5544 -0.6256864072 -0.00314089002416 0.00391651577322 0.509672766562 1 1 1 1 1 1 1 1 1 1 1 1 1 1 1 1 1
463 5556 -0.63501509425 -0.00501466743316 0.006925683853 0.509684743342 1 1 1 1 1 1 1 1 1 1 1 1 1 1 1 1 1
464 5568 -0.630450919326 -0.00256161639758 0.00171243580683 0.499073950704 1 1 1 1 1 1 1 1 1 1 1 1 1 1 1 1 1
465 5580 -0.62210109742 -0.00739169978726 0.000664961939189 0.501382848351 1 1 1 1 1 1 1 1 1 1 1 1 1 1 1 1 1
466 5592 -0.621240499495 -0.000374085676424 0.00258921858477 0.516782938248 1 1 1 1 1 1 1 1 1 1 1 1 1 1 1 1 1
467 5604 -0.609517889281 -0.00476803341752 0.0116484228063 0.511924073243 1 1 1 1 1 1 1 1 1 1 1 1 1 1 1 1 1
468 5616 -0.608437701204 -0.0059383591412 0.0210157755548 0.522189544082 1 1 1 1 1 1 1 1 1 1 1 1 1 1 1 1 1
469 5628 -0.61232615084 -0.00122262278316 0.0255697620812 0.529362196637 1 1 1 1 1 1 1 1 1 1 1 1 1 1 1 1 1
470 5640 -0.586715397682 -0.00829742598051 0.0102193237913 0.51044156692 1 1 1 1 1 1 1 1 1 1 1 1 1 1 1 1 1
471 5652 -0.579039666229 -0.0166992119476 0.0148729272643 0.520541389675 1 1 1 1 1 1 1 1 1 1 1 1 1 1 1 1 1
472 5664 -0.578156686602 -0.0126808737316 0.0215441944016 0.516270030192 1 1 1 1 1 1 1 1 1 1 1 1 1 1 1 1 1
473 5676 -0.578790234895 -0.0224095982153 0.01744434357 0.509262904821 1 1 1 1 1 1 1 1 1 1 1 1 1 1 1 1 1
474 5688 -0.571647259146 -0.0185598981765 0.0183116760475 0.508121048381 1 1 1 1 1 1 1 1 1 1 1 1 1 1 1 1 1
475 5700 -0.578168204598 -0.0239048256066 0.00888904468146 0.518307992915 1 1 1 1 1 1 1 1 1 1 1 1 1 1 1 1 1
476 5712 -0.581248196599 -0.0208208232119 0.00144882226365 0.523755636448 1 1 1 1 1 1 1 1 1 1 1 1 1 1 1 1 1
477 5724 -0.57665195972 -0.0217263515138 0.00576317878631 0.524073944845 1 1 1 1 1 1 1 1 1 1 1 1 1 1 1 1 1
478 5736 -0.568270608609 -0.0106966079721 0.0100206508057 0.524154251934 1 1 1 1 1 1 1 1 1 1 1 1 1 1 1 1 1
479 5748 -0.559219270717 -0.00796065806991 0.00963665071148 0.521422105264 1 1 1 1 1 1 1 1 1 1 1 1 1 1 1 1 1
480 5760 -0.565213844241 -0.000265092480814 0.0198262574497 0.496450547051 1 1 1 1 1 1 1 1 1 1 1 1 1 1 1 1 1
481 5772 -0.566757243132 -0.00249387667371 0.00342503454193 0.485509215701 1 1 1 1 1 1 1 1 1 1 1 1 1 1 1 1 1
482 5784 -0.564794356526 -0.00617594953585 0.0027042970975 0.48963656947 1 1 1 1 1 1 1 1 1 1 1 1 1 1 1 1 1
483 5796 -0.563025231406 -0.00600717249294 0.00180721282875 0.492269317749 1 1 1 1 1 1 1 1 1 1 1 1 1 1 1 1 1
484 5808 -0.554276202477 -0.00259215341191 0.00184424250384 0.502358155338 1 1 1 1 1 1 1 1 1 1 1 1 1 1 1 1 1
485 5820 -0.546688145203 -0.016032478927 0.00496859553353 0.499156835429 1 1 1 1 1 1 1 1 1 1 1 1 1 1 1 1 1
486 5832 -0.54517960206 -7.62876328959e-05 0.00370207168967 0.492779452176 1 1 1 1 1 1 1 1 1 1 1 1 1 1 1 1 1
487 5844 -0.546093606023 -0.0046663195208 5.19004695944e-05 0.496192220552 1 1 1 1 1 1 1 1 1 1 1 1 1 1 1 1 1
488 5856 -0.538660750711 -0.0128364865508 0.00828064974477 0.492833447101 1 1 1 1 1 1 1 1 1 1 1 1 1 1 1 1 1
489 5868 -0.525314697039 -0.0137985663106 0.00502189673709 0.485133015706 1 1 1 1 1 1 1 1 1 1 1 1 1 1 1 1 1
490 5880 -0.530501959322 -0.00570746036333 0.0025480735224 0.485058375879 1 1 1 1 1 1 1 1 1 1 1 1 1 1 1 1 1
491 5892 -0.526038074171 -0.00132150699529 0.00029612995988 0.480787229532 1 1 1 1 1 1 1 1 1 1 1 1 1 1 1 1 1
492 5904 -0.522427028163 -0.017854126833 7.57972512604e-05 0.486757500027 1 1 1 1 1 1 1 1 1 1 1 1 1 1 1 1 1
493 5916 -0.525216937183 -0.00408655299936 0.00326035567382 0.496057284066 1 1 1 1 1 1 1 1 1 1 1 1 1 1 1 1 1
494 5928 -0.52442624938 -0.00528049553824 0.00225119697941 0.493561077513 1 1 1 1 1 1 1 1 1 1 1 1 1 1 1 1 1
495 5940 -0.515269626678 -0.000601387990329 0.00432139898475 0.496756047215 1 1 1 1 1 1 1 1 1 1 1 1 1 1 1 1 1
496 5952 -0.508331156722 -0.00790777373473 0.0080664181079 0.495177613528 1 1 1 1 1 1 1 1 1 1 1 1 1 1 1 1 1
497 5964 -0.507113542018 -0.00298084417783 0.00731934651045 0.504361702258 1 1 1 1 1 1 1 1 1 1 1 1 1 1 1 1 1
498 5976 -0.522520589539 -0.0043015176819 0.000523577205849 0.509755200508 1 1 1 1 1 1 1 1 1 1 1 1 1 1 1 1 1
499 5988 -0.536089970092 -0.00408130570978 0.00505787032744 0.512527820223 1 1 1 1 1 1 1 1 1 1 1 1 1 1 1 1 1
500 6000 -0.529852483584 -0.00979383064515 0.00246767701566 0.509572259493 1 1 1 1 1 1 1 1 1 1 1 1 1 1 1 1 1
501 6012 -0.52439195698 -0.00128328616964 0.00305202281309 0.51005753496 1 1 1 1 1 1 1 1 1 1 1 1 1 1 1 1 1
502 6024 -0.520789756635 -0.00261925894669 0.00295915664532 0.503504559738 1 1 1 1 1 1 1 1 1 1 1 1 1 1 1 1 1
503 6036 -0.521637652391 -0.00710716126108 0.00105467874721 0.502627906075 1 1 1 1 1 1 1 1 1 1 1 1 1 1 1 1 1
504 6048 -0.510689912007 -0.00149918519708 0.00366414233587 0.514493782087 1 1 1 1 1 1 1 1 1 1 1 1 1 1 1 1 1
505 6060 -0.521162310477 -0.00817269439289 0.00393799917945 0.523683142644 1 1 1 1 1 1 1 1 1 1 1 1 1 1 1 1 1
506 6072 -0.532448347564 -0.0108602863038 0.00261319238318 0.515283422218 1 1 1 1 1 1 1 1 1 1 1 1 1 1 1 1 1
507 6084 -0.523183532153 -0.0191165748391 0.00201148815608 0.510200535746 1 1 1 1 1 1 1 1 1 1 1 1 1 1 1 1 1
508 6096 -0.537855954919 -0.0145257054673 0.00100819954241 0.525186182717 1 1 1 1 1 1 1 1 1 1 1 1 1 1 1 1 1
509 6108 -0.527431173489 -0.00453632054161 0.00663325120952 0.520544104566 1 1 1 1 1 1 1 1 1 1 1 1 1 1 1 1 1
510 6120 -0.529665054227 -0.00165449464374 0.000536295933175 0.533054541844 1 1 1 1 1 1 1 1 1 1 1 1 1 1 1 1 1
511 6132 -0.53195046881 -0.00177370344256 0.00687596177098 0.543967808459 1 1 1 1 1 1 1 1 1 1 1 1 1 1 1 1 1
512 6144 -0.544367442879 -0.00231462149674 0.00182832079807 0.537629097186 1 1 1 1 1 1 1 1 1 1 1 1 1 1 1 1 1
513 6156 -0.555447159092 -0.00144753123485 0.00034780024777 0.532325857749 1 1 1 1 1 1 1 1 1 1 1 1 1 1 1 1 1
514 6168 -0.558995361609 -0.00179125228569 0.00161066826436 0.535392309239 1 1 1 1 1 1 1 1 1 1 1 1 1 1 1 1 1
515 6180 -0.560435684411 -0.00154776957732 0.000642134640699 0.5318166293 1 1 1 1 1 1 1 1 1 1 1 1 1 1 1 1 1
516 6192 -0.567740752299 -0.00243723396607 0.00244554638757 0.534824748776 1 1 1 1 1 1 1 1 1 1 1 1 1 1 1 1 1
517 6204 -0.57530501684 -0.0032068591888 4.80137998439e-05 0.545003014734 1 1 1 1 1 1 1 1 1 1 1 1 1 1 1 1 1
518 6216 -0.594715037532 -0.00223285880471 0.00705086241892 0.554577073985 1 1 1 1 1 1 1 1 1 1 1 1 1 1 1 1 1
519 6228 -0.595314394868 -0.00353927971273 0.00315635970788 0.553915131356 1 1 1 1 1 1 1 1 1 1 1 1 1 1 1 1 1
520 6240 -0.598268422774 -0.00643271395226 0.0023452990074 0.560580813077 1 1 1 1 1 1 1 1 1 1 1 1 1 1 1 1 1
521 6252 -0.594124034624 -9.94050810177e-05 0.00264936404072 0.562149280416 1 1 1 1 1 1 1 1 1 1 1 1 1 1 1 1 1
522 6264 -0.594544757942 -7.66721100638e-05 0.00035752485248 0.562140310941 1 1 1 1 1 1 1 1 1 1 1 1 1 1 1 1 1
523 6276 -0.589453886167 -0.00184934926489 0.00133685837159 0.561778785548 1 1 1 1 1 1 1 1 1 1 1 1 1 1 1 1 1
524 6288 -0.564546378104 -0.00126797605361 0.00925169875633 0.55451455997 1 1 1 1 1 1 1 1 1 1 1 1 1 1 1 1 1
525 6300 -0.566443055503 -0.00684209440975 0.000266682914246 0.547874415742 1 1 1 1 1 1 1 1 1 1 1 1 1 1 1 1 1
526 6312 -0.566134986001 -0.00453417910818 0.00638615806514 0.540038526224 1 1 1 1 1 1 1 1 1 1 1 1 1 1 1 1 1
527 6324 -0.568121582293 -0.00869699311448 0.00293569459047 0.537714308556 1 1 1 1 1 1 1 1 1 1 1 1 1 1 1 1 1
528 6336 -0.566160114851 -0.000795488167505 9.42270354512e-05 0.53487944239 1 1 1 1 1 1 1 1 1 1 1 1 1 1 1 1 1
529 6348 -0.566770585342 -0.000366499675811 7.84983094656e-05 0.532053389815 1 1 1 1 1 1 1 1 1 1 1 1 1 1 1 1 1
530 6360 -0.57582804641 -0.00606073569909 0.00344893387525 0.52707677505 1 1 1 1 1 1 1 1 1 1 1 1 1 1 1 1 1
531 6372 -0.566488668115 -0.00165698125755 0.0066486332531 0.513864284924 1 1 1 1 1 1 1 1 1 1 1 1 1 1 1 1 1
532 6384 -0.579330380746 -0.000160607058051 0.00607739711314 0.518790988973 1 1 1 1 1 1 1 1 1 1 1 1 1 1 1 1 1
533 6396 -0.576159528812 -0.00664131718576 0.00349385118983 0.525559943507 1 1 1 1 1 1 1 1 1 1 1 1 1 1 1 1 1
534 6408 -0.58221371782 -0.00325408195595 0.000724488921454 0.526690975709 1 1 1 1 1 1 1 1 1 1 1 1 1 1 1 1 1
535 6420 -0.58472010136 -0.00907471680324 0.00536146993376 0.533312753234 1 1 1 1 1 1 1 1 1 1 1 1 1 1 1 1 1
536 6432 -0.597317384702 -0.00114162710635 0.00277786507163 0.552116495226 1 1 1 1 1 1 1 1 1 1 1 1 1 1 1 1 1
537 6444 -0.605573483981 -0.00080019774728 0.0148555875035 0.552952965682 1 1 1 1 1 1 1 1 1 1 1 1 1 1 1 1 1
538 6456 -0.611378402499 -8.89178394793e-05 0.00672077017303 0.555424938396 1 1 1 1 1 1 1 1 1 1 1 1 1 1 1 1 1
539 6468 -0.605742584122 -0.00762022249337 0.00493011645416 0.544807696929 1 1 1 1 1 1 1 1 1 1 1 1 1 1 1 1 1
540 6480 -0.602396346604 -0.00191300447261 0.010849208029 0.547649921432 1 1 1 1 1 1 1 1 1 1 1 1 1 1 1 1 1
541 6492 -0.606924067164 -0.0167153105726 0.0105826822295 0.543601151194 1 1 1 1 1 1 1 1 1 1 1 1 1 1 1 1 1
542 6504 -0.610641175905 -0.00651205323854 0.00662761417313 0.543712571646 1 1 1 1 1 1 1 1 1 1 1 1 1 1 1 1 1
543 6516 -0.610624201347 -0.00146517527712 0.0102733531741 0.544665341598 1 1 1 1 1 1 1 1 1 1 1 1 1 1 1 1 1
544 6528 -0.60547856134 -0.00215317472031 0.00207067894605 0.557648678296 1 1 1 1 1 1 1 1 1 1 1 1 1 1 1 1 1
545 6540 -0.596453125897 -0.000321911655614 0.00579218428828 0.564244991998 1 1 1 1 1 1 1 1 1 1 1 1 1 1 1 1 1
546 6552 -0.594865465464 -0.00412085888695 0.00585910205128 0.567992439322 1 1 1 1 1 1 1 1 1 1 1 1 1 1 1 1 1
547 6564 -0.599589379565 -0.00878375128529 0.0024001236196 0.56783027121 1 1 1 1 1 1 1 1 1 1 1 1 1 1 1 1 1
548 6576 -0.600517471051 -0.00544419922029 0.00702517848774 0.573135947611 1 1 1 1 1 1 1 1 1 1 1 1 1 1 1 1 1
549 6588 -0.600890881836 -0.00416505408152 0.00565479836705 0.574007753589 1 1 1 1 1 1 1 1 1 1 1 1 1 1 1 1 1
550 6600 -0.591194598895 -0.00347942558794 0.000623028075132 0.570769704448 1 1 1 1 1 1 1 1 1 1 1 1 1 1 1 1 1
551 6612 -0.602987090614 -0.0105012974857 0.00132229430722 0.569337689932 1 1 1 1 1 1 1 1 1 1 1 1 1 1 1 1 1
552 6624 -0.60024243204 -0.0141114462801 0.00268542122564 0.567924652554 1 1 1 1 1 1 1 1 1 1 1 1 1 1 1 1 1
553 6636 -0.585874834944 -0.00405945213818 0.00211736074593 0.56483344925 1 1 1 1 1 1 1 1 1 1 1 1 1 1 1 1 1
554 6648 -0.587745367645 -0.00601359901211 0.0101040720401 0.570412664818 1 1 1 1 1 1 1 1 1 1 1 1 1 1 1 1 1
555 6660 -0.59014816856 -0.000183033800481 0.00089014006886 0.557856290715 1 1 1 1 1 1 1 1 1 1 1 1 1 1 1 1 1
556 6672 -0.58408387457 -0.00547269487608 0.0076453177451 0.546331263878 1 1 1 1 1 1 1 1 1 1 1 1 1 1 1 1 1
557 6684 -0.603172834548 -0.00775898954686 0.000160326086039 0.541350912132 1 1 1 1 1 1 1 1 1 1 1 1 1 1 1 1 1
558 6696 -0.614578330876 -0.00272925406168 0.00539819036695 0.53476081953 1 1 1 1 1 1 1 1 1 1 1 1 1 1 1 1 1
559 6708 -0.631858419337 -0.00235688456047 0.000472887539677 0.534968409281 1 1 1 1 1 1 1 1 1 1 1 1 1 1 1 1 1
560 6720 -0.644966148747 -0.000290727999793 0.00179466338367 0.538049798042 1 1 1 1 1 1 1 1 1 1 1 1 1 1 1 1 1
561 6732 -0.645181611458 -0.000279614347418 0.00171390711142 0.533105705751 1 1 1 1 1 1 1 1 1 1 1 1 1 1 1 1 1
562 6744 -0.638055029004 -0.00702507265319 0.00100330990554 0.525102818165 1 1 1 1 1 1 1 1 1 1 1 1 1 1 1 1 1
563 6756 -0.631486752849 -0.000670910740461 0.00351138781191 0.527884095369 1 1 1 1 1 1 1 1 1 1 1 1 1 1 1 1 1
564 6768 -0.628902255168 -0.000381709300456 0.00464281491649 0.541750502123 1 1 1 1 1 1 1 1 1 1 1 1 1 1 1 1 1
565 6780 -0.621204328031 -0.000246103677786 5.89182865451e-05 0.531391605953 1 1 1 1 1 1 1 1 1 1 1 1 1 1 1 1 1
566 6792 -0.627005077875 -0.00314071519402 0.00633589798568 0.521960294883 1 1 1 1 1 1 1 1 1 1 1 1 1 1 1 1 1
567 6804 -0.635066055027 -0.00435192528474 0.000478027064989 0.533216355903 1 1 1 1 1 1 1 1 1 1 1 1 1 1 1 1 1
568 6816 -0.63725146734 -0.00107638974504 0.00707700284509 0.529326880424 1 1 1 1 1 1 1 1 1 1 1 1 1 1 1 1 1
569 6828 -0.642588259864 -8.72929151336e-05 0.00144292880158 0.536720852021 1 1 1 1 1 1 1 1 1 1 1 1 1 1 1 1 1
570 6840 -0.643615583519 -0.0113438822302 0.00183358772773 0.544962583868 1 1 1 1 1 1 1 1 1 1 1 1 1 1 1 1 1
571 6852 -0.637985614826 -0.00290886127787 0.000245331364636 0.530598879575 1 1 1 1 1 1 1 1 1 1 1 1 1 1 1 1 1
572 6864 -0.634803269366 -0.000230684787326 0.00462658893018 0.523090610018 1 1 1 1 1 1 1 1 1 1 1 1 1 1 1 1 1
573 6876 -0.637666201342 -0.00309488102944 0.00441843792994 0.520090101411 1 1 1 1 1 1 1 1 1 1 1 1 1 1 1 1 1
574 6888 -0.624163333929 -0.00486661936026 0.00173655018754 0.526830484475 1 1 1 1 1 1 1 1 1 1 1 1 1 1 1 1 1
575 6900 -0.632393646207 -0.00139463830246 0.00189074907021 0.526433926233 1 1 1 1 1 1 1 1 1 1 1 1 1 1 1 1 1
576 6912 -0.622698727619 -9.05450516344e-05 0.000528637476832 0.522953748068 1 1 1 1 1 1 1 1 1 1 1 1 1 1 1 1 1
577 6924 -0.621353827628 -0.00125919185607 0.0038865240106 0.523969226428 1 1 1 1 1 1 1 1 1 1 1 1 1 1 1 1 1
578 6936 -0.615469997516 -0.00207217259412 0.00121903520214 0.524475173466 1 1 1 1 1 1 1 1 1 1 1 1 1 1 1 1 1
579 6948 -0.604394850051 -0.00937119954921 0.000565653495395 0.525968040536 1 1 1 1 1 1 1 1 1 1 1 1 1 1 1 1 1
580 6960 -0.5826096934 -0.00247279131519 0.0050067664512 0.524265611811 1 1 1 1 1 1 1 1 1 1 1 1 1 1 1 1 1
581 6972 -0.580313789164 -0.00103029633902 0.00403846585885 0.524098690146 1 1 1 1 1 1 1 1 1 1 1 1 1 1 1 1 1
582 6984 -0.587219523785 -0.00886688079312 0.000881262545892 0.507488307835 1 1 1 1 1 1 1 1 1 1 1 1 1 1 1 1 1
583 6996 -0.587619627958 -0.00346443826894 0.0115157818153 0.516594464955 1 1 1 1 1 1 1 1 1 1 1 1 1 1 1 1 1
584 7008 -0.587315594208 -0.00322785497573 0.000966751947892 0.50396097963 1 1 1 1 1 1 1 1 1 1 1 1 1 1 1 1 1
585 7020 -0.571738769555 -0.00654479305334 0.00205189902848 0.511918787929 1 1 1 1 1 1 1 1 1 1 1 1 1 1 1 1 1
586 7032 -0.554931550394 -0.00122570735931 0.0145184626094 0.504984370399 1 1 1 1 1 1 1 1 1 1 1 1 1 1 1 1 1
587 7044 -0.551752804295 -0.00586852941868 0.000239516161967 0.504136915529 1 1 1 1 1 1 1 1 1 1 1 1 1 1 1 1 1
588 7056 -0.557862629277 -0.000510985976788 0.00364182653339 0.512580406625 1 1 1 1 1 1 1 1 1 1 1 1 1 1 1 1 1
589 7068 -0.557963902085 -0.00576897129331 0.0106626550872 0.514040932719 1 1 1 1 1 1 1 1 1 1 1 1 1 1 1 1 1
590 7080 -0.563666095008 -0.000709899559274 0.00090351559475 0.525470647027 1 1 1 1 1 1 1 1 1 1 1 1 1 1 1 1 1
591 7092 -0.555355382612 -0.00486030506173 0.000836174810003 0.525968979792 1 1 1 1 1 1 1 1 1 1 1 1 1 1 1 1 1
592 7104 -0.553263726991 -0.000884061040704 0.0206773010614 0.527632601162 1 1 1 1 1 1 1 1 1 1 1 1 1 1 1 1 1
593 7116 -0.555745812257 -0.0038903312859 0.00873722284314 0.538182543773 1 1 1 1 1 1 1 1 1 1 1 1 1 1 1 1 1
594 7128 -0.545342675465 -0.00596684278466 0.00371067569397 0.536503185142 1 1 1 1 1 1 1 1 1 1 1 1 1 1 1 1 1
595 7140 -0.542321282545 -0.021358948468 0.00413089169976 0.545257548309 1 1 1 1 1 1 1 1 1 1 1 1 1 1 1 1 1
596 7152 -0.547208482121 -0.00234156318623 0.00927247715784 0.556833945045 1 1 1 1 1 1 1 1 1 1 1 1 1 1 1 1 1
597 7164 -0.551036589831 -0.00641181913856 0.00480419853724 0.559417591146 1 1 1 1 1 1 1 1 1 1 1 1 1 1 1 1 1
598 7176 -0.551830957632 -0.00288935590424 0.0007093495542 0.559877426658 1 1 1 1 1 1 1 1 1 1 1 1 1 1 1 1 1
599 7188 -0.55253805602 -0.00845998705505 0.000395700309756 0.553960348081 1 1 1 1 1 1 1 1 1 1 1 1 1 1 1 1 1
600 7200 -0.547873264764 -0.00105543813975 0.00595718286202 0.551408410223 1 1 1 1 1 1 1 1 1 1 1 1 1 1 1 1 1
601 7212 -0.554027630485 -0.00130617909975 0.000815299183272 0.56008928138 1 1 1 1 1 1 1 1 1 1 1 1 1 1 1 1 1
602 7224 -0.563664676725 -0.0113419283955 0.00607913200576 0.568371545622 1 1 1 1 1 1 1 1 1 1 1 1 1 1 1 1 1
603 7236 -0.560509820093 -0.00472175417605 0.019286689809 0.574342983746 1 1 1 1 1 1 1 1 1 1 1 1 1 1 1 1 1
604 7248 -0.553071227139 -0.00658026604139 0.000813268191798 0.573868455689 1 1 1 1 1 1 1 1 1 1 1 1 1 1 1 1 1
605 7260 -0.544445173247 -0.00250562336382 0.00847198828827 0.572772967569 1 1 1 1 1 1 1 1 1 1 1 1 1 1 1 1 1
606 7272 -0.541397510175 -0.00489042043803 0.00714924603329 0.565163453043 1 1 1 1 1 1 1 1 1 1 1 1 1 1 1 1 1
607 7284 -0.543190719823 -0.00302884557072 0.00201704724164 0.569881026478 1 1 1 1 1 1 1 1 1 1 1 1 1 1 1 1 1
608 7296 -0.549392803281 -0.00187068634043 0.00581653094293 0.572353176005 1 1 1 1 1 1 1 1 1 1 1 1 1 1 1 1 1
609 7308 -0.56181889863 -8.0133579864e-05 0.00396136690026 0.542202768467 1 1 1 1 1 1 1 1 1 1 1 1 1 1 1 1 1
610 7320 -0.566732897316 -0.000454275869583 0.0048422732982 0.535195918142 1 1 1 1 1 1 1 1 1 1 1 1 1 1 1 1 1
611 7332 -0.57565175096 -0.00643442174046 0.00490281483766 0.522059815787 1 1 1 1 1 1 1 1 1 1 1 1 1 1 1 1 1
612 7344 -0.574618174755 -0.00466439504169 0.00185426783798 0.523725568868 1 1 1 1 1 1 1 1 1 1 1 1 1 1 1 1 1
613 7356 -0.570484660782 -0.0016221546674 0.00506891391998 0.527266591328 1 1 1 1 1 1 1 1 1 1 1 1 1 1 1 1 1
614 7368 -0.577266607615 -0.00327675748222 0.0122868651368 0.523773691258 1 1 1 1 1 1 1 1 1 1 1 1 1 1 1 1 1
615 7380 -0.585388393867 -0.0163758197034 0.000667187793267 0.538908581837 1 1 1 1 1 1 1 1 1 1 1 1 1 1 1 1 1
616 7392 -0.581018148017 -0.00814007906752 0.00557404720461 0.527828903964 1 1 1 1 1 1 1 1 1 1 1 1 1 1 1 1 1
617 7404 -0.581934834211 -0.00662442588078 0.0111651345947 0.525381724986 1 1 1 1 1 1 1 1 1 1 1 1 1 1 1 1 1
618 7416 -0.595347710691 -0.000671262663608 0.00243363861774 0.524669094016 1 1 1 1 1 1 1 1 1 1 1 1 1 1 1 1 1
619 7428 -0.588882462387 -0.00837039291005 0.000980808726929 0.518546849554 1 1 1 1 1 1 1 1 1 1 1 1 1 1 1 1 1
620 7440 -0.589924939937 -0.00116088824367 0.0112259298534 0.526189036971 1 1 1 1 1 1 1 1 1 1 1 1 1 1 1 1 1
621 7452 -0.593806570811 -0.00781930207711 0.00654322572467 0.528495465649 1 1 1 1 1 1 1 1 1 1 1 1 1 1 1 1 1
622 7464 -0.584321754569 -0.0046977992629 0.00195261800555 0.532990431214 1 1 1 1 1 1 1 1 1 1 1 1 1 1 1 1 1
623 7476 -0.601274271681 -0.00400082642711 0.00338055550833 0.549897293441 1 1 1 1 1 1 1 1 1 1 1 1 1 1 1 1 1
624 7488 -0.598445899954 -0.00308731604421 0.00600911462792 0.545702978854 1 1 1 1 1 1 1 1 1 1 1 1 1 1 1 1 1
625 7500 -0.607295561391 -0.00128483911447 0.0020427772227 0.554830248342 1 1 1 1 1 1 1 1 1 1 1 1 1 1 1 1 1
626 7512 -0.613154938524 -0.00702392173845 0.000314702259425 0.561949270492 1 1 1 1 1 1 1 1 1 1 1 1 1 1 1 1 1
627 7524 -0.611450970182 -0.00236153308759 0.00513619683902 0.548551830414 1 1 1 1 1 1 1 1 1 1 1 1 1 1 1 1 1
628 7536 -0.612999601445 -0.00142573582565 0.00510592043938 0.54947002332 1 1 1 1 1 1 1 1 1 1 1 1 1 1 1 1 1
629 7548 -0.613622844702 -0.00107678426595 0.00302259774951 0.564290392741 1 1 1 1 1 1 1 1 1 1 1 1 1 1 1 1 1
630 7560 -0.595267658982 -0.00410327034522 0.00242800406868 0.564633449699 1 1 1 1 1 1 1 1 1 1 1 1 1 1 1 1 1
631 7572 -0.587441667436 -0.0043570964857 0.00863919809505 0.573002395308 1 1 1 1 1 1 1 1 1 1 1 1 1 1 1 1 1
632 7584 -0.581794232531 -0.0116515781016 0.00517851111835 0.570283753019 1 1 1 1 1 1 1 1 1 1 1 1 1 1 1 1 1
633 7596 -0.583538176525 -0.00424803818615 0.001070540313 0.573234291886 1 1 1 1 1 1 1 1 1 1 1 1 1 1 1 1 1
634 7608 -0.590487304041 -0.00239114676552 0.00425218700872 0.572724106793 1 1 1 1 1 1 1 1 1 1 1 1 1 1 1 1 1
635 7620 -0.593241675842 -0.00564131702805 0.00646631022766 0.568423665122 1 1 1 1 1 1 1 1 1 1 1 1 1 1 1 1 1
636 7632 -0.600521979207 -0.00259493542247 0.00931192313305 0.568388094186 1 1 1 1 1 1 1 1 1 1 1 1 1 1 1 1 1
637 7644 -0.59665451269 -0.0037258218845 0.0026698318186 0.563259695486 1 1 1 1 1 1 1 1 1 1 1 1 1 1 1 1 1
638 7656 -0.598166295829 -0.00347104090252 0.0027042320344 0.561041774639 1 1 1 1 1 1 1 1 1 1 1 1 1 1 1 1 1
639 7668 -0.595328866096 -0.0145594368498 0.000206111132132 0.558350872918 1 1 1 1 1 1 1 1 1 1 1 1 1 1 1 1 1
640 7680 -0.597043432827 -0.00305193042517 0.00110885676199 0.56349366624 1 1 1 1 1 1 1 1 1 1 1 1 1 1 1 1 1
641 7692 -0.594161312798 -0.00280693591569 0.0029244676364 0.570763085851 1 1 1 1 1 1 1 1 1 1 1 1 1 1 1 1 1
642 7704 -0.598112029014 -0.00411091712138 7.42801865925e-05 0.571060872946 1 1 1 1 1 1 1 1 1 1 1 1 1 1 1 1 1
643 7716 -0.595111733834 -0.00314164673593 0.00495886950729 0.574058646871 1 1 1 1 1 1 1 1 1 1 1 1 1 1 1 1 1
644 7728 -0.594790018005 -0.000193514869804 0.00177373452804 0.582627288371 1 1 1 1 1 1 1 1 1 1 1 1 1 1 1 1 1
645 7740 -0.592091377943 -0.00507824937474 0.00200074385983 0.572610905213 1 1 1 1 1 1 1 1 1 1 1 1 1 1 1 1 1
646 7752 -0.589697859815 -0.00360725990695 0.000919824711587 0.579717991484 1 1 1 1 1 1 1 1 1 1 1 1 1 1 1 1 1
647 7764 -0.589955130746 -0.0074963773216 0.00961344070853 0.586662583346 1 1 1 1 1 1 1 1 1 1 1 1 1 1 1 1 1
648 7776 -0.595822191092 -0.00448150262004 0.00770838735785 0.584545539093 1 1 1 1 1 1 1 1 1 1 1 1 1 1 1 1 1
649 7788 -0.599203406159 -0.00127054950718 0.0008501825907 0.582086822515 1 1 1 1 1 1 1 1 1 1 1 1 1 1 1 1 1
650 7800 -0.59876402244 -0.00450532481409 0.00901249002298 0.576806717096 1 1 1 1 1 1 1 1 1 1 1 1 1 1 1 1 1
651 7812 -0.599454160334 -0.000623894729208 0.0148636874835 0.563726464521 1 1 1 1 1 1 1 1 1 1 1 1 1 1 1 1 1
652 7824 -0.601181174029 -0.000100205792025 0.00863530201813 0.572485445727 1 1 1 1 1 1 1 1 1 1 1 1 1 1 1 1 1
653 7836 -0.604438303914 -0.00542733085355 0.00380022963231 0.581689355484 1 1 1 1 1 1 1 1 1 1 1 1 1 1 1 1 1
654 7848 -0.598608850438 -0.00535089521241 0.000379142706125 0.582722818615 1 1 1 1 1 1 1 1 1 1 1 1 1 1 1 1 1
655 7860 -0.606898689809 -0.00844467196104 0.000854476570807 0.586056344852 1 1 1 1 1 1 1 1 1 1 1 1 1 1 1 1 1
656 7872 -0.60565589496 -0.00346975340158 0.00307167465502 0.584405008622 1 1 1 1 1 1 1 1 1 1 1 1 1 1 1 1 1
657 7884 -0.606719293568 -0.00563058939306 0.000691605282032 0.576280601369 1 1 1 1 1 1 1 1 1 1 1 1 1 1 1 1 1
658 7896 -0.614460553616 -0.00223929376292 0.00393827845576 0.569265927309 1 1 1 1 1 1 1 1 1 1 1 1 1 1 1 1 1
659 7908 -0.610548285201 -0.000821758038612 0.00397062865507 0.564554424878 1 1 1 1 1 1 1 1 1 1 1 1 1 1 1 1 1
660 7920 -0.620372480883 -0.00412205729677 0.00158442283398 0.560958028037 1 1 1 1 1 1 1 1 1 1 1 1 1 1 1 1 1
661 7932 -0.61360673332 -0.00701142427368 0.00161782908256 0.564088252453 1 1 1 1 1 1 1 1 1 1 1 1 1 1 1 1 1
662 7944 -0.604944104801 -0.00518027548121 0.000338027193693 0.565222015655 1 1 1 1 1 1 1 1 1 1 1 1 1 1 1 1 1
663 7956 -0.589304603663 -0.00517095531111 0.00120965723584 0.553550173248 1 1 1 1 1 1 1 1 1 1 1 1 1 1 1 1 1
664 7968 -0.59552567787 -0.0001046076163 0.00102424122165 0.556213276603 1 1 1 1 1 1 1 1 1 1 1 1 1 1 1 1 1
665 7980 -0.61143930912 -0.00104919270221 0.00277912924237 0.551263510483 1 1 1 1 1 1 1 1 1 1 1 1 1 1 1 1 1
666 7992 -0.623210996215 -2.05407822972e-05 0.00524475160074 0.539195887426 1 1 1 1 1 1 1 1 1 1 1 1 1 1 1 1 1
667 8004 -0.622007741546 -0.000197505691634 0.00231828528332 0.548599116817 1 1 1 1 1 1 1 1 1 1 1 1 1 1 1 1 1
668 8016 -0.620110066362 -0.000934368471901 0.00799353144321 0.542110100953 1 1 1 1 1 1 1 1 1 1 1 1 1 1 1 1 1
669 8028 -0.618990603001 -0.00522408685671 0.00481750187979 0.548645722681 1 1 1 1 1 1 1 1 1 1 1 1 1 1 1 1 1
670 8040 -0.619534182575 -0.0156333406759 0.00237620327206 0.554025145367 1 1 1 1 1 1 1 1 1 1 1 1 1 1 1 1 1
671 8052 -0.621766082219 -0.0112375629187 0.00292734603296 0.556108549787 1 1 1 1 1 1 1 1 1 1 1 1 1 1 1 1 1
672 8064 -0.622472269364 -0.008718957349 0.00575267478993 0.55187658389 1 1 1 1 1 1 1 1 1 1 1 1 1 1 1 1 1
673 8076 -0.638115299562 -0.00295333146476 0.00281796938432 0.559250085663 1 1 1 1 1 1 1 1 1 1 1 1 1 1 1 1 1
674 8088 -0.622982642122 -0.000343355096287 0.00346518094903 0.550334035779 1 1 1 1 1 1 1 1 1 1 1 1 1 1 1 1 1
675 8100 -0.631458580885 -0.0067983930114 0.00305922757532 0.557379209601 1 1 1 1 1 1 1 1 1 1 1 1 1 1 1 1 1
676 8112 -0.6407296567 -0.000176653795197 0.000415132308618 0.548227728624 1 1 1 1 1 1 1 1 1 1 1 1 1 1 1 1 1
677 8124 -0.641635443676 -0.000340387403363 0.000403551027991 0.547077151058 1 1 1 1 1 1 1 1 1 1 1 1 1 1 1 1 1
678 8136 -0.63736966473 -0.000488808189932 0.00519896337667 0.54532038898 1 1 1 1 1 1 1 1 1 1 1 1 1 1 1 1 1
679 8148 -0.627041046197 -0.00452610697316 0.00136322011135 0.530831211347 1 1 1 1 1 1 1 1 1 1 1 1 1 1 1 1 1
680 8160 -0.624745636931 -0.00110998727675 0.0114908044489 0.528022983723 1 1 1 1 1 1 1 1 1 1 1 1 1 1 1 1 1
681 8172 -0.623360023491 -0.00151775672607 0.00933711386081 0.521619430777 1 1 1 1 1 1 1 1 1 1 1 1 1 1 1 1 1
682 8184 -0.617074448606 -0.00596532980363 4.52912335175e-05 0.536537864399 1 1 1 1 1 1 1 1 1 1 1 1 1 1 1 1 1
683 8196 -0.609571721614 -0.00534960271819 0.00878640463417 0.537494041576 1 1 1 1 1 1 1 1 1 1 1 1 1 1 1 1 1
684 8208 -0.611750064175 -0.000231882152325 0.00126944695596 0.526085672363 1 1 1 1 1 1 1 1 1 1 1 1 1 1 1 1 1
685 8220 -0.619007651922 -3.84315957316e-05 0.00150868891055 0.530216482066 1 1 1 1 1 1 1 1 1 1 1 1 1 1 1 1 1
