% # columns="iteration, evaluation, void, void, void, xmean", seed=15, Wed Aug 15 00:36:31 2018, <python>{}</python> # scaling_of_variables: 1, typical_x: 0
1 12 0 0 0 0.581057332431 6.09843162177 -0.832839871415 2.81228510719 -0.0255712591621 9.40949356652 7.55529221155 3.12860903468 3.34334084381 4.34734613065 3.35806073643 9.18606110349 2.59189271837 4.6559426508 4.07424402884 9.93880782746 6.86678322196
2 24 0 0 0 1.30270918333 4.88393179697 0.858685832394 3.5870812159 -0.923483421608 9.3214903679 6.80235854524 2.74525796612 4.0667032995 4.24323781645 2.80839309003 8.60324427746 0.444207846041 4.61896873672 2.65216891697 9.80949659097 5.57717593649
3 36 0 0 0 1.1468295801 5.02723922395 0.563048366521 2.06194311978 -1.24268643029 10.7136122016 6.63926737006 2.1428077182 5.57720954257 4.00510533389 3.65986136955 9.53589592539 0.628290214902 4.18961293223 2.34112251219 10.593115881 4.08390061956
4 48 0 0 0 -0.488288190224 4.25677707554 0.563957249655 2.41079118606 -0.738800113934 9.21434292774 6.56807102487 3.28735323802 5.68790183754 5.33207827298 3.26031851491 8.61282022232 0.382774768233 4.33060412549 1.53428424182 11.3906130975 5.01002909699
5 60 0 0 0 -1.56718314648 3.80877623839 0.547356859527 3.9995099998 -0.67733114922 9.53441513199 7.5310456661 3.24914524961 5.94559193056 5.90130224509 3.90026128733 8.03451042749 -0.488784348972 3.84703994829 1.50596632954 12.3996065029 4.24078581397
6 72 0 0 0 -3.30497246558 3.69904485799 -0.00108202838652 4.5899761881 -0.574683568788 8.07908099731 7.46084907674 2.78495070066 6.64148686755 6.17512938908 5.06855316261 7.69612885133 -0.0184190903187 3.1306950011 1.93215325105 12.5633327448 3.62666618576
7 84 0 0 0 -3.45832651717 4.78621897135 -1.12356829349 3.8481168548 -1.32382138855 7.70957540516 7.33942895727 3.6149244119 8.2060877685 7.56629895356 5.21052987166 9.43930603684 0.949356061176 2.72416300496 2.65409549618 12.8466203687 4.40462733736
8 96 0 0 0 -4.10140570828 4.13906571204 -2.79480283285 3.18251682433 -0.589884434465 8.73626586839 8.32414978515 3.77093517116 7.64655689019 8.2812015933 3.02608511188 8.53006197507 -0.0434175794857 3.37636232151 1.49665602224 13.856213596 3.87702457719
9 108 0 0 0 -4.10123356177 5.65606029758 -3.74814070529 5.53970701797 0.918206992874 10.2187044414 6.88341230976 3.29486084067 7.82780108719 7.81789962674 4.96770787923 7.64388070095 0.0927737412345 2.64311589903 2.15509191613 14.5000649686 3.36522652707
10 120 0 0 0 -2.66356976952 6.43093463252 -4.15626624745 4.22899648112 2.35999728535 10.6819327238 5.47228266769 2.33936683898 7.75652631625 8.62868620245 3.63374749057 8.0562693665 1.04889532816 2.53030902671 3.1976057481 12.0937041585 3.56744650883
11 132 0 0 0 -3.37043903014 6.67776171681 -3.56813687751 4.60386760259 2.01731799909 10.8833693162 3.06594942975 1.47961785875 7.35075160472 8.10677468115 3.46862405664 6.95693175609 0.539875861415 1.99918410482 2.12571481455 12.6986888684 3.2468631275
12 144 0 0 0 -2.9947755239 7.56085578339 -3.42502508388 4.24196385589 2.60104335939 10.3755042401 3.16289873152 0.961682735758 7.57716477075 10.8070538234 3.14081817244 7.68736785283 0.0960116312444 3.18531266823 2.50965788906 12.5576969556 3.61276512073
13 156 0 0 0 -4.511744283 6.39684379897 -4.0389097977 3.99405231595 2.94998654484 9.94487485372 2.06236350146 1.24261776278 7.9267842839 9.6833514321 2.41986898621 8.78577641043 0.583894177455 2.2625802001 3.28900112632 12.9211894862 3.6404458914
14 168 0 0 0 -5.29601701751 4.83347680412 -6.41020223943 4.98804412872 2.42166478809 11.9441985294 1.8194160364 1.45866657633 8.15592015573 9.72250238313 3.21541206159 7.62398567205 2.48863537864 2.38045745065 2.97056029037 13.3676920821 3.6605713772
15 180 0 0 0 -6.36023563399 4.71773407964 -5.89291094345 3.67492006295 1.1669310905 13.0387733413 2.43071486279 0.203497098759 8.62544275157 8.6138869498 3.48189012791 7.21546175067 2.43715952589 3.03834387383 3.97048942443 13.2184209971 4.50986420449
16 192 0 0 0 -6.19701809058 4.43475969426 -6.31171533485 4.30739263082 1.4453782931 13.7011584801 2.77915125303 0.481449689986 8.08190763057 8.53388069798 4.66539898247 6.99538028791 0.217387903079 3.51886037855 5.22791808445 13.7259457229 3.53358963861
17 204 0 0 0 -5.49625477996 4.83117298585 -5.55999153804 3.84114083009 -0.965373706815 13.5166080861 4.03686014271 0.38418700946 7.88687004775 7.84748183724 5.7333191919 6.38460402927 -1.05309105913 5.0120763457 3.86603615571 13.4788511588 3.96163803299
18 216 0 0 0 -3.3784063291 5.53529062472 -4.84790580254 3.6075864156 -0.516568211216 13.9680622678 3.22473956222 2.37109079689 6.45459591705 8.2953640211 5.36820367619 6.3214080913 0.220571286023 4.66374715593 3.86425422969 12.4044134836 3.58298490951
19 228 0 0 0 -3.35777318267 6.84888523874 -3.40725905264 2.40813569515 -0.8871035034 12.3161252664 2.49994358777 4.86972241481 6.41679141861 7.52295452212 5.64227273887 6.00321507325 1.45780908945 4.50428227124 3.62763982979 10.9986398149 4.09707651327
20 240 0 0 0 -2.79070892573 6.46462022109 -2.47954410547 2.82375708967 -0.595651636915 12.3907816228 3.42603574254 5.35935317238 6.91160952175 7.66892299027 6.4484904188 4.81305089354 0.315579279459 5.28641909833 2.9449426628 10.6119660498 3.43743412076
21 252 0 0 0 -2.41142041075 7.2605638141 -1.4615705019 4.82535264778 -1.28724930859 11.6858260459 4.2910597845 4.94544122277 7.15780807998 9.19934817979 6.56937319742 7.06743943478 0.267467348747 6.98966388203 3.83118415275 10.3742357168 3.22538305399
22 264 0 0 0 -3.02103905059 7.91404257198 -1.85173970461 4.91715298767 -1.0025980331 12.2293414702 4.53453423065 4.42401687964 9.09188653641 8.38670409041 5.81140925523 6.28178286191 -0.226972822874 6.60172341256 2.94006797255 11.9681738265 2.86845284544
23 276 0 0 0 -1.58156611284 8.12033490394 -3.08544685002 5.65432473205 -1.01789768596 11.669502703 4.84711880049 3.81238619687 8.13689284114 8.93659973749 6.05473991103 8.25618032588 -0.556757856599 6.87551189153 2.50306413257 11.3667581294 4.40168646597
24 288 0 0 0 -1.86404567666 7.29251259179 -3.81792012935 5.4319395773 -0.79533171618 12.9496381968 4.29401717895 2.59084988028 7.07502833899 8.93350034605 5.52287853711 6.70568109102 0.391035159278 7.99113143034 3.61726351147 11.4987807945 3.72355191825
25 300 0 0 0 -2.09863119746 9.13657545228 -3.26433378324 4.90078397762 -1.32467572203 11.7005995237 4.79483776667 2.33628549532 7.07252057543 9.69359773752 5.31498132366 6.35152000086 -0.54278064856 5.69699359996 4.61412418885 12.2643148782 4.38511852473
26 312 0 0 0 -3.34228019742 8.58778651564 -3.02777418613 4.44567439916 -0.55553960147 12.7470353271 4.93254873961 2.88555614342 7.08814194624 8.84038427214 5.10185036715 6.14116240115 0.117919638626 4.98179881778 3.45155997793 12.3379521663 3.59795478652
27 324 0 0 0 -2.89021159313 9.00621273342 -2.00510664176 4.43378695953 -0.595485842816 12.8124913119 4.93306639775 2.42070799115 6.38809758092 9.01777028563 4.68531173201 5.93283777492 -0.195947386947 5.18379214385 3.32177413627 12.368968697 3.78408943331
28 336 0 0 0 -3.07034436435 9.00726839113 -2.00635846618 3.21720263923 -1.29740387334 13.980795654 5.86778030829 2.25100406902 6.13482146438 9.15333255427 4.27071637032 5.03346319577 0.0917541442137 4.91644222458 2.38805493111 13.0038586955 4.12483773218
29 348 0 0 0 -3.45543472635 8.42640948147 -1.70440804295 3.41409613723 -1.36836694878 13.3306291202 4.9967564399 2.61612100356 6.28497686858 8.90974512428 4.63077612112 5.88345401297 -0.345991282748 4.72925254308 2.14039211077 12.3998025257 2.57546380993
30 360 0 0 0 -3.48515329116 9.2620348038 -1.93736841874 2.88824947723 0.259917198713 13.9936266272 4.14586056643 2.76090938409 6.50669964272 9.41276381814 3.69768759289 6.08979676657 0.510606122218 3.42409149982 2.14582097371 11.8161964395 2.30086297715
31 372 0 0 0 -3.8655852342 9.1008828841 -2.17775785013 2.64035475828 0.192898664663 14.986782327 4.25877801447 3.17507218169 7.12564657931 9.46136724779 3.1793170489 6.58257119829 0.527764932639 2.5574120064 1.983495623 11.7734196161 2.18974463523
32 384 0 0 0 -3.55823851041 9.27404494972 -1.84195688002 3.20113225411 -0.639537483247 14.1892489093 3.27649802961 2.7010378615 6.8535741421 9.33809451808 4.37147938666 6.189075241 0.138143896865 2.47349413579 1.29173953415 11.6354075599 2.16953900464
33 396 0 0 0 -3.7047761074 8.8008651734 -2.1289572601 3.16938709178 -0.227038551576 14.4257657382 3.19928496768 2.83371788248 6.83646303357 10.0087629162 4.99612882249 6.17895292647 0.226005175247 2.25547042915 1.41757941104 11.3797489224 2.14873609567
34 408 0 0 0 -4.28793248175 8.9449102735 -2.75078217845 3.29443337966 1.08539992754 14.4737294306 3.30833554619 3.14629797871 7.31138655166 9.7976406643 4.05989649344 6.20089333753 -0.284122583844 2.28235288873 1.02137940893 10.9109377237 1.855145574
35 420 0 0 0 -4.56238979707 9.28866072221 -2.57721573083 3.12447258161 0.683499448854 14.3647381574 3.26366177744 4.77854896866 7.8984011153 10.1529338502 3.59578784077 6.45643589641 -0.0704069112336 0.731225185768 0.654541722979 10.896655646 2.09245412655
36 432 0 0 0 -4.6311088132 8.44910306884 -2.05580694303 3.44733959387 -0.696684239864 14.6683065362 2.4161694275 4.89038503335 7.52522061239 9.73911046197 3.92394011522 5.52231177271 -0.0914338009671 0.693421055481 0.607783742292 11.298926098 1.46607722216
37 444 0 0 0 -4.68058187303 8.02244466197 -3.73475829707 3.588095319 0.229605855118 15.3632946292 2.17622105599 5.14505173638 8.36226399291 11.1674362074 3.75599971133 5.82154054245 -0.311811710525 0.364358289878 1.30411093475 11.182837227 2.70704897069
38 456 0 0 0 -3.94409449881 7.4490153474 -3.70241364839 3.75467474926 -0.0492676033092 15.4920123684 2.75059039722 5.53018093567 6.87766720491 11.1719955429 3.97355731777 5.64778157454 -0.0695937295684 0.717228520105 2.1544721422 10.6469352204 2.20911633211
39 468 0 0 0 -4.40493649261 7.15156366851 -3.82214627938 3.80823024165 -0.0390353302086 15.0784889598 3.00525505855 6.57197670763 7.16832914066 12.1104364096 3.8708650501 5.61257215429 -1.3400432812 0.432188720401 1.76196749036 10.0433731301 2.45226543498
40 480 0 0 0 -3.79939648173 7.45048511828 -3.68353977219 3.45973035733 -0.195592575941 15.5247518848 3.14814444153 7.29439798571 7.2570185478 11.9166148808 3.65145742593 5.58074044686 -0.914037308001 0.505410142076 2.11002669771 10.6211234012 2.57090548628
41 492 0 0 0 -3.37321877016 7.5532658954 -3.56064121356 3.57362497255 -0.515935108952 15.007698417 3.17115142677 7.27125819791 7.33926923026 11.9451366511 3.2308336253 5.67571032336 -0.443436223744 -0.103346004472 2.44889351653 9.80682225817 1.27468610181
42 504 0 0 0 -2.68018426073 7.45850884071 -3.0417035997 3.47459253314 -1.62575951254 15.4437384356 3.25494682724 6.95928706433 7.82367942839 11.2948924138 2.906311932 6.5972167573 -0.48322585149 0.0649793507368 2.04568242056 9.60848131079 1.73199795029
43 516 0 0 0 -2.54438484085 7.81267480767 -2.53217323548 3.29334678413 -1.53448712698 15.535101039 3.90067638548 5.99648866004 7.93894367538 10.8068404074 3.33995587392 6.5203044145 -0.0169592435562 -0.43161340578 2.46614398364 9.8775742348 1.61915530451
44 528 0 0 0 -2.28822623353 8.33063327658 -2.73498142823 3.28663505504 -0.924760200332 15.3188182589 4.32599295689 6.50923642791 8.3734257285 10.7731486336 2.31746789358 7.67874379347 -0.454996949381 -1.42828989299 1.78939077064 9.66097037125 2.41217909274
45 540 0 0 0 -2.39597073252 7.82612306453 -2.56439818254 2.44282966785 -0.949581434726 15.0479291686 4.56744797622 7.27866823189 8.82776494372 10.794632101 2.50090897524 7.7025908773 -0.293834099334 -1.19730023291 1.75123904385 9.90592707503 2.90309901351
46 552 0 0 0 -2.26705846471 8.07086319032 -3.01854983274 2.53672557137 -0.73678722326 15.2176328034 4.95271136519 7.55783497689 8.57907323143 10.3710868471 2.52509479936 6.84563868538 -0.13349388322 -0.88240591773 1.34603205095 10.049044019 2.39641728208
47 564 0 0 0 -2.68769020692 7.53214257949 -2.89329301301 2.37363429929 -0.510506346338 15.1176051754 4.97456876893 7.77988044376 8.11410438471 10.6652765649 2.242310108 6.84367941922 -0.0583487370232 -1.5338013553 1.37950868435 9.48288442394 1.96902178386
48 576 0 0 0 -2.13213865182 7.68272344797 -2.53422236991 2.70552227497 -0.494037051324 15.6829286449 5.19001829019 7.82911162582 8.55813727861 10.4603838114 1.98729414983 6.53583087116 -0.299518423776 -1.48802347762 1.0157969778 9.7112625581 2.84522643731
49 588 0 0 0 -1.62232289858 8.45595828517 -2.20972508636 3.17755681993 0.093514405732 15.8633997171 4.9870052425 7.41180985291 8.49631224063 10.4226299305 1.78098387553 6.84941954591 0.0675873334095 -0.993593127034 1.49664263649 10.1055231256 2.33933701648
50 600 0 0 0 -2.9085831296 7.6533030374 -2.5772334502 3.51664557959 0.325038236259 16.2919507946 3.94912765275 7.25773379226 8.67601594798 10.3218310162 1.78273924465 6.4909529205 -0.302129754717 -1.10208071445 1.66769163829 9.78196777369 2.27963627485
51 612 0 0 0 -2.56545084442 8.30874622003 -2.67431093426 3.66659194455 0.576993753438 15.9480157571 3.65046106171 7.11613634772 9.10525540867 10.9227386366 1.65235339388 7.19966733371 -0.081517647625 -0.587126946469 2.05541743579 9.99497512316 2.13966596661
52 624 0 0 0 -2.25540398358 7.73326722692 -1.98432749046 3.5689560509 0.60638474453 15.5604767224 3.92559438769 7.36452618356 8.69069959685 10.6484017367 1.42217440389 6.71545827106 -0.12741896001 -0.524703831637 2.04517407419 9.95192155522 2.49460241865
53 636 0 0 0 -1.79021973699 7.38619801671 -1.67234517736 3.45443485795 0.512861557689 15.1587908905 3.8333272544 6.93589586785 8.49963053866 10.4210884537 2.19126957246 6.46401902864 -0.0188478935648 -0.313930606981 2.42836929673 9.4430533357 2.9328045318
54 648 0 0 0 -2.01844066673 7.07819884124 -2.38279825642 3.8625746738 0.770452509525 15.5951994972 3.81841051578 5.4250587503 8.70722188883 10.8736015508 1.92684381001 6.83966823374 0.0703557828556 -0.0740175672147 2.50025314866 9.9764673196 2.68485612555
55 660 0 0 0 -2.53826344297 7.0774662112 -2.06160940955 3.94995359238 0.473504082938 15.8055920089 4.0569247845 5.65730584171 8.34610976941 10.7346611362 2.21770707385 6.83377499693 -0.0387700182467 -0.226649580705 2.24985462612 9.85954442693 2.32878618728
56 672 0 0 0 -2.336954166 6.86404565682 -1.75249422199 3.77310552506 0.487400731633 16.1414118657 4.48594044611 5.1687090285 8.22947306774 10.7533890472 2.3016644407 6.84435753333 -0.464224297713 -0.618638759377 2.32291139278 9.98250809388 2.00733455321
57 684 0 0 0 -2.01125700679 7.34246631565 -1.83872526741 4.11555031512 0.27513563189 16.0367298329 4.55283468514 5.37990059666 8.07269620243 10.6551575767 2.29739487366 7.437881047 -0.449303494264 -0.274867170941 2.7522044804 9.74350602258 2.29932959751
58 696 0 0 0 -1.70817067939 7.05195647929 -1.87405997309 4.59435751576 0.160944891569 16.2468703152 4.51838460752 5.51431287524 7.91965634355 10.9623991272 2.36814249625 7.68220851163 -0.636834435545 -0.241147793099 2.61311906187 9.5046782375 2.80606862464
59 708 0 0 0 -1.95787557026 7.84829137111 -1.47428014728 4.02521205982 0.0227847918184 16.4209142711 5.12253966289 5.40305832083 7.91712652826 10.769321573 2.07978964717 8.08843388048 -0.43255672896 -0.10482675999 2.34507907215 9.50683703074 2.95074364272
60 720 0 0 0 -2.22913840945 7.70252387107 -1.63374669136 3.53738045755 -0.0924667540974 16.1390626803 5.42576590211 5.82442002069 7.83197675487 10.8315366511 2.04516870219 8.16201816536 -0.360198727979 -0.522635246771 2.2500415724 9.35010730213 3.31655415065
61 732 0 0 0 -1.60531982113 7.63961508464 -1.46120109704 3.23075271479 -0.0950799124226 15.8879396298 5.75112645891 5.92622128938 7.92869276661 10.6518356799 1.89651775139 8.20010335942 -0.249201550585 -0.783115670756 2.26101740409 9.39640933296 3.14478919463
62 744 0 0 0 -1.74782409529 7.66222871478 -1.14577312244 3.21589058538 -0.278185028043 15.8727170508 6.00422550574 5.43797325539 8.23107985519 10.7839267163 2.32039183837 8.0638603119 -0.271088880683 -0.307778044452 3.02825470367 9.38889269643 2.73688873667
63 756 0 0 0 -1.49688968117 7.8025102623 -0.74993751825 3.09096022239 -0.308087140135 15.9805045489 6.07687176109 5.50340921436 8.01255912737 10.8441487676 2.35199336794 8.57189284235 -0.450870510403 -0.774117888608 3.18231273865 8.88744252681 3.01848039805
64 768 0 0 0 -1.15472917026 7.91889487164 -0.796207710342 3.04985394122 -0.542478373334 15.7330208186 6.50707209599 4.99966698356 7.84189315864 10.8743158477 2.50192228529 8.46097887131 -0.172914768068 -1.01290910356 2.97653208301 8.83217565718 3.64870241904
65 780 0 0 0 -1.4895031052 8.32747618246 -0.541407494455 2.95735113879 -0.351223856185 15.9330813805 6.46653448992 4.98529840248 7.75752457754 10.6088033781 2.09610725806 8.82012558535 -0.168054841647 -0.960798138552 2.63353114693 8.63258144749 3.95543346641
66 792 0 0 0 -1.8182345764 8.19892151831 -0.682974805807 2.86283662005 -0.523249690412 15.9531961326 6.75394569487 4.95144288347 8.16165228255 10.4176949889 2.37925216252 9.25043745793 -0.114974930398 -0.746623609199 2.36638622496 8.30258031988 4.33219275189
67 804 0 0 0 -2.16420332422 8.24974995892 -0.731473729098 2.5269968214 -0.127519674876 15.9047818636 6.95700330909 5.20807063395 8.12745360316 10.4048431445 2.05743822836 9.59852170198 -0.0400383793257 -0.783129057969 2.37270124874 8.36339515841 4.5140653701
68 816 0 0 0 -2.79597129509 8.17264447837 -1.48889884758 2.88004577513 -0.168978384448 15.6350492604 7.3165467404 5.27653676971 7.96684672073 10.511146817 1.75037639252 9.63572104677 0.0328802982256 -0.861846405936 2.38549119379 8.60964151205 5.25719062358
69 828 0 0 0 -3.12070719833 8.31376538703 -2.03395807442 2.86106258731 0.172541116077 15.5345251309 7.86004306206 4.80878260471 7.90056936617 10.1034582645 1.57617942275 9.92043727335 0.320047428125 -0.661289486738 2.13698754519 8.64745205582 5.40705821876
70 840 0 0 0 -3.29732690646 8.55348412736 -1.73419266279 2.87899162633 -0.0066703210852 15.8336614279 7.85762580386 4.44298056152 7.82722035264 10.5207789621 1.51245983186 9.5471762958 -0.124622478978 -0.403193206285 1.97597780954 8.65337749433 5.39392533106
71 852 0 0 0 -3.43748716617 8.83824136698 -1.03873725094 3.27627586964 -0.71604462284 15.8384277535 8.41527582734 4.65051761135 8.5855685342 10.7212653774 2.19595973614 9.8322436427 -0.0501385183095 -0.265439523058 2.13129786356 8.33635301629 5.24310517377
72 864 0 0 0 -2.83677569666 8.64411092578 -1.24763572037 3.27128791445 -0.995709401991 16.0557300849 9.20246578622 5.59556136791 8.53705394054 10.774347182 2.34360623929 9.62381532421 -0.0032978432722 -1.150606978 1.546072809 8.48497865523 5.37426204813
73 876 0 0 0 -2.93312611937 8.39538293754 -0.367351851204 3.43571608367 -0.81739634008 15.7934187529 9.13729718016 5.44735727781 8.2849455679 10.4609407024 2.71388604613 9.6810768915 0.0956412272758 -0.820818455611 1.44237082097 8.53877404833 5.25542201724
74 888 0 0 0 -3.49676210534 8.15701870404 0.429254859165 3.71669920766 -0.588555096279 15.6245355968 8.61042881216 6.31827525569 8.14078809332 10.5778621659 2.53066877847 9.58354373755 -0.308121399927 -0.506827612703 0.993022972234 8.23043425753 5.09296331134
75 900 0 0 0 -3.80921241772 7.31145842293 0.702471457762 4.28095773123 -0.410424313396 16.0015033135 7.99581482516 6.63828741079 8.31455076624 10.490912577 2.65686477493 10.2530045033 -0.0297356680055 -0.493616877879 1.57291499303 7.62416012086 4.84288841668
76 912 0 0 0 -3.7236248871 7.72410694359 0.829424309078 4.23134008293 -0.204242395477 16.2533140266 7.69878866637 7.26282398989 8.35814833823 10.5145073117 2.7443424298 9.78186647954 -0.135446181605 -0.989490420469 1.63647033227 7.74192529736 4.48847995544
77 924 0 0 0 -3.30018301457 8.04224783868 1.41831431316 3.52335933 -0.642025280029 15.7779237391 7.93273226076 7.82880393644 7.59205822841 10.385213154 2.93121583718 9.89573822315 0.175990718643 -0.858325279484 1.6738595255 7.20841313774 4.98831583029
78 936 0 0 0 -3.79988918325 7.05947744958 1.3847324766 3.70872744126 -0.802518651851 16.1807111571 7.14734759037 7.98627610529 8.33464214372 10.0494616756 3.21154262925 9.4540833158 0.134940536862 -0.894759375276 1.55716584041 7.30992449452 4.22538601216
79 948 0 0 0 -4.42368507902 7.15666585679 0.932596566985 3.1367239265 -0.722122738427 16.2535092665 6.48615912786 8.53684687701 8.77239044216 10.3548313085 3.13698429031 9.33714520363 -0.0635815237576 -1.37116193924 1.08507536728 7.57077424175 4.5637801485
80 960 0 0 0 -4.88751103593 7.24209835012 0.10420853498 2.43893409244 -0.412324816798 15.8072718764 6.36142626927 8.82905104402 8.83816048822 10.337288277 2.73713464797 9.73836105824 -0.0246209166633 -1.99767116192 1.3254290353 7.67840486024 4.98319766327
81 972 0 0 0 -5.66403862318 6.93982596244 -0.836046968485 2.893575526 -0.417373479217 15.8674681675 6.2625685665 8.48170563795 9.33868539144 10.2031187519 2.69529871847 9.46632270267 -0.199309259357 -2.39703871935 1.14267047187 7.64138744285 4.93808927747
82 984 0 0 0 -5.3420307386 6.96343272604 -0.203159573634 2.49629331628 -0.707956192956 16.0703090614 5.46714318358 8.57565370104 9.01756468664 10.1177849997 2.87647214386 9.68234835765 -0.119521702429 -2.46585928126 1.31766832703 7.34950698033 4.58946058778
83 996 0 0 0 -3.90697961468 7.34233117685 0.272687557261 2.52686337806 -0.899335074375 15.9785490826 5.16232100539 8.51444973417 8.42184384227 10.2564222214 2.84492567063 9.29704955347 0.0443267884139 -2.64649681451 1.73444812497 7.5789768676 4.29148880659
84 1008 0 0 0 -4.00624830828 7.34616617323 0.371959369383 1.96918021307 -1.29332964201 15.6458145418 5.31618823704 8.46146605832 8.06643280544 9.80136452697 3.20639563043 8.90439292877 0.340948154231 -2.60041490353 1.55795401932 7.73146636552 3.81025182986
85 1020 0 0 0 -3.69550162742 7.29173724259 0.656175679576 2.29031347896 -1.11801698658 15.9771106757 4.94539930993 9.12271883859 7.77704889035 10.2004740141 3.23788255861 8.88818246961 0.0603308291692 -3.0447935576 1.61767150863 7.4643785116 3.31007862287
86 1032 0 0 0 -3.94356693895 6.9814367672 0.785404816295 2.10184272703 -1.58536975499 15.8240108202 5.36088510764 9.76743742584 7.70793020367 10.3700569255 3.11033508828 9.13134959528 0.188761506888 -3.29611448584 1.97834710731 7.1623023707 3.52298251388
87 1044 0 0 0 -5.09854077768 7.6128999578 0.654141149086 1.60137349443 -1.59667033063 15.4965956491 5.6542731577 9.84341953298 7.63784097416 10.250261858 2.77540038968 9.19500829822 0.197192929517 -2.95739799945 1.66310415418 7.32434573711 4.24482362805
88 1056 0 0 0 -5.44801323759 7.73449064768 0.833933476364 1.96022191471 -1.70534719302 15.62769888 6.20583616432 9.46558626253 8.00673919956 10.5195084122 2.46353321005 9.81326594189 0.0938232297777 -3.12046392539 1.19567585556 7.53755437657 5.26316470043
89 1068 0 0 0 -5.87427553997 7.78547097117 0.276452469633 2.14627703361 -1.73902612725 15.5152038679 6.11541578265 10.2022954544 7.74347657906 10.7913733443 2.14764397864 10.3309430491 0.0433664172593 -3.31864129091 0.862307522077 7.14085238882 5.84549697141
90 1080 0 0 0 -6.13458794759 7.06712072052 0.42816476412 2.28223576225 -1.54508495053 15.6978899865 5.90048503723 10.695184878 7.65145618242 10.8077372608 2.08621290836 10.4270956227 0.130069035518 -3.2000726974 1.10994831551 7.10189486014 6.02921843201
91 1092 0 0 0 -6.45858331727 7.26227720132 0.444923941722 1.85725336623 -1.29859264261 15.6686998875 6.29023921271 9.70322170151 7.63438476072 10.4378540434 2.22615954044 10.5940879957 -0.0714064417223 -2.32041013762 0.625477597959 6.95832195248 6.75825429582
92 1104 0 0 0 -6.83224708566 7.59323153888 0.692666598118 1.48694864597 -1.3282072695 15.2480208075 6.97284271345 9.67406761057 7.69088323564 10.5164748808 2.20604718241 10.9048757424 -0.0787095863469 -1.97584256768 0.245298285822 7.27236228392 6.91732644445
93 1116 0 0 0 -7.17954837904 7.85508018419 0.447463924751 1.12406882598 -0.576630476927 14.990282697 7.11638929905 9.29374077644 7.72371616004 10.3351083169 1.53006360195 10.6070944767 -0.073760318279 -1.84440034597 0.370807636286 7.47295797835 6.75265227203
94 1128 0 0 0 -6.81079972769 7.92857967448 0.500309587141 1.40543783952 -0.816203072803 14.4565869713 7.72455004245 9.47703490986 6.96842680755 10.5163525214 1.30628737692 10.6431815772 0.0883216669358 -1.7491267423 0.714617077001 7.95601915716 7.05388811195
95 1140 0 0 0 -6.7047681222 7.94362376006 0.031643903734 1.52020279589 -1.16861741835 15.0505995433 7.57159328772 9.82777988519 7.42673513444 10.6114433841 1.77489408434 10.5528864999 0.0646671709269 -2.21374519913 0.652983261296 7.63771992048 6.3333256339
96 1152 0 0 0 -6.70840198534 7.96215075457 0.523183921693 1.90919758871 -1.37047155881 14.5859756535 7.88456709959 10.4033653627 6.98294635742 10.2664185626 1.88399093117 10.386405813 0.159663983587 -2.17812148179 0.678635409149 7.62932985895 6.35316505365
97 1164 0 0 0 -6.56332542314 7.99789757251 0.736256933881 1.85538196826 -1.28870570523 14.1095869871 7.77093703886 10.7538635224 6.57168956503 10.1982877026 1.90103310921 10.4664338797 -0.117111150106 -2.39095138014 0.706010252801 7.70233867413 6.41455833742
98 1176 0 0 0 -5.93673630659 8.19957226934 0.631724148061 2.58447939059 -1.0744056892 14.3693225189 7.75385449743 10.7002830478 6.64336156318 10.44019484 1.85329420552 10.6103698489 0.0609531609321 -2.50614100115 0.750291114485 7.65417661712 6.17748285056
99 1188 0 0 0 -5.17169144986 8.54240768411 0.531474802955 2.57871854454 -1.51056029353 14.535323987 8.34531524694 10.0891714279 6.39446233565 10.5546060956 2.02335261789 10.876520641 0.0185736735235 -2.25586356184 0.89310857399 7.7966257032 6.29766486103
100 1200 0 0 0 -5.63536259726 8.49003956775 1.2413512526 2.07676964639 -1.41176686368 14.677282973 8.48204784116 10.329972405 6.27763181877 10.4867746496 2.2143308907 10.6260357618 0.0909851640521 -2.82674721451 1.04444585226 7.9437007878 6.39489408125
101 1212 0 0 0 -5.55121869083 8.5660804024 0.869039502986 1.80318105537 -1.04896333493 14.5057012908 8.2790403029 9.6429006832 5.95406333358 10.427271604 2.03623169377 10.1059672017 0.165029986075 -3.2481780965 1.16761056694 7.8092133132 6.32888235877
102 1224 0 0 0 -5.50148252368 8.20371030053 0.751947761149 1.99414156356 -0.823938527851 14.0933974505 8.6354138384 9.48897418997 6.11044451006 10.4716788958 2.03109291007 10.3855784746 0.0975391391851 -3.53795810674 1.57266628624 8.11423547115 6.24661446374
103 1236 0 0 0 -5.45129556295 8.03092843188 0.996053973279 1.67704289056 -0.800001166825 14.2912459253 8.84081588255 9.62709721465 6.00815763675 10.4965554625 1.74604132638 10.452090557 0.166862822549 -3.47401120343 1.66174670355 7.65993879062 5.87476496475
104 1248 0 0 0 -5.26527993329 8.22218489447 1.58881306381 1.92354303277 -0.60385343156 14.5036036439 8.60400847918 9.69613768455 6.16070495206 10.5297443376 1.76399704214 10.3376664447 0.189090399048 -3.59127535036 1.28081768807 7.67727462303 5.58023957565
105 1260 0 0 0 -5.14000860024 7.90596279435 1.54151148632 1.69492186935 -0.894426331308 14.8167179732 8.25554255365 9.51903876503 6.21633630188 10.5143648478 2.06401638385 10.1836958315 0.266740560139 -3.85229406052 1.32597713595 7.7619928019 5.24748565484
106 1272 0 0 0 -4.96323126749 7.8981090745 1.96027687363 1.79755162827 -1.05255879612 14.981323433 8.21850851787 9.24837577961 6.28079602407 10.7935249175 2.19129028552 10.8037578713 0.18525760852 -3.9020609187 1.7513440193 7.49986350081 5.56594699781
107 1284 0 0 0 -4.34989026862 8.29039027109 1.93756593823 1.53741014641 -0.85170164176 14.9054958761 8.26590846446 9.13098450831 6.22247296054 10.783259904 1.84318454382 10.9520437061 0.11849579249 -3.85692054417 1.97162181032 7.62041852714 5.49018908058
108 1296 0 0 0 -4.18315792014 8.45342545135 2.03370968835 1.34186289335 -0.973545718994 15.0891577881 8.44951678982 8.66228883611 6.29564991333 10.6175425989 2.25140851033 11.3235614709 0.164723776661 -3.77635307932 2.07222369367 7.64424325665 5.13957749888
109 1308 0 0 0 -3.93101648651 8.73529299512 1.71623063247 1.64020774982 -0.947463516191 14.8650843218 8.21509495845 8.33895333932 6.32028715384 10.5103422557 2.42603615238 11.1267505042 0.194295985724 -3.66562368983 2.1021001437 8.00990963381 4.93378064095
110 1320 0 0 0 -4.35889011059 8.63463935192 1.82435004292 1.55984011485 -0.66867342401 15.0346273272 7.97986776459 8.56893264297 6.46310665542 10.4460670221 2.52112201791 11.0998534572 0.201199583059 -3.36193492837 1.85460694748 7.87794379669 5.06072777369
111 1332 0 0 0 -3.8712491711 8.93215697288 1.3205044786 1.72332138143 -0.557210727859 14.846916993 7.76022791847 8.33970854521 6.28308761208 10.4923070058 2.46260890997 11.153558597 0.206028110513 -3.6127852826 2.03257248519 7.80466036477 5.27274856511
112 1344 0 0 0 -4.05029235079 9.05853677367 1.54815677556 1.64102910839 -0.686536287987 14.5994331631 7.67082314262 8.79462849728 6.24070286175 10.8628968281 2.6116263083 11.2691067089 0.250962308486 -3.50537155149 1.9052083284 7.86299456002 5.55908244345
113 1356 0 0 0 -4.12187885891 9.08044319258 1.18629778252 1.62162789157 -0.975703849356 14.8991578701 7.35331924808 8.91534956424 6.46970629978 10.8033612975 2.69241720026 11.5734194472 0.10747602921 -4.03494677288 1.81200626927 7.71394425714 5.51632730428
114 1368 0 0 0 -4.14055477357 9.14918716736 1.10236805659 1.09419436568 -0.799763735437 14.8024047156 7.58438241974 8.80873242794 6.58813580193 10.3717324719 2.53344793284 11.535755021 0.0989870453175 -4.06740276557 1.96629030786 7.66441834853 5.51458239823
115 1380 0 0 0 -3.83746354502 9.05826544718 1.29799336186 0.939084362117 -0.797600751564 14.6353864516 7.22103991673 8.58503479494 6.42640967374 10.1837006591 2.62407059505 11.5166814336 0.0684346052586 -4.64854517884 2.13208729235 7.52422584128 5.09284136127
116 1392 0 0 0 -3.74786571586 9.0826131173 1.39371057874 0.788741474182 -0.583196837347 14.6211777096 6.97994901203 8.29747405815 6.33233554462 10.2557046721 2.71092811295 11.377993075 0.113379378237 -4.40116533115 2.36150898488 7.52102157777 5.11491026935
117 1404 0 0 0 -3.54182092375 9.06875661644 1.32517165782 0.918806140237 -0.996575516481 14.6002932902 7.1877773345 8.42565977614 6.29118735198 10.2002223782 2.76753304493 11.6087438663 0.0256554266909 -4.4693245533 2.36197091702 7.52844620387 5.25578887243
118 1416 0 0 0 -3.44788442485 9.17615697229 1.64584396642 1.27233749559 -0.954655505313 14.6352885332 6.86802103154 8.70932582661 6.26573677503 10.3602452075 2.86997247852 11.60372844 0.0321841353861 -4.60897157071 2.06704917509 7.58711270733 4.98545339884
