% # columns="iteration, evaluation, sigma, void, void,  stds==sigma*sqrt(diag(C))", seed=19, Sat Feb  3 04:47:01 2018, <python>{}</python>
1 12 1.90565296675 0 0 1.91125262811 1.9314299051 1.89242681562 1.89608349922 1.89223394221 1.88966058392 1.91675830715 1.92617044954 1.90719368895 1.91138055069 1.8936361835 1.88118143046 1.93881656588 1.88883446521 1.8806182019 1.87992534599 1.89514720047
2 24 1.84294978757 0 0 1.8460270964 1.88584470643 1.84526243763 1.83875611377 1.85686433684 1.82397923685 1.84381797013 1.85725248946 1.85280138314 1.85349984887 1.84289365523 1.81803081276 1.83382516242 1.82168386284 1.81527939597 1.81249679191 1.80948519361
3 36 1.84832054849 0 0 1.84979753236 1.91094249499 1.83455031562 1.84508842664 1.84987120304 1.82849170073 1.83893112359 1.85193792329 1.87789466199 1.8723180683 1.83493361033 1.84301828672 1.83026158026 1.8017722633 1.81615317157 1.81526914716 1.82417141315
4 48 1.8252792565 0 0 1.83800295881 1.89071547423 1.82155998123 1.81990772666 1.81687549146 1.80181563405 1.80691669009 1.81321065034 1.86352057366 1.85355100792 1.80249564996 1.80597923831 1.78749498282 1.76827642479 1.79056456309 1.82652834086 1.78994855495
5 60 1.92268372617 0 0 1.9267934751 1.98509631451 1.9126645359 1.90532084549 1.92939707481 1.92455233543 1.89047662227 1.998629035 1.95898473089 1.97049977036 1.8679938303 1.8904798122 1.87148401781 1.85692737844 1.88906467215 1.93110653277 1.88840464162
6 72 1.97945309963 0 0 1.95972958147 2.04885867676 1.96797859454 1.94383561229 2.01695207127 2.00402943547 1.94924749217 2.05749707443 2.04751580316 2.03625372016 1.91495794406 1.95332259374 1.92808225602 1.90448346422 1.93754805783 1.99736873972 1.93161813683
7 84 2.04184138649 0 0 2.01545151913 2.11884698326 2.02973592731 2.01784901933 2.10971320966 2.06068543135 2.01052748074 2.10300751003 2.21979876135 2.11597691329 1.93991512046 2.02887636701 1.96669586474 1.96040630979 1.96964378827 2.05466297714 1.98348833624
8 96 1.9929881075 0 0 1.9770460609 2.09436546289 1.97573341389 1.95894391908 2.05534346576 2.01084156156 1.95483820686 2.04618373677 2.1718359841 2.06874856078 1.90275827911 1.95612204143 1.87876908713 1.91499295906 1.92443637224 2.00766002584 1.93357757062
9 108 2.04692711058 0 0 2.00616829963 2.1540494888 2.06894303675 2.02534647445 2.13582733866 2.05763989671 1.99944345213 2.11770973342 2.23795458876 2.11762138532 1.94558383359 2.03358387241 1.93008001266 1.96195784869 1.92439390461 2.08670533171 2.05584194045
10 120 2.16152309043 0 0 2.12878499503 2.2644382228 2.19394769708 2.13079858512 2.27711248704 2.24324520029 2.10780809016 2.23683197147 2.36230285572 2.28074596553 2.03942151146 2.15833388854 2.01675248847 2.06680467151 2.03876289335 2.21236666191 2.22276626467
11 132 2.24592556051 0 0 2.21225353225 2.36120171267 2.29243691944 2.21360002984 2.36972182923 2.35552686839 2.18074606923 2.32155580018 2.48612541024 2.37091269516 2.06723506361 2.27730950191 2.08075484864 2.13965695734 2.11103035848 2.26097018158 2.33581483032
12 144 2.24494794245 0 0 2.2212499951 2.35884426362 2.29892847603 2.21629941433 2.35904657495 2.3629839546 2.20629178974 2.32715950655 2.46712121519 2.37145079076 2.05841713202 2.29130748315 2.06892032218 2.09971682617 2.10111766888 2.2694241032 2.31222068444
13 156 2.19819293288 0 0 2.17207574079 2.34413198334 2.23440629733 2.19105241343 2.31559837235 2.33618199181 2.1623921176 2.32758227278 2.39592091617 2.31592898025 1.99925248505 2.24964117297 2.02228875528 2.04242106904 2.04345649489 2.22696323211 2.25921495803
14 168 2.2122149505 0 0 2.21829475182 2.36541747255 2.24474318304 2.19373976085 2.30227969306 2.32885050612 2.15935480683 2.39462257984 2.39873438537 2.29187601361 2.00877593587 2.28497074209 2.01043138695 2.05511110959 2.06653619385 2.23454017195 2.27591712707
15 180 2.29372503744 0 0 2.30041003254 2.45586929635 2.32854083865 2.2692712402 2.42472950858 2.41157831072 2.2564210473 2.50549753154 2.49325152822 2.37999023014 2.05568088073 2.38183375317 2.04377026105 2.11785763921 2.13457606227 2.31592875697 2.35710376089
16 192 2.40773251335 0 0 2.404887764 2.5975060109 2.46352572627 2.3878378632 2.55977553293 2.53196169994 2.3967816136 2.65830809367 2.62001040836 2.44897184936 2.14945545829 2.53336868312 2.13101096664 2.20467689446 2.24591750539 2.41682483633 2.42084215773
17 204 2.46530102658 0 0 2.46889433824 2.66704782723 2.58130196713 2.44460745181 2.61831780451 2.61566395064 2.46843074763 2.73526105353 2.60046215619 2.49836507374 2.18753769387 2.57407181738 2.17458803033 2.23805058368 2.28465509647 2.48947284418 2.49015044183
18 216 2.47654974473 0 0 2.49698521576 2.66621940139 2.62828874267 2.44239214933 2.64577731298 2.61832043597 2.47959926535 2.73314674419 2.58539321733 2.49873235771 2.21375646435 2.5767253967 2.17220063114 2.26270800331 2.29056274568 2.5062452265 2.49859378908
19 228 2.45294478387 0 0 2.45644197513 2.63851969482 2.61805727635 2.47018166617 2.65541067278 2.59218487618 2.42907846182 2.67137374264 2.5387714031 2.43400829397 2.19856735562 2.57709843148 2.13669321872 2.22748590313 2.28624424974 2.50395325403 2.44008691851
20 240 2.35382596941 0 0 2.3548918466 2.53267147374 2.51655595995 2.36497932988 2.55175805138 2.48524049431 2.31009540106 2.55727050117 2.41647779154 2.30302905684 2.10986278985 2.45304329886 2.02464849006 2.15275880335 2.18927287339 2.40918459113 2.33782728685
21 252 2.22494998414 0 0 2.22813798944 2.38798789841 2.33216366183 2.21218868498 2.36645871456 2.35094658661 2.17676557102 2.4130366557 2.24875125904 2.15361094688 1.99928481038 2.32132214646 1.90900343556 2.02758629688 2.08623574023 2.28932430812 2.22340577211
22 264 2.12251380704 0 0 2.10104796951 2.27935259712 2.2241949579 2.11457074451 2.26570216585 2.23167373998 2.08764604696 2.30834904532 2.10549787226 2.03429491156 1.92050961063 2.20235739024 1.82531416999 1.93984746542 1.96922457667 2.18654240578 2.1120309144
23 276 2.10681721177 0 0 2.06109881026 2.25264939463 2.22039410286 2.10682006889 2.25623866048 2.21052032366 2.06576318586 2.27293849344 2.07583494793 1.99460466105 1.94499103401 2.18564944992 1.78589677483 1.90141665357 1.95061948814 2.16328283037 2.08298797407
24 288 2.18756233378 0 0 2.11469729888 2.35836176256 2.32185236911 2.22499700647 2.33647857662 2.29519052377 2.1459586452 2.36515611976 2.15654169785 2.05703037641 2.06190148545 2.27489647611 1.83786760497 1.97387028517 2.0238464175 2.20294756284 2.14408072695
25 300 2.22421287016 0 0 2.15054703373 2.36653836886 2.39648309461 2.28730177371 2.40189961594 2.34358612932 2.16973375977 2.38568106237 2.16398551952 2.07522977599 2.11695430721 2.32346573678 1.87114063097 2.02420496782 2.02149696741 2.23809122651 2.16212158962
26 312 2.32213511251 0 0 2.22415682215 2.51344022313 2.50166377345 2.41505892141 2.54333626569 2.42786098983 2.28937801346 2.4811896424 2.24830755127 2.15559203144 2.23862357747 2.41743538163 1.94532032772 2.12585175355 2.0813423228 2.33680814951 2.25647232012
27 324 2.31801224308 0 0 2.22642774026 2.53366355251 2.50547341911 2.43047633081 2.54473919751 2.42451232181 2.26695294635 2.46759912955 2.24442909974 2.08632743842 2.25157708125 2.43061933755 1.93433625141 2.11129151311 2.10508648243 2.33230582827 2.24784555718
28 336 2.22484759908 0 0 2.12496347748 2.44921162973 2.40381102514 2.32905724949 2.42710129044 2.3213466212 2.16777523937 2.35497901509 2.10267348617 1.98188865209 2.16554651481 2.32104842658 1.85253552075 2.04188621801 2.0172882107 2.22634160588 2.15475869599
29 348 2.10191780112 0 0 1.97554516792 2.32556708397 2.26934640519 2.20002962884 2.29072219978 2.20142105693 2.04254406507 2.22949177897 1.9886554789 1.85352910625 2.05106226118 2.18031616818 1.72752903906 1.91125587184 1.89782877564 2.10764561462 2.00355789742
30 360 2.06304386683 0 0 1.8994293521 2.25701742893 2.22926848815 2.15810147062 2.25489592539 2.15358731233 1.99509312976 2.16361445394 1.97178009561 1.79665357611 2.01980734274 2.15176064943 1.7054512367 1.88985035515 1.85939402184 2.07034261446 1.97178777952
31 372 1.99040151383 0 0 1.8355112221 2.1886860649 2.1405702205 2.08592750022 2.18022501935 2.09510474111 1.91315355658 2.08604888017 1.90121043856 1.73660133552 1.94128141758 2.09481975064 1.64913651968 1.82778646721 1.7770698121 1.99735342241 1.8921792465
32 384 1.95468836394 0 0 1.81004181932 2.17605509063 2.09984602007 2.03634125162 2.15434173201 2.03110648311 1.86512552425 1.99994695961 1.87315649745 1.68043179419 1.92666155823 2.05498946199 1.62776117322 1.79059792016 1.73855068551 1.96216248639 1.82720104495
33 396 2.01731755246 0 0 1.86268223274 2.30430261161 2.16068771011 2.09708384461 2.22960419795 2.07830447469 1.94983980862 2.0630628759 1.94833049087 1.71876212928 2.0049323401 2.13699673407 1.6639806313 1.84449052886 1.81932893576 2.03533430671 1.8898163247
34 408 2.00430865191 0 0 1.84232077136 2.31797286358 2.13961322325 2.07268209832 2.18743974868 2.05879161204 1.94151692107 2.04323305185 1.92250439001 1.71069546457 2.01767280317 2.14888048374 1.63032179925 1.83047425579 1.79872288316 2.02105399033 1.86427781032
35 420 2.07755440046 0 0 1.90440976094 2.49682443421 2.22260295021 2.15255433054 2.25022217435 2.13506723713 1.99113944816 2.11770928326 1.9854652709 1.77366470296 2.11482975446 2.21730563028 1.68410758734 1.90401699316 1.85594962934 2.11417943956 1.91712523725
36 432 2.09956288306 0 0 1.92627774735 2.55371476968 2.23328349185 2.16800643107 2.29288928653 2.13566101852 2.05407207667 2.15586512354 2.00253609521 1.77458832578 2.13690235137 2.23724129301 1.6842078291 1.93181013455 1.88393347795 2.13210603012 1.92701475311
37 444 1.96685651668 0 0 1.77356522097 2.36988410876 2.08332102092 2.03155427678 2.14310468084 1.99905737691 1.92558297146 2.0257720828 1.85778509844 1.66526162492 1.98056674632 2.08561098553 1.57230251697 1.80200511903 1.76078057035 1.99227326345 1.78325544614
38 456 1.91786759089 0 0 1.73968056169 2.28638831564 2.03137388236 1.97687795943 2.0865429422 1.94831509506 1.87331331453 1.97432521989 1.81650762008 1.59518537234 1.92887357896 2.02861456533 1.49384551143 1.76465472313 1.74578267993 1.92990285591 1.73947914309
39 468 1.85439905704 0 0 1.69812153695 2.21536006841 1.97384248329 1.91581203992 2.02144019317 1.86400573406 1.80746747094 1.90860702938 1.74979666468 1.51376562915 1.8408923241 1.96750577194 1.41949300897 1.69218760947 1.68698392527 1.85470899285 1.68406190899
40 480 1.80666398774 0 0 1.65976191935 2.16773253038 1.92366704992 1.87056107566 1.98771594348 1.81204987996 1.75837208658 1.85914264999 1.69787676111 1.45675347708 1.77088016393 1.92406835 1.36374228674 1.64406728716 1.63574632795 1.79271260878 1.65457714873
41 492 1.76851521453 0 0 1.63425192639 2.11192371748 1.87732109298 1.83612985953 1.94986505042 1.7651665847 1.71222948327 1.8038311589 1.66536386824 1.41796605969 1.71753130147 1.88343397278 1.34543348036 1.61820922253 1.57579303976 1.75598212098 1.61400845471
42 504 1.72334634999 0 0 1.57967801279 2.03527327313 1.82564097706 1.78907512311 1.89418226698 1.71764936834 1.67792662192 1.75374717449 1.62380490625 1.35448486157 1.666513211 1.83957393063 1.31653203828 1.57548925052 1.54857280263 1.71765504477 1.57148351379
43 516 1.70140868687 0 0 1.53882815284 2.00366931546 1.81777686036 1.75309052543 1.88901850334 1.68978618128 1.65723844145 1.74932162254 1.59496083555 1.32046308813 1.62207411673 1.8288689177 1.29302988135 1.57372202039 1.52277417175 1.68623658535 1.54836745246
44 528 1.65614897795 0 0 1.49199857397 1.93375317251 1.78151650935 1.69560219337 1.83966274039 1.62740989157 1.61153986197 1.69330523798 1.51598628598 1.26972195984 1.57551480073 1.78927535268 1.24965990838 1.52981811358 1.4873118156 1.64940377517 1.5123434835
45 540 1.63740016055 0 0 1.47510374159 1.90514775801 1.76933528439 1.66778051462 1.80452835812 1.60595257358 1.57917815385 1.65956823358 1.50089028725 1.25315091398 1.55416395399 1.75348695525 1.22554773108 1.51607361722 1.45591774394 1.64817416186 1.48225936994
46 552 1.59486019176 0 0 1.43053662768 1.85697631471 1.73501420312 1.61071887175 1.7478942826 1.56577506592 1.53626719494 1.61289941896 1.45567813735 1.21333364411 1.51074820299 1.71420911788 1.16530115798 1.45801395926 1.41900869247 1.60584142943 1.44145634116
47 564 1.60758012948 0 0 1.44444153126 1.87423967074 1.74864150782 1.62549699352 1.75069153424 1.55895256214 1.55122222045 1.64891692589 1.45317960825 1.21629546525 1.52075826671 1.77158347524 1.17097731528 1.46370922432 1.4327571762 1.6439656223 1.43432112037
48 576 1.54987985432 0 0 1.38267296404 1.80815890065 1.72003337331 1.55740352728 1.67526401558 1.49679234235 1.48691078367 1.58754001738 1.39225998842 1.17055095934 1.47055674419 1.71886503023 1.10773021659 1.40614272788 1.39442478545 1.5839459752 1.38507153584
49 588 1.46524738396 0 0 1.29933673957 1.71306436152 1.6117070635 1.45568159628 1.56712491006 1.40397781329 1.39708833785 1.49664950798 1.3085976409 1.09779949639 1.38242793175 1.62560171936 1.04492233581 1.32920558056 1.31148887244 1.48788133943 1.3145079305
50 600 1.39599164466 0 0 1.23746462808 1.61847857047 1.5333649005 1.38675428736 1.47987715254 1.33190622896 1.33716190754 1.41905561876 1.23888834278 1.02905874101 1.3160761667 1.54593354387 0.990259044422 1.26578180674 1.24755845348 1.41594413143 1.25755187933
51 612 1.42996448313 0 0 1.27428034401 1.67794944501 1.56779081156 1.42335443116 1.4910916065 1.32948174432 1.35466671349 1.43141728519 1.27281880491 1.06219399778 1.34617925839 1.58070764874 1.0096828165 1.30223216202 1.2719166948 1.46684852849 1.2980767512
52 624 1.46905732824 0 0 1.3196802651 1.71843552168 1.60663800096 1.45595025711 1.52450420353 1.36980079579 1.39083709937 1.47380276693 1.30201216282 1.0662401077 1.38946421951 1.59472470766 1.03613683868 1.35370577107 1.30022378055 1.49817724719 1.33715395973
53 636 1.48400314636 0 0 1.35007208388 1.74589548652 1.63173121865 1.47366557267 1.53649145802 1.38922791936 1.38428005758 1.48574468569 1.3032297709 1.07497521113 1.40352605399 1.61635544652 1.04048742343 1.36225784772 1.32127451108 1.50946201637 1.35402067284
54 648 1.43406561316 0 0 1.31646101814 1.69435184803 1.55881268168 1.4280929911 1.47006104866 1.32592300486 1.33489823134 1.44316878807 1.2456390956 1.0352926963 1.36859365899 1.58127644106 0.993551700828 1.31676957195 1.27016526992 1.44256642292 1.31819408802
55 660 1.44945709286 0 0 1.32138130618 1.70417461746 1.5788020495 1.44151281238 1.47878828465 1.32574274898 1.36774291851 1.4677709354 1.24512026182 1.04210573577 1.37967919413 1.60958533928 0.999769996789 1.34174674791 1.29003547434 1.454501792 1.34919178921
56 672 1.39791523158 0 0 1.26506648532 1.65119064279 1.53587920951 1.38977761617 1.42354455076 1.27882103425 1.32124534592 1.41983055711 1.18621200042 0.994928728791 1.34117781394 1.5464908556 0.961836667326 1.29746399065 1.24215253284 1.38185824651 1.30690267847
57 684 1.32210957036 0 0 1.18434141261 1.55707596087 1.45043460112 1.30831349142 1.35689640538 1.20060677056 1.23853610957 1.34046307197 1.12028753393 0.931738294213 1.27618682962 1.45547978951 0.892809915166 1.22913920797 1.16291534583 1.30848675144 1.22795183778
58 696 1.25478526377 0 0 1.1217036182 1.45815649092 1.37729037895 1.23961221038 1.30163480309 1.1564003244 1.17666734147 1.26793056199 1.05857927672 0.87778586906 1.19803775696 1.37910501698 0.845140041872 1.16049283037 1.09313341139 1.24715526291 1.16008432827
59 708 1.21795876647 0 0 1.08291770882 1.40692104931 1.33846629339 1.22067995272 1.271732196 1.10922397445 1.14918412005 1.24452421995 1.01783386238 0.846104262192 1.16765234577 1.34320001895 0.810916491143 1.14193169139 1.05221645033 1.2069562921 1.14014487425
60 720 1.22501105546 0 0 1.09119084341 1.41544025985 1.35470414869 1.21418559442 1.28233151077 1.11180919365 1.15776587572 1.26031625999 1.01153623361 0.845676327178 1.18008460853 1.34770340071 0.801748874182 1.14954858624 1.0742194641 1.21059976311 1.14946467687
61 732 1.23412416583 0 0 1.10183390596 1.41853291702 1.34992882195 1.22087084604 1.28714556207 1.11725177886 1.17052771451 1.26976651623 1.02103402285 0.842138952495 1.19107791321 1.34552883709 0.803654747607 1.14740315008 1.09623312118 1.22237894766 1.16357905868
62 744 1.23243519645 0 0 1.11695168516 1.41346124747 1.33720089905 1.21290515747 1.27314820841 1.11401053118 1.15067606548 1.26675216748 1.00599442729 0.83301816544 1.19135460713 1.34251531203 0.79542077791 1.14659247657 1.09913288594 1.21906704911 1.16853597457
63 756 1.19024414511 0 0 1.07678653449 1.35636963372 1.29075077862 1.18846047238 1.23264899835 1.06676234537 1.09970596474 1.22163707464 0.955985118459 0.81365121913 1.15123216914 1.29568483255 0.763149140682 1.0981174427 1.07548968153 1.17612767797 1.13929426513
64 768 1.10960463343 0 0 1.00637693244 1.24769360133 1.19812265925 1.09814134201 1.14694594873 0.982904888918 1.03047642404 1.14111968957 0.887642682231 0.753144581716 1.07634680407 1.21288010924 0.694561004327 1.02761782283 1.00664632593 1.09430111308 1.05605717803
65 780 1.02232312265 0 0 0.913237154908 1.14560908879 1.10690737962 1.00443941571 1.06114259412 0.903617879987 0.959124685085 1.05918910406 0.824438472878 0.694489667829 0.979207173698 1.10727538198 0.633492266031 0.943544348126 0.934316537021 1.01503859003 0.968103009674
66 792 0.991829662308 0 0 0.885528616191 1.106999756 1.06767337806 0.974623731565 1.03945548752 0.882514088435 0.92264244881 1.03056671698 0.792198166575 0.671367821726 0.947954565785 1.06957546762 0.606837620069 0.919622458732 0.909355960721 0.984405410784 0.944852045527
67 804 0.978641599668 0 0 0.874865494091 1.08376684833 1.04656361504 0.964372652592 1.02847221794 0.870412861549 0.908644415377 1.01442720205 0.781253964113 0.66216673832 0.943581229006 1.05415048713 0.596874223861 0.906685506836 0.897957823662 0.973927858128 0.934087444196
68 816 0.941800510033 0 0 0.842990838194 1.03618567568 1.00502410495 0.923940931734 0.990554790422 0.828696374169 0.87020183445 0.967042061868 0.742850846102 0.638844796656 0.913173740038 1.01551188314 0.569452990325 0.874674337949 0.863188474872 0.93033726339 0.905759318429
69 828 0.940553311632 0 0 0.840991459276 1.03288385172 1.00193706067 0.920066261681 1.0043050818 0.824297021699 0.87237292564 0.956693914561 0.738977151722 0.634615214616 0.916613513024 1.00161569431 0.563185935642 0.877689945455 0.855103434384 0.940733999686 0.907004575573
70 840 0.9299861949 0 0 0.843971063579 1.03483251079 0.987380253709 0.907923142041 0.992338836721 0.814112359716 0.852712266582 0.925339077446 0.715548297015 0.627402196179 0.901379279588 0.992411164864 0.558485645873 0.860434235351 0.848800194541 0.931625838572 0.898985508815
71 852 0.8837659676 0 0 0.810455042177 0.981782785151 0.94176752482 0.858922891481 0.939638912136 0.770924329006 0.786665638571 0.876019581217 0.676924632121 0.597419579704 0.855275102515 0.940914823606 0.529723113821 0.813743843456 0.812902494525 0.880402655136 0.856724497207
72 864 0.858606715432 0 0 0.782955284552 0.942758404687 0.918157699753 0.83776022009 0.907898724387 0.752709306989 0.765373129486 0.849625968934 0.653114027316 0.587022081319 0.809901291454 0.905453044869 0.514694069934 0.785129259261 0.79118189484 0.846268131179 0.838556432299
73 876 0.890379978191 0 0 0.810984596599 0.973716235075 0.94625403461 0.875496611869 0.959173249839 0.79147373575 0.788506414309 0.882751694343 0.669039789318 0.607202915612 0.850088488275 0.94423158005 0.535834149975 0.791533286488 0.825808022334 0.870835245233 0.882895998619
74 888 0.850313717828 0 0 0.772295791795 0.921009606225 0.877161327619 0.830722236024 0.917367460054 0.765547134216 0.75056412582 0.837887558646 0.637479627408 0.573466279751 0.808483675272 0.894712947349 0.508369544929 0.755194267319 0.786957331467 0.827410852181 0.845521891772
75 900 0.799797525926 0 0 0.723376579353 0.86577474129 0.817810837338 0.776610398703 0.865119712066 0.712482266124 0.705199424652 0.790052027636 0.590518933567 0.53021972642 0.756019324478 0.836184759858 0.473297685956 0.705106719486 0.745972229114 0.779904580733 0.79566003145
76 912 0.761752930027 0 0 0.688409617422 0.821389474316 0.776489035748 0.737175448798 0.823488304418 0.671074789439 0.674293133245 0.758092330943 0.561731173201 0.505982077996 0.724084891314 0.794921172128 0.453643051334 0.663072404091 0.705694915261 0.744153803844 0.763327200631
77 924 0.777227912328 0 0 0.710295971102 0.84050364263 0.789042076252 0.762242555546 0.837351631105 0.673312724475 0.689651516558 0.792716405345 0.571710897703 0.516261077662 0.733299580706 0.81392398727 0.454596265352 0.676628586928 0.721456088329 0.750925056616 0.801391551679
78 936 0.815849631197 0 0 0.746251415228 0.869707816939 0.822506185641 0.807414389976 0.877142072502 0.713779521718 0.728299513668 0.830308540673 0.600149435327 0.545839377317 0.767888358678 0.860206616324 0.478477629853 0.707569579568 0.754906327347 0.778829177254 0.867049138751
79 948 0.85685430952 0 0 0.774752054902 0.917384834304 0.860199743492 0.871957446365 0.91870708356 0.748085879426 0.761475385454 0.866005328409 0.629311481483 0.572949900618 0.806284393915 0.9015759641 0.499518275109 0.74480655236 0.790401903936 0.810600232402 0.947691587355
80 960 0.893920384132 0 0 0.80871144964 0.958958297918 0.90959077268 0.921967470475 0.959436727781 0.76575407099 0.796565393508 0.91451857818 0.654010821441 0.596725911066 0.837404271834 0.929017450492 0.519595548141 0.772852197461 0.824518216271 0.835988760928 1.01292286119
81 972 0.919337765114 0 0 0.826638592286 0.99175914737 0.927454809532 0.951463684538 0.986754746916 0.779929809983 0.830915986639 0.945326507637 0.674904898874 0.61590191989 0.849744230223 0.950627798512 0.530163287394 0.798074701223 0.846424817562 0.862096866195 1.04522712232
82 984 0.912379095568 0 0 0.816183891085 0.986251936239 0.921440556879 0.955007083146 0.976094625561 0.765887707978 0.825249009955 0.950166047557 0.668137856672 0.611360594299 0.841918833385 0.943386108366 0.525967397331 0.787040663431 0.839864965053 0.848981636455 1.06465962806
83 996 0.884523703818 0 0 0.788318098996 0.96413116809 0.885001611646 0.927107823662 0.937534235196 0.729976323647 0.799234682494 0.916110895462 0.642967338631 0.591671963825 0.81544087406 0.928366570659 0.50675898627 0.761230315407 0.815431063571 0.821455819491 1.01739431635
84 1008 0.856405168274 0 0 0.764489732286 0.926384222313 0.845508748508 0.892795123685 0.90952844716 0.708953615683 0.774692815042 0.885197277043 0.626956368269 0.564152215982 0.789316751032 0.899896410011 0.486042263668 0.731266988607 0.786272896297 0.77651194463 0.983115864928
85 1020 0.860735769213 0 0 0.766506525608 0.928579487023 0.846440732825 0.900123001015 0.91127081807 0.717161305575 0.77577689496 0.87806293185 0.634596147274 0.56934208382 0.793496902954 0.8936181031 0.488976874977 0.739894465438 0.786690932765 0.773916836569 0.999736510261
86 1032 0.85344281843 0 0 0.754677504187 0.913727213888 0.833858588528 0.883837632226 0.902573756875 0.698323975858 0.768100783377 0.863514055432 0.64254366215 0.560115763063 0.784324776155 0.887673602142 0.484228360809 0.738260373452 0.777165165951 0.769083161146 0.99546043027
87 1044 0.838754743224 0 0 0.741108649617 0.888654074151 0.809865523648 0.861747375648 0.877436766464 0.680763196222 0.768819564787 0.849753481951 0.637303030041 0.541404022139 0.775945334482 0.865925313241 0.473823386528 0.72810640828 0.767743316429 0.756187406677 0.98068933307
88 1056 0.876858348323 0 0 0.784980457323 0.935404413487 0.838189794742 0.881111980372 0.919054221732 0.711603000119 0.805930474472 0.889509374524 0.66972080505 0.561363641497 0.82369508111 0.905029097624 0.495154162962 0.765394673384 0.806361069534 0.80652940496 1.03295833158
89 1068 0.886096664217 0 0 0.786813729528 0.937033907388 0.847999187519 0.891937859544 0.931217387964 0.718875157641 0.815787188788 0.883244001531 0.677715550973 0.567990144192 0.829892516114 0.912745048085 0.495790956129 0.785678179589 0.823097340965 0.841094275618 1.05320701896
90 1080 0.88072072302 0 0 0.787929754288 0.93212765751 0.837194308581 0.876205407218 0.931826550764 0.710285361452 0.817186943733 0.87640421646 0.669277505435 0.563743850546 0.823486722603 0.9170763579 0.492068376308 0.777841388294 0.807637349275 0.846525346667 1.05761925601
91 1092 0.858719389347 0 0 0.766780808223 0.913850066755 0.810556590388 0.855018232873 0.907812949492 0.687133301836 0.787471744329 0.852287443599 0.652234022375 0.547125070243 0.802429076691 0.898449325456 0.474155098813 0.747601259832 0.787078053866 0.827956890783 1.04468918692
92 1104 0.810088559791 0 0 0.720834608603 0.862756963825 0.764928686909 0.807864679269 0.832675566613 0.654061452268 0.735905020917 0.803340964644 0.61040981229 0.509547248559 0.760565817286 0.835520314283 0.446400821821 0.712550993095 0.743708619921 0.784552487016 0.984653513039
93 1116 0.763408213202 0 0 0.679528737872 0.808673711809 0.719284917836 0.76134463712 0.774759286453 0.615861159811 0.683262825665 0.781468585614 0.571414739135 0.47959056527 0.714786890107 0.805526151796 0.423638838326 0.669346551533 0.702071473345 0.735898591707 0.926905426301
94 1128 0.733459800653 0 0 0.64251192191 0.783836701595 0.688984233421 0.725830678971 0.732103207874 0.588912848984 0.658028656487 0.748937550548 0.549767635489 0.463568937875 0.68695109271 0.772590213357 0.40542152878 0.647309379286 0.678371991114 0.699480488439 0.890568232662
95 1140 0.691928777639 0 0 0.609544787048 0.734883612491 0.652406646297 0.684192578133 0.689180038674 0.556117250552 0.623365967577 0.696527013433 0.52120874336 0.435886594648 0.648999802564 0.725704026518 0.378396710139 0.609590322892 0.638212099551 0.661074531156 0.832650157681
96 1152 0.675557898357 0 0 0.589511815291 0.718367111047 0.635089908683 0.669803385136 0.671012975364 0.541953951689 0.60462959343 0.678534533322 0.51255851646 0.418296251762 0.630344564138 0.706924645088 0.370495380271 0.593196711654 0.621092952401 0.641719161855 0.812154293398
97 1164 0.646994541025 0 0 0.560343008424 0.692573220734 0.603507458633 0.641665443579 0.64446822953 0.516355135999 0.578573344332 0.651897262981 0.490713217488 0.400975138148 0.597896890869 0.676209106067 0.354618283109 0.566876932722 0.59220347252 0.607436873557 0.779648109597
98 1176 0.6349059633 0 0 0.551925473922 0.689873405331 0.588283367972 0.627395734689 0.629887984789 0.506501855646 0.562542823909 0.641303241936 0.479534999275 0.392836762037 0.585295803627 0.669442615359 0.351355081025 0.557737782291 0.589812479661 0.588494457889 0.763212857174
99 1188 0.61374291259 0 0 0.535645789443 0.663450761561 0.567232762579 0.605777436341 0.611991277943 0.490203041862 0.539907175884 0.608515701298 0.46373507971 0.37835406624 0.559944790956 0.649221517394 0.339264682244 0.537682406871 0.576115300443 0.561869749398 0.739855606844
100 1200 0.584374890517 0 0 0.50035077435 0.630129459925 0.545777845377 0.573444984468 0.576934452559 0.467515912572 0.519125542009 0.579190686659 0.437014747265 0.361114061306 0.532916968453 0.618396030328 0.324140594612 0.512949783535 0.545285511584 0.529863415771 0.707686953653
101 1212 0.559704023058 0 0 0.478866803894 0.603828208539 0.517403132441 0.551161045348 0.551302749437 0.449872078803 0.494763883855 0.546758767283 0.424545906266 0.348403783181 0.513663979019 0.596542781828 0.309406725893 0.491357247043 0.516657423338 0.503991173393 0.674770049249
102 1224 0.559820654286 0 0 0.480047283327 0.603821684812 0.517543968122 0.55047881176 0.55228185702 0.452390814025 0.490328538626 0.545577733641 0.43010341204 0.354925469981 0.518113388886 0.60028549837 0.307524400589 0.487827115561 0.518516449083 0.501808688921 0.677370466725
103 1236 0.53276785358 0 0 0.457473443147 0.570409161505 0.492597891195 0.527331631565 0.532707122719 0.421844132555 0.461431005754 0.515328023691 0.413685903682 0.337818965002 0.491026944752 0.568191316923 0.29312959017 0.464585564574 0.488624812865 0.477896560335 0.645544016761
104 1248 0.524293891448 0 0 0.453094986741 0.560115516948 0.481544100613 0.517618379559 0.516084234586 0.411273751862 0.454813042567 0.509659084789 0.408136002513 0.332830960099 0.483534843286 0.558993133382 0.286493277134 0.454887538625 0.481981582292 0.477414527558 0.641453740692
105 1260 0.542522516965 0 0 0.466646908688 0.588611241406 0.494732349718 0.533584963392 0.538274351605 0.425515969706 0.469412136683 0.52539750774 0.41891171642 0.344382290106 0.499083870737 0.57943442162 0.297149459672 0.46210357461 0.499831782001 0.50171181897 0.668968261161
106 1272 0.540450864831 0 0 0.466859263081 0.598646029481 0.490059832431 0.529989006123 0.534998269081 0.42067743616 0.466073875598 0.52152454704 0.417996147499 0.344758688198 0.496685740934 0.57736536466 0.293536869759 0.460078726352 0.496059028193 0.50413100083 0.651733385481
107 1284 0.533151696303 0 0 0.456336618409 0.589009122708 0.483866652523 0.523102843929 0.530437776528 0.412358839715 0.457069313191 0.511298114942 0.412527429565 0.339451520033 0.488497224224 0.570220768839 0.289346067019 0.453590772459 0.489407312 0.501869885483 0.643602369993
108 1296 0.558723682475 0 0 0.471321908244 0.631661384578 0.508261456833 0.545177316778 0.560460242241 0.424305825038 0.478933190612 0.536135734661 0.431643392365 0.355115635129 0.515871825962 0.59061102277 0.303707524421 0.476162633777 0.504044445791 0.535420803779 0.680245670093
109 1308 0.559566191114 0 0 0.467794114889 0.639111295889 0.51342978963 0.545142239451 0.563694322124 0.419035259538 0.47643645635 0.534203874594 0.430706446412 0.354896708072 0.514631671298 0.586800760092 0.303039278538 0.480675936456 0.503000635698 0.537846023038 0.675886651913
110 1320 0.549569469273 0 0 0.467318786728 0.629583199072 0.508964391807 0.538427609435 0.549656983695 0.409985316786 0.460941355747 0.522071440685 0.423211841701 0.347762482414 0.507834540159 0.572925467512 0.29640393577 0.462966025427 0.487706285835 0.528644275961 0.652094964717
111 1332 0.553707735779 0 0 0.469951094145 0.633068694779 0.513135163631 0.534941741046 0.552848754883 0.411394990772 0.461825480819 0.530511229894 0.427414716492 0.350523214734 0.51233343327 0.580267094524 0.29921544376 0.468480383536 0.491047736411 0.529070024506 0.659969504963
112 1344 0.555478221766 0 0 0.467776877105 0.634473847545 0.515090326978 0.535713861582 0.556788526632 0.408513076615 0.464491229679 0.536800012395 0.426954666981 0.352616576703 0.5168420823 0.582032376649 0.302235620551 0.468166172893 0.485884969211 0.523177521231 0.661855720371
113 1356 0.573092568561 0 0 0.477494517007 0.643887790234 0.537329318956 0.552481995493 0.564289332452 0.420503985395 0.473819379512 0.552848208545 0.438815370826 0.364140277103 0.54309078389 0.603155756221 0.316154802324 0.472712269834 0.498917084546 0.543943424516 0.679140272348
114 1368 0.60318934097 0 0 0.493485950818 0.684051620526 0.568763689323 0.58457008933 0.596793509074 0.439282820141 0.492827326607 0.58722106861 0.458968569094 0.38062738085 0.577694269851 0.63463495767 0.333943609914 0.489010588465 0.533661322396 0.572916970592 0.710735639456
115 1380 0.636191539363 0 0 0.529496784091 0.717878724246 0.592899456697 0.614848932376 0.629549978209 0.465573163166 0.520640654642 0.618516787791 0.484570233079 0.394691057543 0.619417114132 0.668958197502 0.348936606857 0.51404369537 0.562221801053 0.599555974403 0.750184398203
