% # columns="iteration, evaluation, void, void, void, xmean", seed=3, Tue Aug 14 00:31:10 2018, <python>{}</python> # scaling_of_variables: 1, typical_x: 0
1 12 0 0 0 2.00765768762 4.84817697913 -0.47841770871 2.31391371984 -1.81185398651 8.27971295141 7.23619452262 3.99047877758 3.60098592729 4.84157036567 3.69164796564 8.73220247061 3.76798120832 5.59464809896 5.11465239718 8.85935681074 3.83984538136
2 24 0 0 0 1.43269940634 5.99742227629 -1.49931403936 -0.475010656352 1.30763256346 8.77222325773 6.10241207152 5.34386862891 5.07106148402 5.49008850863 2.69414230484 7.20033157757 3.41872793455 3.48604755864 3.9362271849 7.50293844303 4.04182127248
3 36 0 0 0 -0.0282814997001 5.77704740042 -0.492586417126 -0.039340613325 1.75820400685 9.42829473823 6.28050327558 5.22447842229 6.4328717866 3.97762173259 1.73099325236 7.87124925048 4.30065745061 4.05323511753 3.98513505107 7.14729384794 4.56033706647
4 48 0 0 0 0.0274705020131 7.33527067979 -0.595572174394 0.31092945045 2.04783579678 9.95418229515 5.73203023299 4.08299197563 5.11125307627 3.57213992058 1.97200513493 7.00518453286 5.75764079689 4.41218981786 4.51563710482 6.14867176866 5.18037063755
5 60 0 0 0 1.32155522604 8.56038284529 -1.32977067506 -0.270854219852 2.64955518519 10.4771171273 6.16373226546 3.69307991649 5.45858957199 2.49009937629 2.45442115771 6.91666403116 8.42342256914 4.40007415382 4.01447327335 5.85703158762 5.10688880739
6 72 0 0 0 2.54276608762 9.11744889108 -1.73941942203 -1.34032555491 1.94704469634 12.3508105939 7.19601943973 3.37278028083 5.09927873853 2.00556355683 2.08039917226 7.35343019334 8.53369052346 4.29434206873 4.51724369081 5.45003114471 4.63271604318
7 84 0 0 0 2.58234360544 7.85426294732 -2.7944032236 0.209898147925 2.0216661543 13.3979295526 8.20020346929 3.0583851449 6.24680835225 1.74415398521 5.44354473778 7.37980950378 7.70964777363 6.27072833829 4.54883960927 4.0855200621 3.6496538995
8 96 0 0 0 2.24800020247 9.13597220141 -2.54006821883 0.883900159357 3.65806037129 11.7778396266 7.67603352967 2.7533056723 6.8273646395 0.826955364949 5.36768294164 7.88340723396 8.16799096522 3.74079990681 2.96349011096 4.02582316891 3.39595265875
9 108 0 0 0 1.6843046778 9.0161367671 -1.89498873498 0.278283620432 2.65899107051 11.4718788718 7.58752730507 5.04035063452 6.04273069151 0.501835226086 5.67019296666 8.00908972927 9.16471722106 4.43826094939 2.51137580158 5.0488558776 4.09294742958
10 120 0 0 0 1.74309414464 11.2419541195 -3.18518829828 0.427595166807 2.56127419729 11.5162818994 8.53279918382 6.47516133014 5.34901799062 -0.0741836992067 7.19660044057 7.91063442822 9.76317914614 5.94922386589 2.53128315897 4.28085920589 4.1815457107
11 132 0 0 0 -0.560981866917 12.3052669984 -3.70645219741 0.800108955354 2.4341243836 12.3003730816 6.84050521218 6.4049554767 6.76650441504 -0.860744346818 7.89713319751 7.56839921495 9.05438370903 4.98887880289 0.638661843977 4.66636452911 4.11582184835
12 144 0 0 0 -1.08680611791 11.4493784642 -3.55970964232 1.23098612432 1.74809364629 12.5820142722 8.26511524603 6.89691226905 7.15619267418 -0.212991213123 7.28174280659 6.10465374331 7.83813689169 4.00582671776 1.44778618418 4.72481707319 3.13606240569
13 156 0 0 0 0.282636634196 12.439722711 -2.89485175103 2.3157579434 2.46429806089 12.1879921323 7.48510171569 5.02814009785 7.58356120176 -0.522874466239 6.67728094985 5.04529440014 7.82843532441 5.72800212582 0.476317883588 4.42359708239 3.89397417028
14 168 0 0 0 0.564697090536 13.9513085099 -0.558909688025 3.59175206237 4.3124911562 11.770214151 7.15832149683 3.55084579355 7.66309129616 -0.825950132689 5.48575426116 4.92274162481 8.79360167178 5.07255277409 -1.13087979054 4.52806229601 3.87576908164
15 180 0 0 0 -0.347917658239 13.5816063074 -0.672033005065 3.89420633901 2.91157276054 10.4944317157 7.27079764431 3.40883669178 6.46378390341 0.542352923375 4.46684357354 5.62550611736 9.97301778802 5.75306489734 -1.0729712279 4.02614331308 4.9649890445
16 192 0 0 0 -0.11255968358 12.6332411555 1.0958138744 4.57946052252 2.30210614677 9.80010454929 7.68489685566 1.96183394854 5.90526549344 -0.396444188635 3.37032615375 6.61970106506 11.0047878145 4.24745892201 -1.474137754 4.82445584968 4.81199981901
17 204 0 0 0 0.0895285006845 10.3432398578 2.81782507845 4.42726023395 3.37891339189 10.1782089316 9.19038536805 1.84773609343 6.22190096741 0.428249038765 2.74562790013 5.77016317284 11.3943062054 4.16876137522 -1.89794048615 5.87009023535 5.42881000443
18 216 0 0 0 1.5111824839 7.4341202373 -0.252781418094 3.65574465636 4.75184871577 12.0798813898 9.3883129058 -0.404152663281 6.24220517442 0.839100436049 2.80327475523 5.68634847646 11.9023069923 3.1996908846 -0.423730560195 4.23116813793 5.5436260425
19 228 0 0 0 -0.545554094383 9.6667381677 0.566932112586 4.22517513408 5.51679238554 12.6336292306 10.1116539095 0.636759105536 6.73783491822 -0.0623898458403 3.09584325645 5.02833215985 10.7220403859 3.68949891626 -1.94616058713 3.81228451502 6.3749069212
20 240 0 0 0 -1.61732641729 9.78283857173 2.16224112674 5.45045899671 4.98352319068 12.4209767424 10.7547307275 0.481688647931 8.07985808047 -0.15250250065 1.58781429172 3.99215340465 11.7490956282 2.96665617377 -1.97486012939 6.29304402226 4.74149145534
21 252 0 0 0 -2.48639432372 9.97458640464 1.57384690782 4.26137283694 3.79128889683 11.6328325465 10.3959171523 0.749682542966 7.07050879233 -0.0789361720066 3.36671042846 3.79742402606 12.2251727656 5.089003314 -2.24420627553 5.50885519366 5.12326175008
22 264 0 0 0 -2.50446810281 8.61025479713 2.31333951482 4.97083905863 2.87715164594 11.5818380066 10.6486791249 -0.588998438851 6.65801143846 1.80007960399 2.06172012514 4.05395190411 12.6581918298 5.39043728353 -4.26080306534 4.34140218608 6.95083721632
23 276 0 0 0 -1.53329467993 8.16908394062 2.35198522202 4.40989597392 2.80611240882 11.6293764883 9.81360221779 -0.421118544375 7.02319622476 0.952126756982 1.43897885713 2.64457466245 12.3735828448 4.16342136654 -2.76916421255 4.06869878421 5.79015038352
24 288 0 0 0 -0.489975097774 9.39046097187 3.57084705039 4.79415691232 1.851009529 10.9449029724 8.69717182985 0.796695161635 7.12662303384 0.942312206173 0.339700551511 3.21288755469 13.9938247839 4.68883852352 -4.08862948551 4.3884699319 6.5463176664
25 300 0 0 0 -1.15273149852 9.09532176317 2.55794473129 3.47845082588 2.06534745301 10.6392875146 8.76163554237 0.47945797695 8.33315275277 1.12329859594 0.747738984003 2.96075988954 12.5293043037 3.94251175177 -4.60199361365 3.68293678797 7.13659344756
26 312 0 0 0 -1.73279940702 9.30516201628 3.58475820904 3.49999718921 0.574563240724 11.0481629033 10.1994030167 0.338085260912 7.77450876185 0.9401442404 1.05335083878 1.60736905321 12.9384122972 5.6948734133 -3.9900047342 4.57617192052 6.05637081157
27 324 0 0 0 -1.06962101743 7.81693852015 3.81781849144 3.93068445706 0.321242624794 10.1865331507 10.734076989 1.35423487283 6.96389787133 1.76748797114 0.0557744141158 1.97667681765 12.5442684269 6.23618454313 -3.185129088 3.56914363406 6.92376531633
28 336 0 0 0 0.1553197677 7.32456968848 4.76624590439 3.58768551902 0.0211165667169 10.0163731109 10.0804338775 0.543432758784 7.04038617435 1.30154840562 -0.105066653784 2.78183345138 12.5547531243 6.79159018638 -3.36649069082 3.5525854103 7.27475508175
29 348 0 0 0 0.034450355578 6.99877479337 4.99106758436 4.30876735858 -1.18965598878 9.70679444709 9.10891419098 1.07305143864 7.13603184266 0.403755439273 -0.860890472423 3.92433063805 12.2021854068 8.0239434053 -1.84668522072 3.66264178613 5.8660697256
30 360 0 0 0 -0.521646937613 6.73753565477 5.25407830127 4.23368336939 -0.620077272469 10.2660231187 8.88146684959 1.86143426067 6.70206719165 0.338898922718 -0.904728629307 3.36051264086 11.978466929 7.3339623837 -1.91183875376 2.37907691293 5.31631179612
31 372 0 0 0 -0.598581137318 7.80326729825 5.9831247762 4.65321350274 0.0208509602459 11.6942652939 8.74963064236 1.34707588292 7.05168566843 -0.000118721539002 0.000861480372596 3.90712670044 11.4272377855 6.9734290945 -1.84214139645 2.41918911493 6.87920565048
32 384 0 0 0 -0.812727414457 7.25952636863 6.27917959089 5.16171160764 0.229068674845 11.192659187 9.27788340527 0.592515669059 6.87938969519 -0.251185550271 -0.50465601934 3.87922723456 11.0124180403 6.55637832397 -2.5681479682 2.44861590715 6.88118382488
33 396 0 0 0 -0.475745079242 7.44461706359 7.21702590807 5.45869333342 -0.132133872286 11.1176641566 9.0534793928 0.441052879365 7.28098813798 -0.273326035 0.349279531607 2.53378805526 11.2873580514 7.03400654778 -1.88459500703 2.37110636722 6.8083910372
34 408 0 0 0 -0.908354726197 5.62635324621 8.13086657632 5.51251077332 -0.388510369242 11.8383273407 9.40275165721 0.0539841993424 7.5214514125 -0.690033171602 0.326408963166 2.50662252209 11.7016632548 7.69008787346 -1.46746840492 2.61373917451 7.08192407304
35 420 0 0 0 -1.87719207977 5.44295809785 8.40440816345 5.78542943335 1.11868865816 12.4404498971 9.57598670148 0.233841532495 7.23362397251 0.0388408141394 -0.0359369267233 1.63739899066 10.6955687146 7.7897173998 -2.56703472371 2.42978472344 8.17989643709
36 432 0 0 0 -2.29528339001 4.53456453317 9.33643421004 7.18342700027 0.521020416146 12.6464310882 8.89888284458 -1.38694532355 6.58047189867 0.204565818478 -0.164743543957 1.48595131942 10.6022124954 7.29008377287 -3.76975084332 2.43107324453 8.02437379028
37 444 0 0 0 -3.25474519344 4.76100098614 9.76064168535 7.22490991165 0.165844391211 13.4595630045 8.8354503814 -2.14044564216 6.71453387752 -0.246342799011 -0.0520400896992 1.2535028687 10.6848218714 7.13666067513 -4.27095228088 2.93208107597 9.38128627743
38 456 0 0 0 -3.99966341113 4.37632416215 10.2998281744 8.1135190641 0.184359825725 14.4457121162 9.28921271666 -2.09591024841 7.34371158767 -0.364277366111 -0.93846669009 1.48851621772 11.4474509746 7.47685535023 -4.62332994278 4.42401450883 9.78176682491
39 468 0 0 0 -4.678599103 4.97980239569 9.8541076497 8.27860484411 -0.151675309992 13.5980988466 10.1062513 -2.05009443562 7.3000986539 0.217060383405 -0.639690195954 1.02208262321 11.4749550899 7.98011781408 -4.22415420593 5.227476204 10.2141778411
40 480 0 0 0 -3.81411109861 6.0437392914 9.19773808932 8.56722118369 -0.355874406089 13.3815436546 9.14549021241 0.238206261094 7.66562105677 -0.251873790828 0.10157893222 1.51050609381 11.1082033563 7.57154959228 -4.11645745034 5.05006911038 9.90581671795
41 492 0 0 0 -3.38033208628 5.67815868701 9.2264749026 8.56919982101 0.12810312892 12.7863206112 9.60331615185 0.603375135422 7.91239288775 0.0928789487605 -1.43286182866 0.213420519714 10.7712234614 6.11742005575 -4.63626375282 4.54841101215 10.7855715177
42 504 0 0 0 -3.71346986154 5.76518911461 10.1696029102 9.34952513369 -0.831748394994 12.9012453021 9.57263015668 -0.511209311721 7.43456715244 -0.553219386508 -2.63287127256 -0.204488347654 10.6648109183 5.39563395939 -4.79319016284 6.68711330429 11.1578267321
43 516 0 0 0 -4.80073000435 5.0348552126 11.4179669791 8.80582221816 -0.184990366906 13.0653696933 9.89161274498 -0.533386383697 7.03558522163 0.199423130963 -3.6764183612 -0.168333270328 10.6869664078 4.79587605751 -5.73953978709 5.75894561702 12.0184837097
44 528 0 0 0 -4.24201875772 4.16586417084 11.9663637661 10.4783840754 0.625385327446 13.594445722 9.43445611641 -0.260169143632 6.90083175431 -0.299166305487 -4.5191527271 -0.548519542782 11.1183925064 4.6284711901 -6.18200166309 4.59359502203 12.3661943842
45 540 0 0 0 -5.22055198462 4.42585619819 11.4978876547 9.47135805279 0.143431654836 13.1679364611 8.92536793288 -0.228693511188 7.07953933277 -0.612839173628 -4.5409928563 -0.829192772386 11.2818937113 4.07737255495 -6.14316559581 3.92866589274 13.5699435332
46 552 0 0 0 -6.20364344364 4.35693585634 13.0730168958 9.27371826633 1.31590035398 12.7795820649 10.5627829827 -2.34443523175 7.31548432513 -0.33875790645 -3.69296400379 -1.02733269811 11.1757516464 4.19649225284 -6.23586352929 3.22168609433 13.669078209
47 564 0 0 0 -6.62536682901 3.97226424634 12.0659254856 9.19951726175 1.22389627295 12.9846534754 11.0365908643 -1.95367435461 7.5065114382 -0.188675285033 -3.34971493092 0.521900797035 10.7612720403 3.35817061791 -4.95155828093 3.06657175617 12.416437438
48 576 0 0 0 -5.94386050736 3.84210731796 10.6596131994 10.1611827966 0.9476260934 13.1461600371 11.1700502805 -0.632587047223 7.26177359052 -0.285297711676 -3.40339456399 2.24908241046 10.4919123031 2.28166105158 -4.84607761705 2.29868759652 13.1273547287
49 588 0 0 0 -6.50257793594 3.57722879389 10.9952749383 10.4773451205 0.557701333467 13.3085420943 10.979118181 0.37841506554 7.14155833669 0.295210418389 -3.01576725035 2.60120526297 10.3135505218 3.29215309793 -4.30929759183 1.82935791913 14.6516758326
50 600 0 0 0 -6.51553515519 4.66147240813 11.2723166675 9.89865492993 -0.563976687668 13.0004066941 10.6097470126 -0.223618936999 7.13282384042 0.85418227895 -1.60358278912 3.81062133296 10.8976288294 4.38343444852 -4.78084975741 2.10786909982 13.4663148199
51 612 0 0 0 -5.53054523199 3.71464858974 10.9201864859 9.34056983455 0.714720092011 13.2710043164 11.5822187255 -0.718571664819 6.83557507962 0.350330974097 -1.40011891622 3.30095472632 11.1895119809 4.27200939917 -4.83458510405 2.30005398666 13.0724119595
52 624 0 0 0 -4.03122387685 3.3347593345 11.4390656612 9.51254191178 0.197223952589 13.7584909579 11.1214372756 -1.08097352774 6.66129839405 0.674226488913 -0.71919426141 3.9983468943 11.5516407151 5.04517165957 -5.68990087826 3.26131368038 12.4751124293
53 636 0 0 0 -3.65362721188 2.75360917107 11.6453262723 10.3437260565 -0.761746169353 12.9271034452 11.3998203666 -2.98388712845 5.96379675194 0.551861524684 0.251586825734 3.29374359509 11.785907804 5.93333056819 -5.66047696088 2.14264804302 12.5375177028
54 648 0 0 0 -4.83686968536 2.84193239317 10.8755985786 10.3554152401 -0.571464582178 11.4678094895 10.5603918213 -2.92161141937 6.16595523015 -0.134217176599 0.553810344237 2.49590895079 11.25950219 5.59995057366 -4.42091215184 2.69734325486 12.1794121831
55 660 0 0 0 -4.02006625905 4.32442508062 10.52831211 10.0380569416 -0.937973151141 11.5294218282 10.6757874325 -2.70763209022 6.00113815803 -0.371140270054 2.09662440524 2.62108081755 10.7843829376 5.85581410135 -4.07827276377 2.28629416736 11.7418371266
56 672 0 0 0 -3.37535624619 3.54536949337 10.0000202351 9.53993715237 -1.08864399941 10.7932521878 11.0918624896 -3.17716227854 6.01723124056 -0.0194077470315 2.53480567248 2.31532704377 10.7279971032 5.98433267225 -4.07204729566 2.90546385561 12.5238833517
57 684 0 0 0 -4.50966225001 3.33899625166 11.6871435493 9.58965199399 -0.299310759254 10.6852007776 11.3499711187 -3.60761395759 5.54978974987 0.175392045053 2.68213274362 1.88608557918 11.3463939521 6.24764392258 -5.3061702294 4.28739785446 13.3163576192
58 696 0 0 0 -4.2765930358 3.49774571215 11.549854194 9.05758536579 0.463930782517 10.5395521789 10.973177298 -4.70966401764 5.32894950277 0.170788653479 3.7773188814 1.06198402293 11.2694604834 6.09933078198 -5.80374408959 4.77201753419 14.0888788665
59 708 0 0 0 -4.04495544911 2.7906622439 12.6894494024 8.88476951922 -0.379831648523 10.2952799364 11.2007880709 -4.15578050613 4.37034951552 -0.16326443157 3.27416192351 1.21028014735 11.470550538 5.71656953945 -6.29834840131 5.11326828387 13.8613769127
60 720 0 0 0 -3.53621145875 2.92302253767 12.8390059644 7.93960800888 0.438084165946 11.6220590118 11.0573575256 -3.57740235923 5.00911290273 -0.409387359309 3.3472062248 1.03961815485 11.2087220292 5.1522692213 -5.23484843728 4.51496918063 12.7105491193
61 732 0 0 0 -4.00145324575 3.68946932798 12.0071148232 8.98782679857 0.728807760641 12.4299675492 11.396999718 -4.20260540426 5.34585425433 -0.315055335104 3.71101818586 0.72684422079 11.1163856693 5.29616307237 -5.06305056291 4.04128590227 12.5355898817
62 744 0 0 0 -3.5826070879 3.61140015944 11.5543095645 8.66598457045 0.959900566687 12.9726124059 11.7010424897 -3.91194338255 5.47230342095 -0.0299891203428 3.27615568787 2.03401305856 10.9834405746 5.59609632002 -5.94220966886 3.6824057743 13.8858924602
63 756 0 0 0 -3.08698438485 3.91266646033 11.3697584164 8.78362156182 1.03971205377 12.5346094354 11.069634378 -4.80545737057 6.43393200167 -0.456685585282 3.83937837421 2.1952359163 11.242003323 4.78788572839 -6.41771445356 3.89842870073 14.9968829406
64 768 0 0 0 -2.85750746001 4.36717638042 10.115908512 8.54254444774 0.78805911826 12.9802580969 11.2251983959 -4.66776827061 6.35130750943 -0.317766815481 3.0990177063 2.408988968 10.6661503775 3.92341323549 -6.15486024092 3.60685091517 14.44801954
65 780 0 0 0 -1.88567355372 4.81565094019 9.25933893603 9.19701440387 0.982395603216 13.0521376865 10.9104051655 -5.03286408354 7.10687242086 -0.357826813015 2.75617116501 2.61712297118 10.1680732664 3.53032388597 -6.80686694087 3.72818564178 14.6665253892
66 792 0 0 0 -2.98642805222 5.34036953548 7.87611784752 9.16676950145 1.0123791774 12.9516550096 10.6811496903 -5.78167305205 7.38510376213 -0.389153261407 3.1118238011 3.03670994279 10.0979890805 3.62382975981 -7.02433813351 3.31112112866 13.4712871342
67 804 0 0 0 -2.96166144359 5.27210634382 8.85158032999 9.25050527845 1.26069997513 13.583613213 10.2807041262 -4.67731345946 7.31093609981 -0.136638408063 3.28969998518 2.8410471301 10.3162290903 4.45110591209 -6.54106980645 4.31124727446 14.1893159031
68 816 0 0 0 -3.80456217942 5.19985829122 8.70067136565 9.29080833498 1.58245420472 13.5507298751 10.2706224718 -4.22402491098 7.81555939854 -0.237751894379 3.55177094199 3.98518169763 10.1623614393 3.84535711909 -6.45016347755 4.43888659976 14.7957768786
69 828 0 0 0 -4.10166240151 6.05979225628 9.45913445053 8.09065727981 1.77457697705 13.2957121632 10.5136516632 -3.9972186031 7.80989284792 -0.491218237662 3.25676043981 3.32341642821 10.5017822559 4.22785077887 -6.19071015839 3.25433513393 13.7406607983
70 840 0 0 0 -4.34270122627 5.44185915756 9.45377002309 8.22790240469 1.91759895307 13.8267657831 10.169404184 -2.67014597268 7.79473736383 -0.232240246719 3.45530037301 3.05204997459 10.3597051697 4.47721559983 -6.02127424253 3.32526134195 14.3582481448
71 852 0 0 0 -4.88285263687 5.10792112096 10.3005096843 9.44625686669 2.06114750891 14.1150282627 10.076508265 -2.32824679274 7.48763088661 -0.100638511273 3.10336672576 3.09676888291 10.5131042654 4.26056652588 -6.55498632836 3.46385488243 14.6387279083
72 864 0 0 0 -4.47786585508 3.97309574261 9.83231924378 9.9946193421 2.33779078449 13.6505799512 10.3043066536 -2.89214671229 6.98242074173 -0.229574133328 3.39832811025 2.94499476114 9.45538924033 4.90763975607 -6.4572578936 3.24654725835 13.8747398411
73 876 0 0 0 -4.25436504729 3.91823962074 9.85031512571 10.2589278735 1.84157461947 13.413973981 9.51856052027 -3.26807020111 6.80599573607 0.121960802116 4.13018071463 2.30952341324 9.17901748908 5.33917104044 -6.43567841697 2.92361390779 13.9427322756
74 888 0 0 0 -4.5892173638 3.44697613845 10.6295789082 10.3868644522 1.62162214432 13.4384093215 9.87500589818 -3.78639478431 6.66444123642 0.360724855934 3.9079669871 2.35281722195 9.45177037978 5.40569957607 -6.11652963019 2.38576525427 13.5764099116
75 900 0 0 0 -5.536903963 2.94304162854 10.3492033202 10.4993917672 1.23697919612 13.8379233569 9.96563187311 -4.03583708847 6.91420349479 -0.00679221462359 4.03360233477 2.54517381624 9.83583913076 4.69910164961 -5.98392845253 2.41934619623 13.801210255
76 912 0 0 0 -5.0980671352 2.93186098124 9.64951011209 9.78691741647 1.39361155564 13.8735878572 9.87014426013 -3.39355292059 7.24654816159 -0.0885823981317 3.76704570203 3.80571678499 9.78423352695 4.41512642582 -5.29830673114 1.35673157701 12.9105944681
77 924 0 0 0 -5.51860046166 3.18238002615 9.88265024018 9.61316541213 0.959326230014 13.9711313347 10.3015298573 -3.06465309461 7.27315010207 -0.095293816792 3.65815457647 3.83369712991 9.94350262071 4.86358686453 -5.05640410793 1.47234891486 13.2207624315
78 936 0 0 0 -4.93965876991 3.20874174663 9.50517461292 9.7754765755 0.277455888412 13.6218372565 10.330768617 -2.84539176128 6.80198910635 0.0335983756174 3.58856713173 4.14451195295 10.091997003 5.05774227122 -4.49190575902 1.52171414607 12.7794768414
79 948 0 0 0 -4.87108770069 3.76833627229 9.70000905794 10.0557871748 -0.667497979937 13.1625418958 9.53595534277 -2.55388347639 7.15353783641 0.198993313513 3.18128036978 4.25316536359 10.4946439976 5.07299641 -4.12913059732 1.58411560047 12.8616589225
80 960 0 0 0 -4.36998959294 3.31334513714 8.63817072697 9.52460862102 -0.648364616906 13.5178342012 10.0823638474 -2.45182826822 7.18245263871 0.261358216546 3.03614817869 4.60690450522 10.2115085359 4.58308362385 -2.80356403989 2.13426734732 13.0338404275
81 972 0 0 0 -3.98719103766 3.26619784953 8.95135435866 8.95599735548 -0.698971737392 13.5682556657 9.98055401753 -2.10940717303 7.36102930613 0.240783614442 2.83414434377 4.90406800373 10.1711262953 4.6467262527 -2.6632922767 1.95064657593 13.3707550662
82 984 0 0 0 -3.97394013153 2.89370206675 9.25280592888 9.73318812064 -1.11879668938 13.3725876664 9.41650458586 -1.97755661899 7.25026468951 -0.0929427442036 2.61585300511 4.59198431362 9.92400415976 3.91464752827 -2.72861097505 1.81284115081 12.7804938911
83 996 0 0 0 -3.29309676536 2.89858560765 10.1997262021 9.48832341489 -1.91898947091 12.6275214416 9.57766939827 -1.61141924584 7.0657663177 -0.06730096111 2.6529551353 4.51943745382 10.2351588504 3.8894378595 -2.67926262246 1.09802035109 12.539968681
84 1008 0 0 0 -3.08893859212 3.23763336634 10.1246130862 9.36906878922 -1.65536315491 12.975214772 8.8915438594 -1.50947955946 7.18980709265 -0.124077506402 2.13633669479 4.6639188992 10.2706060332 4.10547773423 -2.32702957305 0.872898471187 12.7749762941
85 1020 0 0 0 -3.74466073656 2.74505059222 10.6981924946 10.1139233966 -2.3739197788 13.0081963275 8.64074451788 -1.31917825834 6.91150315556 -0.291015976786 1.53389378537 4.48968293361 11.0234810739 4.21634422534 -2.28468345328 1.07772847737 13.0642265526
86 1032 0 0 0 -3.69567376797 2.96631087436 9.83713328262 9.1102774066 -2.32359890806 12.325237795 8.33885332461 -0.875077102851 6.81200596999 -0.728141871226 2.50585586547 4.78262747421 11.4070778615 4.16877663209 -1.43459227425 2.02468365632 12.8815956674
87 1044 0 0 0 -3.26343126137 2.42893893293 9.95968929002 9.40544066527 -2.2532751754 12.7318114309 7.94885554132 -1.69135005018 6.60331845206 -0.38968580702 2.34472706152 5.31229231226 11.2921081116 4.77544031795 -1.85925200256 1.96862148288 12.8801339588
88 1056 0 0 0 -3.07561775516 2.48009709952 9.97706471874 9.46751298289 -1.88808962133 13.3783176617 8.53221035458 -1.04175032262 7.20606597607 -0.316222743757 2.5473383192 5.81990462611 11.0824803891 4.70849729202 -1.86185118085 1.8035431771 13.4214971779
89 1068 0 0 0 -2.69467927387 2.54775024808 9.98865352771 9.26626736665 -1.60109550703 13.1675513427 8.42933101795 -1.14463013779 7.02999382021 0.025495768661 2.79688285422 5.60917556588 10.6822614729 4.22591665218 -2.00523824335 1.4006185142 13.2260236682
90 1080 0 0 0 -3.16280703819 2.98992372001 10.00596053 9.73985358983 -1.10765509713 12.8569692342 8.39656013135 -1.23918521166 7.42382603413 -0.00764430324762 2.00092477022 5.7734146834 10.0588768878 4.18071793371 -1.75029038668 1.8782818904 13.4315302028
91 1092 0 0 0 -3.03611169406 3.30681869261 10.6216634181 9.73398091853 -0.970443682616 12.8889229931 8.47773842775 -1.25198008042 7.43358871417 0.148652119944 1.4345093024 5.25355839015 10.4465014593 4.11872916777 -2.12821368046 1.37505205157 14.2969889043
92 1104 0 0 0 -3.43018849227 3.01738216365 10.6339862743 9.96992410178 -1.45203699134 13.2265754774 8.90727880194 -0.761575207421 7.39760470675 0.0254730965281 1.77763757486 4.91380422543 9.92075653532 4.39665267317 -1.7636625685 1.36205580052 14.1950117985
93 1116 0 0 0 -3.17395841284 2.79699639112 10.9547882318 10.9198782398 -2.10487948534 13.3226994084 8.61210165542 -1.1645847562 7.34673938091 0.502549307746 1.94280821155 4.80570400299 9.74428039352 5.63662603301 -1.9025768704 0.840914987205 14.1253072538
94 1128 0 0 0 -2.62267944191 3.32357140754 10.3605909105 10.7169754846 -1.93994526455 13.3576811345 8.46826159794 -1.05309139412 7.56459476157 0.607025996243 2.1994613608 4.37689195541 9.88112265819 5.56468105809 -1.92689288717 0.46441468747 13.3777281715
95 1140 0 0 0 -2.24165548009 3.6813797023 9.67488565769 10.4145427107 -1.60265359636 13.4007538151 8.13438123807 -0.715139711053 7.82838066702 0.369949342314 3.15415728204 4.50706514278 9.88423920889 5.22312414406 -1.50905358587 0.688114049725 13.1506632331
96 1152 0 0 0 -1.85706136511 3.3535573786 10.035888942 9.99578725231 -1.50144460612 13.6133968221 8.44054341265 -0.946859495766 8.13299890401 0.237225603779 2.36756709541 4.52364483561 10.5685388463 4.53965548633 -1.45971679258 0.987708533678 13.2254572077
97 1164 0 0 0 -1.59141483565 3.52733262504 10.2173223904 9.28466355722 -1.45145233114 13.7735391732 8.78222146285 -0.590774867209 8.19844407463 0.160443924212 1.91430904358 4.82035871557 10.379699456 4.74784607941 -1.29867790962 0.646482755154 13.0143689265
98 1176 0 0 0 -2.05681337381 3.29501662875 10.4970315979 9.44956503395 -1.25074605282 14.1887876455 8.24441426717 -0.661300153603 8.51472203626 0.137440753746 1.70670176545 5.1293400409 10.4336459914 4.29744166067 -1.58388119056 0.647025983183 13.2850977713
99 1188 0 0 0 -1.94914659052 3.02174804861 10.8520385898 9.44666887959 -1.29221885218 13.9085915129 8.47672307615 -0.252537608675 8.19345929674 -0.0633028125743 1.9103667417 4.99912228341 10.1735854088 3.9503916509 -1.44064005505 0.836831506368 13.8366646457
100 1200 0 0 0 -1.99021060618 2.63806731885 10.8062537454 9.36913464058 -1.65362929394 13.6961129803 8.60399951617 -0.386360329465 7.70144302121 -0.117413592587 2.55875003504 4.95499899924 10.2444674814 4.22881121051 -1.33221346744 1.06749433493 13.445332468
101 1212 0 0 0 -2.05766469302 3.01150827461 10.0273741092 9.32602869198 -2.09937740262 13.6358472263 8.14513528955 -0.360389668772 7.93406374601 -0.151600258357 1.94963134264 5.31974767741 10.0771533267 4.19763994086 -1.02914126723 0.874310952024 12.9469168746
102 1224 0 0 0 -1.87261006157 3.03094138858 10.1390994965 9.36184643981 -2.22372161247 13.6357198611 8.27404152687 -0.355262445866 7.80292120322 -0.097714218991 2.19307488908 5.35106923382 9.87783904718 4.08223107233 -1.01965361549 0.899554599091 12.7913132372
103 1236 0 0 0 -2.55815687207 2.70333223423 10.4988089554 9.85298977867 -2.41277240203 13.5262416317 8.23200656984 -0.230368149658 7.51812433397 0.0819507682893 2.25888811125 5.07402177779 9.89128584608 3.78616714341 -1.27862701135 0.579010242715 13.1619950821
104 1248 0 0 0 -2.50030796718 2.66650808703 10.5231008923 9.43863612469 -2.1702498984 13.4903336368 8.09460961207 -0.0826147859903 7.42208769108 0.190041649095 1.808472344 5.51367638131 9.85872683964 3.63455569726 -1.27897343558 0.543826979736 13.2107364854
105 1260 0 0 0 -2.50228408342 2.86206324269 10.2653561132 9.32867500193 -2.33199177311 13.4360526272 8.42779400903 -0.0397074158601 7.51197678163 0.0355767857042 2.44149613513 5.2486444841 10.2149060071 3.84822785717 -1.30257109779 0.418565356282 13.0060937251
106 1272 0 0 0 -2.72037841067 3.16659575748 10.1944661344 9.22479992241 -2.37568625649 13.4195103858 8.38137053429 -0.0992546451794 7.51472172134 0.0291512779223 2.58990397677 5.01623675449 10.2955072308 3.89691176905 -1.43531380091 0.131175654418 13.1300639803
107 1284 0 0 0 -2.81433992166 3.16210549332 10.0933769694 9.27947181059 -2.46441855379 13.5415920754 8.41509461589 -0.430706676669 7.57788572382 -0.032117796632 2.6423452834 4.99193981097 10.0568698313 3.84393780989 -1.5993016459 0.136266870662 13.3359881208
108 1296 0 0 0 -2.69618325022 3.20922207449 10.0412802951 9.3907815638 -2.56288200263 13.390403332 8.37836680511 -0.31969162547 7.61262042915 -0.189374295342 2.88138479162 4.91767243127 9.98326331375 3.33270228048 -1.40800010408 0.36479828962 13.6367132981
109 1308 0 0 0 -2.50414542481 3.30419333795 9.66061923908 9.33629866375 -2.46874228467 13.4115477287 8.23369748288 -0.516597818402 7.66754693877 -0.104158427777 2.88000967948 4.72686066162 9.88178994869 3.64015900917 -1.42402849083 0.195946835947 13.3865682279
110 1320 0 0 0 -2.61199269428 3.05102757819 9.90090462269 9.19724580178 -2.69115100009 13.2283481736 8.08459788485 -0.324638421779 7.5233303624 -0.168247587809 2.68774760983 4.64171028476 9.93582878038 3.54896140998 -1.0474371132 0.269504994077 13.3532131559
111 1332 0 0 0 -2.51248966315 3.27823580684 9.72186071767 9.16892966103 -2.4916468934 13.2172778267 8.11794369825 -0.277947599318 7.44471412726 -0.255211247444 2.56402047776 4.50792700037 9.85983303192 3.3728866743 -1.21124454742 0.463217324176 13.4908772918
112 1344 0 0 0 -2.57951469575 3.51040101872 9.61738148591 9.14713666077 -2.43155666866 13.1709778231 7.92960951045 -0.332011996142 7.61175427277 -0.246192062766 2.77436899835 4.56821767581 9.66448156104 3.2701305516 -1.30498617087 0.47869797364 13.7669390625
113 1356 0 0 0 -2.43490332049 3.33613857341 9.40728137902 8.56674546356 -2.54339672479 13.1185319503 7.72302667306 -0.218687970039 7.80160105858 -0.348750302664 2.69863120381 4.60408326956 9.65206156299 3.09252409464 -0.971301907727 0.585341503621 13.6930863102
114 1368 0 0 0 -2.50275248998 3.53918716848 9.19193728745 8.47474962315 -2.568617721 13.2042248909 7.88542879594 -0.110511431271 7.966831157 -0.327080670982 2.71718319901 4.72401455962 9.61570328151 2.89878550486 -1.02709686534 0.350020158338 13.4441691208
115 1380 0 0 0 -2.5522686341 3.50863261776 8.85078641928 8.26861400972 -2.40978790193 13.3815747387 8.12041938447 -0.181224391981 7.81323997757 -0.33272037483 2.76531851197 4.78462011435 9.7836057579 2.81210619029 -0.81411471067 0.376558123895 13.1198565515
116 1392 0 0 0 -2.58002578341 3.45973464705 8.97923711106 8.40312379178 -2.3918514228 13.3970590935 8.14976385291 -0.303977756117 8.01360435372 -0.342733957545 2.57925021231 4.912914023 9.86739116333 2.62976052935 -1.02100255063 0.460819847036 12.9448057547
117 1404 0 0 0 -2.2466796878 3.6203032389 8.85740901128 8.35850200953 -2.47417382598 13.0608687007 8.09790176674 -0.218916605376 8.07411166983 -0.360678396451 2.26233455404 5.34816109606 9.89984889622 2.53758550489 -1.00415754233 0.503486918794 12.8091772503
118 1416 0 0 0 -2.28774873813 3.61869382607 8.86734130645 8.34984535465 -2.63863600226 13.1193304041 8.16274272835 -0.268831192701 8.21511234119 -0.332105263576 2.12862236309 5.5748057552 10.0662071677 2.42213318559 -0.729490418788 0.319367421929 12.6563289774
119 1428 0 0 0 -2.29174853449 3.54186182027 9.12141281341 8.54896960335 -2.63610995413 13.0431961894 7.92982810525 -0.306393519536 7.72191700844 -0.439988306332 1.61094596194 5.36013632628 10.1770804897 2.45039256325 -0.882225298975 0.397399699306 12.7096919554
120 1440 0 0 0 -2.14195560081 3.64463666092 9.16924283184 8.92027140016 -2.70117180029 13.270636587 8.04088556011 -0.618432874498 7.70258439991 -0.265061791003 1.52558106538 5.56882047463 10.1713375151 2.61996326272 -0.900128331438 0.534084061126 12.5860494753
121 1452 0 0 0 -2.03453295415 3.70175581478 9.34986844047 8.59774944234 -2.61565107616 13.1711140174 8.18044253068 -0.415747476684 7.73031613554 -0.540729768064 1.93915412945 5.51956346105 10.3833007417 2.76879582076 -0.610646523995 0.428558771029 12.6652863178
122 1464 0 0 0 -2.22361841052 3.6567230408 9.57378577932 8.34811030371 -2.31006242016 13.2645960067 8.31687407661 -0.321801036192 7.68361885884 -0.570432974952 1.91956975191 5.43999288887 10.4190365224 2.80979839943 -0.710038358367 0.765064793318 12.5610140204
123 1476 0 0 0 -2.37782640111 3.99189150934 9.50977663657 8.39837926946 -2.27928751208 13.1921660173 8.41844003503 -0.240947599762 7.82239132885 -0.463607283429 1.86071920563 5.52181536902 10.693027012 2.92293988511 -0.596366651887 0.236692429674 12.442093723
124 1488 0 0 0 -2.43349058402 4.06970902061 9.32726490795 8.31367426441 -2.3791359487 13.2084042066 8.81958867179 -0.102546308232 7.7579515621 -0.506526738163 1.91170821368 5.42123538375 10.5146792149 2.842305639 -0.791372601057 0.323124018671 12.2391421709
125 1500 0 0 0 -2.58235726611 4.09816001116 9.37353108022 8.11759733685 -2.46586053078 12.9565517661 8.92574955599 -0.059184896543 7.82627400016 -0.40758041867 1.94974521509 5.62525640092 10.7258893354 2.66760072521 -0.796650622102 -0.055093184798 12.2220857284
126 1512 0 0 0 -2.3967477891 4.33623211721 8.98175256389 7.77760878072 -2.1472795762 12.8945907117 8.85992627119 0.23645822268 8.12952580152 -0.292480099031 1.51968720813 5.71785065641 10.5914645789 2.36954137799 -0.818246199419 -0.108427247865 12.4239761124
127 1524 0 0 0 -2.40863129639 4.32948657069 8.91747072101 8.0538624974 -2.16012467828 12.9428622064 8.79290711168 0.345172697848 7.98138546303 -0.183548678928 1.52979968105 5.72035998827 10.5804316629 2.51338201855 -0.718952112085 -0.21054984452 12.6766676189
128 1536 0 0 0 -2.16746649419 4.17507674749 8.70602649109 8.35718903841 -2.35259447909 12.771370374 8.55002372711 0.461152046408 8.10232046323 -0.0304704402933 1.43136939654 5.78309163196 10.653984973 2.87380589908 -0.560822107115 -0.536260255681 12.5053790695
