% # columns="iteration, evaluation, void, void, void, xmean", seed=8, Tue Jan 30 05:20:45 2018, <python>{}</python> # scaling_of_variables: 1, typical_x: 0
1 12 0 0 0 -0.29961106845 6.66163146999 -0.113515017733 3.32125019295 5.48446426447 5.68910202912 10.2355623694 1.39757645044 9.29030337867 -0.426117675616 10.2269844001 -0.255304063556 9.20744354321 0.367155837864 6.53455803379
2 24 0 0 0 -0.291799480762 5.37489174026 -0.189085951641 3.79496890305 6.08494074855 5.90702121934 10.2907976265 1.51873223839 10.7074169206 -1.01649249503 12.0139688967 -0.468716710436 8.92153270189 1.38508948724 5.91911583997
3 36 0 0 0 -0.533914717567 5.1064236119 -1.121172445 3.6213545546 4.87557875888 6.8052749364 10.8313015324 2.73383723463 10.187325493 -0.551373035343 12.7732954469 -2.34042264395 9.63994247601 2.58616598659 6.90319839752
4 48 0 0 0 -2.10511087347 3.68284363934 -1.8980349111 2.9451860338 4.55955259482 6.92616625505 11.6686536144 3.10782298779 9.96043817312 0.295234884341 12.2615984078 -3.65810048308 8.75634606649 4.11755401424 8.11036115363
5 60 0 0 0 -1.74530908018 3.77875150257 0.494382458864 2.97256190508 5.04945578922 6.87780397418 12.111042425 3.92591467251 11.1550881382 -0.248575832055 10.1718451793 -3.84106503935 8.63217382891 2.67568508818 8.18807326657
6 72 0 0 0 -1.28167227295 2.72023379462 1.01210289828 3.19582703504 5.78032703047 7.94944829473 11.4490719943 4.73365169212 11.0512582942 1.01680584872 10.1043249102 -3.25257336942 8.6958414374 2.71198630014 9.0698382281
7 84 0 0 0 -1.12865414391 2.51994004817 0.874053676913 4.89379811001 6.19270298612 8.1426535578 10.4968238689 6.13902801663 11.2307548538 1.56492023572 8.14047211317 -3.2629856511 8.90745996045 1.87207819505 9.84547200575
8 96 0 0 0 -0.955558414004 2.32287767346 0.297318097538 5.23992312443 4.88471730857 8.13793270796 11.7501987597 7.66670015397 11.9083582832 1.43644923296 8.82062874277 -4.19686331695 8.69440089983 1.52965893062 9.61009121657
9 108 0 0 0 -2.32145403516 3.64926148424 1.50657289629 4.75096331789 5.58816826584 7.73594430764 11.8030945037 7.93119119352 11.1697386676 1.92711183755 9.28162387213 -3.9099304972 8.12056196667 0.0321868048269 8.44822818164
10 120 0 0 0 -1.79086989031 5.08918894645 -0.089052524932 4.316155444 4.80719905553 9.57241997231 11.196859368 6.88407644317 9.2487072572 1.01433790453 10.0737217705 -3.69309051065 8.23061789045 -0.937093737094 8.62067644582
11 132 0 0 0 -0.844538197732 4.82740725644 -0.528088776958 4.57048595259 3.84432567989 9.16336008715 10.1580126374 7.10272942257 9.18838122152 1.36502706789 11.7365017018 -3.90286096927 8.51905438914 1.25630478005 7.33624365498
12 144 0 0 0 -1.43163255932 4.86136504917 -0.626919429446 5.27237705896 4.86875944807 7.71250034428 9.10710879924 5.38901391133 8.50843612677 0.383529840768 10.6663155303 -3.70426407541 9.25062578112 0.970653548738 8.18405516283
13 156 0 0 0 -0.43400765095 4.51646035972 -1.31628943669 4.98134400478 4.70512657959 8.11482182677 9.73183445247 5.28717722022 8.70193334585 -0.0532917944938 10.5115609254 -4.03776765858 9.29677312383 2.49067621863 8.53714678166
14 168 0 0 0 -0.276672501646 5.3163711165 -1.37941971156 5.77849405349 5.28993263435 8.16569643409 8.49305141062 4.06252489687 9.29862895034 -1.12686120815 11.3783985233 -4.12867235784 9.16837042852 2.07044176125 8.27813011864
15 180 0 0 0 0.259756403938 5.17183058425 -1.93580748402 6.08508875368 5.78329696732 8.4222546179 8.85685176833 4.54651718851 9.19310024257 -1.46466271512 10.7494293931 -3.646066916 8.35047916808 1.14640585407 8.78899381051
16 192 0 0 0 -0.346025299264 5.73063875448 -1.76642086483 6.53838839874 5.83228415961 7.9426382258 9.14469023565 4.45257188497 9.85670307221 -1.05883011378 11.306806563 -3.9410668381 9.08757955618 1.03207631571 7.97824762676
17 204 0 0 0 -1.23251018582 5.70100667249 -2.17585605378 8.14783160542 6.86653200843 8.5817117427 8.89298069506 4.51970061948 9.16716917472 -1.3158951247 11.767487292 -4.04134197436 8.68237869979 0.915679072933 6.88428039384
18 216 0 0 0 -0.957020197289 6.3889122747 -1.75195310767 8.32408656806 5.88976367418 8.08206296471 9.13414647073 3.59945225473 9.1159738026 -1.13812972043 12.3881451439 -3.1978301947 8.79969449295 -0.418108054264 5.89778387851
19 228 0 0 0 -1.12193107061 7.34691134509 -2.65009201314 9.09180608306 5.7337700115 9.28309426929 9.62960634447 3.02762163161 8.70166973241 -0.994317693173 12.5212108444 -3.63216455289 8.85360089602 -0.139542770748 5.34283042987
20 240 0 0 0 -0.256304948211 6.59859980461 -2.96682859902 8.39810246082 5.17227773835 8.66468742352 10.1129364054 4.18821652137 9.00826055893 -1.32204636035 10.9310180327 -3.02240670384 10.028737236 -0.702879757235 5.72260913568
21 252 0 0 0 -0.252035018027 6.58629285631 -2.68510615083 8.74138507082 4.05190990534 8.11639232341 10.4224179577 3.64286127895 9.32501260807 -1.54806398467 12.550512603 -2.99383813105 9.94936054344 -1.19061697149 6.21131284013
22 264 0 0 0 -0.363815883099 6.55958280152 -1.4982554236 9.43362907874 4.76609003523 7.44578196694 10.4635196453 2.98459567038 9.34061703228 -1.57430712477 11.2154128558 -3.68021538503 9.57266191281 -1.70139881269 7.0804173085
23 276 0 0 0 -0.64724697791 7.30489308481 -1.60931636714 8.91477317136 5.67228818259 8.68213708718 10.6472892725 3.35534835905 9.1958174499 -1.67656095082 10.8923836334 -3.72254937863 8.90457307718 -1.55031241907 7.13292748977
24 288 0 0 0 -0.741361289158 7.42204795606 -2.02202499054 9.16168523844 5.4651713137 8.44845032419 10.6832506215 3.37460918102 10.3142214171 -1.60388420522 10.8546887047 -4.10411678022 9.20076991514 -1.55197080079 7.57063499496
25 300 0 0 0 -0.56165457327 7.31731472489 -2.52641591745 9.39105002119 4.70155540967 8.51766167031 10.6021092595 3.58695176816 9.98925671866 -2.01829947815 10.2113763051 -4.13445185406 8.89767645356 -1.68334780319 7.75146331462
26 312 0 0 0 -1.76720131964 6.52927451381 -2.1437162547 9.01087320591 5.27380250504 8.95953826152 10.2904623507 3.15178369303 10.038723762 -2.09827636151 10.9553784885 -4.59728865843 9.03954816505 -0.301875464937 7.48165414822
27 324 0 0 0 -1.72185138497 5.35578873079 -2.10562244779 8.78960179013 5.8027414725 8.9953299311 10.5022911782 3.11412054387 9.32003734774 -2.1493604246 10.9167828064 -4.53589026219 9.23804012073 -0.655176046911 7.46905793023
28 336 0 0 0 -1.92907972031 5.10805449328 -2.60827428185 8.53471422803 6.09125804397 8.97624217946 10.58329519 3.56357673164 9.48512637883 -2.30107285102 11.2354989718 -4.05542848447 9.38312532382 0.117206320082 7.7539326458
29 348 0 0 0 -1.53450111611 5.03103336719 -2.82484336562 8.42277285263 5.65870810256 8.83533926387 10.210540696 3.8371185704 9.61559759277 -2.42141607465 11.8972053488 -3.26153901762 10.2976385316 -0.859191843337 8.48210800221
30 360 0 0 0 -2.33264190958 4.99723687636 -3.01963092164 7.90172083122 5.89183692195 8.78950523222 10.0804774101 3.93048196459 9.41106786348 -2.22619739187 11.900956153 -3.7048297937 10.1657365525 -0.959192673465 8.12295209019
31 372 0 0 0 -2.53594341144 5.82265930266 -3.15570468778 8.49184477351 5.82584310755 8.82984247528 9.94651903933 3.76307519286 9.55671287091 -2.24324745341 12.2839128376 -3.93473165052 10.1764834292 -0.417598218342 7.81275580351
32 384 0 0 0 -3.16978389208 5.77423093951 -3.5371872161 9.33352248069 5.71385129074 8.93526812749 10.2885550041 3.61374619062 9.52067905481 -2.86631421128 12.0948596242 -3.8850794136 10.3336712155 -0.324527867217 7.32343948223
33 396 0 0 0 -3.10349064301 6.2329635592 -3.94386857516 9.69567107445 5.67425418621 9.3038167686 10.2293178413 3.65325445545 9.78472315864 -2.6049773545 11.8857185395 -4.46044193848 10.3554476557 -0.142043657304 6.81524418535
34 408 0 0 0 -3.102742639 6.39953463024 -3.8466632442 9.79252697756 5.2426553233 9.12987241373 10.1718772462 3.0822716361 10.2517034626 -2.48862465947 12.0804766533 -3.83199126348 10.2938648019 -0.334700043245 6.75443153146
35 420 0 0 0 -2.97871008518 6.36491295773 -4.42193817393 9.45294745759 5.84304540142 9.54478476686 10.3997660252 3.05680508087 10.4439447737 -2.67721381309 11.9659300359 -3.85659226556 10.1389718976 -0.318111679444 6.18992703236
36 432 0 0 0 -3.13236021591 6.69383529136 -4.35167510981 9.46157473338 6.34033937817 9.65979140107 9.94988778985 2.87334004378 11.1393363906 -2.51512134274 12.4785009341 -3.72857990674 10.1504924018 -0.371308578614 6.17265553447
37 444 0 0 0 -3.13252870585 6.32144998 -3.64271453248 9.95406450847 6.54699531095 9.90206298439 10.4909606657 3.17658165025 11.2291958379 -2.69078949947 12.3206172756 -4.08122548417 10.6849805693 -0.562941371438 5.96838350979
38 456 0 0 0 -2.62160079309 6.24932003111 -3.99017256505 10.0756516645 6.60183756149 9.4420297914 10.3066331421 2.60614923466 11.2092281051 -2.69702254151 12.1469923016 -3.69270551287 11.076338216 -0.588481266173 6.33282913768
39 468 0 0 0 -2.55394048704 6.23289787152 -3.84193272083 10.151510229 6.66739392184 9.30083972071 10.1766659658 2.38290689543 11.7088166496 -2.77018260374 11.8242916541 -3.08090395263 10.8167402033 -0.23267556849 6.93131454299
40 480 0 0 0 -2.04595808204 7.05724190597 -4.27072018176 9.74811076353 6.92210829192 9.99056264455 10.1288332658 2.13366779443 11.769503683 -2.67517377432 12.1554486598 -3.35774353592 10.8509512303 -0.657911250085 6.2598618215
41 492 0 0 0 -2.45091464962 6.83214548183 -3.98097706167 9.47851217408 6.63219091649 10.5190580487 10.1395539764 2.45920858071 11.3658881051 -2.68749760226 11.8799272042 -3.56794296054 10.2294333677 -1.04120326527 6.74361962907
42 504 0 0 0 -2.33298413041 7.21939959624 -4.14996458105 9.78457078218 5.85606076692 10.3954647309 10.8193961712 2.34496122975 11.7527567635 -2.74905212635 12.0138772918 -3.1553226696 10.4221887522 -0.599623101167 6.63622554674
43 516 0 0 0 -3.00398869723 6.91767308778 -3.82690565286 9.9540510141 5.494564003 10.6845442962 10.871886584 2.57111640493 11.5577819766 -2.52053396378 11.9930773491 -3.43762990692 10.7218245947 -0.0705953044531 6.68870149523
44 528 0 0 0 -3.15603600713 6.5565716766 -3.84447503234 9.52656684816 5.41767311672 11.1762681174 10.8119237816 3.32874548315 11.4439152819 -2.13254216402 12.3270900346 -3.26013663893 10.5988026364 -0.380295817088 6.48025569865
45 540 0 0 0 -2.97400590438 6.36807646661 -4.06838658001 9.55807917403 5.24768658538 11.7727270328 11.0464955693 3.51248010177 11.8876456039 -2.31728316199 12.6481223068 -2.93173220298 10.9315571483 -0.130702591382 6.60095806822
46 552 0 0 0 -3.15933524659 6.25238803661 -3.98903546025 9.52693976745 4.77731077101 11.5334432134 10.8980686904 3.61098865307 11.298789906 -2.38265526556 12.7059969977 -3.41361326307 10.8758070088 -0.451242604254 6.70202909132
47 564 0 0 0 -3.06733010829 6.14567382774 -3.92307097338 9.48241101031 4.85728194743 10.8538804347 11.2222302812 3.44109584919 11.7876254998 -2.28198279502 12.6818560172 -2.96833683798 11.3835727972 -0.606990960083 7.18287866397
48 576 0 0 0 -3.33085597568 6.93568959562 -4.00888701912 9.41540561009 4.59356111128 10.8224514704 11.4014367412 2.92503547845 11.9637717861 -2.17360226203 13.3408398182 -2.95045551626 11.248573357 -1.14252878465 7.0485183552
49 588 0 0 0 -3.53224047021 6.6359844548 -4.14804221219 9.03615157509 4.83330659205 10.6863917782 10.7705650763 2.82669574393 12.435539613 -2.36836834436 14.2161610392 -2.80203708423 11.5617758507 -0.83792673835 7.35806564162
50 600 0 0 0 -3.23344465538 7.46320937991 -4.84242102516 8.57420743803 4.53211833311 10.597219233 10.8149518589 2.92807839935 12.8072336019 -2.89805984352 14.1459437338 -2.29824914853 11.7466548772 -0.356551416686 7.42693533446
51 612 0 0 0 -3.52128056948 7.24977958915 -4.44046066715 8.70984143747 3.99090185343 10.6499893456 11.3666641127 3.20718658411 13.0551459892 -2.72411712098 14.7860444643 -2.32981472183 11.7408095644 -0.0399809318742 7.45488690183
52 624 0 0 0 -3.57157982238 6.94961902894 -4.26649746949 8.98626863312 4.37308553993 10.8398439021 11.8284625253 3.51672878775 12.2131066232 -2.44329205865 14.4734557775 -2.18679064775 11.4945557143 -0.0613789827271 6.39415607008
53 636 0 0 0 -3.487076935 6.90775677785 -4.45250426657 8.41788819058 4.65979939147 11.2567037078 11.3554120261 3.98174520341 11.9475201743 -2.91630433715 14.4220352694 -2.78603557502 10.5740227396 0.509589785551 6.48874947723
54 648 0 0 0 -3.18241294985 7.30044976181 -4.26455685331 8.54009630048 4.35758209598 11.2812552742 11.4653565534 4.03431658658 12.0490016871 -2.92756449823 14.2543954466 -1.81280493234 10.5812376973 0.157518819755 6.93621533235
55 660 0 0 0 -3.03902493841 7.30606380431 -4.50425451873 8.30584881102 4.45252128004 11.114943134 11.3571206154 3.99223964428 12.2104995638 -2.61273222528 14.3235900655 -2.67035847654 10.0357905526 0.111798581769 6.54224162401
56 672 0 0 0 -2.96541305203 7.72551101443 -4.74784230078 8.8550559275 4.37578286008 11.1927504828 11.3017667471 3.69665721769 12.480717646 -2.84432147196 14.455931402 -2.1912764112 10.6341803567 -0.853624585023 6.35970942332
57 684 0 0 0 -3.38637560338 7.06996380387 -3.88146902113 9.65793288238 4.51991858559 11.0740408378 11.0264415775 3.79067603281 12.3991658141 -2.41795798386 14.4628937986 -2.86656712437 10.3561509251 -1.64138019271 6.40926485831
58 696 0 0 0 -2.99328736902 7.42230489766 -4.25663910018 9.16090208228 4.47574743326 10.6079115118 10.9128315141 3.47251188135 12.1994379746 -3.08506910113 14.1677924497 -3.33491033567 10.0653823549 -0.719859645963 5.97419293283
59 708 0 0 0 -2.56511876867 7.42261681834 -3.56214204626 9.35942743504 4.09143854414 10.4739786879 11.0906528015 3.23935657208 12.7687986592 -2.86399760729 13.8955667647 -3.05619087276 10.4716852948 -0.868252912786 6.39370594145
60 720 0 0 0 -2.5147658636 7.7316275591 -3.35294129351 9.3888566776 4.46767391922 10.3368139544 10.6915518021 3.17896575236 12.9712705378 -2.83324039883 13.6950094479 -3.41898477412 10.2524109851 -0.989618724613 6.70856262202
61 732 0 0 0 -2.4971814856 7.68213651983 -3.04999609037 9.24028728265 4.56607679619 9.96851490535 11.0988121241 3.44478444841 12.7714461009 -2.31718276887 13.3838007964 -3.52578172029 9.75420441435 -0.796526770162 6.62471237817
62 744 0 0 0 -2.04388852002 7.2583026701 -3.16536933799 9.37149109174 4.9464468663 9.95965078889 11.1170820319 2.89274300082 13.0892856965 -2.44563565734 12.9653031971 -3.29523542403 9.86231330835 -0.730713839708 6.77208343927
63 756 0 0 0 -2.48849821745 6.73413867217 -3.09830188352 9.8959007977 5.13120456777 9.89718518033 10.7972734735 3.39025450461 12.8588195078 -2.13951844992 13.1832901717 -3.61544254378 9.76753328199 -0.655773200588 6.42288428368
64 768 0 0 0 -2.30582608133 6.37388481287 -3.52169514733 9.4983485856 5.01815429675 9.31389102273 10.7463723073 3.67743872897 13.0040403803 -2.1186682928 13.2545222003 -3.70968371955 9.7529678905 0.0248882728928 6.3616595786
65 780 0 0 0 -2.15861638796 6.50256913622 -3.34568224704 9.39696128648 5.10349447928 9.27121656587 10.8996972975 3.69246226371 12.8763949321 -1.89217731667 12.5507733371 -3.67141520035 9.67765886359 -0.00151500274369 5.89517576924
66 792 0 0 0 -2.53863463021 5.98356651046 -3.21178800008 10.1002448199 5.37112428727 9.1138882253 10.7256364813 3.62968377069 12.6340274113 -1.64948972763 12.2866674571 -4.0683760897 9.55038304591 -0.133175420206 5.64276783514
67 804 0 0 0 -2.2353451819 6.14952967368 -3.18746030545 9.87012643922 5.30602397439 8.72641574531 10.8587731816 3.55998426739 12.7070367771 -1.64074700424 12.7527635752 -4.12066571432 9.92811176569 0.630736339411 5.56212561972
68 816 0 0 0 -2.19231740573 6.15710166583 -3.24129627698 9.80912092349 5.54172850954 8.80257013606 10.4653855183 3.29283713425 13.0809304414 -1.91130398157 12.696917327 -3.94315909454 10.2537364817 0.393898469597 6.07243231922
69 828 0 0 0 -2.05130840062 6.07863006519 -2.88957412542 9.51855643151 5.19803703408 8.87931895853 10.6915310439 3.47770961366 12.4157237087 -1.92901487789 12.5453869757 -4.29260466439 10.2341282624 -0.0724266080287 5.57176788997
70 840 0 0 0 -2.17762860768 6.46418080349 -2.79937196379 9.58079073783 5.0640279088 9.05205195005 10.7358202978 3.48422198939 12.0709083078 -1.78249383095 12.2062618346 -4.53726103874 9.95433245873 -0.531978520022 5.4470081034
71 852 0 0 0 -2.14454009294 6.5111691294 -2.77709547802 9.76988204108 4.6487071857 8.93807474505 10.5340701495 3.49185306409 12.2041328552 -1.77231752117 12.034454092 -4.65415033825 10.2313135078 -0.786381701444 5.41311978737
72 864 0 0 0 -2.30446478258 6.45053597802 -2.98586653105 10.331871363 4.73237463468 9.12132229693 10.8000174546 3.3579933114 12.372082212 -1.78932730853 11.9747275241 -4.44917746005 10.6340701012 -1.27550588461 5.59928972407
73 876 0 0 0 -2.8771519707 6.14722867895 -2.7782804734 10.4964790979 4.82361669375 9.55754176938 10.8409544725 3.08784407822 12.4376357845 -1.72594374251 11.640744757 -4.30067667887 10.5680876888 -1.43868567822 5.37015290077
74 888 0 0 0 -2.97929492603 6.15875674923 -2.53487034735 10.1631303372 4.9834505948 9.33944845353 11.2531457626 3.63910954053 11.9321423407 -1.83259725852 11.4480642949 -4.71089403767 9.62641942834 -1.10868628179 5.00415346452
75 900 0 0 0 -2.58971936378 5.82703979012 -2.48690557546 10.0941215842 4.70662128371 9.37401210319 11.3097380364 3.98097914174 12.15970348 -1.80421702255 11.4055743237 -4.69067312726 9.3979440007 -1.37413179406 5.35329943224
76 912 0 0 0 -2.78914346215 6.12736860857 -2.55613016639 10.5745308641 4.93562370289 9.15413864613 11.326639316 3.66625694818 11.9696701246 -2.15159314776 11.7413218531 -4.27289107067 9.68810177542 -1.60478410733 5.46056282372
77 924 0 0 0 -2.76364849311 5.72261388402 -2.5099644096 10.6284045835 4.45204084298 9.24192727002 11.5399201288 3.72898334884 11.6497252155 -1.88204300624 11.6284499974 -4.21961062994 10.0064591116 -1.45674766348 5.08247147655
78 936 0 0 0 -2.57712070568 5.66686201227 -2.38149632465 10.6921930322 4.34597975013 8.7696589568 11.7035363671 3.61041933139 11.9280871916 -1.72900877052 11.889425747 -3.83449568331 10.3989221644 -1.47016311503 5.06812842811
79 948 0 0 0 -2.84805505482 5.28721913208 -1.89543712925 11.1004581236 4.30390636374 8.25961317875 11.7108888862 3.42708200805 11.8473535673 -1.55210134671 11.5623067507 -3.93158764601 10.8160174655 -1.62903732618 4.95641814498
80 960 0 0 0 -3.18607854626 4.76088206074 -2.05488678852 11.2376804544 4.57375767808 8.22862833678 11.4850629162 3.46502217507 11.8266894636 -1.59888641654 11.6402838999 -3.95930134231 10.6788640586 -1.877327767 4.8474433475
81 972 0 0 0 -3.03452004987 4.55787773405 -1.99069763212 10.7967838775 4.2597179923 8.06825935173 11.6731841349 3.67307628318 11.284219296 -1.15693867614 11.1971816581 -4.16572979967 10.846040864 -1.71333079228 5.04418643639
82 984 0 0 0 -2.62231584632 4.70313152495 -2.21484982053 10.9118509637 3.82542931722 8.0236506338 11.8773119686 3.53706843109 10.75609784 -1.43051113322 10.9462054885 -3.87750954225 10.8107632663 -1.71503858367 4.68552576227
83 996 0 0 0 -2.76024239314 4.40947977055 -2.32102075685 11.1897431622 3.85672719802 8.70690830601 12.1459319598 3.75896780448 10.2345022617 -1.77891750852 10.9331978346 -3.69011442333 10.7860021245 -2.31941753475 4.74496480896
84 1008 0 0 0 -2.28563307156 3.88303959591 -2.95702619644 10.821435439 4.04329175479 8.00546906591 12.3556807498 4.03310253243 10.1444553223 -1.73173116645 11.3263410256 -3.86795249608 10.8222765559 -2.34828758705 4.59279658813
85 1020 0 0 0 -2.72195592676 4.07269432363 -3.29440603692 11.3402323098 3.9852283396 8.26176229064 12.4979536256 3.7255155514 10.6901087441 -2.02428555335 11.6187929963 -4.12629119992 11.1049369768 -2.94220087334 4.58296657267
86 1032 0 0 0 -2.32921794415 4.1752100224 -3.14802901148 11.3342018738 4.26355523893 7.43407411964 12.1853934453 3.12702257095 11.5555779118 -1.68941635568 11.4644395344 -4.19640119042 11.1897369626 -2.50012039387 4.43129974544
87 1044 0 0 0 -2.46601557199 4.60142630098 -2.94628612802 11.111795386 4.23192190661 7.64221456818 12.1630680406 2.89542589502 11.8133331367 -1.92295935519 11.2372844643 -4.23614845044 11.5316310702 -2.67791982743 4.3978421577
88 1056 0 0 0 -2.52345903378 4.94830109865 -3.54750905311 10.8213589173 4.65002003893 8.158662483 11.7600559222 3.30841453252 11.6774907751 -2.04913154202 11.9211826693 -4.63648410136 11.6605559145 -2.39870256063 3.73212750519
89 1068 0 0 0 -1.99163999626 5.23101165903 -3.83563236163 10.0103107879 4.13542634208 7.77137165822 11.7659245499 3.41680168013 11.2323364727 -2.00418289874 12.1428974548 -4.76514781613 11.4728865228 -2.12066464676 3.88692807419
90 1080 0 0 0 -1.23427470172 5.19828183727 -3.80492443422 9.68084188996 3.8392937553 7.44726102525 11.8607314345 3.8565448567 11.0788412653 -1.69570876554 12.2280060611 -5.08979824889 10.6263585809 -1.76360413509 3.7393512126
91 1092 0 0 0 -1.1475438287 4.64995130946 -3.64285197649 10.1546545987 3.599463461 7.24764938243 12.024939663 3.58155140349 10.9027886743 -1.9375902363 11.715459912 -5.0131430987 10.9581850179 -1.95572216886 3.72854496339
92 1104 0 0 0 -0.793830143275 4.49812780422 -3.52901121985 9.87209550024 4.04785087645 7.48484987507 12.24472506 3.57358212924 9.95681520204 -2.0502371132 11.3686088524 -5.24007554406 10.7136091922 -2.22727804475 3.65324737678
93 1116 0 0 0 -0.580554469377 5.15429960302 -3.89402250901 9.24505022286 3.82297842479 8.44027474931 12.3247317138 3.3184861718 10.262532079 -2.3936121725 11.3001517847 -4.63808918589 10.731956062 -2.43732375227 3.60357633543
94 1128 0 0 0 -0.667191158695 5.3073876713 -3.77981283487 9.15301130512 4.45212236186 8.69447083056 12.2551592118 3.34123785353 10.2054384255 -1.94990047931 11.7012753384 -4.91595064411 10.1443452277 -2.31502765627 3.30576247121
95 1140 0 0 0 -0.630352207067 4.84221389197 -3.65788017397 9.37142181044 4.57951859837 8.31064678204 12.3988664353 3.83588198136 10.1479510945 -1.93694534433 12.3538451803 -5.14602880752 10.0133312968 -2.16239769596 3.30619406986
96 1152 0 0 0 -0.485088512755 4.01541542684 -3.56044166617 9.7323570938 4.92127879246 8.02043644629 12.1026880619 4.08057049805 10.3748471839 -1.94074387177 12.0218720679 -5.26885074638 9.94969918072 -1.9946116039 2.96839010733
97 1164 0 0 0 -0.672687104628 4.14250301471 -3.31786485045 9.63099375771 5.39027496131 8.07731165564 11.7187240084 4.27298015462 10.5712571944 -1.93503516105 11.8093162479 -5.30520604068 9.64932654253 -2.03648423368 2.73391703972
98 1176 0 0 0 -0.338837612887 4.54795846621 -3.30097665954 9.57304987667 4.83202727395 7.66036854285 12.397184259 3.60343487653 10.0368548787 -2.23983495657 11.9459742561 -4.93512305134 9.7603312817 -2.15159747771 2.78699177454
99 1188 0 0 0 -0.356015459991 4.58595563864 -2.91969600408 9.95567274631 4.56355359001 7.9204583433 12.5617681676 3.61997551364 9.99649346882 -2.16000399088 11.6794574821 -4.29410708903 9.81702114662 -2.43304991018 2.84505221868
100 1200 0 0 0 -0.0712115473412 4.32302844802 -2.76674823393 10.1146291896 4.90687118687 7.17564914095 12.4796711557 3.70569420923 9.91808026697 -2.14911539239 11.1880563733 -4.85254459566 9.9894326151 -2.59383722785 2.48040906622
101 1212 0 0 0 -0.432771881698 4.43088012391 -3.05915631844 10.0017502691 4.86367806409 7.34757264223 12.1770790074 3.49909818902 9.78823729305 -2.46091488385 11.6538476873 -4.74236392812 9.77262494608 -2.57261879925 2.23683482231
102 1224 0 0 0 -0.592827381449 4.56575784562 -2.99970551574 9.65899074542 5.15808765177 7.52719929476 11.7553522553 3.61385104711 10.1490565078 -2.48039638356 11.1301292745 -4.64082762452 10.2026887454 -2.27073591975 2.63093835162
103 1236 0 0 0 -0.0661712699126 4.57254176485 -3.20340612385 9.43182683721 4.88530540739 6.9620045236 11.9180072464 3.43531416952 10.0852769414 -2.12572299659 10.5402965251 -4.61609795192 10.8739876447 -2.23450183163 2.52483704092
104 1248 0 0 0 -0.301437240627 4.56192526837 -3.31649830565 9.52914634656 4.73776816813 7.05438114093 11.5695678835 3.5341040715 10.1673905812 -2.05849489807 10.6947660024 -4.46780605037 10.8977053737 -2.2308644266 2.31389338272
105 1260 0 0 0 0.0611252316299 4.35427464974 -2.81085743451 9.29887617355 4.53361408615 6.75088320819 11.3524177956 3.48126731178 10.0918162407 -1.49425761777 10.3650329235 -4.91960972597 10.3639611109 -1.87498494091 2.0618740196
106 1272 0 0 0 -0.113092555235 4.4948083731 -2.33764690535 9.04473310671 4.36125388207 6.68263701582 11.1424612244 3.84692165347 10.1659433298 -1.30950445887 10.2700805702 -4.43990110687 10.1359719833 -2.34332686517 1.90858195871
107 1284 0 0 0 -0.197248084637 4.65116909649 -2.21010046137 9.30414416123 3.91170266094 6.18323303318 10.9762173647 3.64469951015 10.6494082505 -1.1590122791 10.5901317496 -4.38832334646 10.415412694 -2.20030997553 2.10483175513
108 1296 0 0 0 -0.789264123427 4.18233107827 -2.34914076793 9.74098686843 4.09204286834 6.64560320609 10.9458979931 3.89801378156 11.0691900934 -0.935883892087 10.6458800825 -4.24126553503 10.8334840519 -1.76342174788 2.10265033867
109 1308 0 0 0 -1.02775549616 3.86763452485 -2.13086138255 9.83067561097 3.99478095795 6.59598973871 11.1446343344 4.03309614969 10.8236571556 -0.702200262017 10.5947090625 -4.79168577154 10.431848104 -1.93214206827 2.03893623582
110 1320 0 0 0 -0.685827939178 3.89201637191 -2.61804516869 9.5939035444 4.07185769585 6.72170108938 11.4292855611 4.06964832003 10.666707016 -0.859319705719 10.8282267946 -4.59082700085 9.9973134237 -1.85768656453 2.07535385058
111 1332 0 0 0 -1.2077534357 4.25255391323 -2.79376795353 9.64941111876 3.98869799935 6.6678104393 11.0726097079 3.763955022 10.8236261249 -1.08949050072 11.3319570822 -4.7554640313 10.3793265571 -1.9293996117 2.35441743451
112 1344 0 0 0 -1.46633799706 3.95707989023 -2.6095988321 10.1258131678 3.9802825489 7.0983738476 11.2769948675 3.5550794046 10.2086453047 -1.27008357482 10.8037964268 -5.07978911005 9.80547081469 -2.54801342753 2.04440035267
113 1356 0 0 0 -1.70392623713 4.11669987145 -2.78340927668 9.97730317546 4.06452990334 7.58067757833 10.8367083824 3.59033066142 10.5480555069 -1.06195942583 11.3268206523 -5.42279493986 9.79033700654 -2.51811030745 2.08306100022
114 1368 0 0 0 -1.80836902254 4.15330703673 -2.72348788013 9.86075874395 3.93290944561 7.41070879596 10.5438337688 3.43598868168 10.7375008343 -0.912252146303 11.2108198764 -5.20723611752 9.9818208881 -2.59592075948 2.02668668904
115 1380 0 0 0 -2.04759834389 4.0950935015 -2.47612502918 10.2529758079 3.88026452316 7.70416777857 10.4610813898 3.36114800332 11.2095564336 -1.05759904308 10.9568214757 -5.48123767987 10.1474146513 -2.43605574221 2.65815007665
116 1392 0 0 0 -1.9506245934 3.48682638718 -2.33202236772 10.445287362 3.63859575897 7.31017924087 10.5151294484 3.46546304625 11.0448735361 -0.724947594096 11.0423961441 -5.4671394915 10.6650832001 -2.6097619466 2.33878184413
117 1404 0 0 0 -1.97621354438 3.58747453929 -2.3774543417 10.1125069093 3.64575548385 7.76817642516 10.8227829734 3.60821058624 10.9097471723 -0.618457739416 11.0420459854 -5.02678479615 10.9292127101 -2.58036614487 2.14281772506
118 1416 0 0 0 -1.62927954876 3.48636612446 -2.72280399807 9.64500956511 3.38725132305 7.68086255485 11.4403435175 3.51517777836 10.4776409837 -0.544690124774 10.7006741839 -5.04089326871 11.0353821171 -2.11094502592 2.35727804854
119 1428 0 0 0 -1.74436853833 3.7140154593 -2.67303764537 9.76397746523 2.97022984363 7.69357009555 11.4889221325 3.30965492283 10.3170091936 -0.313297038634 10.9455238951 -5.1863288169 11.2155995086 -1.96323927202 2.53615247597
120 1440 0 0 0 -1.40507262493 3.80049197028 -2.64264802554 9.63895969923 2.7996539114 7.54402514629 11.5894469947 3.28061911735 9.97939453011 -0.516259311577 10.6748072371 -5.33000677122 11.3800577963 -2.53152752338 2.47353370546
121 1452 0 0 0 -1.71807337186 4.63806337793 -2.81274157012 9.36329326016 3.02529081718 7.84666095949 11.0518282 2.66286123513 10.2196841452 -0.622318047179 11.1842999972 -5.58697561396 11.3233386518 -2.55137743496 2.8184024474
122 1464 0 0 0 -1.74518964891 4.62098064861 -2.22855249362 9.16106111722 2.96913440267 7.95784129355 10.9681458798 3.06581572522 10.5092168098 -0.495576897969 11.5193032284 -5.33325255382 11.1260096266 -2.49072008914 2.85454240611
123 1476 0 0 0 -0.869984107006 4.72693566271 -2.29863839502 8.86873825946 2.64788668366 7.18647862313 11.3985895996 2.71220658501 10.2923335122 -0.0842303573026 10.8050895177 -5.21591638423 11.2120323863 -2.33480817397 2.74680838671
124 1488 0 0 0 -1.21412784521 4.73063372816 -2.32193559747 9.27460598681 2.65199607948 7.44485494008 11.4855230691 2.79833529076 10.5874287055 -0.178191295045 10.7939594932 -5.30737348818 10.7257897947 -1.86834553002 2.57888511041
125 1500 0 0 0 -1.33549785184 4.81793516311 -2.52411030093 8.96852337122 3.11937082241 7.62741552737 11.0689273746 2.79833047596 11.1151512792 -0.534539701695 11.0542385305 -4.90846479198 10.2458724484 -1.51404580711 2.64048139007
126 1512 0 0 0 -1.45437636629 4.35575243931 -1.95635256207 9.51076421169 3.09112728318 7.79308877429 11.3594466239 2.9304374548 10.7117140876 -0.388077721306 10.4891118178 -4.8834447387 9.84153147839 -1.86936553925 2.39506996771
127 1524 0 0 0 -1.71419637263 4.40980272139 -2.26056537742 9.71655766801 3.16214399502 7.79380525179 11.3548446945 2.75594414589 10.264170192 -0.574983024252 10.8124607965 -4.89399220716 9.60695239037 -2.1510480852 2.3242684431
128 1536 0 0 0 -1.23470695697 4.55453196065 -2.60269453623 9.66475326883 3.08285050561 7.92001817946 11.6538922018 2.71913458625 10.3446392927 -0.849061981765 10.6042878296 -5.05406334803 9.8796319643 -2.14183467091 2.37629552016
129 1548 0 0 0 -1.78494841217 4.8856826659 -2.99344074855 9.65869260855 2.89404491804 8.38162164833 11.8038968399 2.29809431651 10.9439221214 -0.941467090192 11.5547550041 -4.67728645588 10.2378863264 -2.05737370161 2.58755241742
130 1560 0 0 0 -1.60533801377 4.2298702445 -2.4612912669 9.72716382341 3.19323757596 8.21495928401 11.7333293676 2.75338509781 10.6720247074 -0.924036398589 11.2553868588 -4.53031882557 9.95235660238 -2.48153298185 2.51897598095
131 1572 0 0 0 -1.43684940834 4.23238059038 -2.50217669027 9.84477080171 2.87677566808 8.33592666372 11.8986166718 2.7366157793 10.2965062631 -0.982295802953 11.5249243219 -4.57150479695 9.93291190775 -2.65909755917 2.31983732993
132 1584 0 0 0 -1.27636220234 3.86943326061 -2.52023293999 9.85191903987 3.08023457626 8.08691784732 11.8841306161 2.9008461956 10.0616368381 -1.01137906031 11.4682164097 -4.48824323472 9.92497917896 -2.73471173902 2.21707468601
133 1596 0 0 0 -1.16124805551 3.79080025031 -2.43691860702 9.84460978215 3.09393354919 7.59026838655 11.6497383217 2.78187981581 10.3485048693 -0.76631893531 11.6258759546 -4.39709940226 10.3340810378 -2.21610871468 2.65407351628
134 1608 0 0 0 -1.04287487148 3.9792623708 -2.84685232078 9.86273357158 3.20135610083 7.58333749542 11.8600046378 2.72951971178 10.5088501511 -0.979175723694 11.9055151339 -4.06256780849 10.8483619542 -2.15497467713 2.45497450632
135 1620 0 0 0 -1.39487022931 3.65954343995 -2.33948420098 10.2060546016 3.3780476281 7.83998930684 11.7106991336 2.94141309958 10.1690880985 -0.964545306275 11.3825243147 -4.5844533168 10.4661205506 -2.43661938418 2.14389434423
136 1632 0 0 0 -1.3152443971 3.63464548807 -2.4229951979 10.5633194053 3.5977883355 7.77766189539 12.0362358113 2.9891846435 10.2935545268 -1.10391996089 11.5070546863 -4.60511511931 10.2887076413 -2.63573649626 2.32757572277
137 1644 0 0 0 -0.994800121579 3.70889495025 -2.53256835891 10.3419961268 3.57633316141 7.33902897071 12.1474920526 2.95412126269 10.4925120757 -1.19928375945 11.7291758722 -4.32365672541 10.7457022947 -2.58926901057 2.57122050667
138 1656 0 0 0 -1.00548617688 3.79494186511 -2.33312159072 10.3008619792 3.84271313014 7.44467172545 11.7672649315 2.97728829479 10.7897996854 -1.11866480358 11.7532285006 -4.63930557432 10.4671060413 -2.2802870567 2.64143275904
139 1668 0 0 0 -0.963944208673 3.54461313284 -2.4022483517 10.0476663512 3.68343949476 7.34149082643 12.0238482343 3.1834614966 10.7905932094 -0.984456937417 11.6798914924 -4.62361734519 10.4288250754 -1.92261079494 2.48795146735
140 1680 0 0 0 -0.876831044775 3.33173058184 -2.47520391076 10.2186718948 3.5271916259 7.34580331683 12.3578638175 3.1979626176 10.5169256441 -0.680647393494 11.7184742549 -4.58609926438 10.5591408202 -1.87970091225 2.42059469745
141 1692 0 0 0 -0.971498122387 3.14816443889 -2.39151539153 10.4076083224 3.26291740641 7.47966963311 12.4015252383 3.26526507556 10.2315138695 -0.60242717302 11.5540917348 -4.46307726044 10.2895959996 -2.22337288745 2.23466745652
142 1704 0 0 0 -1.0269920761 3.36559085326 -2.69394733253 10.197051747 3.3740403784 7.6562330301 12.1519198698 3.29608991355 10.4078168733 -0.692346381407 11.9013708619 -4.53789945038 10.6560921862 -2.35863281726 2.05586309383
143 1716 0 0 0 -0.977329333715 3.43140515284 -2.67154471231 10.5357915092 3.39481401611 7.78454807238 12.3308755402 3.27590889481 10.2662165619 -0.785946531113 11.902214971 -4.48075477409 10.6165917468 -2.70844962961 1.97925264753
144 1728 0 0 0 -0.838795016456 3.65182872248 -2.87923337867 10.4704075552 3.30149060199 7.89443527236 12.4796726107 3.12828843018 10.4940906408 -0.771094412134 12.1329236966 -4.46516427933 10.4315078154 -2.71458906275 1.97661562132
145 1740 0 0 0 -0.88882485811 3.58794555166 -3.04008459707 10.413070579 3.35540638724 7.96041361457 12.4726237083 3.37871772735 10.5448605321 -0.859299320575 12.2934018168 -4.40208625866 10.2220237018 -3.00061038513 1.8272587543
146 1752 0 0 0 -0.746121765123 3.73402497417 -3.16475758712 10.1646543216 2.98322224565 8.02238976233 12.6425350944 3.53694218249 10.6679150675 -0.824467567781 12.393213079 -4.18345745152 10.4052132003 -2.68639992777 1.8906843691
147 1764 0 0 0 -0.537476516163 3.5692945629 -3.33505109837 9.88544628243 2.70503519737 7.8515650927 12.7476988311 3.51840761949 10.5299558167 -0.448496341153 12.3568550522 -4.0533725051 10.5659134042 -2.50096902896 1.8454635435
148 1776 0 0 0 -0.751289758035 3.19889022036 -3.22482048018 9.97702332711 2.80800355092 7.8402052688 12.6964962443 3.38473356654 10.444911543 -0.462823162416 12.3521817616 -4.08237050243 10.6659493624 -2.6380046122 2.00684280674
149 1788 0 0 0 -0.574116222366 3.26343632468 -3.08956300789 10.002195755 2.88225699862 7.87240210687 12.882052594 3.48333418607 10.404197231 -0.643610315479 12.2639838459 -4.11672506249 10.8155658498 -2.90613815511 1.73514458858
150 1800 0 0 0 -0.686716159205 3.40068428437 -3.06635364312 10.1952405279 2.67664521088 8.11436008835 13.0456716023 3.59610207745 10.495460984 -0.521453046662 12.0448467763 -4.00141177808 10.541874127 -3.0749805583 1.58555381327
151 1812 0 0 0 -0.569843063587 3.44588861462 -2.97168015152 10.171542013 2.51714307624 8.07256555392 13.1476664675 3.49825181337 10.3625556064 -0.384844752045 11.5847792534 -4.01340483608 10.7538947977 -2.76078799917 1.45521739902
152 1824 0 0 0 -0.981585883934 3.47418065612 -2.78855773234 10.2623062514 2.72732221073 8.19729617077 13.1236979279 3.45996525031 10.16451734 -0.528832659527 11.691105605 -4.18541370278 10.3802696538 -2.77156020574 1.65649884263
153 1836 0 0 0 -1.04699938664 3.59399284755 -2.75846568435 10.334506003 2.71972162321 8.01389199067 12.9197698061 3.32051355404 10.2175458992 -0.430642477333 11.4891370522 -4.27501862456 10.606218356 -2.69772372488 1.66495156574
154 1848 0 0 0 -0.709185727754 3.60299889315 -3.09357934149 10.3462855709 2.54512953852 7.73287760783 13.1107435227 3.35122809358 10.0020866181 -0.339915617587 11.3937797349 -4.36642801669 10.6352368396 -2.56337689263 1.49893758366
155 1860 0 0 0 -0.726057214727 4.02394432919 -3.09377646726 10.2398706644 2.60524125724 8.15063948033 12.9165343467 3.30201884378 10.1553383911 -0.409060710011 11.80428038 -4.14111463895 10.4803643705 -2.59631190913 1.69018797671
156 1872 0 0 0 -0.700495512417 4.21156206354 -2.88677700947 10.1935368519 2.62783385996 8.39896709436 12.9019916401 3.29967181479 10.11551966 -0.336659584138 11.9655988462 -3.93763645137 10.4136743082 -2.74796798288 1.67195280568
157 1884 0 0 0 -0.731641597548 4.36143775336 -3.00900380821 10.09554034 2.58539491676 8.29690501176 12.9599770023 3.14302488831 9.99423854911 -0.451757836525 11.8149130428 -3.70342734499 10.4762480375 -2.68335857373 1.81845369932
158 1896 0 0 0 -0.714888915353 4.39507626716 -2.94643186082 10.0914987952 2.55695648228 8.22434150227 12.5819396736 3.17753437208 10.2239089333 -0.560903255759 11.8570291665 -3.79794424893 10.3344771083 -2.35384826237 2.13418742244
159 1908 0 0 0 -0.608477523216 4.19321741577 -2.90064499048 10.2669586644 2.43981517629 8.11523580334 12.4771853523 3.29648499631 10.1377280798 -0.548338258804 11.6722903111 -3.9947866581 10.0224266423 -2.41721596918 2.07046101634
160 1920 0 0 0 -0.999243229382 4.11436215879 -2.97602963808 10.5040704414 2.63126664829 7.84928622732 12.4706088671 3.16183751558 10.166648532 -0.496871546772 11.5761014787 -4.33976255599 10.5471053658 -2.5834336562 2.0904113918
161 1932 0 0 0 -0.745148836046 4.19763100516 -3.14939290184 10.3028681301 2.68003352413 7.87833488701 12.6336401931 3.19941156771 10.0696414329 -0.723393243321 11.6398925743 -4.3344122705 10.3468179052 -2.4269841874 2.04984749206
162 1944 0 0 0 -0.934583654339 4.36768226876 -3.11280908621 10.2569099704 2.93117262257 7.72014869831 12.4861133655 3.00479230277 10.223887265 -0.715187637104 11.7399547335 -4.66674766304 10.0310658944 -2.30292966692 2.23578115638
163 1956 0 0 0 -0.766292458382 4.30280562528 -3.36475568179 10.0557192809 2.9512322077 7.88828176072 12.4787666727 3.23182020622 10.2499055752 -0.637093846955 12.0857752869 -4.41701099363 9.95048263454 -2.15412793231 2.17455592114
164 1968 0 0 0 -0.698464076637 4.2072875645 -3.39309084683 10.0638474364 2.83344194806 7.82631717204 12.7222846815 3.15158976066 10.4589520634 -0.610872102676 11.9614262893 -4.33971804262 10.0953553582 -2.12482171667 2.19841416129
165 1980 0 0 0 -0.607528414923 4.34275480238 -3.39724508471 10.1265632819 2.76832233765 7.88973685614 12.4859895296 3.14513391768 10.5630570711 -0.664845445736 11.9347408923 -4.27924095132 10.1971461171 -2.20291933449 2.40580667721
166 1992 0 0 0 -0.604554187855 4.52819011827 -3.55776126062 10.2473413659 2.74828289982 8.0451394864 12.5438782826 3.03052846991 10.7057037152 -0.764041722083 12.1889144587 -4.13686408347 10.155791521 -2.11465207352 2.52834516992
167 2004 0 0 0 -0.63233020258 4.66247618245 -3.49224738258 10.0025802759 2.72620020759 8.58109400376 12.5090579617 3.39589930006 10.7088274992 -0.669781570164 12.5115168777 -3.89761319454 10.2211973949 -2.10968833848 2.51061577379
168 2016 0 0 0 -0.853683363783 4.50439487519 -3.07821479631 9.95578253341 2.86345612244 8.66315415676 12.0252629024 3.43759898605 10.6888081374 -0.694769157879 12.5845210857 -4.07478188427 10.1564703176 -2.03186501264 2.65041124316
169 2028 0 0 0 -1.05296709566 4.21158004643 -3.03932404516 10.0651391096 2.85322961026 8.95958490575 12.281878755 3.67608840658 10.6515728208 -0.748604808905 12.7633028522 -3.91049736879 10.0338524352 -1.96451243133 2.67674138888
170 2040 0 0 0 -1.08421463488 4.02675110083 -2.95861407238 9.97031156747 2.96110035906 9.00705852827 12.1162479607 3.98210801402 10.6956637627 -0.615605887098 12.8185978232 -3.93434306009 9.93547665848 -1.75609094275 2.61106658871
171 2052 0 0 0 -1.14822569378 3.77660263756 -2.72774325224 9.85000680917 3.10738828816 9.12798307586 11.8595097634 4.13332467068 10.7644305901 -0.49715342314 12.9421161444 -4.21205249924 10.0700605098 -1.59442378297 2.68243330096
172 2064 0 0 0 -1.33419404613 3.82691392336 -2.83438431671 9.94472578483 3.13718936219 9.27485154718 12.0360026376 4.10610277187 10.694938882 -0.343273482442 12.8971463794 -4.09441620229 10.0206440153 -1.63800982222 2.66649832203
173 2076 0 0 0 -1.42121541987 3.44397005161 -2.89274744779 10.0547885602 3.0133152642 8.91319158877 11.9461788953 4.13935357964 10.4029515026 -0.215159606257 12.5741664415 -4.36020976965 10.3781818131 -1.65011417899 2.53021110366
174 2088 0 0 0 -1.34634373541 3.5320425123 -3.14248767858 10.2601347928 3.01526938666 8.69728692152 12.092288254 3.92097498792 10.5461222352 -0.459975743565 12.572911658 -4.28689703924 10.5746934887 -1.89440714953 2.44883170911
175 2100 0 0 0 -1.08086201847 3.67719520699 -3.25116984322 10.1625439892 3.10350104964 8.58572628955 12.2623039084 3.4053057823 10.6817787275 -0.525883245123 12.2324522691 -4.35143871707 10.6938400016 -1.90813205054 2.45615066524
176 2112 0 0 0 -0.933276841274 4.03411173476 -3.52415766296 10.3136870195 2.969688121 8.85342309502 12.7027934668 3.40975626681 10.7231413487 -0.812110168503 12.3642241421 -4.17743801384 10.6580734656 -2.18742626261 2.41893821017
177 2124 0 0 0 -0.798994577389 4.11509860128 -3.33042090231 10.4634795634 2.74521278795 8.82248802758 12.9268239773 3.26013340036 10.6818494318 -0.750208432519 12.2659143224 -3.94316923096 10.6230474126 -2.47136661468 2.37875142503
178 2136 0 0 0 -0.583768639547 4.32246934483 -3.62011909111 10.3346097414 2.8157524676 8.69399832361 13.4867696064 3.19139273819 10.4999574627 -0.965711167678 12.2448551762 -3.8475072739 10.2754085501 -2.56962693778 2.19247486823
179 2148 0 0 0 -0.526058445694 4.41099117125 -3.85601164238 10.4005642726 2.69625160504 8.47001304832 14.1558869069 3.24125886135 10.3055866253 -1.01071960767 12.0858334484 -3.75716498715 9.84696349222 -2.39282066203 2.03274949211
180 2160 0 0 0 -0.527487313003 4.34978172067 -4.04699737524 10.0224006255 2.624759648 8.63172321294 14.0842309271 3.26321131904 9.79433355832 -1.15863319833 12.3830600969 -3.60960136442 9.78108445632 -2.13620032922 2.0499322678
181 2172 0 0 0 -0.747569019075 4.00939841467 -3.8200365392 10.2084007601 2.82868470626 8.51398205027 13.6019308065 3.58966408842 9.84394410947 -1.3378806467 12.5930165335 -3.64479085102 9.67833720304 -2.15788495992 2.22028547855
182 2184 0 0 0 -0.563541605507 3.77464295107 -3.5418505387 9.89676979625 3.06747376577 8.62442286329 13.2488697669 3.87883524532 9.68238734451 -1.10968284205 12.7705486273 -3.71447592806 9.61624110017 -1.82925316501 2.05849624117
183 2196 0 0 0 -0.796613335793 3.6163850063 -3.58387526755 9.72604193159 2.79693076367 8.72603025676 13.0025350762 3.99940310308 9.77974167644 -0.860892748258 12.960764431 -3.70424170634 9.74106629396 -1.86675719458 2.26788121159
184 2208 0 0 0 -0.747645675784 3.80419205742 -3.50865618901 9.54569996541 2.81548227145 8.70103029227 13.1835135078 3.90603450874 9.74838479983 -0.912155290528 12.9081078877 -3.68696273314 9.53801791113 -1.95776581107 2.19805382502
185 2220 0 0 0 -0.609455503698 3.79850581641 -3.52199918561 9.59487090818 2.70040905672 8.50530610014 12.8105537566 3.94851252832 9.78140120636 -0.649513088236 12.9494759625 -3.73191522552 10.0518989549 -1.84633575808 2.25357838793
186 2232 0 0 0 -0.611477629965 3.99036369049 -3.45908697001 9.50110601963 2.66330096724 8.39538884978 12.5797604543 3.79281751049 9.81604940013 -0.673729595383 12.6762103239 -3.79855046922 10.0386861432 -1.66401551339 2.19415829912
187 2244 0 0 0 -0.461916173769 3.96601689237 -3.62769432254 9.48854558739 2.70802063794 7.89621138025 12.5757111518 3.56596323796 9.84742701239 -0.78083408787 12.7674497019 -3.84967279569 10.2249079497 -1.69273825011 2.38767918515
188 2256 0 0 0 -0.715060505928 3.71330817774 -3.55111691784 9.55308401355 2.64433692046 7.85280561449 12.7544834641 3.47552907796 9.81084627338 -0.890681424246 12.5543952298 -3.83096337426 10.1992834352 -1.55907387121 2.46348893024
189 2268 0 0 0 -0.772573210391 3.71151610875 -3.80478139432 9.62046743798 2.70649108837 7.79904240726 12.8750728503 3.49851856293 9.92197724569 -0.885054008986 12.8694795232 -3.89558473898 10.3369264119 -1.50650563402 2.41069000876
190 2280 0 0 0 -1.24926489741 3.8059958174 -3.61160300336 9.65926782404 2.63005980803 8.49399342637 12.8401929946 3.68938773886 9.85217707513 -0.84054786638 13.183766215 -3.67006552445 9.89317830055 -1.67271546891 2.63675957724
191 2292 0 0 0 -1.50201438746 3.8116753979 -3.31964420157 9.65081460564 2.52728988727 8.43964499436 12.5881766112 3.65476950167 9.98799322515 -0.748654329257 13.0661859067 -3.70043154117 9.66650652113 -1.47842627506 2.76763772924
192 2304 0 0 0 -1.34733904581 3.83284940493 -3.23196820215 9.77888365694 2.67905250171 8.34782062863 12.6057021664 3.70329266612 9.83919426928 -0.890388335544 12.9141953933 -3.96232338436 9.51992856731 -1.58138071602 2.82822751112
193 2316 0 0 0 -1.23685360529 3.99348586506 -3.37824216047 9.65238884172 2.78710090675 8.26392215049 12.3193578285 3.68271411208 10.1210049559 -0.873160221698 12.6911485825 -4.1278684196 9.78739978308 -1.60141519575 2.83094518775
194 2328 0 0 0 -1.17436174033 4.10999876555 -3.52570499571 9.64063659825 2.58358845241 8.35561297396 12.5005549119 3.57575145988 10.076699743 -0.883736371665 12.526960522 -4.05074601323 9.91683254767 -1.53530501021 2.89695904571
195 2340 0 0 0 -1.11046526355 4.07531411068 -3.86814131994 9.65441344135 2.61935815822 8.51979663246 13.0139059822 3.60517845078 10.215360598 -0.87102679206 12.5657380501 -4.02083233083 10.144259975 -1.62388477279 2.81793576062
196 2352 0 0 0 -1.07646712015 4.0792409502 -3.85639671983 9.5170244755 2.5793203088 8.60498762336 13.067481838 3.56196382955 10.2530246805 -0.833562321518 12.7639163452 -3.86068639168 10.1927976979 -1.48900217822 2.93700259151
197 2364 0 0 0 -1.18143622663 4.24644908885 -3.73903727139 9.71941862684 2.70895817597 9.29172082161 12.9301849043 3.6975304751 10.4252263754 -1.10261880667 12.900418402 -3.69432651446 10.1736616564 -1.9087378477 2.96511983205
198 2376 0 0 0 -1.03136010188 4.22933968352 -4.01394298349 9.88676557643 2.59625771415 9.01518924754 13.3710963599 3.47946250565 10.4861393196 -1.1673362721 12.6666474525 -3.47981387652 10.442374877 -1.89213907181 2.93591328806
199 2388 0 0 0 -1.2239767186 4.08854954559 -4.24792075731 9.98134902974 2.66356912678 8.94850060471 13.4852440947 3.36423667381 10.4051788489 -1.12214324754 12.6588707492 -3.59132843323 10.4200051023 -2.06240129034 3.02378480869
200 2400 0 0 0 -1.39457831297 4.24483280367 -4.031363997 10.2155650592 2.84604340464 8.64472088933 13.2882095907 3.28061525576 10.4334709978 -1.10853272498 12.2940632632 -3.84692214495 10.3961047339 -1.9250287649 3.1449858712
201 2412 0 0 0 -1.19525621264 4.25455298082 -4.00122287269 10.132149615 2.58258309659 8.59072262341 13.4464240019 3.3840080251 10.0036188514 -1.07295991164 12.30633625 -3.83898314678 10.135404619 -1.89502851115 2.76503395746
202 2424 0 0 0 -1.0628777868 4.71629503785 -3.9889346531 9.92104548189 2.41437610148 8.82033788408 13.4771574189 3.34483021199 9.77742139556 -0.861195972449 12.0914497265 -3.80991833565 10.1140154431 -2.14645145711 2.66249049399
203 2436 0 0 0 -1.03775579981 5.15242380393 -4.03500184138 9.88123761955 2.22443865199 8.67261045038 13.5809211933 3.06348383264 9.82089671711 -0.88850410696 12.0305446201 -3.90149520944 10.2137244488 -2.42328069375 2.65915113042
204 2448 0 0 0 -1.44747337078 4.94299849511 -3.97064536119 9.72483813321 2.19682532354 8.96987568711 13.3022726239 3.4072381538 9.71425963188 -0.75843054759 12.3960129836 -3.99708741125 10.5095466404 -2.06978308876 2.68784408657
205 2460 0 0 0 -1.32322566279 4.71046766069 -4.0158364477 9.81837384798 2.24128518722 8.69013997784 13.2296511354 3.49287987486 9.95308751359 -0.732128968344 12.6012642153 -3.82598957157 10.7974676927 -1.64284133415 2.74091011673
206 2472 0 0 0 -1.27377566829 4.8782666366 -3.90333605464 9.55685195067 2.21834474599 8.73057201315 13.1446562205 3.5271949753 9.8910985572 -0.758145092427 12.8420176125 -4.00938226033 10.5362835988 -1.65605775438 2.67343223314
207 2484 0 0 0 -1.26891679541 4.63567449717 -3.90576126312 9.46598728797 2.26083438076 8.51396266633 12.9978962231 3.66227646978 10.139405128 -0.721124954953 13.0132873259 -4.03407813202 10.7754578683 -1.31496478972 2.87604467537
208 2496 0 0 0 -1.53588373869 4.70194700355 -3.86114169916 9.37439399001 2.36517685592 8.72228663843 12.6863340963 3.67831762146 10.2273231698 -0.554118506527 12.9807436183 -3.82837797491 10.9176665904 -1.26781770481 3.04913197263
209 2508 0 0 0 -1.33313752357 4.71210082935 -3.64902983756 9.17184487466 2.48090934505 8.40522613184 12.5080096619 3.58669488265 10.0522307945 -0.574103660901 12.8477236433 -3.87055238703 10.753076348 -1.01441522295 3.22149955163
210 2520 0 0 0 -1.58521332058 4.54174783442 -3.70320168439 9.26853858384 2.35424790474 8.58669325103 12.3183477858 3.5474325722 10.2388640613 -0.439316557376 13.1913918741 -3.74300224167 11.0713392404 -0.841303130563 3.33981788141
211 2532 0 0 0 -1.55947100095 4.46585209902 -3.92078109963 9.33247446709 2.17100001845 8.46827970381 12.5679047221 3.45958139064 9.94311948934 -0.520790978548 13.1669243528 -3.77910039361 11.2934523054 -1.06159740288 3.07198407819
212 2544 0 0 0 -1.48177674993 4.21020338511 -3.98628680248 9.37133165484 2.41291032342 8.16508047769 12.6886326543 3.40569589495 10.1108909255 -0.551938289476 12.7633503492 -4.01849015603 10.9898933345 -0.995397566191 3.21552763343
213 2556 0 0 0 -1.68169947896 4.0805272953 -3.73371955383 9.22059603084 2.53586503817 8.17588640528 12.3522752326 3.40870325994 10.0081877585 -0.363255522751 12.6442103751 -4.13489201733 10.385551122 -0.844388065835 3.3475414542
214 2568 0 0 0 -1.75092533447 3.94346289676 -3.56391028443 9.12522239436 2.91587679751 8.47537046697 11.9425734997 3.59558140691 10.0860955996 -0.431946125275 12.7940587174 -4.1658546034 10.0803962517 -0.696769990248 3.53668515804
215 2580 0 0 0 -1.78452633779 3.73797571591 -3.50254479038 9.08029206369 2.88472872018 8.75187470694 11.811415882 3.92932299012 10.0264464041 -0.421589727936 12.9244708571 -4.07282346621 10.0597072389 -0.941645458203 3.47950827155
216 2592 0 0 0 -1.946615382 3.74356627027 -3.51680790815 8.76727492842 2.84039509768 8.73905228157 11.4448455644 3.86703935131 10.0116457928 -0.313449918975 13.000761918 -4.21640878358 9.88123136478 -0.533857053127 3.52051300396
217 2604 0 0 0 -1.90404788806 3.70785342262 -3.51472221716 8.52019027283 2.68134197779 8.85252822632 11.4366441945 3.81561925634 9.78736224446 -0.383208950627 12.9393115949 -4.17153103382 9.52486718465 -0.377007587369 3.53295693695
218 2616 0 0 0 -2.00572807153 3.48977812917 -3.44862460038 8.62572329218 2.69722527757 9.07966815003 11.5951850763 4.07117670931 9.6084570568 -0.15999200235 13.0305522864 -4.27974740631 9.53913453382 -0.448212162439 3.45207496939
219 2628 0 0 0 -1.85474169268 3.47770254574 -3.43418857081 8.11837610691 2.72244486393 9.17489947217 11.6076862493 4.1912665807 9.46749871184 -0.00189469976462 13.2573472958 -4.23282999806 9.90122811295 -0.212894537972 3.41615051001
220 2640 0 0 0 -1.51853599837 3.73156773288 -3.60850177759 8.31407742307 2.69580065541 8.92087414205 11.5439012405 3.96147146635 9.89360303958 -0.0187144487392 13.4041253234 -4.15317326359 10.5449419335 -0.25982268503 3.62371412026
221 2652 0 0 0 -1.63291066278 3.9649287088 -3.25914064339 8.62000097168 2.56934677834 9.21031681626 11.5963909306 3.73971057622 10.2411904999 -0.0325827352022 12.9584603932 -4.14209998457 10.7441315296 -0.301355361988 3.8872922504
222 2664 0 0 0 -1.74954169666 4.04851838192 -3.03771162056 8.88608099757 2.3187832543 9.37651850198 11.677305833 3.7179030462 10.4325124081 0.154167779171 13.1510199576 -3.8324557689 11.1647172546 -0.453532136896 3.93025451979
223 2676 0 0 0 -1.79902347102 4.49764253618 -3.27411217696 9.13489767969 2.32278844465 9.56337887649 11.801439857 3.41247130572 10.7054942584 0.130325010594 13.0090092201 -3.959087278 11.5356490481 -0.402264320868 3.97633917245
224 2688 0 0 0 -1.98872163562 3.86140320588 -3.20188197617 9.10108318162 2.27829992432 9.96988735026 11.6765956973 3.73209791852 10.5289309879 0.275456017993 13.3455479279 -3.82731067454 11.181691527 -0.440972085959 3.98803542244
225 2700 0 0 0 -1.93015308181 4.18629849763 -3.07017798792 8.6338836147 2.37000861145 9.82328087477 11.2728973825 3.57059305074 10.3989320222 0.35846788176 13.3707373997 -4.03798090029 10.7986772749 -0.103241470792 4.15600401418
226 2712 0 0 0 -1.57992657598 4.22058367847 -3.1870900073 8.76136712201 2.42065584921 9.48930658531 11.524910449 3.41000148583 10.1149210783 0.240768917924 13.4152100322 -4.05927592963 10.4202507639 -0.217194285424 3.91923794428
227 2724 0 0 0 -1.70741993247 4.24514852423 -3.37749583 8.92218283467 2.52033874895 9.29269082161 11.7534283582 3.36202044326 10.2209610888 0.127557952604 13.5221916607 -3.85260713158 10.6161082234 -0.285464218788 4.26572821033
228 2736 0 0 0 -1.8873866415 4.19857552378 -3.53428094839 9.06382300236 2.5084416842 8.90020736535 11.4945426839 3.4836024329 10.4746896851 0.211536844546 13.7648946872 -3.93073554547 11.1960626979 -0.30088141712 4.2823278967
229 2748 0 0 0 -1.81390790362 4.35290604032 -3.87130441736 9.26020913094 2.43862567462 8.82776584996 11.9648580235 3.44566515537 10.7627580029 0.192769532003 13.8337034262 -3.9550606095 11.4879959006 -0.552318596571 4.2014699582
230 2760 0 0 0 -2.18122921021 4.29727776299 -3.51868407844 9.59020547485 2.44289689955 8.65418320303 11.719347613 3.42821583969 10.9641294223 0.406242508802 14.0266261161 -3.99340146455 11.7939898124 -0.502309734096 4.30084541603
231 2772 0 0 0 -2.17811119196 3.95947037524 -3.11059246628 9.51893875284 2.62278096504 8.84207406746 11.2141143746 3.64072736789 10.8547966163 0.600329267098 13.9558063028 -4.16737260898 11.5002565617 -0.706440801761 4.40022267952
232 2784 0 0 0 -2.24592011172 4.15937608156 -3.29860512245 9.75746903717 2.69546488355 8.37011102402 11.2728495148 3.26110491384 10.9346549366 0.374315831285 13.7059345136 -4.43326454498 11.7580748784 -0.994206456475 4.51952768678
233 2796 0 0 0 -2.22433479967 4.20941400082 -3.64693306752 9.52687326996 2.69825083891 8.75971418849 11.296094755 3.34304141245 11.1067356276 0.341689304804 14.2055249517 -4.2852365816 12.0192794261 -0.803548671719 4.3848038053
234 2808 0 0 0 -2.32586723911 4.16144398244 -3.31417143448 9.37086361585 2.53443502399 8.90307341739 11.1865033472 3.2274349256 11.2168818575 0.568935724909 13.7985603387 -4.33220405562 11.9894779343 -0.497354963643 4.86863586478
235 2820 0 0 0 -2.48094239947 4.21740644656 -3.20900641578 9.35261112395 2.5633932708 9.01879499865 10.9146449132 3.30337870285 10.8846762149 0.625380290602 13.7142590449 -4.68326138023 12.1012474068 -0.458927418038 4.79021431294
236 2832 0 0 0 -2.3168071523 4.29423854706 -3.46355992167 9.50100367531 2.34739055398 8.70192363351 11.2164911768 3.16541478224 10.8281365984 0.473201234268 13.6737492483 -4.50665142461 12.5581535045 -0.504158631041 4.72836593255
237 2844 0 0 0 -2.12869638174 4.29904454077 -3.49988235134 9.4843556268 2.40134898658 8.63254985183 11.5371918523 3.07264447708 10.515253701 0.240504750356 13.1812488952 -4.65473838727 12.4416129042 -0.527317391995 4.39279983247
238 2856 0 0 0 -2.17265751391 4.29195393101 -3.50315777263 9.75829294337 2.4546136048 8.73742682193 11.7540499021 3.06598681569 10.3343731245 0.270574935369 12.9400714288 -4.87824463093 12.0368349602 -0.730753960441 4.23849382581
239 2868 0 0 0 -2.11588277907 4.22208002821 -3.44565614958 9.96504468387 2.58948247158 8.5164129608 11.5406709263 3.18912910439 10.3165686511 0.328556465234 13.0250487713 -4.88164317344 11.9273948419 -0.704985329854 4.19411902575
240 2880 0 0 0 -1.9091338343 4.37479543935 -3.48254288962 9.76353682929 2.53241534258 8.76475850708 11.6469335193 3.21341268677 10.2438631219 0.2891496335 13.1553012157 -4.61696763429 11.7928418816 -0.634008298616 4.06215779458
241 2892 0 0 0 -2.04789051313 4.21340116995 -3.46360013223 9.80754566511 2.56969971209 8.66735760719 11.6715953111 3.19490990585 10.0981882796 0.18362818255 12.916175744 -4.81911896822 11.5145701513 -0.904972971474 3.91937419293
242 2904 0 0 0 -2.12642836027 4.46651776312 -3.40165266078 9.86619120206 2.52677604431 8.65742005445 11.4870010498 3.10448921148 10.2471521378 0.390766313704 12.9453082313 -4.88298103616 11.5853557964 -0.893674854773 4.08841273475
243 2916 0 0 0 -2.14815280295 4.17624392256 -3.35225896645 9.8580786912 2.48967955353 8.55354704698 11.6564498467 3.15313056393 10.1541993854 0.411325249457 12.7083548707 -4.80842134122 11.2440239349 -0.633576199325 3.92601852594
244 2928 0 0 0 -2.20106228995 3.85876364151 -3.24925936802 9.72986458781 2.45768386338 8.4081265601 11.7291305723 3.26060660433 10.1043539515 0.623513488655 12.771770956 -4.79466982058 11.1232656655 -0.339915311757 4.18504301417
245 2940 0 0 0 -2.14153129619 3.62703695317 -3.25414729187 9.78248070485 2.51636264974 8.50092241568 12.0016145023 3.37308211273 10.0498739511 0.500556136027 12.6885147052 -4.68794228542 11.0448320903 -0.262468390322 4.17377341642
246 2952 0 0 0 -2.25892245549 3.64889166405 -3.24727093474 9.49860649498 2.37821569778 8.60733427704 12.0776305808 3.43056365736 9.94719096537 0.361517728484 12.816890815 -4.64422782569 10.7147097145 -0.200524902513 4.1170709619
247 2964 0 0 0 -2.32699871171 3.81046563864 -3.45566771146 9.22706235302 2.54210479657 8.74377919187 12.0039155014 3.36611420887 10.1354827618 0.103693311218 12.9814016386 -4.44059474979 10.8125950198 -0.124781959993 4.24112478226
248 2976 0 0 0 -2.27484002034 3.74036506579 -3.5401704189 9.06070967384 2.58370267141 8.73080454569 12.2664465893 3.35219240739 10.0773061911 0.0154114880479 12.7086989748 -4.39383510197 10.6729976637 0.174307672085 4.38643017366
249 2988 0 0 0 -2.36969696843 3.66256939791 -3.45529901393 9.0429939146 2.65051212298 8.4381338769 12.1471287454 3.3320006705 10.0409021425 -0.0132068090087 12.6262637249 -4.44259697978 10.2780946965 0.252475501396 4.42424646454
250 3000 0 0 0 -2.35611880113 3.83275238698 -3.69340357152 9.10959005458 2.46385282226 8.7488113642 12.3897828755 3.34825832761 9.71384155159 0.0108670444409 12.5828146455 -4.42947178906 10.0084496907 0.157873956541 4.1467025983
251 3012 0 0 0 -2.28959223576 3.75000409393 -3.7149731841 9.23418033669 2.3272984557 8.65497606708 12.2707873903 3.31697865839 9.82809337318 -0.0783114390887 12.3544623076 -4.51435648948 10.4083930543 -0.0490786093904 4.14920945504
252 3024 0 0 0 -2.46710485536 3.52197890713 -3.3799449242 9.26287204998 2.58223002789 9.05570418785 11.8946144639 3.5327458941 9.77456992702 -0.147139344717 12.2658333403 -4.65789965605 10.2678026908 -0.143278297935 4.07561372751
253 3036 0 0 0 -2.46305949726 3.6540793865 -3.35252150263 9.21662479745 2.73412558505 9.14692219712 11.885798728 3.55583981655 9.90261472868 -0.259801120288 12.2495008277 -4.77783722181 9.79198061787 -0.328623878288 4.01238299757
254 3048 0 0 0 -2.43211947967 3.7107632554 -3.40419345262 9.06329361084 2.6353878974 9.21286046319 11.7527055667 3.61097925298 9.93960231 -0.293361680334 12.4384927673 -4.71873241521 9.82813155638 -0.241043455452 4.09329342257
255 3060 0 0 0 -2.49870122406 3.70524817653 -3.11179840755 9.35097790266 2.69465002429 8.90308750238 11.739389711 3.53565646168 9.77219419072 -0.326267339736 12.3732806301 -4.7815911247 9.86284106944 -0.192181978537 4.14677584105
256 3072 0 0 0 -2.07589018545 3.94726990078 -3.11950454061 9.60833104298 2.47888537806 8.7970971114 11.9083274224 3.36614164241 10.0178817112 -0.290547845919 12.1466021122 -4.64516431898 10.2264983694 -0.291293019484 4.21419831151
257 3084 0 0 0 -1.98458606096 4.18821342651 -3.0841285293 9.43479107948 2.34560828551 9.16514184706 11.903148312 3.40981001449 10.0817403697 -0.319645728227 11.9829357594 -4.50924745172 10.2573806862 -0.317467929211 4.34600477618
258 3096 0 0 0 -2.03160872963 4.15554538757 -3.09684805657 9.40391040519 1.97633038798 8.94522911049 12.3402292917 3.36986788227 9.49994397551 -0.254284309641 11.7210393752 -4.60214974839 10.2227792056 -0.352439586527 4.10017226458
259 3108 0 0 0 -1.88048326682 4.1768685201 -2.92942529099 9.16861537283 2.12279589538 9.24429455093 11.9837214034 3.45843551584 9.49077381032 -0.201426074719 11.9071327915 -4.56109663822 10.3399454463 -0.319380188612 4.05823921542
260 3120 0 0 0 -1.76832101314 4.15065207915 -2.50936784636 9.40863044526 2.11546560814 9.27889582222 11.5978999229 3.56778130957 9.53985258029 0.0278889464626 11.841990168 -4.69678919642 10.6555530225 -0.528027862818 4.11335658526
261 3132 0 0 0 -1.83249250502 4.32839398262 -2.64181182982 9.90005332606 2.16484711134 9.18263573355 11.7326460152 3.19083397811 10.0254247486 0.0173963365462 11.7096996494 -4.79776291141 11.1385701774 -0.75949177229 3.99033072002
262 3144 0 0 0 -1.80392840243 4.44499616444 -2.77549874356 9.99070749657 2.19105464267 8.99641586425 11.8605955067 3.16661023894 10.0877098321 -0.256042953531 11.6036800302 -4.84719602885 10.9399078161 -0.874643962407 4.09824458791
263 3156 0 0 0 -1.64465813098 4.26255632496 -3.04185066376 10.1097336133 2.13818188975 8.77468106225 12.1252049006 3.3318241657 9.87341543506 -0.315911633299 11.9982475965 -4.65319942812 10.7989068096 -1.05977287908 3.84775872486
264 3168 0 0 0 -1.78487413639 4.13940385808 -2.88596028367 10.3309986429 2.34002163926 9.12083523577 11.9253456396 3.37159998648 9.78474197921 -0.409491295867 12.0056047611 -4.76665708212 10.8015767595 -1.16454996739 3.62422820682
265 3180 0 0 0 -1.91426796118 4.02660688677 -2.67300192484 10.3862587903 2.59981499791 9.3192305582 11.5973997737 3.45024180559 9.82598571173 -0.552942460685 12.0321705277 -4.94983491173 10.5665320019 -1.35486219919 3.61064527185
266 3192 0 0 0 -1.99426079595 4.14350074538 -2.76147078875 10.5334750101 2.54132856892 9.72812155653 11.7432650892 3.41196984548 9.88367234295 -0.694566685906 12.0482935907 -4.94933615314 10.464271462 -1.36483800011 3.50496247948
267 3204 0 0 0 -1.80087285904 3.98149759597 -2.71545061285 10.6314162631 2.49041494481 9.44642811376 11.7519935553 3.37237360711 9.82591623318 -0.63045254328 11.9621454751 -4.91767581851 10.6605585055 -1.2931130115 3.39822696416
268 3216 0 0 0 -1.72052730385 4.15242267692 -2.68265506255 10.7364431606 2.59866409001 9.42247406026 11.6300502193 3.35830374223 9.73482141455 -0.984188218475 11.9145745014 -4.80372438828 10.5599471129 -1.45930211758 3.47898266841
269 3228 0 0 0 -1.77572482212 4.65770791033 -3.03168729085 10.493323837 2.63228079887 9.86917171744 11.7887122588 3.31522165693 9.88224074874 -1.20167171394 12.2525412279 -4.66358166024 10.6736461124 -1.42008148459 3.47539879294
270 3240 0 0 0 -1.60720960905 4.61988171629 -2.66678899559 10.2373033115 2.75517961914 10.5101791041 11.9437055353 3.38774061525 9.79797291615 -1.35068132924 12.0577036631 -4.41709532998 9.79820845252 -1.26265490625 3.34646965186
271 3252 0 0 0 -1.70321474759 4.21901646424 -2.8410855032 10.6031022483 3.12957879817 10.3889294291 12.1040947765 3.25175691786 10.0626803747 -1.39738725354 12.0224609166 -4.5900629046 9.86117765523 -1.03144215588 3.20061838623
272 3264 0 0 0 -1.71281423676 3.64532630691 -2.80192923579 10.7309678357 2.94874288813 9.75706048474 12.4017590526 3.2480569982 9.78525447612 -1.04509690846 11.9720888665 -4.68838727837 10.0264693146 -0.805680557436 3.16531609719
273 3276 0 0 0 -1.63690840312 3.38905602422 -2.69853513733 10.9716909012 3.02876509818 9.65499670574 12.6288968846 3.43578557216 9.98862936514 -0.990443120342 11.9294646822 -4.69194143864 9.77161935227 -0.766106931337 3.17019981941
274 3288 0 0 0 -1.73136265244 3.69147118406 -2.74262912009 10.7390735055 3.16873483164 9.82506612301 12.282034269 3.17266180418 10.285213858 -1.0659159627 11.9296798365 -4.8345642656 10.2297580032 -0.615586657471 3.41715673074
275 3300 0 0 0 -1.4387149398 3.73901056752 -2.53955003377 10.3776245873 2.89878877452 10.0604186513 12.5684521456 3.09266387788 10.1276416285 -0.873240149307 11.5780101262 -4.72886841955 10.5617595717 -0.281509757579 3.66311438358
276 3312 0 0 0 -0.995438994854 4.23893433849 -2.72694743931 10.6408832333 2.85260569959 10.1254567176 12.4502905873 2.98286846161 10.2010488298 -0.988052997469 11.5489047433 -4.69259941337 11.1817614122 -0.684168628884 3.41595434446
277 3324 0 0 0 -0.704019617685 4.43815876362 -2.4719005324 10.5430745558 2.40934842611 10.1181226193 12.5541009643 3.06547289203 9.98400144702 -0.877331882353 11.2682889686 -4.41490351586 11.3273882037 -0.393692047452 3.34327947012
278 3336 0 0 0 -0.520668841226 4.25277686698 -1.93746074286 10.5935540175 2.17476624214 10.2726452961 12.2992533137 3.25263805706 9.91697561874 -0.692443469528 11.2356228512 -4.27245179036 11.1862906946 -0.420370260871 3.04645432231
279 3348 0 0 0 -0.630401063314 4.19455817381 -1.63748034528 10.3463468602 2.51763983222 9.84490699345 11.5781179639 2.87270325491 10.436564128 -0.539925510306 11.5295261782 -4.48350916821 11.2811960802 -0.133622149588 3.70898873918
280 3360 0 0 0 -0.709013166774 3.86472522648 -2.18037827032 10.593806955 2.45803768268 8.97057432638 12.1511318886 2.64293847322 10.4474176211 -0.478794417667 12.0490125714 -4.3282486726 11.6469130553 0.243126746806 3.7230945817
281 3372 0 0 0 -1.10564780646 3.11776287031 -2.37673744609 10.5116600307 2.5161237899 8.47836621236 12.2795725263 2.91262394876 10.4151593457 -0.238332416775 12.3768395528 -4.22176543813 11.667685715 0.487463348224 3.85743932632
282 3384 0 0 0 -0.733447033699 3.14921205583 -2.18090807174 10.4532308001 2.43842683937 8.28833296719 12.1451890012 3.03872403012 10.1966700273 -0.150882802478 12.2779615318 -4.06501037793 11.5884264143 0.290906457331 3.9247715523
283 3396 0 0 0 -1.32167274618 3.13413318649 -2.43453608384 11.0049560263 2.93184730203 8.15727300268 12.0588442295 2.57470404876 10.8094717211 -0.462169621687 12.4173764934 -4.6314238343 11.48550215 0.0290177203175 4.42306184284
284 3408 0 0 0 -1.44670717786 2.9863994358 -2.05795515508 11.4335825348 3.15503875073 8.20648887534 11.8964440826 2.34836967232 10.5330766443 -0.729099682478 12.2797797447 -4.78808281394 10.9217743966 0.0242659250178 4.12419427152
285 3420 0 0 0 -1.11793915596 2.91980418763 -2.49234313158 10.982823494 2.83913324145 7.56769373448 12.2962015646 2.28129402652 10.2858283326 -0.482282452118 12.0062615531 -4.87272838274 10.980996025 0.326683403117 4.29716350652
286 3432 0 0 0 -0.998369472179 2.90651905517 -2.75203585348 10.7809719842 2.79538673352 8.01959150897 12.8118129977 2.48857113272 10.0705081804 -0.827386816763 11.7762515358 -4.37713687627 10.5154507185 0.340455140127 3.94364110027
287 3444 0 0 0 -1.14046629948 2.99306567652 -2.17440868853 10.65463952 2.83130526279 7.97453516821 11.9846295537 2.56838586664 10.4059592797 -0.370459715262 11.7888514864 -4.46143933828 10.7520205726 0.581546805607 4.23379329909
288 3456 0 0 0 -1.07091177683 3.1817121153 -2.10766602144 10.8067207368 2.90668663314 7.7007727745 11.6666254078 2.5167882227 10.420913271 -0.477395318769 11.7037142717 -4.57178695736 10.8438871569 0.260997791479 4.07408060622
289 3468 0 0 0 -1.56268095011 2.83942160464 -2.2641369864 10.6445529703 3.06914715504 7.28946504705 11.1317506732 2.54395683286 10.7539515 -0.261213866185 12.4805693622 -4.84351441968 11.1282192968 0.388871066297 4.59845006008
290 3480 0 0 0 -1.71881544928 2.66262270051 -2.00242677972 10.4158133386 3.18951338316 7.82811682888 11.1276044189 2.51535684896 10.6027745647 -0.470337585947 11.9955133197 -5.01843701558 10.6194896031 0.62210664004 4.67434191504
291 3492 0 0 0 -1.88000889108 2.69582701074 -1.99219555982 10.258816601 3.22098663168 8.29603363553 10.8782649427 2.51801239033 10.8271186854 -0.395171790719 12.0101267509 -4.94268881192 10.6346352413 0.827437749234 4.88980750676
292 3504 0 0 0 -2.19147956412 2.6270752093 -2.03368400463 10.3330825824 3.02787321636 8.78303714106 11.0327109651 3.02622226482 10.6587835799 -0.532351050606 12.0135427027 -4.68786603618 10.254089393 0.630215009422 4.65481975239
293 3516 0 0 0 -2.28158093076 2.64170967449 -2.17813920623 10.4067911283 3.05957219932 8.60171374889 11.1956055034 2.9836189281 10.5616559205 -0.636848032445 11.8084595797 -4.95957208968 10.0345256824 0.530453319269 4.8527390301
294 3528 0 0 0 -2.41871853606 2.68086115962 -2.32190014108 10.4589442362 3.03665824769 8.63827641384 11.5460425933 2.95220787524 10.3438139289 -0.758572389712 11.8996805384 -4.94334170687 9.79749403059 0.41907034294 4.75434638782
295 3540 0 0 0 -2.56070210519 2.43292480156 -2.26270593292 10.4111539971 2.98701215705 8.90251375582 11.455838541 2.92180516065 10.5815461413 -0.58429026824 12.0471714357 -5.08159154327 10.1112651126 0.63352562921 4.97769229839
296 3552 0 0 0 -2.48993286005 3.07623218825 -2.42558187237 10.0464848603 2.81126028958 9.31752676814 11.5652987822 2.89705410924 10.3063881446 -0.943640871814 11.9173017456 -4.82429379176 9.58680717635 0.79482161985 4.92462204855
297 3564 0 0 0 -2.3660504251 3.07193036065 -2.24201518585 10.0825697444 2.6857485796 9.13882833707 11.9165542977 3.04116531082 10.190255409 -0.913234157789 11.4952575417 -4.64514312865 9.33162112361 1.02702534189 4.91956647297
298 3576 0 0 0 -1.96244180156 3.25468294894 -2.17461370017 10.2077104519 2.79390745234 9.0943369512 11.8384365612 2.92475186092 10.0095856022 -1.03524639149 11.3610902597 -4.72342605278 9.38838723926 0.829907362273 4.73435150158
299 3588 0 0 0 -2.08457365187 2.99837083045 -2.02813938961 9.82239816522 2.84751990055 9.32359309095 11.4594400646 3.2724356971 9.99425869107 -1.07660709653 11.6391687413 -4.52004730791 9.09140994805 0.968694335279 4.88300537888
300 3600 0 0 0 -1.80218836859 2.59198580909 -1.93211171323 10.0803989061 2.7186024377 8.77522373667 11.9109159106 3.41762138804 9.53958350064 -1.04761994348 11.094122549 -4.47984279821 9.03855004806 0.962589094012 4.61233304356
301 3612 0 0 0 -1.85803389827 2.50679062538 -1.86128459632 10.1589279308 2.95091857058 9.01000102814 11.9829083007 3.41925817767 9.80952298128 -0.985884787473 11.0936885822 -4.51485460176 9.15249049896 0.95723636132 4.73062303541
302 3624 0 0 0 -1.27000603497 2.82326383932 -2.08877353963 10.4114579272 2.55837807501 8.32926046636 12.4641215531 3.02243551198 10.0817905226 -1.05373783088 10.6505795196 -4.51035682722 9.80011653747 0.997976152594 4.7807880729
303 3636 0 0 0 -0.984075386754 2.99978407004 -2.29780296538 10.5872968825 2.69883814869 8.37195400489 12.5368999854 2.83752383625 9.94568015197 -1.21344319008 10.4216214891 -4.64674113936 9.62664069296 0.897032627905 4.50249565184
304 3648 0 0 0 -1.01521084193 3.29280148059 -2.60264972992 10.7610532548 2.65724195266 8.16370034244 12.9021709187 2.52228691843 10.1576022896 -1.40456633452 10.0189873117 -4.68021320676 9.38155278503 1.01023823984 4.56006120969
305 3660 0 0 0 -1.0743511328 3.18458746964 -2.3346251644 10.8095019484 2.51298164088 8.00483937303 12.6907489777 2.52182793636 10.2103868923 -1.11050014859 9.92224875936 -4.64207400985 9.2395634774 1.02193312545 4.42646752146
306 3672 0 0 0 -1.38801979605 3.01095362169 -2.33800088489 11.0227700185 2.6165008503 7.82581818769 13.0267306819 2.36950288894 10.2611951187 -1.24270005815 9.55674147083 -4.79349293303 9.2373470847 1.07256690816 4.32997387457
307 3684 0 0 0 -1.13991881877 3.24181563222 -2.38101505536 11.0489021557 2.51682892691 7.85046563207 13.2516604924 2.27997600964 10.1440852829 -1.43333892083 9.49925895246 -4.96504154779 9.05130209283 0.867537919368 4.14158997506
308 3696 0 0 0 -1.28795692996 3.06895162004 -2.36560954001 10.7315219869 2.45422272833 8.4279225629 12.919877796 2.52664288727 9.79127998808 -1.45984199176 9.97485320623 -4.79505794023 8.58685697839 0.71942150776 4.01155603881
309 3708 0 0 0 -1.17016023794 3.17706061778 -2.50637269177 10.85698028 2.6535787592 7.9784103865 12.7825822281 2.470531045 9.74334277809 -1.77501414368 9.81087277509 -5.20035023082 8.67445138647 0.498965315404 3.84050512378
310 3720 0 0 0 -1.37336765718 2.96034541397 -2.31982770479 10.9163839393 2.99123411322 8.42563513785 12.3492863404 2.37537415111 10.2533503943 -1.70452938643 10.1044861278 -5.31727117898 9.11510191535 0.872389465819 4.05632028063
311 3732 0 0 0 -1.78430103904 2.68686805446 -2.40290026321 10.5959607214 3.0658706444 8.5913013352 12.0628744 2.68246135767 10.4538446276 -1.52391406301 10.7082956089 -4.9871448423 8.68805961974 1.11901391786 4.61808963398
312 3744 0 0 0 -2.00237938239 2.95868873253 -2.29244583841 10.7434989557 3.03010769865 8.78874596395 11.7720454101 2.57347742611 10.58325508 -1.54459200333 10.3399162473 -5.11067471683 8.66702230489 0.935235803228 4.64012204644
313 3756 0 0 0 -2.0849792875 2.92347053344 -2.39466604218 10.7814226859 2.84474341647 8.80944977139 12.1875925362 2.58529955356 10.5176321464 -1.53465902266 9.99120817456 -4.90633372748 8.78176224983 1.00347527207 4.71375433804
314 3768 0 0 0 -1.93376041025 2.82172089331 -2.62695428621 10.5198093946 2.54229876807 8.6645511838 12.7081699384 2.75560630602 10.3898993945 -1.54199147463 9.94703990498 -4.57060921076 8.82101493136 1.25798343839 4.82113690952
315 3780 0 0 0 -1.71383905302 2.79205980869 -2.65854824599 10.4319232924 2.58187981457 9.05086700223 12.7191585323 2.79312796015 10.362026158 -1.43988180957 10.3007794051 -4.39671948416 8.75842466541 1.14110445285 4.64372626935
316 3792 0 0 0 -1.9738567337 2.76780254141 -2.60167424102 10.5802672155 2.75225528101 9.30301276128 12.3616377335 2.78274098489 10.4147766493 -1.50313765223 10.6860205571 -4.49335101956 8.66492788224 0.927694780631 4.59593163928
317 3804 0 0 0 -1.83582137049 2.80126404882 -2.63027827028 10.5789645965 2.71890672023 8.91201535442 12.3329932939 2.56810015196 10.505346369 -1.53213442548 10.8169465326 -4.48139611768 8.91987030053 0.948550992496 4.85796428777
318 3816 0 0 0 -1.52213867599 3.31179895315 -2.5322312598 10.3211968894 2.66690059315 9.07609356247 12.1547605735 2.36450740769 10.7598256011 -1.59041080729 10.884033769 -4.33160140539 9.16922823457 1.05627216577 4.99362111028
319 3828 0 0 0 -1.37678101521 3.25044210299 -2.40123773534 10.3517009041 2.4553609694 8.97744638119 12.1831301264 2.56248037184 10.5656723176 -1.62229588704 10.9062479858 -4.11847703623 9.09241866073 0.979827314662 4.83994786882
320 3840 0 0 0 -1.45543697415 3.22310300479 -2.39589751675 10.2937944212 2.56344483472 9.35218948596 12.2137065118 2.57236753018 10.5050447988 -1.72399320389 10.6282806393 -4.27018828584 8.76171581207 0.970294568065 4.77038538357
321 3852 0 0 0 -1.47814831894 3.09457028738 -2.45053755215 10.4664387557 2.58100801799 9.42691563327 12.2832441425 2.52030996217 10.4620095612 -1.6598317393 10.8800674977 -4.31202525227 8.86854138289 0.913619032749 4.67080769962
322 3864 0 0 0 -1.72334639169 2.8653278258 -2.17988996925 10.3210084757 2.79966056741 9.92904251226 11.895389628 2.74728936819 10.5947776993 -1.55984833161 11.0870281307 -4.23738370364 8.57970415005 1.27224263424 4.83742375543
323 3876 0 0 0 -2.13330040482 2.77090159046 -2.27193315552 10.5019884028 2.81852735591 10.0647825555 12.0291426324 2.71414000602 10.8068237032 -1.7258046291 11.1678974437 -4.18240869029 8.53308924147 1.38269806531 5.09861643985
324 3888 0 0 0 -2.20813434003 2.67013964906 -2.21039079658 10.2537941058 2.72515486904 10.107338652 11.915434729 2.8255168834 10.6558426322 -1.65840800895 11.3477806915 -4.00073234833 8.37665403788 1.50714046576 5.17951498723
325 3900 0 0 0 -2.3903073329 2.30465037921 -2.0257419314 10.0838752331 2.82683669838 10.4582718622 11.8684000113 3.10163341739 10.5406577157 -1.69832173745 11.6418085034 -3.78876586188 8.01263184269 1.82147799093 5.29536467585
326 3912 0 0 0 -2.67223239849 2.09351185978 -1.8747193281 10.1830304508 2.9141551456 10.6944644338 11.6970380783 3.18296369249 10.6960715494 -1.65214630469 11.9190516409 -3.65366536582 8.06605847393 1.82587682789 5.34953278557
327 3924 0 0 0 -2.62781185479 1.86755006761 -1.66641125915 10.0168300128 2.99501850986 10.5730809237 11.5315486072 3.11705358066 10.7329545194 -1.48201177562 11.9139897156 -3.58051017189 7.99166166726 2.39770210858 5.57266181426
328 3936 0 0 0 -2.66438496256 1.87703979591 -1.49483017116 9.7144318644 2.97234270954 10.6271885534 11.5686640716 3.3255931599 10.5133407636 -1.60823281438 11.8814990919 -3.30277617068 7.84515461411 2.57394111716 5.41017425038
329 3948 0 0 0 -2.54447804605 2.04992721801 -1.52654685087 9.60585597402 3.32203612966 10.7658376013 11.1315271938 3.21187700096 10.5770575769 -1.68133672983 12.2055988825 -3.59450649005 8.0025186236 2.38590838655 5.34847682058
330 3960 0 0 0 -2.45749284136 1.99967301445 -2.03200998305 9.79027792391 2.95535934053 10.3135145418 11.7518887687 3.15791198025 10.305879147 -1.57862500629 12.0338841981 -3.75768090357 8.40701205007 1.70358399578 5.11491730713
331 3972 0 0 0 -2.53077552518 1.82900048832 -1.84794434156 9.93699769521 2.99271313918 10.4827266351 11.6428189546 3.3159615831 10.4760063343 -1.59881896086 12.4292973892 -3.33416508611 8.58742851212 1.71190061073 5.28808661405
332 3984 0 0 0 -2.35334053733 2.08522561998 -1.8474334981 10.2983813025 2.87159301966 10.3127491966 11.9868863516 3.21376472391 10.5202667536 -1.76429278611 12.0625582472 -3.45893752397 8.65371509118 1.26215794141 5.20816051833
333 3996 0 0 0 -2.08604467464 2.56625732054 -1.92779620669 9.99965258035 2.91921869629 10.8001822041 12.14774901 3.08503678248 10.6701110804 -1.810741258 12.1539568891 -3.30688025185 8.88132171309 1.16538046197 5.10497071646
334 4008 0 0 0 -2.19238129126 2.56171130113 -1.79510708941 10.0067183553 2.89005425786 10.7468091229 11.9750497631 3.07599993789 10.6257640866 -1.58840129246 12.1347262861 -3.25431724054 8.90951715614 1.37521770447 5.04921280833
335 4020 0 0 0 -2.31143953916 2.70116466129 -1.56206899618 9.83560845177 3.33968719213 11.1346308174 11.2533979076 3.15247611206 10.6689523236 -1.66786880328 12.4777107653 -3.54271237269 8.71361900215 1.18545831573 4.91412950912
336 4032 0 0 0 -2.05433039195 2.27827870468 -1.487644832 9.76645390697 3.4449735414 10.8203595844 11.2386170448 3.20378147699 10.8520444171 -1.65732600194 12.3413257537 -3.56311623912 8.82443821096 1.41388811556 4.90113861798
337 4044 0 0 0 -2.18949018215 2.1997426432 -1.67865182057 9.5404103805 3.39502513688 10.3981411549 11.3662151994 3.30853521432 10.7211724384 -1.60805302447 12.3771825914 -3.5877772829 8.65260846286 1.51866269677 4.99815229231
338 4056 0 0 0 -2.05510786782 1.91150850084 -1.46020879731 9.30352510137 3.31454937197 10.6030241567 11.2818611518 3.49818807437 10.5645894216 -1.43152556383 12.6413516374 -3.40966328716 8.79698391842 1.661832183 4.85808083071
339 4068 0 0 0 -1.96971411309 1.65748200097 -1.12088011973 9.12641414624 3.44978963416 10.7302907776 11.1219772844 3.5818372319 10.3051896178 -1.38020384759 12.6579846556 -3.53433209123 8.77309402403 1.4555025615 4.61229631246
340 4080 0 0 0 -1.90153423975 1.63052065173 -1.35782824483 9.40972496281 3.09962969992 10.3297621007 11.6952380951 3.60511312726 10.4090285766 -1.22457939792 12.600096091 -3.37408457847 9.40798773358 1.32172531265 4.6684264763
341 4092 0 0 0 -1.96872217704 2.15816532233 -1.30593878736 9.47254429174 3.08976220306 10.3751780025 11.3672609902 3.47526012231 10.558301599 -1.2295744435 12.285774195 -3.63698670433 9.48061834455 0.937349717269 4.81299978485
342 4104 0 0 0 -1.96901081916 2.29843004022 -1.20276667692 9.04022871247 2.97895006968 10.5256215624 11.2184834935 3.62550788257 10.2926151632 -1.09524406226 12.4640657552 -3.62471781979 9.45181401036 0.89178994228 4.67482436104
343 4116 0 0 0 -1.77674340231 2.19236663952 -1.34922050757 9.30238644091 2.88749302627 10.2485854018 11.446365741 3.60667464332 10.3387467399 -1.08704836712 12.3656825484 -3.55439706389 9.4777984302 0.817853499543 4.53603221727
344 4128 0 0 0 -1.51835564553 2.68564819099 -1.54579745041 9.19811382393 2.80829644542 10.1575358904 11.6023012549 3.39913707883 10.2572384892 -1.07287481884 12.2431066714 -3.58890600946 9.84302528991 0.526314653687 4.37061542998
345 4140 0 0 0 -1.73133437891 2.56613693784 -1.30160482527 9.75469874893 2.7854053675 10.4088843378 11.7084534443 3.41612579129 10.3510202993 -1.09197189815 11.8925634768 -3.66293954954 9.97578903435 0.416426544736 4.36426521812
346 4152 0 0 0 -2.19512411765 2.5906026724 -1.31833615052 9.80980204015 3.09640576964 10.6997161462 11.3284415544 3.35899030932 10.6404541366 -1.07066002285 12.490914938 -3.55477366657 10.0258322954 0.639516471508 4.51328426953
347 4164 0 0 0 -2.22495496931 2.45657299854 -1.31697271377 9.89060218679 3.11442449912 10.1038652845 11.106381089 3.1048548674 10.8246688219 -0.900724935347 12.5563073427 -3.51129170409 10.1736302132 0.85752698533 4.86774892689
348 4176 0 0 0 -2.16230854449 2.65243194873 -1.57162983497 9.74908780825 2.94240572381 9.73732807295 11.3651055528 3.0262284694 10.9074660619 -0.982982194289 12.4610388872 -3.40535526376 10.2825025399 0.845582289102 4.94246709187
349 4188 0 0 0 -2.07011113626 2.35398789345 -1.72534007534 9.7530278424 2.99077920796 9.47812282777 11.4469115229 3.19673096476 10.906805375 -0.95553437812 12.5313113541 -3.42020043564 10.4024717545 0.922539065451 4.89174101915
350 4200 0 0 0 -2.07419859516 2.46066302129 -1.90125551623 9.66682677547 3.06736483141 9.80699730735 11.6862060398 3.18643279769 10.9305547692 -1.10351052438 12.841998422 -3.22113872901 10.1479179309 0.827163469862 4.86039671658
351 4212 0 0 0 -2.20298320163 2.46888978805 -1.79818847926 9.66547784321 3.14959719072 10.0370256474 11.8748147328 3.19397629763 10.9154737798 -1.31434840244 12.5738179777 -3.25965182587 9.75037375383 0.841114722779 4.88160770542
352 4224 0 0 0 -2.08766025873 2.31106067981 -1.86736038978 9.67875978436 3.20114123688 9.67672660324 11.8478758555 3.21602518949 10.8151808938 -1.29626160271 12.514263816 -3.36469556698 9.95997658678 1.04841807151 4.81046080435
353 4236 0 0 0 -1.62885772064 2.42885142741 -1.89869507716 9.90410470808 3.27302412392 9.51929551086 11.708486099 3.04297624823 11.00390724 -1.17095413825 12.5080265647 -3.4834966209 10.6502076486 0.969700325876 4.71813801218
354 4248 0 0 0 -1.58639844336 2.4961388212 -1.90450574416 9.86286653816 3.24157981646 9.43893332167 11.8497611883 3.1264251235 11.060974956 -1.22286398921 12.4311964396 -3.4385295197 10.5501347452 1.01719623191 4.66381606476
355 4260 0 0 0 -1.53789849798 2.40256321316 -1.71283326868 9.93409571557 3.31974042956 9.38198510251 11.6493416897 3.21389909517 11.0736198861 -1.2235903316 12.230505544 -3.54634304 10.5060180697 1.09493480869 4.68665483529
356 4272 0 0 0 -1.48674822644 2.55083656666 -1.98726135982 9.99630060133 3.32310027448 9.21164447943 11.9783897925 3.09006193119 11.0711431397 -1.41104831109 12.155672974 -3.61900550846 10.6284562046 1.07661130293 4.64334295878
357 4284 0 0 0 -1.52221992793 2.28614752892 -2.02849103481 9.97857675167 3.33352470891 9.35624556226 11.8163088887 3.21127616864 11.1557839752 -1.3733582548 12.3609439125 -3.40981986567 10.7148927287 1.50122889637 4.71154246542
358 4296 0 0 0 -1.31948290118 1.97956412733 -1.95350678425 9.87782172473 3.16096202443 9.09507321565 12.030992674 3.39761037408 11.2152481911 -1.12042998138 12.3297364538 -3.30383568639 10.9759303695 1.58045337978 4.82829512373
359 4308 0 0 0 -1.28059267948 1.85976343873 -1.94756307626 9.92227322101 3.24958356419 9.24569269302 11.9026585731 3.41139434192 11.4171743847 -1.09833383195 12.363710686 -3.27924763414 10.8147340584 1.65843604624 4.91010882061
360 4320 0 0 0 -1.41559109514 1.9630393663 -1.8800448461 10.2774912637 3.39866600849 9.5216069619 11.7870480783 3.42359918182 11.6102924346 -1.13912760126 12.6305523103 -3.2900345444 10.6444619676 1.45422959731 4.85837495097
361 4332 0 0 0 -1.71873347694 2.02242357657 -1.89674279373 10.5217061477 3.11358990789 9.6960611246 12.1204060284 3.45118893104 11.5663484681 -1.33693428771 12.4826823791 -3.06617398123 10.1503965299 1.66949785956 4.9678722218
362 4344 0 0 0 -1.58746427174 2.21731156459 -1.94639162181 10.7005069996 3.0218340227 9.36728100873 12.0419731339 3.33597126478 11.5203377698 -1.23049157327 12.4345914855 -3.36820227398 10.1000690723 1.27946813529 4.96232125929
363 4356 0 0 0 -1.80175224436 2.07602152595 -1.979402592 10.1491019818 2.82503495501 9.61225740572 12.207618223 3.60045046137 11.468290656 -1.14618771487 12.5996498448 -3.03576117981 9.70930567847 1.62025125231 5.14980023836
364 4368 0 0 0 -1.72518541007 2.38879743216 -1.7959087769 9.93505984186 2.82505378622 9.80067912561 12.0258032863 3.59192181925 11.4816973037 -1.26968951789 12.5839607084 -3.18969038654 9.71404988459 1.3925605595 5.16239893699
365 4380 0 0 0 -1.90940567753 2.50197564733 -1.71577279815 10.0461109615 2.96339534667 10.0499082819 11.7805965182 3.37511885845 11.519898505 -1.44189223435 12.1281190793 -3.33496746843 9.27025069287 1.80013175964 5.33609967409
366 4392 0 0 0 -2.28319128991 2.50489899236 -1.721296172 9.74772513832 3.10100346828 10.0685383975 11.5357829227 3.32789493941 11.3958302812 -1.33831052956 12.0296261689 -3.58210036059 8.92801307318 1.92139781089 5.61646054082
367 4404 0 0 0 -2.39433116147 2.33504736384 -1.44664223998 10.1498414502 3.1947059807 9.98416083789 11.4757473901 3.44204313605 11.648774668 -1.48060948232 12.1032796409 -3.56404983523 8.8618306364 1.76605088515 5.69376622733
368 4416 0 0 0 -2.19385147619 2.58846968778 -1.74608185717 10.0508045501 3.02673485438 9.76773257125 11.5922957148 3.31224952925 11.484419298 -1.48394551529 12.2162109337 -3.54890359204 9.09551519955 1.46188470652 5.57176633016
369 4428 0 0 0 -2.00013538644 2.74735027463 -2.13996490452 9.90507353286 2.88380510197 9.44956946276 11.8289056096 3.37097988573 11.4823068373 -1.61965806891 12.0488423906 -3.60639712001 9.26173473062 1.33625409649 5.49513097255
370 4440 0 0 0 -1.88202286116 2.56633256973 -2.25482093051 9.9572366631 2.8200718638 8.91743091525 12.1443288208 3.33726761191 11.4053004947 -1.64186120061 11.7970867739 -3.69468594571 9.27390666373 1.27638446957 5.51126563393
371 4452 0 0 0 -1.97941052019 2.46470626368 -1.98348913924 10.0175475997 3.04851258356 8.74348026383 11.9988161475 3.36926618216 11.4204074015 -1.77235853731 11.3935524491 -3.92248866497 8.87989255084 1.29779375295 5.58962338618
372 4464 0 0 0 -2.175936768 2.34096753965 -2.06228303103 9.79847631632 2.84469033533 8.51330127094 12.0657056368 3.36639261225 11.3092548755 -1.60323563595 11.4500538141 -3.80922945275 8.68545968925 1.61760120321 5.96175235002
373 4476 0 0 0 -2.25506284584 2.36965551461 -2.20959239303 9.39112281847 2.61481261876 8.19099349063 12.1834048266 3.49792415901 11.1280586331 -1.49113967148 11.4969748482 -3.73142221925 8.37504393494 1.77345228967 6.34728158362
374 4488 0 0 0 -1.91083509616 2.34932421226 -2.12381408713 9.50588826239 2.74382037749 7.98481831744 12.1293041153 3.2240182179 11.2309436191 -1.27623231514 11.2056170129 -3.87497441108 8.90115546136 1.68802544794 6.2949429045
375 4500 0 0 0 -1.74065865588 2.71480466717 -2.13665272952 9.33897059728 2.69675263927 7.68257846937 11.9428018003 3.14536777238 11.4424340216 -0.950606706824 11.2841221244 -4.00324607011 9.34593905011 1.34315639591 6.48768202132
376 4512 0 0 0 -1.71482668751 2.82873640935 -2.29658284455 9.41714369997 2.85139690822 7.35484125516 11.8552215765 3.01791827202 11.4035869458 -1.02328743405 11.2235988922 -4.09955510799 9.29874445266 1.44965310336 6.86174190347
377 4524 0 0 0 -1.71156055901 2.78157970682 -2.59341664537 9.51015336058 2.75301439787 7.06998478386 12.1530520218 2.81544656569 11.3367363322 -1.17377913876 11.0749190936 -4.00655628342 9.17999531363 1.44367980538 6.93635939979
378 4536 0 0 0 -1.2966142385 2.5966268753 -2.89193283666 9.31047079563 2.6511262048 7.01225931017 12.2721488716 3.02039647462 11.3051638997 -1.02917740136 11.4292795559 -3.83182410463 9.35479576512 1.6820083929 6.62278064334
379 4548 0 0 0 -1.44746424143 2.29235755064 -2.59236878576 9.18413203144 3.12649330883 6.93391555401 11.7138883999 2.97866464731 11.7168726601 -0.784882275213 11.5235464727 -4.46024649059 9.3987219314 1.67430371603 6.79121404023
380 4560 0 0 0 -1.78057074012 2.62438254566 -2.74103422376 8.95101590119 2.98341264087 7.29735920507 11.4689248049 2.91981409669 11.6199094919 -0.836848118276 11.4754481324 -4.23224915204 8.59563416838 2.09744824162 7.22691339794
381 4572 0 0 0 -1.80730794447 2.30939948926 -2.47791738509 8.84471148513 3.02608577678 7.23103225582 11.0844403496 3.14538820303 11.7814073691 -0.528976586562 11.5121473141 -4.23332559282 8.50647781654 2.54681618357 7.48115108648
382 4584 0 0 0 -2.11223685566 2.37659673572 -2.3097649439 8.72049385321 3.18343657773 7.60461175901 10.9236123819 3.18676345543 11.6461408092 -0.689718021143 11.2781945922 -4.58671706886 7.99595027251 2.22622356357 7.32650651136
383 4596 0 0 0 -2.06739988952 2.34223319694 -2.35025545098 8.62559167303 3.08492939801 7.2655493293 10.9198768832 3.48612523567 11.3780438177 -0.853179300525 10.7858297625 -4.61328016056 7.74016798798 2.15081360927 7.27854903903
384 4608 0 0 0 -2.16050726413 1.88754595099 -2.13158469779 8.52308281629 3.41104083099 7.52965774076 10.786204986 3.51583544494 11.2517337942 -0.906787166303 10.8565206777 -4.55244360343 7.23341162141 2.68188451611 7.1510804149
385 4620 0 0 0 -1.69233939295 2.09667357957 -2.19519630015 8.20136388869 3.53329981912 7.93659824093 10.5135520401 3.59070098894 11.3300055214 -0.950197067267 11.1930327248 -4.58101265945 7.11637946697 2.50372648174 7.11690727474
386 4632 0 0 0 -1.49682208046 1.96679470709 -2.0893775672 8.2599867031 3.28538444728 7.42184417798 10.7972650642 3.61352360809 11.1564273691 -0.509593810464 11.0904802045 -4.65384581867 7.71993648613 2.38650409931 6.93178793707
387 4644 0 0 0 -1.42227837749 2.36318847985 -2.19733992374 8.83635190137 3.20383490331 7.00722191786 10.8591179493 3.43828950765 11.318602427 -0.700799225252 10.8114909815 -4.75200772049 7.93246805518 2.11820525768 6.78925414685
388 4656 0 0 0 -1.09614038382 2.24856150194 -2.12111848109 8.83875847597 3.15739073776 6.68723050802 11.0229163354 3.42694055622 11.239585527 -0.667961853136 10.8408267327 -4.6456247094 8.36882211613 2.27802879416 6.70365197828
389 4668 0 0 0 -1.21958241253 2.2499639728 -1.91507481849 8.92174149201 3.42722147151 6.84894065198 10.7052209299 3.45282411587 11.5454992771 -0.455473979979 10.9842504363 -5.01895010714 8.65221620717 2.03978572815 6.70592678642
390 4680 0 0 0 -1.27256291963 1.8262035116 -2.00751535034 8.84314222067 3.54692301449 6.81572721746 10.6650391101 3.55499625806 11.750525967 -0.25747322828 10.8208964906 -5.08041267617 8.64733694658 2.6936885939 6.92990753641
391 4692 0 0 0 -1.57537236083 1.94028278578 -1.90696468584 9.1227913782 3.64342920253 7.20791794699 10.5696946861 3.61491091815 11.8764832207 -0.3906370849 10.9000490276 -4.94726116102 8.80526472593 2.52537919093 6.69677742913
392 4704 0 0 0 -1.82365979973 1.69294471428 -1.63589024235 8.90111217091 3.75342384354 6.75223802132 9.94093984075 3.77684485651 12.0042200068 -0.220778539862 10.9698161649 -5.22967305581 8.34264955936 2.79623345477 7.20184614447
