% # columns="iteration, evaluation, void, void, void, xmean", seed=9, Tue Jan 30 19:27:40 2018, <python>{}</python> # scaling_of_variables: 1, typical_x: 0
1 12 0 0 0 0.139674767649 5.2260696326 1.21340231742 4.11799871447 2.02459084962 9.38669713256 7.56506946589 4.26755245028 3.24341083932 6.24038608364 3.79371965986 8.02589644324 4.63526525522 3.77095319435 5.18571384327 9.31939665555 2.36068759993
2 24 0 0 0 0.0599121377044 4.07486583712 1.31729512028 3.94368235048 2.2768909429 7.81380787913 7.10079639931 3.67245233632 2.61832459346 6.76189756426 2.94552932416 7.63963072635 5.06030425125 3.08730150085 6.33663037287 8.58495140377 1.79507050534
3 36 0 0 0 0.191226207837 3.95540375787 0.828106737388 2.97770197966 0.966138745253 9.69841364709 7.95072815546 4.34964560574 -0.0472552185906 6.48934260507 4.20192854928 8.07377884801 5.39772133567 3.22182180189 5.30679154569 7.35268416751 2.69325098534
4 48 0 0 0 0.433288942462 4.08885653231 -0.827260452308 3.5885616178 1.36148617063 10.6170192524 8.65797435767 6.0386033712 0.324706102835 5.85570497191 3.58241507178 7.30213477315 6.44783126056 4.86569078576 4.50442440744 8.68626755932 2.56384529325
5 60 0 0 0 0.408552616248 3.38048359228 -0.209575165285 3.21557433144 1.90868865841 10.4777081886 8.16129048005 5.79073396857 1.3817153783 5.64040154444 2.97630790087 7.04663519645 7.56182015471 4.17838059648 5.27429597223 8.82356864149 2.46850355851
6 72 0 0 0 1.04559152263 3.81627799889 -1.05648121776 2.56491483078 2.62604956177 10.3898064444 8.0851390185 6.33480471306 0.88775729542 5.38254950123 2.70103538008 7.83197301705 8.56845960283 5.86583833025 5.19169665178 8.33973410945 2.49889394428
7 84 0 0 0 0.453535978065 3.12678691738 -1.58543048039 2.88279231 2.7496541485 10.8444163016 8.67214987567 6.57738326419 0.641346227166 4.95735105137 2.72882646713 7.93502175983 7.82412785049 6.97179695648 5.49936688408 9.40642802953 2.66765925569
8 96 0 0 0 1.53671223026 2.86735797272 -4.35039448588 3.22774614124 2.45800915497 10.4745967956 8.38693547347 7.26346391001 0.911985908651 4.45205551521 2.27297764919 7.36675107009 9.68561900852 7.60525427824 5.29764259637 9.31318461993 1.00662903953
9 108 0 0 0 1.16986431636 1.69446435632 -4.90186299898 4.33132769873 3.20654702813 10.447907868 8.3597398769 8.31829139434 0.405576538571 4.43192573593 3.01240287639 6.50441194216 11.3843856302 8.63213152829 5.6975501448 8.82372427211 0.745032133826
10 120 0 0 0 0.970674444964 3.45915550551 -4.7538052531 3.92618064586 3.61054199162 11.4334283551 8.2818706614 5.58199818978 -0.0724682766501 6.13065642322 4.05076750999 6.9644457212 10.5393346831 6.79618099555 7.88347895747 8.04562434819 -0.0756733745646
11 132 0 0 0 1.53015389403 2.91426538621 -2.522077478 3.59007820207 4.5927034107 10.5332057621 7.42028099394 4.74937686259 0.942722960079 5.93938270858 5.91838999082 7.47347852066 10.6795200036 6.29643422236 7.01541873307 7.42576073373 0.133448227449
12 144 0 0 0 0.551994979383 1.8566138394 -1.27120642238 5.18700420063 4.77927087213 10.9361329905 7.04071446094 4.9679251305 1.48959629841 5.09885974303 6.58772576268 6.89655172231 10.6256248626 6.30219394063 6.66565898584 8.2464368684 -0.191831749415
13 156 0 0 0 1.33764673774 2.78806472325 -0.173109838318 4.82488191315 5.19656725151 10.5734388473 7.09175263939 4.54069962078 1.25877763155 3.95330909818 6.51436651244 6.91534616503 10.2293571987 6.75591952424 6.08190901368 8.71740421877 0.155128377702
14 168 0 0 0 0.451146949583 3.27949332655 -0.44820020419 4.23230749729 5.58940989724 12.2413040764 7.01491565039 4.02279306902 2.42662960833 4.81297166844 5.64051358466 8.95763966393 9.60413214132 7.05496770593 6.60728607776 10.1087558587 0.615508306501
15 180 0 0 0 -0.151479603854 3.11259950464 -0.686427407508 3.81804734805 6.52778121342 12.6999769973 7.47165306569 4.74786360106 2.79355947286 3.80851669732 4.88206821064 10.6322861418 9.96944622988 7.00984972976 7.62424784857 9.23835565039 0.246693376183
16 192 0 0 0 -0.078297853043 3.29348455983 -0.764247086405 4.29393205518 7.25400586479 12.7723827805 7.63809031135 4.03953605113 2.77533329485 3.63960614904 4.87033200451 9.74001897133 9.5685693043 8.31538150647 7.85324336852 9.03396564871 1.7831978801
17 204 0 0 0 -0.0669603999827 4.01864149589 -1.29122012473 3.98092776707 6.39005684375 12.3957520936 7.82578742626 2.70067016928 2.75271367414 4.13981602714 5.83810661327 9.79531734723 8.67550977065 8.08667669209 8.56454621468 9.17562988374 2.52173988133
18 216 0 0 0 -0.0802327157032 3.38117303942 -0.354892322619 3.94164540836 4.84993558304 11.612472094 8.15468942261 3.55606233179 2.00297108223 4.28972385542 6.38120530735 11.0205114429 7.44863929571 9.17144503723 7.98588168366 9.08307269519 3.48313781238
19 228 0 0 0 0.455272160858 2.72588762996 -0.769236078911 5.05491340582 4.55914831785 12.1073988965 7.84653969883 4.83873958716 2.43367800149 4.47676659087 5.25207633261 10.2875499863 8.31200469821 8.85520841541 8.7138243093 10.3153460544 3.77748434736
20 240 0 0 0 0.559164385124 3.37792049242 0.530975473135 5.2156712158 3.87305811551 12.0574325938 7.90636412529 4.81170871646 2.18978770668 3.57175869152 5.3294512443 10.7398573007 9.21526709235 8.32413239252 7.99004619116 9.4402569526 3.05145468531
21 252 0 0 0 0.853989640021 2.85735274612 1.26524713961 4.76839846229 3.94529458371 11.980309912 6.44071377304 4.34702658008 2.32908504455 4.48032633232 5.33396626158 10.848543627 8.6158353959 8.55155165421 7.58665406749 8.37210677721 2.423510452
22 264 0 0 0 0.873975095558 2.10945486818 1.61687581064 4.73727333454 4.89405297086 12.1889658796 5.89076173219 4.66960243614 2.11021218966 4.61465535587 6.04688378253 10.534999232 8.65862635374 8.15549283753 8.57978292368 8.59548857821 1.83914071822
23 276 0 0 0 -0.23026192764 2.25352540021 2.98575451782 4.76890938566 5.01023010793 12.5351055881 6.20300477608 4.050327528 2.81408790801 5.26655606964 6.71016945376 12.4029088668 9.34796456198 7.86349659484 8.66854895673 8.36280097589 1.96557416799
24 288 0 0 0 -0.737008172368 2.22816487836 2.86223016191 4.81860367497 4.27662122678 12.4962120884 6.34305818393 3.84761463288 2.58346863755 6.07754606674 8.04019246564 12.5304636727 9.58966849597 6.80031155909 8.59224690039 8.31087604694 2.19816272239
25 300 0 0 0 -0.183414152955 1.77393912294 3.13325873647 4.30566115471 4.09051353924 11.9436458441 6.42054095002 3.86244383234 1.9980471974 5.83476734962 7.67601502663 12.020788292 9.67350174993 7.55049126633 7.44106371243 6.96129199554 2.70342184654
26 312 0 0 0 -0.166737000553 1.82737220983 3.26769188455 3.96448318441 4.09350768979 12.0544069047 5.37079462449 3.82828480201 2.50651823414 5.61726610211 8.31820001881 10.8814924127 10.9799447722 7.95630985566 7.54280884478 7.73057594853 3.58329449326
27 324 0 0 0 -0.0854978506143 1.33777886909 3.73492674866 3.98778092586 4.0033613881 11.218317056 5.05600592305 4.39325239304 2.0594285235 6.17954335592 8.18357523585 10.1560519127 9.39401843044 7.63858127681 7.61333410436 7.25565522493 3.46191793777
28 336 0 0 0 1.0462856547 1.73114290531 3.41467583531 4.04736224507 4.12863010291 10.7576158598 5.71054814477 4.37888987721 1.82335925507 5.80565615529 7.54697297685 9.94615450832 7.85077940415 7.13826293739 7.46986610126 7.65428745519 4.52610594631
29 348 0 0 0 0.479209800374 1.9484981492 3.897801419 4.01004298377 4.08546407461 10.6919435125 5.69884283005 4.35940888573 1.6226555731 5.53289932135 8.40090176269 9.88703304039 7.50228728637 7.33457507931 8.59188049452 8.44677500093 4.09513299904
30 360 0 0 0 -0.435636953906 1.68752298101 6.04421627857 2.16063663033 4.11701496322 9.88708727902 5.07094272079 4.16424182677 2.06590107295 6.07160892419 9.67276533195 10.1174804659 6.30909225116 8.6352226268 9.41174425413 9.47560357023 3.64535867436
31 372 0 0 0 -1.24696206202 2.02516455151 6.7204440446 2.28440140257 4.51017686739 9.85484687422 5.44260636673 3.75120920444 2.16176724577 5.96181435545 9.69525592465 10.7010750151 5.75429052781 7.63600962825 10.1433885383 10.3862980116 2.93565753939
32 384 0 0 0 -1.67040056053 3.16438628973 9.01056373885 2.27734877619 3.21517420669 9.57474507917 4.92978522702 3.94993982061 1.72800095029 5.41818210642 10.4035139564 10.6207805574 5.56570902134 8.4513767382 9.84374697802 9.77257013854 2.93182567162
33 396 0 0 0 -1.12875230417 2.33285200097 9.26082711396 2.03560126323 2.70092202184 9.93800789737 4.63352624794 3.63020390396 1.48845946338 4.18734235156 9.87473242469 10.31978147 5.51024462524 10.0107538269 10.7714607353 9.23738944944 2.52806256023
34 408 0 0 0 -2.26178767464 2.9908154087 8.49987642902 2.39680541643 1.66951721419 10.0753637361 4.43668979336 5.14872815377 0.928783157523 4.66407181855 10.0730214557 10.3163342377 5.32352659263 9.36556235417 9.65853233949 9.20361226594 2.28262784448
35 420 0 0 0 -1.94610115761 2.56044253323 8.57646324497 2.66419467914 1.58534630958 10.3716075725 4.48881543208 5.71405749467 1.25210803192 5.2596972315 10.8797335072 11.2351190361 7.40600567761 11.0264917096 7.42093805018 8.26118002886 2.75162603792
36 432 0 0 0 -2.07957512557 4.0790582516 9.56223921454 1.965358022 1.70075050766 11.1972987706 4.87083895535 6.10018434727 1.61384010148 5.43141273921 10.7549201427 11.8439063818 9.1490089148 11.2088865206 7.2896715909 7.71715116678 2.77256716132
37 444 0 0 0 -2.18589687699 3.65343442399 10.2885695814 2.02212920214 -0.361753811416 9.78758148377 3.16378405877 6.83256541924 1.00339853822 4.18064690466 10.1315330177 10.5442695881 8.51956216621 12.2945876296 8.10917566984 6.38580943989 2.33183966362
38 456 0 0 0 -1.31293016779 3.2852304571 9.57275958875 2.22712184203 -0.734505330765 10.5507463365 4.22682143925 7.51331372864 1.47109288269 4.82258317011 9.30247128872 10.7583910034 8.82624488516 12.4502573249 7.57482383403 7.02440887399 3.17373008513
39 468 0 0 0 -1.95004552531 3.81152161064 8.09866282191 1.87947851895 -1.19864176318 11.2158985647 4.59694790705 8.24420823146 1.17496216396 4.06375562032 9.16526653036 9.37593437279 10.0064103757 11.1780251092 6.9669955221 7.66196786745 1.716153928
40 480 0 0 0 -1.30897465436 3.99281586747 9.45131862003 1.05335493254 -1.05190088236 11.3862312251 4.16649905051 8.48537415249 1.97216679943 3.72046092094 8.46676684119 10.5203227182 10.400292014 11.2001332378 6.75841682325 6.9254569579 1.42698829363
41 492 0 0 0 -2.53884388333 4.26914077235 7.73245449609 0.661672886892 -0.828962933684 10.7765405665 4.0344867944 9.05678552119 1.87570914088 3.88167827003 8.51743639611 10.1995359639 11.1544671427 12.1925982034 7.34179968942 8.4687104734 1.44023482341
42 504 0 0 0 -2.23131513323 4.80686792397 8.19046172809 0.67087696618 -1.19896072677 10.7123280512 4.37922780029 9.26963346979 0.681807727334 3.4074783892 8.06559517897 8.90691276091 10.4118376462 11.6271473978 6.87448366648 7.67605893179 1.03470897347
43 516 0 0 0 -3.16524501751 6.34955000988 8.16849197137 0.0459765293171 -1.33889966645 9.67137564624 5.2886604139 9.65768397558 1.26228237891 4.50322852029 8.58987026585 9.58394104945 11.9196726773 11.5206987826 7.38081544598 7.80541141579 -0.91737596505
44 528 0 0 0 -2.54125927784 6.54008994678 8.93771160766 0.619508773552 -1.14943184904 9.58677049565 5.61981198073 10.401308259 1.58576585688 4.69792658761 9.44137380215 9.26333785138 11.780985304 11.5137461889 6.87673341004 7.31017212589 -2.39649812792
45 540 0 0 0 -2.72841579121 6.94350450846 8.87247744416 0.112949511248 -0.990070631437 9.62384374936 5.30903903677 9.31888854075 1.5443238948 4.05031037907 9.52264073981 9.75045206912 12.2763271627 9.80037161894 7.73137208993 7.42563039799 -3.35115872206
46 552 0 0 0 -2.89981094582 6.53442309809 7.42473039225 0.708430391105 -0.811145760584 8.95577645287 5.133996599 10.6560244718 1.63079599772 3.27960622144 9.27771891408 9.20941675521 12.1700971716 10.6854322738 8.32415161876 6.22929545701 -3.34434059697
47 564 0 0 0 -3.09945874763 6.0077971099 7.36281027361 1.50787092639 -0.749233595063 9.46107267332 4.99243503952 11.4570251966 2.10501775645 2.40516709753 7.68754851218 10.1298319225 13.3172272107 9.64245442068 8.02568374908 4.93012848009 -2.18386461713
48 576 0 0 0 -2.84733174651 7.35059021777 6.79800100401 1.76448688789 -0.115595755146 9.69093788546 6.12865860571 11.7475504969 2.05634016104 2.0910900256 7.00960403832 9.65814728813 13.5810880283 9.06298332153 7.46736793649 4.57692406754 -2.67261365502
49 588 0 0 0 -3.34813820331 7.31980365621 7.47191644761 1.69076599806 -0.729759219406 9.06316021167 7.05161547045 12.4679515482 2.54455373606 2.48309755767 6.29091842493 9.77219003751 12.7494713434 9.3439221515 7.22295241359 5.26199578727 -2.0534226415
50 600 0 0 0 -2.51289001961 6.53878424679 6.9424038418 1.93089572341 0.227250832132 9.234652559 6.40916146731 11.6871337073 2.20508904897 3.78390393745 5.47527362265 10.6343209582 11.4293421346 8.81539346129 8.73309712728 5.93235805264 -1.36183290279
51 612 0 0 0 -1.34751032629 5.76228311201 6.92414775606 3.29371126883 -0.310376719906 9.6626557304 5.42254143459 11.583554867 1.30461942465 2.17254975339 5.1854847927 9.15900211107 11.1596294425 11.3208780494 8.86192159588 4.81776475265 -0.487829031209
52 624 0 0 0 -0.890839477214 6.58233225485 7.60395984657 2.89256695711 -0.167000366958 9.7210143041 6.20634360657 11.4601568798 1.30772866431 1.89041276717 5.11109021666 9.08214807771 11.2774532769 12.1186022847 8.25482307449 4.71381101498 -1.19616543301
53 636 0 0 0 -0.627993799298 6.00447623424 7.24190139864 2.44016109654 -0.250903010363 10.7212652466 6.40766700708 12.5293293214 0.980692324332 3.2163903448 5.97355796401 9.57098578879 11.3709614211 11.5525205786 7.19747506561 6.94866967786 -1.06809052382
54 648 0 0 0 -0.402720815907 5.08185921283 8.45346953081 3.43671229774 -0.176415900185 10.8211607757 5.83732930072 12.506873345 1.02618396716 3.59053088932 5.7857496907 10.3537927238 11.6094604309 11.4709034266 7.57682068504 7.38030255062 0.876996187172
55 660 0 0 0 0.0959670156907 5.40862103886 9.83552863382 3.64285563376 -0.172409778039 11.0906725647 5.64010822139 12.2562278295 0.981655934556 3.44967570256 6.33928985141 10.0991976833 12.021938974 12.0310588637 7.9405998136 7.00548111542 0.941530170684
56 672 0 0 0 0.0786879992402 5.32682844211 8.20963591264 3.29464719862 -0.147382629411 11.3300168168 5.71058500149 13.6303905482 1.35202486274 2.86778491202 6.4319039802 10.3812674456 11.954459996 12.2692422955 7.97244951676 7.63089333497 0.268121092319
57 684 0 0 0 -0.408072260039 5.24435332012 8.80061914738 3.88617440674 0.515873451127 11.0195047439 5.07043403529 14.4076220101 1.27163823702 2.51660787916 5.56435630166 9.71615258084 11.9667767637 12.8447907298 7.60101212402 6.49514415204 0.405623284168
58 696 0 0 0 -0.0402618703741 4.7627143839 8.17197380692 3.84455484121 0.536988687931 10.6955339901 6.1675669967 14.4353565458 1.14780467127 3.27091827482 5.65509577695 10.0081362506 12.07210926 12.0333302616 7.61530744 7.04322560003 0.0817989419851
59 708 0 0 0 -0.0984793997928 4.90280211813 9.05533328079 3.33936879035 -0.261574072061 10.7534533791 5.74251048799 14.7492858647 1.40727273728 4.37400418497 5.55414537633 10.9060870395 12.3382072254 11.4414995318 7.21984059004 8.03745334459 -0.24780252218
60 720 0 0 0 0.1033095283 5.03877172865 9.45975086437 3.50827359381 -0.575166707827 10.5752463176 5.39532161012 14.8650141284 1.20086098244 4.78179412638 5.54281706113 10.8474127205 11.8461073941 10.5801535637 7.4872884272 7.43643703063 0.343982747124
61 732 0 0 0 -0.560339489961 4.53875048878 9.67426762016 3.84643899026 -0.549718042522 10.8689788025 4.53045020454 14.1581999247 1.09668160471 4.69888646429 6.17848943994 11.4039311767 11.6540501315 10.2604792212 7.71070545997 7.22854686159 0.645160791447
62 744 0 0 0 -0.107612130587 4.41323531332 10.4905127883 4.08231150786 -0.544446959301 10.5475879294 3.8157160616 14.0946764085 1.33001262618 5.04058296768 6.39297650716 11.9372049551 11.3069956523 10.2171713297 7.73785811455 6.77481837879 1.4383607654
63 756 0 0 0 0.245158516362 4.19037497883 9.48387548223 4.5057971248 -0.428435426497 10.2948484954 3.97782931397 13.9978046098 1.57869187767 3.59866601061 5.88303843137 11.4306101203 11.9814867816 10.9694870459 7.23750894173 6.37527914606 1.25362785306
64 768 0 0 0 -0.107825260193 3.90166671591 9.75643630871 5.51563841309 0.496118909105 10.842164404 4.69759497585 13.6066439383 1.29054430395 4.12534344245 6.12943841166 12.0169794201 12.2083291841 10.8151874864 7.21961542877 6.70280677429 1.32206744029
65 780 0 0 0 0.426920966733 3.51251625721 11.0920927987 5.33204127129 0.311550772464 10.6577712742 4.6765051342 13.4819509614 1.31614584045 3.39172106866 7.14145403663 12.2132265119 11.2238866182 10.8820491854 7.49885697584 5.82561249153 1.46933462069
66 792 0 0 0 0.373470966659 3.60738706591 11.1389008721 6.03747350242 0.130332160638 10.546171209 5.24949531234 13.8928377135 1.32808307302 3.40739726813 7.39801154448 11.4456117443 11.5162503633 11.7091335305 6.864040658 4.87064947796 1.37518952314
67 804 0 0 0 0.390862636583 3.28704654618 12.2731699545 5.97650854845 1.11746265822 10.5449451039 5.88662594682 13.544661104 1.07309814253 2.93043051567 7.98710987525 12.1706034243 11.3416028999 12.0655924042 7.73611031326 4.08643091505 1.31272977254
68 816 0 0 0 0.155923305998 2.8019388527 12.2570084015 5.79822868068 0.789692951746 10.5199170546 6.26575218555 14.338284695 1.29741192881 3.38450215086 7.22514427768 12.1912392355 10.8114952645 12.7805325886 7.10877908629 5.3108853272 1.04608467404
69 828 0 0 0 0.33668074026 2.60110068744 12.0871918628 5.75205127996 0.0215601899325 10.2839441371 6.07763527925 14.6527076204 1.41070693255 3.44934349449 6.52884509889 12.3542890868 11.384245736 13.6142980664 6.62428932327 4.96030691681 0.571713081555
70 840 0 0 0 -0.189441735089 3.44359775012 11.9265954423 5.74604242269 -0.519204056167 10.4925160517 6.75750868589 13.6703567932 1.47061751436 2.59728498342 5.7221715277 12.0808295407 11.4129874028 14.3091180195 6.71553702522 4.34044121444 0.0839235449922
71 852 0 0 0 0.509407297411 3.50937688579 11.3263503299 4.93556761252 -0.0939629151653 11.0382558863 6.59415042388 13.7290777992 1.08334008001 3.51396082829 5.43989175376 11.1919889284 10.8855101103 14.1801193712 6.31559236395 5.01173234526 0.184792062591
72 864 0 0 0 0.845423929771 3.27073082696 10.6834828502 6.13863185956 -0.0869762792467 10.5449235835 7.10614145438 13.6597709764 0.663124917691 3.07063132158 4.09024389336 10.7344170178 11.0121145933 15.4720174736 6.18866932779 4.70398695449 0.257754311081
73 876 0 0 0 1.30997111372 3.24665568393 10.4761542439 6.182411405 0.0421882333703 10.9406509715 8.0860321709 13.9351565355 0.889490669126 3.20035517616 3.71926820252 10.8127963183 10.1177981695 16.1473501913 5.33495189032 4.53839714134 0.379990936108
74 888 0 0 0 1.18690966513 3.06758597696 10.9122624844 7.09672551868 0.198351505516 10.5746994972 7.8956058118 13.734065193 1.01614485746 1.81113362045 3.65536025605 10.5303921465 10.7834200446 15.856246104 5.14090227093 3.66081007864 -0.992301885104
75 900 0 0 0 1.39801104953 3.12928338618 10.5029852692 7.24472867145 -0.622872380136 10.2477547718 8.12302763377 13.4625486236 1.20507847698 2.15801231398 3.52760999605 10.360561728 10.6149645786 15.4376692979 5.04511596754 2.34718299832 -1.55539718799
76 912 0 0 0 1.26083918562 3.79994395185 9.84699749612 7.25804124463 -1.57939690391 10.128530462 7.58115709433 14.1955861216 1.29945902232 1.77033266158 2.61506952657 10.1347873687 11.4485318774 15.329355331 5.14344718644 3.04908537057 -2.07753981253
77 924 0 0 0 0.884443650566 3.34774669678 9.91213428845 7.36573782916 -1.70428561013 10.8280877813 7.50398580731 13.8331665232 1.37389504117 2.49294261427 3.01250570827 10.6010880246 11.236707143 14.7505406809 6.21578531746 4.3014868848 -1.72314793239
78 936 0 0 0 1.01268550576 3.8794292364 8.5904889986 6.94020804347 -1.46652559795 11.1151940013 7.46518523146 13.052751843 1.25766883027 2.00025423825 2.48822256149 9.04664031537 11.4805215138 14.0196904311 6.05676851654 4.36651929209 -2.07831349574
79 948 0 0 0 0.806350712254 3.94329467746 8.41354551875 6.20300440439 -1.12501976484 10.8895333394 8.61102698195 12.9946486559 1.01947482125 3.04132223581 2.61300923287 7.95038241706 12.310015575 14.0015915084 5.27402321931 4.99353075402 -1.86423724067
80 960 0 0 0 0.0432805793252 4.09760549578 9.56007547581 5.99868686121 -1.00702649335 10.663554382 7.75636414968 12.9580785723 1.02211644352 3.11817245269 3.67922896307 8.09409155291 12.0046791374 11.7093720543 5.32173143498 5.55532700644 -1.47734016094
81 972 0 0 0 0.431340187013 5.0674696792 9.52481319413 6.61461704403 -0.208536916628 11.2264749385 7.84882322855 12.2021335796 1.07474904907 2.78057110078 3.74388863057 8.41313497014 12.1338048625 11.386073144 5.98334314024 5.38222675093 -1.48984485851
82 984 0 0 0 0.652137503017 3.99560672977 8.86281296454 7.470314147 0.443998010854 11.1942001775 8.76540611229 12.4049255918 1.39151829883 2.52430553187 3.89660727406 8.77211198988 12.3031282883 11.4336818294 5.64234517815 4.98491345788 -0.715280818341
83 996 0 0 0 0.0787867390655 4.68195513385 9.57456274902 7.66162173376 0.702627649326 11.2119417139 9.01970952765 12.8685784931 1.32686862281 2.96748541944 4.31416332785 8.66083156873 11.8491111533 10.8287696409 6.2344229619 5.06207754969 -1.60511784835
84 1008 0 0 0 -0.35704218379 4.64967893672 10.6911339831 7.72628701713 0.731814671102 11.2952519942 8.94190228253 12.521635004 1.2624791304 2.09888602407 5.08794014633 8.24619501385 11.6803583422 10.697830081 6.54731812102 4.72360919994 -3.42201272154
85 1020 0 0 0 -0.0343803703194 5.23668247691 10.7507964332 8.31930927965 0.0749930479563 11.0843654974 9.50269626063 12.6357751798 1.16353573025 1.96251170998 4.48456074728 8.45125429761 11.1491245067 10.8719347727 6.65903498825 5.02370069207 -2.8810813297
86 1032 0 0 0 -0.275519190707 5.46949394192 10.9797307644 8.9795547569 0.383482024282 11.2815086422 10.4292622647 12.9257729594 1.34304743234 1.48783607356 4.34853851762 8.5262562671 10.7641657818 10.9981908428 6.7285704558 4.97353028262 -4.73596623637
87 1044 0 0 0 -0.246643930287 5.50719693846 9.98596232462 9.0340790966 0.412026052847 11.1876612588 10.2129467627 12.8204559462 1.23289096737 1.60947324097 4.33582177913 7.45441926518 11.0281119373 10.40711931 7.20055957056 4.55014059638 -5.53535287821
88 1056 0 0 0 -0.62372376133 6.11868983893 9.76732947203 8.5885668742 0.991669807217 10.5236510985 10.5181755746 12.7125474405 0.93905363485 2.2937544723 3.91939225619 7.72403561579 10.6480283495 9.67986139506 7.05620440542 4.27858138536 -4.8519351797
89 1068 0 0 0 -0.988128265666 6.65154419486 10.3706798452 9.00602634549 1.1032462654 9.8829208804 10.2590034251 13.3221713024 1.32229406529 1.30060545425 3.46707693758 7.47130361456 10.7952032529 10.021687462 8.1740532311 3.29272203975 -5.62084104492
90 1080 0 0 0 -1.82609231587 6.24240968104 9.71066225794 8.84641831841 1.07940238711 10.5007858164 10.2655915904 13.5094386545 1.2010458042 2.24435105319 4.89289823885 7.32914550871 9.56613081797 8.66094529826 8.25702544148 4.90847573506 -5.89727453774
91 1092 0 0 0 -1.5371319107 6.47597930282 8.9474587035 9.22447729703 1.49241336363 10.5522956316 9.25778592959 13.5452102804 0.800018101091 2.20452148191 4.09898883556 6.91066016717 8.71960746625 8.28573082062 8.79370429056 6.04604571586 -6.08233287657
92 1104 0 0 0 -1.31461195307 7.02561451814 9.13658895261 8.3553358144 1.48064548248 10.6290899496 8.99264091695 12.7248614138 1.13180545265 2.54695717272 4.02275443634 8.00893801539 8.74380802972 9.4523204548 8.2061149033 6.98533933686 -6.00557497147
93 1116 0 0 0 -0.784551806999 7.10739317301 9.0181511509 8.36317647969 1.04968986404 10.5368871474 10.7237969265 12.8869530583 0.958861101116 2.29104097284 3.8552301342 6.54740297396 9.01117570542 9.82482528789 7.03464543856 6.28591873252 -6.48346132976
94 1128 0 0 0 -1.34552589867 7.79697039809 8.75314523194 8.32815848289 0.0905224476027 10.6579169645 10.4710019183 12.9573298353 0.659334167878 0.936441286759 2.90148255363 5.7590854957 9.80086334774 9.77008552337 7.76465610059 5.80851243653 -7.68551595436
95 1140 0 0 0 -0.815561991672 6.75775800021 8.95141903727 8.36820314954 1.0837605015 11.2591810152 10.5207291447 12.8026494907 1.15777610308 0.45603036073 3.26838617758 6.505545625 9.63159218415 10.4602221412 6.76501164826 5.02335160902 -7.34812817853
96 1152 0 0 0 -0.286128655019 6.57004369107 8.9599408171 8.32176009767 1.46418772215 11.034288934 10.2563005015 12.8801310816 0.879724268516 -0.200552060841 2.93530829702 6.28768740632 10.2077406729 11.7754420035 6.52967833335 4.19516833905 -7.9183878832
97 1164 0 0 0 -0.185484089517 7.13717308203 8.85353166177 8.43995774088 0.778457070114 11.2064520398 10.3344420161 12.731265726 1.12419350109 -0.77842395385 2.6939301891 6.12084917555 9.8786731091 11.8479308127 6.06122784082 3.58437762151 -8.38098856515
98 1176 0 0 0 -0.554767461861 6.48153675507 9.07943608199 8.04121981601 0.609014501197 10.9957187226 10.3005340639 13.7120674829 1.01385131654 -1.4438807445 2.00516262335 6.01776256146 10.9216516016 12.995337015 6.09425703771 2.63300571387 -7.93344859178
99 1188 0 0 0 -1.33992721696 6.94245484566 9.64346669648 7.37626988246 -0.168448297527 10.6401221688 10.8049340415 14.4410857629 1.15602179689 -1.06099448571 2.18029762829 5.45619606421 10.6652040672 12.954061149 7.11611859124 3.62259688483 -8.14362360589
100 1200 0 0 0 -1.81171291388 6.46074939883 9.55242052482 7.65503423657 -0.07426691033 10.4342189445 11.0883419059 14.0221730195 1.14583098206 -0.906699316955 2.44936986352 5.47388909282 10.8330956739 13.1639889201 7.11567532082 3.6345129505 -8.52319519879
101 1212 0 0 0 -1.87019054507 6.91362727702 10.6785569184 7.98543468455 -0.349582073634 10.1630120863 10.6893473446 13.6077004877 1.0828108156 -1.46347248126 2.53415380365 5.80738059787 10.2622898191 13.3578507514 7.44416263185 2.86703050424 -9.39658759396
102 1224 0 0 0 -1.8194822894 7.01166785683 8.24718852959 7.58802277007 -0.671493357791 9.95238393016 11.5080822526 13.6132070661 1.015177836 -1.02861211609 2.71202891813 4.8344614321 10.6066048298 13.0028673888 7.36702023514 3.04537318357 -9.51009191389
103 1236 0 0 0 -1.94535865073 7.69749771325 8.82163984246 8.55019989718 -1.60357851729 9.88654039629 11.7978205781 13.4771556029 1.28053332228 -1.4249247333 2.59980234629 4.87159849834 10.2436456208 14.4638481481 7.51158152795 2.15584922226 -9.35927073878
104 1248 0 0 0 -2.34045217212 8.10085834196 8.89607390427 9.39082405099 -1.37962299382 10.5730632553 11.7872376775 13.7097077369 1.20661880704 -2.3754798922 2.81699571548 4.88651321129 9.76511657014 14.032693024 7.59314668756 1.77879313766 -8.8914841538
105 1260 0 0 0 -2.59567869286 8.53376768692 8.48269083572 8.09339925976 -1.41667232712 10.9836460757 10.9002754497 14.1614044996 1.26733038066 -1.93289986518 3.13138898656 4.71226245671 10.359860687 14.2738409732 8.33937504745 1.9434950161 -10.3740695248
106 1272 0 0 0 -2.64336553344 7.97048463636 8.18945068164 8.06609303113 -1.65196447847 10.9685637226 11.6095720086 14.1681682803 1.24596936967 -1.64988981481 3.40794332687 5.0026589573 10.8402113695 15.4883829054 8.09116029669 1.44056274991 -10.7459371912
107 1284 0 0 0 -2.9001550223 8.92741736357 8.12204526534 7.85452888778 -1.43974629312 11.1810424308 11.77173773 14.7915244121 1.25080535497 -1.29091771304 3.1675646336 5.13325838703 10.7444636376 15.1519492038 8.06043191862 1.27141628961 -10.5450209971
108 1296 0 0 0 -3.12256330766 8.63012883731 9.21416829347 8.99278611703 -1.63267477109 10.7293051008 12.6273631901 15.1772822742 1.21785724861 -1.15674439783 3.10738004158 4.40300160989 10.477106304 14.5985620428 8.01008057186 0.991364554105 -10.0344819534
109 1308 0 0 0 -3.07998773304 8.57327133552 8.45713795435 9.01299383244 -1.2033719987 10.6578554253 13.2325215115 15.0590893793 0.989336687275 -1.75874472264 2.95216400542 3.16056865103 10.6538874027 14.8681601464 7.90108721251 0.60556130867 -11.3073965581
110 1320 0 0 0 -3.67423358567 8.54322032997 8.72506653005 8.29492553999 -0.667852870678 10.2937410373 13.7923327907 15.8473405464 0.918291672968 -1.18931426692 2.18329314706 2.88029451906 10.5322535774 14.4337949995 8.13869319994 0.719427560837 -10.8977344533
111 1332 0 0 0 -3.13513333081 8.92473814314 9.63844567058 7.30677982071 0.340333413178 10.942280877 14.0976833643 16.9624441195 0.934921990581 -1.24890407733 2.42131061756 3.89014546364 10.573682041 14.0777765001 7.66446865271 0.875132266601 -9.97992500192
112 1344 0 0 0 -1.98949417072 8.85751830432 11.0528515905 7.13932319473 0.321731391248 10.9412670786 13.4510820158 17.5441695285 0.950844209248 -1.32414087922 2.54367772203 4.62269662946 10.1499641403 13.699658652 7.61789677532 0.865643101319 -7.74377220894
113 1356 0 0 0 -2.08312064838 8.98031956236 12.1918028634 7.0957198929 0.30459145534 10.7511327469 13.2477662068 17.6560686377 1.29585786282 -1.95366878411 3.24286106711 3.8949470826 9.9059037933 12.0446249225 8.1912136115 0.323921769897 -8.17131663917
114 1368 0 0 0 -2.5818883279 10.3955564065 12.7739850086 6.28604289839 0.000244040328747 11.0085362742 13.6992743273 18.8539490555 1.03841189709 -2.07070581671 2.72453791878 3.22193042537 10.4038592238 12.935913506 7.66653745977 -0.271679513898 -9.82565158944
115 1380 0 0 0 -2.89095974851 10.7403264361 14.2967817406 6.27353571382 -1.01022103533 10.8427783155 12.7389646467 18.7271251294 1.32760745774 -3.1996114439 1.93430789312 3.28655302008 9.77320973659 14.6483337946 7.31568492595 -2.02350202006 -8.65536789375
116 1392 0 0 0 -2.51705907842 12.0876801843 12.5127552861 7.20146166242 -1.08734299677 10.7184725133 12.8474952493 18.1794114722 1.14829683833 -4.66923453757 2.12003948918 3.29037482237 9.67364017346 14.3549815494 6.87243562234 -2.89982865338 -10.2265962592
117 1404 0 0 0 -2.10483148718 10.8967614808 12.3195648953 6.42216767472 -1.13650375856 11.0947373761 12.8585206614 18.7555049046 1.28050722735 -4.60399139525 1.46075153252 4.20411694872 10.3801780549 16.1217963732 6.16041690557 -3.19216392351 -9.67631058967
118 1416 0 0 0 -2.1123614939 11.7728405344 11.7749430561 5.68895007646 -1.44510303309 10.9438267174 12.5240075288 18.5245779777 1.35544408411 -5.87499811452 0.512019959374 4.45956876167 10.0983591919 16.7481761927 6.18599772771 -4.2474030455 -11.1976364421
119 1428 0 0 0 -2.54569083717 13.1502787202 12.9788601455 5.67080319121 -2.44269927544 10.6335248921 12.3848080233 18.0207101373 1.28521555438 -6.54587014892 0.705829672084 4.27823277081 9.32898121618 16.1414595422 5.88055691118 -4.43428808516 -11.7481513883
120 1440 0 0 0 -2.75636539122 15.3383196233 13.1876424574 6.68942299009 -2.58268757778 10.468495254 11.5545947108 17.4293631461 1.1622783295 -7.71303636772 0.943363012042 4.12138680269 9.1125262419 16.0597258908 5.50771897991 -6.65371446725 -11.8418623269
121 1452 0 0 0 -3.34173134358 14.4811772177 11.804232461 6.89640923306 -2.23607822151 11.3069031085 11.5911102939 18.0986545205 1.33328577226 -7.33183704708 0.351277590046 4.16973282168 9.19180039874 16.3583248108 4.86742806052 -3.42690614861 -10.5029151159
122 1464 0 0 0 -4.16695882998 12.825501751 11.3896500692 8.32855225254 -2.4464003733 11.0368953929 11.3810296266 16.8405435805 1.3664189283 -6.78337305207 1.6375923429 2.88977282532 8.63839077963 14.8674882245 4.50678769884 -1.70864129031 -11.2714780522
123 1476 0 0 0 -4.45293516221 13.6610525927 10.6384971555 8.88398021279 -2.14508849193 11.3004704187 11.5505010695 16.5011070123 1.29277215379 -6.79448382933 2.00316611001 2.05485636628 9.81450825247 15.6394542383 4.3429652043 -2.48764052429 -11.2500020464
124 1488 0 0 0 -4.1325288627 13.4780874079 12.1553587617 7.68626676478 -1.46366502794 10.5634751898 11.5372743508 17.3163879898 1.2355335165 -6.00380947368 2.07661660411 2.97357709966 10.1346975635 14.8930911335 4.92281315061 -2.26854467843 -11.1952259939
125 1500 0 0 0 -4.12394637682 12.569837731 11.9926824932 7.24544124542 -0.398052419785 10.0511154502 11.8572796363 17.0280610964 1.05408837675 -6.3178178435 2.2154401434 3.23407399025 10.4099101984 14.401274254 4.24371472952 -2.39410001462 -9.84688435159
126 1512 0 0 0 -4.28484119126 12.4607293241 12.0625156668 7.4024392936 -0.123985821263 10.2226029981 13.3742739685 17.443228566 1.22793333488 -6.19914597893 2.3326096671 3.34407737025 10.4598697119 15.4735667532 2.99489127076 -3.42779314196 -9.84296479633
127 1524 0 0 0 -4.05413572767 12.4748061698 12.6732759402 8.31961134905 0.0382908612644 10.5582478322 13.9422202108 16.6662593879 1.26834923615 -5.39987211786 3.21959740676 2.86979078711 11.1752323095 14.7323083206 3.17759349327 -2.93358219836 -9.28553165663
128 1536 0 0 0 -4.84759591361 13.265874075 12.4516244503 7.78791556094 -0.511144303324 10.4947750141 14.291660211 17.5181491519 1.11014172576 -5.66497942791 3.86556222713 2.71045336639 11.1637749779 12.8107271302 3.1905624237 -2.96762415626 -9.6090880952
129 1548 0 0 0 -4.0585509602 14.3333156458 12.3806337339 7.07786535636 0.606140615241 10.3609248785 15.0239027287 17.1284491695 1.17762851522 -7.40772596471 2.40308309514 1.6958768654 10.6952667623 13.9571109733 1.6422604662 -4.03578891785 -10.908310393
130 1560 0 0 0 -4.08961978717 14.1578452548 11.7331571246 7.92290291126 1.36694536363 10.7144519456 15.7090521515 17.1332955695 1.28367900949 -8.79098356603 2.01997727243 1.46487985851 10.7354486937 15.7922857527 1.85015574076 -3.92743586046 -10.9535255599
131 1572 0 0 0 -4.11309954986 13.0775215879 12.6066721918 7.77714842883 1.5440033178 10.080304428 16.246451919 17.1073599156 1.41434349901 -9.47733506241 2.26013911916 0.425756546032 11.0292670311 15.1097696237 1.69283584931 -3.09524261041 -10.6413973794
132 1584 0 0 0 -4.5352399545 14.0841684749 11.9724608174 7.94804291155 0.367299107066 9.86565465935 16.2333990521 17.2625135753 1.16854042406 -10.7030242532 1.58332009191 0.317597949914 10.5010139355 15.6876218681 1.8811742791 -4.09773133717 -11.8774303339
133 1596 0 0 0 -5.39272133485 14.8024685294 11.7092858092 8.48217539889 -0.107857145641 10.6433699753 15.6139286255 17.8257945398 1.17355914904 -11.4193258302 1.6366757075 -0.102696255876 10.28729489 15.435032705 2.28793313251 -4.35865437078 -11.166042957
134 1608 0 0 0 -4.65905613158 14.8682634339 14.6424627698 8.34960514827 0.710386311684 10.8419815901 16.8164315108 19.2995840111 1.26410414694 -10.634344455 1.97169583428 0.847328839487 10.8398731819 14.3096399493 1.6853270004 -5.01384180818 -9.4668754507
135 1620 0 0 0 -5.43729042216 14.1924085415 13.3923841873 8.96645244633 0.610158550554 10.7357951958 16.7534226671 18.9730322508 1.21342272974 -10.3413914264 1.28219703748 0.452375208668 10.3826719924 12.8890052602 0.793060969116 -4.78697963823 -9.37440912711
136 1632 0 0 0 -5.89776354777 12.8689194125 14.4007250536 9.01222288 1.56860300537 11.1126815991 16.959003376 19.7340504706 1.26568873391 -10.8338977009 1.32244439997 0.476107200456 11.1464222162 14.2602984082 0.441456241664 -4.02063891648 -9.30555915782
137 1644 0 0 0 -6.10255673812 13.2875008478 13.2964326004 9.51058416015 -0.0137136025364 10.8622729794 16.2390184003 18.2064287097 1.25531665703 -10.782900598 1.83865979985 0.895350289281 11.1035565737 13.1337691133 1.51868678069 -4.63786064452 -11.27529723
138 1656 0 0 0 -6.82726091448 13.9072194189 14.4326725903 10.1860831312 0.100116149032 10.9381902095 15.9938518577 17.2768800578 1.29151504464 -11.1209150568 2.18982971159 0.853650286942 10.6733167494 11.5296820479 2.01345252329 -4.69533618657 -10.3240936904
139 1668 0 0 0 -6.53602055947 13.8694470819 14.1231846072 9.2095044319 -0.60728554665 10.9422358039 15.4731333042 17.0202475522 1.33854738258 -12.3064786333 2.72442826479 1.06653421337 10.1441138486 12.707019389 2.22320471854 -5.51205903507 -9.30193755071
140 1680 0 0 0 -5.71957627364 13.5266849857 14.0672958127 9.61035921337 -0.297856272023 11.0447420879 16.7982942395 17.1501258838 1.32141040904 -13.1258897039 1.89667733112 0.473044868093 10.6905962688 13.7137446214 1.96335668964 -6.06519408488 -10.1973412574
141 1692 0 0 0 -4.95307083062 13.3054592822 14.250822901 9.78576007276 -0.65039171007 10.9085775344 17.0904701398 17.6203684769 1.2078341578 -13.811593815 1.41653196647 0.346831603681 10.5979043162 12.8819693736 1.7012640633 -7.4087998287 -9.4854142431
142 1704 0 0 0 -5.54767357247 13.6001142269 13.4804565218 9.65013489998 -1.11453320417 11.4713968341 17.4362771746 17.4732261707 1.54852455264 -14.6897550718 1.53402431676 -0.114516884001 11.0244126109 14.2327879607 1.0692175342 -7.92323551484 -10.536091653
143 1716 0 0 0 -5.78794475472 13.5360253183 13.3222248473 10.0064798471 -0.57399301056 11.5445194667 16.6792984795 16.5924509638 1.52570520069 -14.956712237 1.06186602236 -0.433062331396 10.4198931887 15.1359686157 2.07272495202 -8.03758075133 -10.4826076649
144 1728 0 0 0 -5.80674659928 13.1396322021 13.3927345493 10.5071747928 -1.46602865927 11.3674516339 15.0461733652 15.0407633542 1.41067254776 -15.6894506652 1.32081843331 -0.71886344572 10.3091454046 17.3928873687 2.8480289735 -9.47460566279 -10.745802726
145 1740 0 0 0 -6.54538139313 12.294431805 12.734037173 11.4019066763 -1.76909220326 10.6845715935 16.761049776 14.9841617245 1.35997730305 -17.0151317557 0.562382611959 -1.53419844669 10.3977986688 18.1252173996 2.34455559829 -9.62623959391 -12.1272612726
146 1752 0 0 0 -7.20501028289 11.2527227477 12.0225156798 11.8083154622 -1.24288309802 11.0643521091 16.6789874981 15.1920315593 1.37545492179 -16.1797601895 0.460063939802 -1.80614199692 10.4626663571 16.7898438513 2.91561976309 -6.80943002362 -10.8201867085
147 1764 0 0 0 -7.11246205398 10.6179186099 11.1075835393 12.1569309781 -2.23705964912 10.8622322409 17.297865166 13.5170897895 1.32954938662 -17.2773577503 0.835657177547 -2.34092574779 9.94124392331 17.8825625115 3.50320633152 -6.17717780535 -10.6702666106
148 1776 0 0 0 -6.65143845622 10.0506594139 11.1840296606 12.0402862542 -2.62210770132 10.773935034 17.4798829042 12.4853365665 1.42550420501 -17.038489857 -0.0917751906382 -1.93952345971 8.95997905959 18.4535435485 3.72254940752 -5.85609800077 -9.26727369734
149 1788 0 0 0 -6.52972826207 10.0002468745 9.95130171411 13.0870976644 -1.42054600665 10.9198574394 17.6169156652 12.4734915505 1.23958340859 -16.6395060106 -0.432506549471 -1.082281902 8.71660309276 18.5938054347 4.07795530827 -4.39434832812 -10.318525559
150 1800 0 0 0 -5.90150775499 9.14155489494 10.017219148 12.1827093844 -1.57996127361 10.9961606443 17.6383051112 13.8012262566 1.31786425441 -15.1638759086 -0.506085952785 -1.17552254802 10.3480164454 17.0258662028 3.42939835374 -5.61591244527 -10.3392410772
151 1812 0 0 0 -5.93932020726 10.3019751019 9.89640722842 10.9944171899 -2.8972297298 11.1478871018 16.30422044 14.0166934006 1.58391904208 -14.554633205 -0.409236837635 -0.8781893692 9.79878153622 16.5537854185 3.88894838856 -5.89179111324 -11.4452830914
152 1824 0 0 0 -5.86819051595 10.1273025232 9.39539657443 11.1770863166 -1.63163580593 11.2631116474 16.3717480991 13.9495155785 1.34377545957 -14.601258821 -0.686753064633 -0.970854408475 8.82296640664 16.197999076 3.98456804008 -5.69770848523 -11.464664414
153 1836 0 0 0 -5.56058744709 10.325091058 9.39233487544 11.7901355777 -1.32175818107 11.517790223 16.8065465316 14.0671103831 1.38670422083 -14.7963668494 -0.692550310053 -1.02005005451 8.070694981 17.2653714614 2.34032504178 -6.12600677114 -10.7673188567
154 1848 0 0 0 -5.02937851741 9.66185047615 8.83984196585 11.7164409877 -1.73291180856 10.4503614485 17.437398926 13.2540641994 1.19456132516 -15.1821623552 -1.53325288693 -0.812822423896 7.25939972914 17.5593311691 1.63604783842 -6.62339886309 -10.632911006
155 1860 0 0 0 -5.35177979714 8.78961861077 10.8221417926 11.9642712263 -0.596155807944 10.4532043811 17.2394719894 13.0024637065 1.25200354513 -14.698393694 -1.11738937049 0.383631227304 7.16781527021 16.5936111765 1.94706256367 -5.62939514953 -9.50694900383
156 1872 0 0 0 -6.16241555871 7.56157558946 9.94992179552 11.4598345581 -0.674426356411 10.7060321618 16.0628151052 12.3877003141 1.27368781979 -14.2624669725 -0.689697952791 0.293806484906 6.48937539375 17.4247754339 1.97510697454 -4.61110306155 -8.69565589731
157 1884 0 0 0 -6.12818084681 7.08108624001 10.0720965024 12.6268911731 -0.53662434728 10.7711380486 16.8328800274 11.9243574042 1.43177037412 -15.8305152248 -1.20853944921 -0.3690778774 6.88348623251 18.9040701345 1.68544720926 -5.47691117712 -8.73401754463
158 1896 0 0 0 -5.72356203225 7.00172079239 10.4065924491 13.653685323 -0.380697548606 10.9700876176 17.0360195135 12.8549174686 1.43628024972 -15.736475368 -1.66352889659 -1.1249592419 6.03078964825 19.3689395107 1.31477256416 -5.46648781025 -9.23011714536
159 1908 0 0 0 -5.86688331463 6.86710121113 9.56281956932 12.7645422133 -1.45014129374 11.1813236079 17.6603386933 13.1404471147 1.43801142365 -16.2508956686 -1.43692658622 -2.18275694127 7.29722848132 19.7231892784 1.54236422843 -5.87235243442 -10.4988273361
160 1920 0 0 0 -6.00093699244 7.49698553565 11.043960627 13.5847970634 -1.12809557644 10.8881852407 18.4927259758 14.2854481204 1.37478353761 -16.3043508647 -0.819462930907 -2.6025205422 7.50581856316 19.0696073239 1.05871521506 -6.04027216134 -10.1938210537
161 1932 0 0 0 -5.20322244881 8.35047180167 10.9843075888 12.9120677835 -1.7448215761 10.7477606029 18.6842594569 15.105185316 1.38766919354 -15.8756515706 -0.966230835609 -2.46039790792 8.05432382834 19.3199416006 0.813004903564 -7.46257590371 -10.6608810309
162 1944 0 0 0 -5.23762875869 8.35542119987 11.3379823854 12.6772887301 -0.476089456489 10.8707104207 18.8101908206 15.1624183547 1.32077126523 -14.7663545716 0.0504255952374 -1.82679944078 8.53441726793 19.1642809903 1.10384156559 -7.49763351357 -10.9872138757
163 1956 0 0 0 -5.67663644025 9.7121998917 12.7666523769 12.6105384216 0.103222489376 11.1682328682 19.1658248352 15.6211393818 1.42978208379 -15.1482095409 1.13718972485 -1.76261404103 8.17461512138 18.739189067 1.8002494853 -7.64002678373 -11.5910861469
164 1968 0 0 0 -5.5786087786 10.3041273138 13.3340966411 12.5038007765 0.477750493794 11.5593194966 19.5587079529 15.8491510387 1.63138169481 -15.7634384397 0.50699120403 -2.40268774565 8.52588986143 19.4034227778 1.10144882395 -6.88125872207 -12.1775150486
165 1980 0 0 0 -4.84467749531 10.5346772611 14.5429099822 12.322178536 1.73364963852 11.0469320099 20.9578355075 16.5758075453 1.31516337804 -14.3763246184 0.833758033041 -2.05281668361 8.69392192942 17.5301920122 0.654685042557 -6.24784529805 -12.3840560183
166 1992 0 0 0 -4.01587152899 12.4362557583 15.0465239331 11.9645490714 2.10245884907 10.9774459196 21.6091748332 18.1447715982 1.40767607967 -14.7813531026 0.427427140787 -1.60390146058 8.48364446363 17.1504548852 0.660909729478 -6.90663180306 -12.1674375118
167 2004 0 0 0 -3.9840384639 12.2066630734 15.4678851969 11.2650661726 2.12308743487 11.025280116 20.6246242008 18.4114970899 1.19346336313 -13.9203694164 1.23438207438 -0.909782370971 8.72097046267 16.2151007408 -0.00124462147234 -5.86922733212 -11.768794956
168 2016 0 0 0 -3.08747308089 13.1717315128 17.3871313745 10.5568507947 2.69916780981 10.8420458516 22.1941976008 19.5285007199 1.28648928 -14.1283391995 0.477867906803 -0.62098400638 8.31404096196 15.2681005504 -0.253358173429 -6.3545280997 -10.3075018755
169 2028 0 0 0 -2.08718165565 14.0546715401 17.1030770896 10.4602421186 2.48860624713 10.9446723762 22.5720975504 20.225477688 1.36107363849 -14.5233483164 0.147317952129 -0.0561342732522 8.21981814106 15.2827289926 -1.56454166818 -6.50323294034 -9.84828964063
170 2040 0 0 0 -1.04545753405 13.5039667018 15.8442184217 10.3918510694 2.00886956111 10.8290651355 22.6547115329 20.0311910077 1.36928894514 -13.2734449568 0.580540533232 -1.30558346613 9.81810050619 14.5325398039 -0.573284222938 -4.98064396096 -10.6640707208
171 2052 0 0 0 -0.539000852399 13.1983135468 15.2917795537 9.40596595626 1.67391458949 10.6809093912 23.5100450413 21.1617118838 1.40411426385 -13.1671307152 -0.00600244884256 -1.90639520083 9.63090280251 14.2175861742 -0.995583712313 -4.24924672875 -9.76892086545
172 2064 0 0 0 0.53008064626 13.9591466932 17.2535028999 8.97911822811 2.71792656335 10.895073921 24.5278007941 21.7845661117 1.41541135823 -12.7390225902 1.74792932855 -2.26132451532 11.007543933 13.3443073196 0.186951798862 -4.92759486933 -9.70457960876
173 2076 0 0 0 1.35046123973 14.3097486512 17.7090744091 10.0904770633 3.57194459776 10.6054328368 25.1217173359 21.1466590085 1.44494389683 -13.3705348964 1.52159602206 -3.42472703129 10.1155508159 13.9077288792 0.375185993521 -5.63845675569 -9.0260655929
174 2088 0 0 0 0.239683307653 15.0353571934 17.2638200226 11.8076228661 3.46857700232 10.7940448199 26.3885138329 21.6576397893 1.30279040522 -14.1286561938 2.02564334337 -4.3918046001 10.5226403868 11.5822869185 0.631955819406 -4.13941864827 -10.6827954301
175 2100 0 0 0 0.165583547057 17.6494879401 16.2906245641 11.437957011 2.00409132185 11.063925256 26.2322576819 20.5707984792 1.42828726541 -15.3959925376 0.971346714651 -4.95564836303 10.7491791007 11.9594604661 1.659436059 -5.1972339785 -10.4902477255
176 2112 0 0 0 0.671716774858 17.0766403877 16.5844498077 11.6678056081 3.18538224585 10.9294639702 27.0318367769 20.7649102517 1.49551424171 -14.8880527416 0.456410982327 -6.08158114293 10.1956879204 11.8152209884 1.4621326299 -4.65150082337 -11.8718382388
177 2124 0 0 0 1.846354291 17.913886324 17.4742967155 10.1156088849 4.0318623021 10.5169930511 27.9764950976 21.2235636228 1.57629332641 -15.5914495133 0.566484871333 -6.38716672741 10.1326426712 12.9278968129 0.180036383574 -4.79025255862 -9.86176991194
178 2136 0 0 0 1.32222772948 14.9857886979 17.9750399037 10.008589629 4.18148513679 10.1202442441 26.625337046 20.7115917902 1.57400467096 -16.466618531 0.353175938051 -5.26440826288 10.5604755443 13.5858750886 0.0429893950879 -7.753493528 -8.07593663369
179 2148 0 0 0 0.929481231558 13.6309670116 17.4765788571 11.3810919616 4.37793861185 11.1084645893 26.6993246574 19.9239535412 1.74188596867 -18.2522822368 -0.816728894034 -6.06758336919 9.69697733831 15.3062231728 1.01786647626 -8.51074933649 -7.54731128668
180 2160 0 0 0 1.4662334644 14.1456725352 17.8812865833 11.985387841 4.0585489815 11.0927363359 28.1629538733 20.1991815722 1.65388561148 -17.4279491233 -0.506864079213 -7.10296028939 9.96341374258 13.7763415478 1.49905330383 -6.31820522485 -7.92498249282
181 2172 0 0 0 0.0283277081607 12.0601906828 15.8497077165 13.6888016865 4.74807391063 10.9149828032 28.954172544 18.5653039721 1.58544627015 -18.2154355739 -0.282602381535 -9.10196071191 10.3924642524 14.648126592 2.38475571658 -6.58873956261 -9.30094499855
182 2184 0 0 0 -0.764515295073 11.8515644674 15.0660825462 12.2520245745 5.65402972322 10.6274977549 30.5197269092 19.0091234341 1.53605612635 -18.4912033237 -0.554003268061 -8.8504690774 10.8213406563 14.8217854308 2.95155315401 -6.63438564024 -10.6114552279
183 2196 0 0 0 -0.515050706917 12.5634510942 16.8568985854 11.9084336415 5.20831411592 10.97329051 30.191513866 18.9224781181 1.52858646487 -18.0492118699 -0.26410574147 -9.46521281615 11.2868283349 15.263286529 3.37900789222 -5.45694483272 -10.4920741676
184 2208 0 0 0 0.032572873613 13.9542622599 16.4467778807 10.124538338 4.57959439271 10.9939591169 31.5831417837 20.1249607452 1.5269005787 -17.1535360289 -0.553127315723 -9.77003480619 11.3695712926 14.8190463262 2.88534712985 -5.56979343475 -10.3587963918
185 2220 0 0 0 -1.08899397614 13.4123107135 15.192493865 9.7151288257 4.79022462383 10.3613598469 32.8561098429 20.6439971988 1.48394605261 -16.7236113948 -1.20871221416 -10.8816418849 11.267264752 13.3935935725 2.71920556623 -3.89644315818 -10.5621700556
186 2232 0 0 0 -2.09623062127 12.42367015 15.5214186621 10.1393440979 5.31946200974 10.0951397268 31.8464096563 20.3157720566 1.69938167334 -16.0097281275 -0.774626865384 -10.7300663464 11.2708878703 12.7207396976 3.44916221768 -0.966842203629 -10.3494031784
187 2244 0 0 0 -1.43041882036 11.9432147216 14.2135707408 9.63092126904 5.1338384691 10.4147988531 32.6419959848 21.0478687579 1.59502001586 -15.8526279857 -0.479994397147 -11.9582658349 12.5020545081 13.4129091211 3.5985230144 -0.371853657868 -11.777728037
188 2256 0 0 0 -2.10881405996 12.4730675535 13.6466273369 10.0594302342 5.09378167009 10.6078915117 31.7842154009 20.5697175211 1.47619627961 -15.5464440908 -0.0260878800911 -11.7435334455 12.5519912619 10.7876372752 3.87911846091 0.920633514149 -13.2260278005
189 2268 0 0 0 -2.85865685394 12.533344721 12.027472634 9.83765056911 4.68249198922 10.2910474766 31.4766329606 21.3015413435 1.47555838203 -15.3553591671 -0.78768335608 -11.6887501392 13.5009293942 10.5321142649 3.7422206999 0.313169129675 -12.2577576969
190 2280 0 0 0 -4.05047487469 13.0076124015 10.2462632331 11.1505202412 4.8223168579 10.6185108074 32.5695210088 20.1650848548 1.42350066209 -16.29668655 -1.14244756475 -12.2655146717 12.6899741186 10.510716138 3.27005902693 1.29042431153 -12.3710732257
191 2292 0 0 0 -3.95991812918 14.7799127911 10.1964218099 10.3400168207 4.4621453663 10.8664935648 31.3990927996 22.2427327412 1.42381708713 -14.9203254762 -0.0931373696103 -11.2600702239 13.5155860473 9.30838246915 2.84021363548 0.608559579027 -13.7884626444
192 2304 0 0 0 -2.97062613873 12.1172188497 11.520251974 10.6584840764 4.74662701516 10.8440251312 31.066739301 20.8401744302 1.594437479 -14.8384406329 -1.24517968158 -9.93389933066 12.0784675682 12.446477078 3.37620479679 0.0251392292844 -12.011218664
193 2316 0 0 0 -1.35166318053 13.5639339389 12.2025911434 10.4453061847 5.22536473761 11.2510978424 30.2404536003 22.2566907909 1.69723336049 -13.86300864 -1.29565912312 -9.98694759487 12.1682509574 11.6063799849 2.98566638398 -0.519185409492 -11.9971799098
194 2328 0 0 0 -1.84403348016 13.3907734706 11.2847053886 10.8730225383 4.55858229147 11.0578404099 30.6529158195 22.6393616376 1.64084520881 -14.6629341459 -2.41225517229 -11.0589206639 12.4437137817 11.4778604379 2.46769985097 0.369201428333 -11.1113607141
195 2340 0 0 0 -1.63965348497 14.1405841515 11.6039542464 11.2629746655 5.1401214257 10.8112468444 30.8241427326 23.9978161884 1.47885922394 -14.0399092788 -1.43800619507 -10.4852217588 13.1086068762 10.1917325679 2.66264956124 -0.104105059172 -10.9373673855
196 2352 0 0 0 -2.40865748289 13.978586883 10.8509790289 10.4561479727 4.96346585362 10.6804374506 31.2113110991 23.7573156316 1.38724863144 -14.2438204445 -0.450129303487 -11.8104698647 12.7485818005 10.199765811 2.85385636935 0.0755754978591 -11.9623237794
197 2364 0 0 0 -2.13596489046 13.7803960432 11.0558838456 10.5271302724 5.46438726932 10.405420978 31.8735681374 23.2706726493 1.37791762745 -14.1524977954 -0.828568354084 -11.9062533061 11.3689904134 11.1086717216 2.38895752661 -0.771415969251 -11.8126282579
198 2376 0 0 0 -2.24641395982 13.251940664 10.985549 9.4614484671 5.23630614868 10.496675727 31.4381376814 22.6921744686 1.44853154311 -13.5612741044 -0.910775418065 -11.6755004986 10.8492677595 11.8162782282 3.03560259643 -0.172463656365 -11.6937804198
199 2388 0 0 0 -2.37660584038 12.9183337549 10.9170630141 9.45068097198 5.05305195865 10.4913729349 31.8123295273 22.2540930956 1.54845287989 -14.5067013598 -1.30750650903 -12.1618049088 10.8408024187 13.1463661615 2.30111694014 -1.67234749097 -12.0469694361
200 2400 0 0 0 -2.20720121106 13.1228222906 9.26844028874 9.07147016354 4.96559831859 10.7737499438 31.2913261108 22.1007176978 1.56514827115 -14.4736840365 -0.992712934756 -13.1023045881 11.3038181678 12.393718274 2.03689426871 -1.11216655051 -12.52852374
201 2412 0 0 0 -2.59492524259 12.9723075927 9.28449011535 9.51893353513 4.57822445487 10.9991378469 29.575588247 21.9112656356 1.57160623036 -15.0812023018 -0.870796185586 -12.1957973951 11.5021298382 13.6109373818 1.58209545976 -1.35864011415 -12.5307476751
202 2424 0 0 0 -2.88819582024 12.4518013062 10.9257073328 9.62866831737 5.30608327638 10.6954580416 29.2689250535 21.7563522274 1.5413499022 -14.0403785196 -0.152265852718 -11.7612380703 11.3054327205 13.2378909991 1.67466435864 0.0665489937283 -13.5085133178
203 2436 0 0 0 -2.77778925783 12.7089060277 11.2820504806 10.0619582467 5.20607331968 10.7833417898 29.2127000114 21.2109169276 1.49254147473 -14.1230770976 -0.129848488619 -12.3964607328 11.3129823836 12.744556669 1.42836501534 0.741509495037 -13.7165466352
204 2448 0 0 0 -2.6592082932 12.8547681486 11.0006280361 10.7284973322 4.69377857309 10.5216818675 30.0099269164 20.8574189944 1.43297696802 -14.2978333418 -0.473396040104 -13.8716316077 11.3004819425 12.4306508364 2.06171825304 1.2324375382 -13.3364663295
205 2460 0 0 0 -2.43661248284 13.6504201674 10.1866136143 10.44168275 4.12404866724 10.7190278011 29.2210971282 21.0002160077 1.39721919652 -14.510718092 -0.962646167209 -13.0926780762 11.3591203932 12.8138029988 1.38367172916 1.12851103231 -13.0412635712
206 2472 0 0 0 -2.04083168008 14.9191674223 11.9112943712 9.96782382961 4.39392161307 10.6114860021 30.5452832582 20.6894054846 1.44752915703 -15.1761094646 0.103501181079 -12.7837123968 11.2983465867 12.3643404021 0.84237647742 0.173576882277 -12.6194544221
207 2484 0 0 0 -1.99060108027 15.0294915838 13.328352766 10.7231718733 5.05861216945 10.773236309 29.7058868541 20.3707928136 1.40364321149 -14.8006868377 0.9397501135 -12.9758756381 11.3126688697 11.252717845 1.02411915189 1.17990388659 -13.170901033
208 2496 0 0 0 -2.66028371181 15.3989338951 13.8145884176 10.0786223205 4.98773118656 10.8196797968 29.9450131502 20.1456785345 1.54606180795 -14.7655781269 1.84070749612 -13.6044241112 11.8232454698 11.1865818325 1.58005828879 1.89496846998 -14.1209863528
209 2508 0 0 0 -2.18266445424 14.9225555853 12.617309117 9.83035862511 4.93056852886 10.8983745361 29.6253732599 20.2268040325 1.41846433172 -14.7725112606 2.28135077347 -13.0333339161 12.4245196032 11.6235164294 0.827758018078 0.642720754628 -14.4356442332
210 2520 0 0 0 -2.2020401692 15.4889977778 12.2866640491 9.66129500571 4.85899881732 10.8015714116 29.8058241748 20.4957756916 1.46867910126 -14.2394186325 2.50301391836 -13.0545048988 12.7679915067 9.93138113208 0.888672471178 2.11618146263 -14.9661491642
211 2532 0 0 0 -2.35960423148 15.7621445999 13.2886633672 9.9944226546 5.03218119308 10.8872742488 28.8194860292 20.6767448232 1.45211579472 -14.7098000247 2.50117762276 -11.70648353 13.3211366483 10.3331205151 0.738789994993 2.10299179253 -14.9948969437
212 2544 0 0 0 -2.45290421709 15.8160590207 13.8487609355 10.8466054819 5.25635663078 10.9313889856 28.5648644357 20.1156782367 1.49318751577 -14.8651285341 3.42971453669 -11.8640784043 13.5973975787 9.99217054744 1.17629367651 3.33698397951 -16.4840143112
213 2556 0 0 0 -2.01103312212 14.8188278313 13.3417584047 11.2396256524 4.9989705846 10.8361039843 27.8704438819 20.067514043 1.49843868959 -14.7540629185 2.62970492634 -10.3088309543 12.9469184572 11.1654661763 1.51685144258 2.33234045426 -16.2616158668
214 2568 0 0 0 -1.42503978673 15.7373764784 13.8717217546 10.6211175714 4.64920496015 10.8711399234 28.8102153084 20.4120303976 1.4090333823 -14.8455853503 1.96203361564 -9.09792199779 12.5394686087 10.2689927865 2.29098382476 1.04199620786 -14.0821560195
215 2580 0 0 0 -2.75970102044 14.114125035 13.2438564683 11.4104491638 5.00060746822 10.7211606087 30.0429875115 20.016969327 1.47020564153 -14.4805071948 1.44229281058 -8.71046425146 11.9518783455 10.9415855722 2.46542618962 2.19123695187 -13.4222278677
216 2592 0 0 0 -2.25861321776 14.3197649288 14.8527180528 10.9249009087 5.25892701013 10.4952681955 30.4005954509 20.8128876024 1.39630655115 -14.8574087659 1.89537127811 -8.95601318122 12.9590599362 9.96079908229 2.10040521684 0.745585812952 -13.1551161227
217 2604 0 0 0 -1.78880827153 14.6198410551 15.4290780877 11.031009357 5.61070532037 10.6808314924 32.0067697928 21.0086022585 1.42535895839 -15.6588013356 1.2835973132 -9.63595631497 12.715907824 9.54506175734 2.89485363469 0.45693137833 -12.9556521727
218 2616 0 0 0 -1.46831276298 13.9819392651 15.1800697707 12.2605454893 5.08193604841 10.4167359545 31.5346576532 19.5915479279 1.40505387377 -17.1326671595 0.855118213512 -10.0277426531 12.1792900557 11.2498138448 3.46728781004 -0.990386263736 -13.0974071488
219 2628 0 0 0 -1.3051285836 15.4847469618 14.9724514737 11.3719324835 5.08410383139 10.7250881997 31.665655287 20.2765436171 1.49864390207 -16.8671243843 0.912713093394 -10.3670920061 12.21836353 11.4649300679 3.68884636847 -0.852805018437 -14.1142124448
220 2640 0 0 0 -1.83135887131 13.9233899144 14.0667419686 10.8462183371 5.11904114125 10.8450834639 31.0712935894 19.8381372595 1.49791891048 -17.35233655 0.639345614632 -10.1857920787 11.8991710863 13.3046300229 3.95111897227 -0.22906794954 -14.2477248999
221 2652 0 0 0 -2.42650241379 13.9162843724 12.8892928173 11.0159906684 5.39799552718 10.7517537754 30.981724267 19.6256925437 1.40785098148 -17.9157851199 1.07037441355 -8.79461751798 10.482793063 13.2085601586 4.48756856035 -0.625494898299 -14.4853918993
222 2664 0 0 0 -2.95889904631 13.6253816829 13.421370523 11.0692826743 5.13548609127 10.5123714109 31.3027181662 20.8406530022 1.44486407251 -17.9448816703 0.484242413123 -8.1884490708 10.7082234955 13.574634354 4.87765407422 -0.886945059596 -14.5421915314
223 2676 0 0 0 -1.95048660062 14.0854826141 13.3812555755 10.7175642719 5.50844784869 10.492655689 31.7739385631 20.4692601833 1.46432542585 -18.3520990221 0.300577246976 -8.24369880693 10.459879678 14.0594371668 4.80653910693 -1.54282477404 -14.6405425452
224 2688 0 0 0 -2.01808261848 14.7488839936 12.2009638509 10.01730771 6.06570804097 10.4854036804 32.4735993428 21.4477306 1.54102076516 -17.3132233192 0.221567677464 -9.85233601919 10.545822485 13.5863049778 3.63433559853 -1.48260619335 -14.8066954752
225 2700 0 0 0 -1.97921460743 14.3320515438 11.8877803626 10.5335157164 6.13232806414 10.5980164941 32.4104351606 21.2241264201 1.49952398951 -17.7005518717 -0.211562845792 -10.6583704308 10.2740773823 12.309666605 3.72236384216 -2.54536062782 -14.4506703363
226 2712 0 0 0 -0.831898714245 14.5491380808 12.0213622555 10.436275361 6.16245786148 10.5129160644 31.6139130576 22.025163042 1.49827141039 -17.2236978207 -0.265148670946 -9.84369042257 9.67372766085 11.8937785391 3.71812623748 -4.25390526851 -13.4147005656
227 2724 0 0 0 -0.780507571371 16.3328764198 12.1320208335 10.5646758167 5.91848229079 10.7502272132 32.2488943194 23.1906878737 1.4860427401 -17.4004496285 -0.832104266137 -11.0873525955 9.99418959724 10.7244592893 3.30876887912 -4.76116879329 -13.8173514196
228 2736 0 0 0 0.0485484843505 16.7348379557 11.8953892178 10.0821032781 6.96086869902 10.7797641768 34.0480665235 23.8640353313 1.44811857349 -17.3711160816 -1.35154977065 -11.6324118024 10.8677831291 10.7344602228 2.41382672354 -6.38278659967 -13.6887312359
229 2748 0 0 0 -0.566928615712 15.8735392293 11.5318010003 10.5754582564 6.22483544682 10.9595164602 33.174468248 23.0433831387 1.48309516195 -18.3569802863 -1.24246585777 -12.3196895736 10.1792289698 11.6556957462 2.66236637244 -7.02093303396 -13.9743392801
230 2760 0 0 0 -2.26086105615 15.7000763703 9.44546050198 9.93502576392 5.8377785553 10.9563014193 33.8942941069 23.2648523063 1.42514097492 -18.7751167651 -1.48890960101 -12.7424204634 10.1786605569 11.2901165547 3.11697885705 -6.3115077591 -14.8200478485
231 2772 0 0 0 -3.15557977107 15.4902209135 9.43185539628 9.00034290467 5.98068928212 11.1396965701 33.4739112352 23.3734473835 1.49087258327 -18.6618888944 -0.468669865689 -13.5478663143 10.885972624 11.6728305476 2.71662448673 -6.08849135971 -15.5363068118
232 2784 0 0 0 -3.53100523899 14.9120250137 10.8877495217 9.6794825897 6.50174820928 11.1920961526 34.3263646953 23.1396685807 1.54215184938 -19.0662474508 -0.123611460965 -13.0215039059 10.4969270092 10.8056773915 3.4282981653 -6.48590522885 -15.1494327815
233 2796 0 0 0 -4.55545227313 13.7600557067 9.32741511325 10.0322793168 6.1116713613 11.1426037609 34.1368054557 21.4149412122 1.57720108045 -19.1727910919 0.407842760772 -12.9309907345 10.6041214053 12.2140088464 3.54818179758 -5.63084950274 -15.7859929344
234 2808 0 0 0 -4.84582122594 13.8647236887 9.59313854398 11.4895058337 6.64265829385 11.156228757 34.1368753977 22.3460121057 1.54272928724 -18.9011492668 0.500892426128 -13.3216300984 10.8219966918 11.5558855228 3.11232515923 -5.29480850974 -15.3353947776
235 2820 0 0 0 -5.39081981493 14.8063941331 9.74974234255 10.8915322523 6.55582017891 11.2214102252 35.0079986463 22.6251500731 1.63198540918 -18.9392524454 1.39074096301 -14.4827926483 10.4133415811 11.3277649739 3.40581829205 -5.22806011245 -16.7558271547
236 2832 0 0 0 -5.95937938656 15.1022063478 9.46355504916 10.4949171411 5.79835450799 10.9722412692 34.6854415611 22.9198826893 1.63856460465 -18.2178188033 1.49794112434 -14.442444866 10.5866777664 12.1111513548 3.40628556745 -4.22320331905 -17.5018981359
237 2844 0 0 0 -5.19865180211 15.369199288 9.49685425906 11.1903669092 5.79892090997 10.695560475 34.5711705703 22.4003201425 1.46508683542 -17.8199852963 1.66309466615 -15.0788303627 10.6390690182 12.0539058649 3.73770067574 -4.04440393715 -17.4229898015
