% # columns="iteration, evaluation, sigma, void, void,  stds==sigma*sqrt(diag(C))", seed=11, Fri Feb  2 12:43:59 2018, <python>{}</python>
1 12 1.87294731451 0 0 1.87503388544 1.86850318612 1.87106143829 1.8738516887 1.83459053678 1.87221222945 1.88773134365 1.85916370662 1.8685674459 1.86467273652 1.9000372775 1.87596075333 1.86756582176 1.85791561921 1.86635172113 1.87619807656 1.86489604623
2 24 1.77134941892 0 0 1.75715839802 1.76971219628 1.75879604033 1.77100857082 1.7356730477 1.75404586266 1.76988177313 1.71502242871 1.77490788819 1.75442549159 1.79975506158 1.77522962758 1.74619794142 1.75661232444 1.76737967142 1.79225234618 1.76128371925
3 36 1.75591368219 0 0 1.74269238257 1.76563871901 1.72828008742 1.74934985859 1.74354910998 1.7061597761 1.74252830534 1.69697481061 1.75500627541 1.74102996454 1.78376999487 1.74802514561 1.75125739704 1.74514242622 1.74873955625 1.80678105561 1.74511004427
4 48 1.76414279467 0 0 1.70284731613 1.77624059331 1.75741720696 1.7544572293 1.75606112171 1.72143832964 1.75313555765 1.72525607211 1.78351442957 1.74671243043 1.78604867741 1.77069327539 1.76148639689 1.75421059812 1.76074409325 1.80264392493 1.75530813908
5 60 1.77369206091 0 0 1.70795245091 1.77924067526 1.77264296568 1.7875607953 1.75567698243 1.71571747638 1.76932387452 1.73778503599 1.78779981178 1.74731603512 1.80247846208 1.79672939574 1.77706914826 1.77720423655 1.74751844364 1.81226526684 1.75648954604
6 72 1.77976976306 0 0 1.70137819852 1.7689688164 1.7895229532 1.79154163663 1.75360445299 1.71387531554 1.77700912738 1.75536929634 1.79299392361 1.74765485654 1.79903834308 1.80684944435 1.78669019943 1.78411367097 1.74830068449 1.80795757164 1.76021671216
7 84 1.78852171831 0 0 1.7331128509 1.76950813106 1.83344361924 1.79971349092 1.75942434559 1.71259125662 1.78821757681 1.76938655547 1.81304750381 1.74698205593 1.81300464813 1.78993445928 1.82133717262 1.78461844716 1.76637340427 1.82666443872 1.73388909224
8 96 1.76672894041 0 0 1.67513459929 1.73281810552 1.80691772953 1.78313618624 1.72527610401 1.69673525166 1.77080187339 1.76123575397 1.79237389582 1.70860742336 1.78382785517 1.77159204219 1.8136636437 1.75310418353 1.74691184093 1.79418903503 1.70416433722
9 108 1.83744513439 0 0 1.74978623393 1.79332964591 1.87019480158 1.8704973705 1.79178124478 1.73037189669 1.82251671333 1.83995863589 1.84694769277 1.81604695878 1.88025298871 1.83015889208 1.8896114768 1.83986939945 1.86367357962 1.87613674153 1.76900455594
10 120 1.93442075412 0 0 1.82323860307 1.8854605983 1.95832616754 1.96146439318 1.88142360431 1.82372134665 1.95044072641 1.94324177649 1.91671687421 1.90035822739 2.00308391588 1.93146393613 2.02469168661 1.98652962612 1.97572660739 1.9753615554 1.84949858032
11 132 2.0601920692 0 0 1.9339503853 2.01364082106 2.0674866978 2.10821035687 1.98650243524 1.95465110282 2.08643232063 2.09966031704 2.02573603949 2.04699460139 2.1536531611 2.04945826006 2.16780825791 2.16839766309 2.13413917318 2.09451883986 1.97186665465
12 144 2.20148249113 0 0 2.06422662505 2.1412555456 2.22384897488 2.27091727621 2.12427048925 2.07668294102 2.23430382186 2.22903321739 2.11911131256 2.27009100797 2.29722910733 2.19569416042 2.31637042773 2.340084782 2.28577941559 2.22306475571 2.15348604439
13 156 2.38028036867 0 0 2.22160283929 2.32992316966 2.44252805004 2.47438855025 2.2813278858 2.24099997898 2.42928047821 2.4206695465 2.29018243892 2.53342046825 2.53164620673 2.37234420094 2.48284547422 2.56197713724 2.48824974465 2.42991549805 2.33603256817
14 168 2.48173524876 0 0 2.29647870589 2.42806118534 2.59410684674 2.59027190878 2.38559382399 2.33592144401 2.55179105264 2.50669820688 2.37047141623 2.66386584598 2.64553701015 2.46934944451 2.57291930602 2.68223934927 2.60396123718 2.53794850448 2.38861123737
15 180 2.59886652725 0 0 2.38602019963 2.52296525805 2.73423564863 2.72493763437 2.53190059339 2.43683711724 2.69698117207 2.59868117522 2.46676193283 2.80595895828 2.77811814882 2.57222587067 2.70353752229 2.80911127314 2.71179723739 2.66919924841 2.48532247561
16 192 2.69368309417 0 0 2.4278884053 2.60724597035 2.88220873163 2.81680582734 2.63014107344 2.49483576146 2.8161635047 2.67842409427 2.55560793927 2.94677256074 2.83799978281 2.67489138292 2.79401979373 2.91591743945 2.80243807593 2.77404452893 2.57368637542
17 204 2.74851260353 0 0 2.46007147668 2.68442825036 2.97026608092 2.89761124718 2.6901652261 2.55033455151 2.8689593642 2.72591644733 2.60909158768 3.02957424225 2.88319961874 2.72603035667 2.80092291218 2.97555325786 2.86369642207 2.85163869335 2.62123803549
18 216 2.7575091638 0 0 2.46283699449 2.70090724001 2.98906083763 2.90988751625 2.70239363927 2.55721778552 2.86405192846 2.73033060271 2.62822406052 3.01751552113 2.87449439824 2.73968277882 2.76118930253 3.00987099364 2.87308300659 2.85488321715 2.62060795839
19 228 2.77595502549 0 0 2.47824395221 2.68063618437 3.00779943088 2.93452468049 2.72559791836 2.56054039578 2.87565973769 2.79347849514 2.61409242943 3.0025386605 2.90668915255 2.74646730498 2.76336779958 3.04539219827 2.87013113578 2.88410439844 2.63882992324
20 240 2.74944900626 0 0 2.45943853271 2.66482735191 2.97420778616 2.92447022411 2.6807372725 2.50979042746 2.83241475331 2.74738594691 2.56633934194 2.9724974206 2.89161585825 2.70425947631 2.71903960263 3.0260804815 2.87164267221 2.84856330338 2.59699105943
21 252 2.71020513865 0 0 2.42567388249 2.62448063704 2.95542216436 2.86767466356 2.64902607289 2.4701477707 2.80541520561 2.69079727992 2.48659157275 2.92097354949 2.82564273203 2.66122819732 2.66702935139 3.00298763725 2.81857134141 2.78112597195 2.57359117394
22 264 2.77647613545 0 0 2.54834409123 2.70044291477 3.04227214432 2.91562379634 2.70154450164 2.52487006852 2.86688026285 2.76512364964 2.52352295072 2.97773495405 2.87366496118 2.76368094636 2.77086874158 3.10248196116 2.8435881081 2.78661175666 2.67908756531
23 276 2.68645358989 0 0 2.45153896399 2.6188273817 2.95659977066 2.77851359747 2.60355319153 2.43163782676 2.77887583677 2.69009528882 2.43148060034 2.87669740832 2.77286572317 2.69016354274 2.64457187417 2.99434027946 2.76568344509 2.68956579664 2.61056086718
24 288 2.64052332994 0 0 2.41195026152 2.56512882692 2.88992654782 2.75285254237 2.55706879761 2.39025189763 2.72236572802 2.63497832974 2.35615417972 2.83709277946 2.70425610083 2.611290724 2.60532401112 2.96613173953 2.72847062493 2.61291615851 2.5614036236
25 300 2.62821133728 0 0 2.37577906751 2.56213666429 2.88220489784 2.72645387424 2.52498589716 2.37570667915 2.69686542925 2.62276972528 2.33443429571 2.82844102953 2.64773667345 2.58350810367 2.60617262757 2.9360402967 2.71419285396 2.60580646264 2.57766610955
26 312 2.46270395522 0 0 2.22864015922 2.41027101184 2.73564488259 2.57049998007 2.37052732433 2.21011699843 2.53465590811 2.43302549388 2.13681838373 2.64913753426 2.44349169216 2.43316171698 2.41976277561 2.7435661758 2.53639322199 2.41972559293 2.42067801073
27 324 2.2194907627 0 0 2.00625935663 2.16881009287 2.46251167062 2.30095927861 2.09302655361 1.9534749264 2.27874619883 2.18442598962 1.93354592634 2.37071975154 2.18465590186 2.22199287738 2.18970651534 2.46510049881 2.26208770474 2.17874707982 2.17456153397
28 336 2.14554992808 0 0 1.93891627478 2.0983524826 2.37734070477 2.17976824295 2.00982024677 1.88872941668 2.17455832498 2.10697534592 1.84574977699 2.29844694037 2.11563503851 2.14197034333 2.13094913529 2.37920898144 2.19432412291 2.0967637521 2.12464727647
29 348 2.03284993744 0 0 1.8346722007 1.98625396464 2.24968402387 2.05562936923 1.89005834964 1.78535870589 2.04564387492 1.96433489791 1.73242727542 2.15755001717 1.98881295525 2.0303222092 2.01427542897 2.29788666226 2.07447716638 2.00028967326 2.02060323615
30 360 1.9895542458 0 0 1.7895949013 1.95771712035 2.21296699843 2.00594812273 1.86053103815 1.74699632668 1.96138712511 1.92501569929 1.6884872599 2.1121226863 1.941365226 1.98531643868 1.995905157 2.26993551257 2.03423374278 1.96110111958 1.9799280141
31 372 1.97139943861 0 0 1.75067066932 1.93596391439 2.18228650968 1.98807347941 1.82964202751 1.72642683046 1.95265600031 1.89888130961 1.65827181838 2.08048252586 1.92492098062 1.96062857964 1.95431955731 2.28133711965 2.01154885177 1.94475478165 1.97045306849
32 384 1.90870378251 0 0 1.70281659443 1.87298535816 2.11489197371 1.91909837556 1.74987239241 1.66013307549 1.91103563119 1.85928562498 1.59857391631 2.01513284991 1.83541323708 1.89319905387 1.89060072392 2.21112080795 1.94810538638 1.86452448784 1.8977263065
33 396 1.84348851211 0 0 1.62574826212 1.79362174555 2.057758567 1.85274780782 1.6919638398 1.61467135145 1.84651747296 1.79300226375 1.50962793038 1.93223091605 1.7743122325 1.82696913534 1.8360221427 2.14785798882 1.88021020523 1.79349472731 1.84240395854
34 408 1.83782910906 0 0 1.61017536632 1.78920215474 2.07352305149 1.84542458175 1.69319642673 1.60247401472 1.8317109897 1.79412761593 1.51178116131 1.87405031575 1.78317392468 1.81787326981 1.83273347643 2.14982426131 1.86805444298 1.78728827597 1.8176453532
35 420 1.81726763489 0 0 1.5922803792 1.76765651026 2.06654631194 1.82224086673 1.66813570139 1.57249613433 1.81080363187 1.75398808817 1.49568354548 1.83038616644 1.75778230761 1.80478024635 1.80112227871 2.14427653666 1.83289101796 1.73978253455 1.79848667263
36 432 1.78940808035 0 0 1.56340664196 1.7452012314 2.0480936779 1.79450483102 1.62364602907 1.52822235453 1.78605640349 1.71708729489 1.46552219081 1.80571725119 1.73909032029 1.77059971369 1.78110796002 2.12083421876 1.78804021213 1.7318064352 1.76539687217
37 444 1.73258690206 0 0 1.51446488962 1.71031874053 1.97413067699 1.71961727582 1.57338275505 1.47015859328 1.72714296797 1.65669630536 1.39807581222 1.74219100858 1.6780731885 1.72781499928 1.72865619843 2.04643627065 1.71058501674 1.69107675649 1.70443823883
38 456 1.63050820337 0 0 1.40504814086 1.60242110356 1.87083919086 1.61636844548 1.48435529259 1.38824031596 1.63266337612 1.56842289549 1.31042395646 1.62624360456 1.55940072836 1.62051839498 1.61575846911 1.91263218106 1.60184734537 1.5885719885 1.5831875033
39 468 1.52438823157 0 0 1.31398768848 1.49618515339 1.73598412478 1.52062976885 1.38931273341 1.30263105437 1.52758817079 1.46490824071 1.22550095348 1.49603487856 1.4400697115 1.50066600378 1.52590663033 1.78416924481 1.49693047546 1.48315761983 1.47770695422
40 480 1.42916001883 0 0 1.22424484773 1.40297273129 1.62251975217 1.42719253305 1.30088556952 1.19107444854 1.43422364671 1.37187341557 1.14202140161 1.40921464888 1.34443409609 1.39982732066 1.42121579474 1.66320043939 1.40202643149 1.379238743 1.3804961992
41 492 1.38478984152 0 0 1.16863219165 1.338860252 1.57293220611 1.37830223704 1.27542014154 1.14463719879 1.3964453708 1.32955960794 1.10025471288 1.38177830582 1.28551762885 1.36834223514 1.36499550973 1.61278949631 1.3692548533 1.3322486927 1.34183912014
42 504 1.31971849285 0 0 1.11693333128 1.27781011529 1.47959236913 1.30161547359 1.21330534676 1.09541653825 1.33287095546 1.25492933274 1.02010111656 1.31665061949 1.22202249583 1.3111374227 1.30033821427 1.53835589393 1.29913644358 1.27514895285 1.27199923939
43 516 1.23465933107 0 0 1.0533832624 1.19181647714 1.39325342548 1.22061663302 1.11940626693 1.01738650178 1.24314783866 1.20348828489 0.953784679127 1.2437097993 1.13917038026 1.22301985925 1.21632839643 1.4336447181 1.19684326516 1.18748621819 1.19196469413
44 528 1.21603381982 0 0 1.03975175296 1.17376689806 1.36010677643 1.20438239522 1.09524358505 0.996675428563 1.23549356877 1.20207290501 0.924670911279 1.2207912754 1.12315413398 1.19835595255 1.19598965878 1.38915950269 1.18025111577 1.15749737644 1.17708132814
45 540 1.18237384729 0 0 0.995359170896 1.13742085904 1.32303868236 1.1604696241 1.06136834531 0.955314964683 1.19927540434 1.17036074994 0.893622032064 1.1929826773 1.10533149067 1.16311648618 1.15623844793 1.35263400907 1.15372015144 1.12200211366 1.14310113706
46 552 1.12404276627 0 0 0.948797943547 1.08132222243 1.25078149773 1.09214405695 0.982388064297 0.914794731355 1.13062237725 1.11950575431 0.841740224268 1.13418252303 1.05392374854 1.09358834997 1.095935791 1.29399822979 1.09590870784 1.05935942611 1.09005068341
47 564 1.05954063443 0 0 0.87710843824 1.01659193033 1.18881530271 1.03499776717 0.919310021625 0.860772002519 1.0513461097 1.04497560821 0.789152700789 1.06141867506 0.993629747754 1.02382537686 1.03565604947 1.22321187809 1.04136636595 1.00754605447 1.02580615075
48 576 1.02782596505 0 0 0.862529504716 0.985884159387 1.15890144723 1.00905623259 0.882541605331 0.835243309067 1.0130755527 1.01419468348 0.753732638908 1.01049068822 0.965889166648 0.984063999178 1.00131954689 1.17747976073 1.00175298755 0.969475155222 1.00217381866
49 588 1.01274082016 0 0 0.851953936831 0.975593915285 1.14006780042 0.992375105393 0.866018514707 0.821886172981 0.99150392134 0.988160451538 0.732878805319 1.01667265927 0.945747226761 0.963743759045 0.968022218724 1.14809116469 0.985004326847 0.953677220096 0.994742571454
50 600 0.974521941863 0 0 0.819492292353 0.945530777566 1.08242641098 0.953067587624 0.837235165868 0.782127175412 0.955938278172 0.956344497798 0.685794845587 0.977675725158 0.905963224495 0.923722268092 0.945993376731 1.10323975554 0.944042856371 0.918972912626 0.962781151004
51 612 0.991351277263 0 0 0.835669152312 0.989403517625 1.09319671374 0.983354697952 0.858707429256 0.788301383081 0.964967885559 0.972547123621 0.698278280848 0.989695597377 0.920141955854 0.954613517123 0.963022200488 1.11441570922 0.958362159967 0.935195728847 0.986330653254
52 624 1.01706175154 0 0 0.859431248976 1.02195960503 1.12646005803 1.01762465324 0.876165795381 0.791951837915 0.983256019032 0.997206793742 0.716910139438 1.01769516309 0.933150922937 0.978289616146 0.988170402873 1.13571699003 0.979095839765 0.954680714244 1.00600645456
53 636 1.09684970049 0 0 0.924446338387 1.10231095998 1.2195270681 1.12654326827 0.956351051825 0.844768304229 1.08606638878 1.08876651613 0.766230958219 1.10093685965 1.0179025225 1.05579674517 1.068536569 1.2139953662 1.04490971799 1.0179571038 1.07775124952
54 648 1.14835873945 0 0 0.964292734634 1.14703427952 1.2908526328 1.1907783468 1.00152064923 0.878272248381 1.13751678839 1.14066677295 0.788229945379 1.15486651384 1.0618884579 1.10665966394 1.13003705083 1.26975903144 1.08802050515 1.0648941972 1.1145099306
55 660 1.20617305451 0 0 1.01079624374 1.2053391417 1.36828241606 1.26069193077 1.04872360423 0.927530793044 1.18953947559 1.20692163966 0.809979447865 1.20153003016 1.12859035468 1.1588985204 1.18048294546 1.33844831001 1.14281276521 1.12207809896 1.17578608942
56 672 1.18053018124 0 0 0.994130437046 1.17445811555 1.34019818037 1.23253540443 1.01939002746 0.900689940906 1.17415244904 1.17492374232 0.787737815716 1.18024997864 1.10049950587 1.13190007158 1.15300406497 1.30181273908 1.13563844732 1.09921649354 1.14058569221
57 684 1.14178553945 0 0 0.963367804684 1.13401452888 1.28814798475 1.16685205839 0.981858137661 0.875564744928 1.1284043474 1.13504317717 0.75463043738 1.15378545274 1.05717189314 1.0978192166 1.11261506348 1.262919554 1.0940742597 1.06051052528 1.09111023294
58 696 1.15493047255 0 0 0.975028767575 1.14463392583 1.30825822312 1.18193407055 0.989793771926 0.888350691626 1.13757179852 1.1414561132 0.775338985702 1.18065841964 1.06829958476 1.11305423291 1.12005154918 1.28492333163 1.10817525191 1.07354184564 1.10195193816
59 708 1.14958917562 0 0 0.96000056521 1.1420393786 1.30954971037 1.17062179158 0.977184818999 0.868796804216 1.13344685366 1.14028513332 0.768835174324 1.16911178416 1.06562760323 1.10600781944 1.10706320564 1.28549433662 1.10972930011 1.06307390948 1.09038458967
60 720 1.14296276136 0 0 0.957821360381 1.13352541415 1.30681362867 1.16255589326 0.980218503741 0.859170231929 1.14325793315 1.14481912287 0.772253606638 1.1795851623 1.05484789309 1.0969520087 1.10446367026 1.25351935314 1.1126365517 1.06482672801 1.08227670284
61 732 1.13942430453 0 0 0.945861535586 1.12486656258 1.28903464855 1.15812041404 0.978418041439 0.844113750419 1.1486761147 1.14370429964 0.77778433001 1.16533866022 1.05701563407 1.09228426804 1.0901045453 1.25060017678 1.10548822636 1.0875946763 1.0736701064
62 744 1.13125781033 0 0 0.935419594556 1.11482801179 1.26859904419 1.14888651947 0.973574503433 0.834811043082 1.14120743318 1.13623333077 0.780907667235 1.14415826723 1.0355801667 1.11289906127 1.0719689579 1.23042496408 1.09485904167 1.08651914567 1.06214520005
63 756 1.10521079182 0 0 0.919583987639 1.08262361307 1.23054390013 1.11938648526 0.950511191266 0.803135026187 1.09393841843 1.1164898007 0.769215218838 1.11381465154 1.01019699826 1.08854558057 1.04956195762 1.20189733927 1.06817617499 1.05080696415 1.0274940652
64 768 1.05730494908 0 0 0.87988764022 1.04451512129 1.17244925082 1.08012872742 0.901598899345 0.764445555245 1.04377733349 1.06353440648 0.748231036848 1.05584675129 0.978928203646 1.04540700355 0.99865965205 1.14629372196 1.02090570758 0.994068691212 0.984355835215
65 780 1.01594281513 0 0 0.84155308106 1.00073361432 1.13097697197 1.03747317231 0.85903498893 0.732166708681 0.989603181732 1.01545322267 0.718762049332 1.01404479879 0.948186624953 1.01198998035 0.959527433136 1.10886191667 0.982572459557 0.948456645479 0.958990996023
66 792 0.962933996026 0 0 0.79613722713 0.953338731237 1.07126009822 0.972322534684 0.811696318074 0.674871847101 0.935817482317 0.956265643781 0.673937951785 0.951188348513 0.904489510171 0.96135573552 0.909529196092 1.06092901772 0.930695271512 0.909132931976 0.905349702687
67 804 0.935800006864 0 0 0.775358005513 0.928070900061 1.03435215767 0.943773162316 0.786527138071 0.654767204087 0.907813820927 0.923422399496 0.646421871877 0.921450372829 0.886435820094 0.928812395649 0.875963639093 1.03048290479 0.905393745046 0.887408330827 0.88568430048
68 816 0.948100612948 0 0 0.784927451854 0.927996841909 1.03038380594 0.977862493778 0.794110416277 0.663438909421 0.91534256825 0.950819526094 0.64625533189 0.932578393543 0.89929325012 0.932516845259 0.877787625402 1.04225964714 0.921126742964 0.899403291617 0.907661273513
69 828 0.939842727319 0 0 0.775573987192 0.918346129083 1.02396278419 0.972579854481 0.780097898343 0.65793268218 0.914072630391 0.938654162954 0.634919483023 0.927793641296 0.891386575032 0.934114703947 0.8678016692 1.02933829824 0.910013465134 0.886520517422 0.904040339222
70 840 0.948185093167 0 0 0.779653927323 0.931087673939 1.03894401745 0.97775064441 0.783191748966 0.663828752266 0.93005330294 0.961171509841 0.626880160516 0.938372366305 0.903705801919 0.947907343087 0.873646422322 1.03459291955 0.918984717069 0.898024278861 0.91335020774
71 852 0.950965682362 0 0 0.780241776975 0.949812496939 1.03638628166 0.984638176146 0.784232242411 0.664972653484 0.936761914394 0.973765936454 0.614894737106 0.938122597822 0.894676796692 0.943420095442 0.875623617837 1.02198754714 0.919934891252 0.900228846951 0.914990443322
72 864 0.962501777697 0 0 0.77599875074 0.974709551093 1.03954524874 0.997563679966 0.790351257359 0.669993833503 0.961854776303 0.995096363171 0.611999743437 0.938051410278 0.895178015029 0.959471009301 0.881699914772 1.02924654143 0.931459818536 0.910853659054 0.931817290674
73 876 0.965650386075 0 0 0.774935745017 0.986003866569 1.04804950706 0.988717967865 0.780027290668 0.664992464971 0.971868335042 1.00021351821 0.620672667563 0.936417816863 0.894151469346 0.9582168437 0.890754539271 1.02848867942 0.932131583917 0.915429477975 0.933246370214
74 888 0.978561987743 0 0 0.800909570097 1.0038069602 1.06492131479 0.988824201551 0.788362011588 0.66109086864 0.982695390459 1.00580227873 0.633719366605 0.942434704057 0.899052284614 0.970673750401 0.902170421343 1.04146384261 0.949876951547 0.936493358329 0.948390520326
75 900 0.959270445846 0 0 0.785985001116 0.987476016323 1.03906720759 0.973900187469 0.768264565098 0.646214678159 0.956241562837 0.983736005436 0.606010110619 0.920987708554 0.882859617073 0.951465881363 0.882748080888 1.01503265078 0.927121551848 0.931850689194 0.916677627696
76 912 0.943413775918 0 0 0.77032390708 0.982104257212 1.02318446138 0.961550148787 0.755895665113 0.639236365487 0.926114645689 0.968820503141 0.589317229603 0.903672717675 0.860417859878 0.930500578813 0.866534316359 0.996969892904 0.901703669655 0.912889550208 0.895295050208
77 924 0.957955243815 0 0 0.778118626113 1.00863520245 1.04790528096 0.973967508022 0.780710953869 0.648688104605 0.932923992057 0.991304562404 0.598294513836 0.909021392584 0.878762736082 0.950588488417 0.907293609623 1.0149410907 0.914063348917 0.928433317445 0.914522035099
78 936 0.956954453804 0 0 0.780546615818 1.00088970361 1.0468827562 0.968281852248 0.783556497276 0.646345158171 0.937565226726 0.989672650206 0.594664318963 0.912978138417 0.877779486824 0.948059990167 0.902869253547 1.01236544533 0.907698053041 0.939493877059 0.89711773137
79 948 0.981385786105 0 0 0.810407338817 1.02786342345 1.06452183957 0.989260330531 0.81244357582 0.660841843456 0.960764442541 1.01755168668 0.606988491826 0.941463470446 0.900691274539 0.973927649178 0.914242996519 1.03907343667 0.926427496472 0.961920306255 0.926162620008
80 960 0.984318490928 0 0 0.811196284266 1.03148581114 1.07957739325 1.00618114663 0.821296982004 0.659141190382 0.961764566587 1.02309441564 0.582653121011 0.949870116474 0.90680580043 0.972709055083 0.913895041055 1.0444339212 0.923880086009 0.963119973883 0.943887493994
81 972 1.02892025056 0 0 0.870545883338 1.09628367523 1.12247079252 1.0686848707 0.869759131183 0.693427902985 1.01013394993 1.0750494105 0.600758094496 0.993081580642 0.956353087634 1.01293593691 0.96691762205 1.09368329813 0.943664829258 1.00895515217 0.99359495079
82 984 1.02532225429 0 0 0.866363008769 1.10013444557 1.12174353577 1.06962671663 0.868606988291 0.690940723164 0.993079930119 1.07343772642 0.588124105402 0.981946365608 0.944594500554 1.0169196123 0.960400509 1.09313357583 0.94943108164 1.0160467415 0.995405144375
83 996 1.02867025458 0 0 0.853998343712 1.10466073214 1.11334432358 1.08031395238 0.868766787876 0.688426771895 0.996474389731 1.07999965338 0.58696146332 0.992472124535 0.94802244142 1.00835625726 0.963021719531 1.09926056761 0.960390852263 1.03375723525 0.994175785435
84 1008 1.08071800311 0 0 0.897896432131 1.15383442721 1.16637633398 1.14416071597 0.936266673416 0.719257037419 1.0444406774 1.1333596136 0.603261553921 1.06129088947 0.997697402489 1.06101832409 0.991709764251 1.15167504107 1.01040823541 1.10312267383 1.05551517734
85 1020 1.14430319121 0 0 0.948484378814 1.22311557801 1.24222899588 1.21460087696 0.99990984065 0.759354580228 1.10498316079 1.18816910432 0.621915878689 1.12660834281 1.05288610339 1.14686547746 1.0488481694 1.21851745706 1.06303198376 1.1754772971 1.12770156084
86 1032 1.15296473898 0 0 0.940486468441 1.23245006763 1.2507651429 1.22767239836 1.02676796973 0.76041606283 1.1130272563 1.18475505355 0.614738979173 1.14284205215 1.05855666086 1.17179916521 1.0706968735 1.23564578248 1.09283933705 1.19290258687 1.14765301585
87 1044 1.18037961435 0 0 0.961135480122 1.26647456192 1.29088151358 1.23098554443 1.06513820297 0.774378808622 1.138576965 1.20914843229 0.622845795538 1.17334216421 1.09655952663 1.20309168629 1.0903515548 1.25696117443 1.11738660943 1.22340701254 1.16125351898
88 1056 1.15822649199 0 0 0.955020753193 1.22215745945 1.26336410265 1.188360783 1.05542236433 0.756475525026 1.10451345543 1.18059169566 0.604218109407 1.15263356629 1.09081449459 1.19284571406 1.07347807444 1.23564300327 1.10304286045 1.20210876791 1.13599949247
89 1068 1.14741819755 0 0 0.955433812444 1.20395606123 1.2592204675 1.16842263376 1.02595742594 0.751719749101 1.09429311942 1.17381569197 0.593368067211 1.13774806452 1.0692681966 1.17194807426 1.05340696303 1.22488744234 1.1065544187 1.18927268544 1.13662812792
90 1080 1.12671050036 0 0 0.937887403885 1.1830463281 1.23058781439 1.14699680528 1.00815729663 0.733521833789 1.07285368908 1.16047981249 0.573096330295 1.10621652288 1.04111874501 1.16458487304 1.03647383754 1.19833058231 1.09271489829 1.178340925 1.12856269177
91 1092 1.10160348362 0 0 0.915102227122 1.15634566045 1.20239819838 1.09988962129 0.983307959217 0.699898393327 1.04893786838 1.13031747637 0.553898618363 1.0759212221 1.02609857772 1.14994184057 1.01821742502 1.18224321796 1.06749511082 1.16206043834 1.102748434
92 1104 1.05111342048 0 0 0.877217944719 1.10455727905 1.13377897778 1.04292193036 0.936148382598 0.666619194428 1.00093878298 1.07543596636 0.518658437484 1.04849566528 0.982841342755 1.10880840612 0.9717940385 1.1268728546 1.01571353512 1.11534677551 1.07866852608
93 1116 0.99117405398 0 0 0.828652173823 1.03935070511 1.0604651633 0.987284709517 0.892640545076 0.627455336607 0.955551808599 1.01691668822 0.481530738554 0.987331986137 0.90208442072 1.03387797588 0.922554788868 1.05647907065 0.960787034958 1.04738545724 1.01557170996
94 1128 0.96699758372 0 0 0.805759667525 1.01117619655 1.06699100251 0.946537272344 0.87147646581 0.603469164367 0.930908274642 0.995466785597 0.46358737755 0.956071623928 0.877680787735 1.0021855186 0.903376250103 1.03732004351 0.953979969186 1.01175200183 0.983367708145
95 1140 0.90973798802 0 0 0.757968822038 0.939158254269 1.00276789142 0.881377404326 0.810829953655 0.568734289659 0.875275147824 0.938135379799 0.43062405153 0.894047601414 0.826872709205 0.937223227499 0.849893652525 0.961625592332 0.894032186776 0.947660065532 0.924354345013
96 1152 0.884504109588 0 0 0.745597300875 0.905469378763 0.975010139728 0.86057434841 0.788842677028 0.553309876744 0.846839181074 0.90680512213 0.407063499612 0.864109099756 0.803553684148 0.908627463488 0.841997773215 0.931482447105 0.859392693571 0.93095558615 0.897067048518
97 1164 0.85464165789 0 0 0.723593958689 0.873408417437 0.94563182585 0.829597244474 0.758930171238 0.539571082528 0.828250126453 0.884880595914 0.381738844321 0.835227630662 0.782977905457 0.881453577129 0.814239899634 0.907591823578 0.836406005 0.898236282717 0.871776698961
98 1176 0.836561169875 0 0 0.709834428372 0.850633718503 0.929565692046 0.812160653378 0.738378905214 0.527149930135 0.804736698487 0.868414599657 0.366763239743 0.809874640794 0.769253996791 0.861862155429 0.797655470554 0.89163617272 0.844186386513 0.88606186653 0.857229082688
99 1188 0.842156338009 0 0 0.720841885393 0.842018488707 0.930141292914 0.82073618059 0.756304216489 0.525122055178 0.812937380322 0.874828453983 0.362940478814 0.813648799615 0.770375758862 0.873047078868 0.809279764655 0.892715546967 0.854272433361 0.895864900488 0.859130458617
100 1200 0.838423413767 0 0 0.718643762461 0.844484457751 0.92196665321 0.813535467245 0.749670160357 0.523274616764 0.810967732057 0.877579651664 0.35537211626 0.803971416529 0.772877991681 0.870094167256 0.808826933488 0.886086562319 0.85150107266 0.888294108779 0.852522196807
101 1212 0.859235509491 0 0 0.752181722479 0.866974048219 0.939524594168 0.830979336233 0.770004619684 0.53715814071 0.839927158108 0.894086855945 0.35861311833 0.819867508637 0.808165504834 0.880883673982 0.8299587374 0.905577429425 0.878451616043 0.909484882787 0.862704606491
102 1224 0.845151519674 0 0 0.736717721148 0.8549109713 0.929081123207 0.820646845353 0.755716171377 0.529205416259 0.833007579025 0.87356266415 0.343349295109 0.803790871398 0.802403535445 0.864604485466 0.820119537826 0.894360107806 0.866538491372 0.891931247073 0.848211929648
103 1236 0.784490216749 0 0 0.675837343543 0.790361613471 0.861817268782 0.765913489097 0.699926627552 0.488724838026 0.774394668736 0.806302119189 0.311564086608 0.746852166683 0.744612862051 0.799562431959 0.7548770352 0.825752140225 0.803058057301 0.829520982236 0.786287544432
104 1248 0.731908949018 0 0 0.627891278399 0.737932139898 0.803144466044 0.705413238735 0.655878236788 0.452258754053 0.723712321766 0.745411213863 0.285610763766 0.69202033731 0.705600672484 0.75024156252 0.70872405379 0.774096736008 0.751863716327 0.773670042583 0.732218484918
105 1260 0.690656106278 0 0 0.593297688647 0.693161186623 0.747705684591 0.664131745562 0.617863906883 0.426731955348 0.686138988774 0.698380448789 0.266676441057 0.646015568027 0.676097673561 0.706761241631 0.658092531942 0.728602365516 0.709049157057 0.732227149762 0.689273564701
106 1272 0.667692957786 0 0 0.576711497401 0.670778017219 0.723363929695 0.639754007309 0.599263748959 0.412630696081 0.662824202785 0.66825880849 0.25304867119 0.617018686485 0.648112551835 0.675305258863 0.653160746941 0.710569738744 0.69069527461 0.705775915295 0.663533931863
107 1284 0.638968461651 0 0 0.553585808163 0.63313089486 0.695827755506 0.608527169379 0.571413608901 0.396904093315 0.636327749864 0.636879209298 0.234978991409 0.588526021099 0.619015630502 0.646181520436 0.634373087076 0.682581242197 0.657481182479 0.672223863369 0.631285274372
108 1296 0.635738782727 0 0 0.547177996539 0.626189403454 0.689351932053 0.601964811357 0.553893093146 0.39241192115 0.637981815706 0.628258785028 0.232791862792 0.592711574614 0.616932726158 0.640652027857 0.639234325283 0.677000767719 0.658490180307 0.671592022286 0.626356329521
109 1308 0.625925756022 0 0 0.538120167326 0.618112809686 0.682673107408 0.591734948046 0.544987943258 0.382536368929 0.627588143079 0.617159860166 0.226303998995 0.585284947253 0.610394797222 0.63332026087 0.627966884616 0.662085352799 0.650635565093 0.663104790395 0.608142200062
110 1320 0.606944622797 0 0 0.521383075179 0.600536920101 0.656887898968 0.569991145194 0.530709313469 0.374394295444 0.610810732298 0.595093784838 0.217402224189 0.571824842572 0.590315309186 0.608872631856 0.611550864383 0.639810597384 0.629023964716 0.640991592576 0.588972688914
111 1332 0.626424011466 0 0 0.537883540229 0.614356437912 0.674354102654 0.592213338102 0.548905854403 0.386894941454 0.631571981156 0.613023926461 0.219010121437 0.590420681093 0.613220475227 0.629837534036 0.636380501636 0.660058630519 0.663379805736 0.662282558008 0.605342334045
112 1344 0.659408680361 0 0 0.565637184573 0.645159205973 0.710710616054 0.623283436298 0.57395924588 0.404551091152 0.680661297929 0.642159587736 0.22864667099 0.640385742047 0.663868411422 0.656337676618 0.663507257103 0.696823508167 0.713236080898 0.690359961657 0.634791395636
113 1356 0.678158212104 0 0 0.579817471905 0.656773243585 0.723221644705 0.637696617643 0.592348430792 0.417250327649 0.702927088193 0.657208855528 0.232538899545 0.66674997229 0.7032821006 0.674175994484 0.680358139144 0.720611007256 0.734582669659 0.703182587537 0.6500279265
114 1368 0.709225581546 0 0 0.610201607503 0.708621719635 0.751326419921 0.664667309994 0.629776467409 0.436315946838 0.734828734046 0.688326306117 0.240395558611 0.689186575375 0.737606353971 0.709377256645 0.707394241259 0.747005421114 0.770207780895 0.727645940016 0.679498286163
115 1380 0.687886989254 0 0 0.589316653828 0.689892978383 0.721641425693 0.632735916103 0.60146375324 0.426553449254 0.709685343428 0.667606237791 0.232962040803 0.664924994834 0.713480520093 0.685622573904 0.680339741818 0.715343551581 0.751920284285 0.704405361268 0.661145083975
